5.310559006211180133e+01
5.350402576489533146e+01
5.530769230769230660e+01
5.508212560386473200e+01
5.624399038461538680e+01
5.652109181141439365e+01
5.659305210918114426e+01
5.563771712158808924e+01
5.684987593052109389e+01
5.651488833746898166e+01
5.636352357320099316e+01
5.748745519713261842e+01
5.737379807692308020e+01
5.555972222222222001e+01
5.688213399503722201e+01
5.737514934289127666e+01
5.659708193041526414e+01
5.610532407407407618e+01
5.614351851851851904e+01
5.653015427769985735e+01
5.599166666666666714e+01
5.689266304347825809e+01
5.936559139784946382e+01
5.973071528751753334e+01
6.109274193548387188e+01
6.086424731182795966e+01
6.040625000000000000e+01
6.051332398316970540e+01
6.075271739130435122e+01
6.018145161290322420e+01
5.984712482468443540e+01
5.982748948106591769e+01
5.973492286115006777e+01
5.963534361851332477e+01
5.954619565217391397e+01
5.951612903225806406e+01
5.999158485273492403e+01
5.987369791666666430e+01
5.994140625000000000e+01
6.037500000000000000e+01
6.032930107526881613e+01
5.955376344086021589e+01
5.951666666666666572e+01
5.972580645161290391e+01
6.011328125000000000e+01
5.994670406732117840e+01
6.010618279569892763e+01
6.000277777777777999e+01
6.027016129032258362e+01
6.015625000000000000e+01
6.026788218793829088e+01
6.055645161290322420e+01
6.066199158485273557e+01
6.059607293127629646e+01
6.100672043010752787e+01
6.095703125000000000e+01
6.024964936886395606e+01
6.003629032258064768e+01
5.974193548387096797e+01
6.029444444444444429e+01
5.999865591397849585e+01
5.986395511921458734e+01
6.001122019635343463e+01
5.995972222222222570e+01
5.994389901823281974e+01
5.962412342215989014e+01
6.000000000000000000e+01
6.016397849462365599e+01
6.002777777777777857e+01
6.037231182795699169e+01
5.968682795698924792e+01
5.986676016830294600e+01
6.013333333333333286e+01
6.012482468443197803e+01
6.029973118279569633e+01
6.040416666666666856e+01
5.986395511921458734e+01
5.941093969144460374e+01
5.920430107526881613e+01
5.934027777777777857e+01
5.954619565217391397e+01
5.941532258064516014e+01
5.971102150537634401e+01
5.974166666666666714e+01
5.913037634408602372e+01
5.939861111111110858e+01
5.907012622720897355e+01
5.936811594202898590e+01
5.960461956521739069e+01
5.911290322580644840e+01
5.916397849462365599e+01
5.890591397849462396e+01
5.905645161290322420e+01
5.895091164095371994e+01
5.873369565217391397e+01
5.918951612903225623e+01
5.911962365591397628e+01
5.906182795698924792e+01
6.062703962703962901e+01
5.952150537634408778e+01
6.008158508158508226e+01
5.917204301075268802e+01
5.864796633941094228e+01
5.923055555555555429e+01
5.908835904628330837e+01
5.926227208976157357e+01
5.882880434782608603e+01
5.891111111111111143e+01
5.903360215053763227e+01
5.906317204301075208e+01
5.965994623655913642e+01
5.934637681159420453e+01
5.958888888888888857e+01
5.915652173913043299e+01
5.890042075736325700e+01
5.911290322580644840e+01
5.913744740532959554e+01
5.870161290322580783e+01
5.924544179523141452e+01
5.915427769985974749e+01
5.938055555555555287e+01
5.895430107526881613e+01
5.904768583450210429e+01
5.915456989247311981e+01
5.913611111111111285e+01
5.920056100981766889e+01
5.935618279569892763e+01
6.075196408529741632e+01
6.036418269230769340e+01
5.980107526881720759e+01
5.900140252454418288e+01
5.909274193548387188e+01
5.940138888888888857e+01
