0.000000000000000000e+00
0.000000000000000000e+00
0.000000000000000000e+00
0.000000000000000000e+00
0.000000000000000000e+00
0.000000000000000000e+00
0.000000000000000000e+00
0.000000000000000000e+00
0.000000000000000000e+00
0.000000000000000000e+00
0.000000000000000000e+00
0.000000000000000000e+00
0.000000000000000000e+00
0.000000000000000000e+00
0.000000000000000000e+00
0.000000000000000000e+00
0.000000000000000000e+00
0.000000000000000000e+00
0.000000000000000000e+00
0.000000000000000000e+00
0.000000000000000000e+00
0.000000000000000000e+00
0.000000000000000000e+00
0.000000000000000000e+00
0.000000000000000000e+00
0.000000000000000000e+00
0.000000000000000000e+00
0.000000000000000000e+00
0.000000000000000000e+00
0.000000000000000000e+00
0.000000000000000000e+00
0.000000000000000000e+00
0.000000000000000000e+00
0.000000000000000000e+00
0.000000000000000000e+00
0.000000000000000000e+00
0.000000000000000000e+00
0.000000000000000000e+00
0.000000000000000000e+00
0.000000000000000000e+00
0.000000000000000000e+00
0.000000000000000000e+00
0.000000000000000000e+00
0.000000000000000000e+00
0.000000000000000000e+00
0.000000000000000000e+00
0.000000000000000000e+00
0.000000000000000000e+00
0.000000000000000000e+00
0.000000000000000000e+00
0.000000000000000000e+00
0.000000000000000000e+00
0.000000000000000000e+00
0.000000000000000000e+00
0.000000000000000000e+00
0.000000000000000000e+00
0.000000000000000000e+00
0.000000000000000000e+00
0.000000000000000000e+00
0.000000000000000000e+00
0.000000000000000000e+00
0.000000000000000000e+00
0.000000000000000000e+00
0.000000000000000000e+00
0.000000000000000000e+00
0.000000000000000000e+00
0.000000000000000000e+00
0.000000000000000000e+00
0.000000000000000000e+00
0.000000000000000000e+00
0.000000000000000000e+00
0.000000000000000000e+00
0.000000000000000000e+00
0.000000000000000000e+00
0.000000000000000000e+00
0.000000000000000000e+00
0.000000000000000000e+00
0.000000000000000000e+00
0.000000000000000000e+00
0.000000000000000000e+00
0.000000000000000000e+00
0.000000000000000000e+00
0.000000000000000000e+00
0.000000000000000000e+00
0.000000000000000000e+00
0.000000000000000000e+00
0.000000000000000000e+00
0.000000000000000000e+00
0.000000000000000000e+00
0.000000000000000000e+00
0.000000000000000000e+00
0.000000000000000000e+00
0.000000000000000000e+00
0.000000000000000000e+00
0.000000000000000000e+00
0.000000000000000000e+00
0.000000000000000000e+00
0.000000000000000000e+00
0.000000000000000000e+00
0.000000000000000000e+00
0.000000000000000000e+00
0.000000000000000000e+00
0.000000000000000000e+00
0.000000000000000000e+00
0.000000000000000000e+00
0.000000000000000000e+00
0.000000000000000000e+00
0.000000000000000000e+00
0.000000000000000000e+00
0.000000000000000000e+00
0.000000000000000000e+00
0.000000000000000000e+00
0.000000000000000000e+00
0.000000000000000000e+00
0.000000000000000000e+00
0.000000000000000000e+00
0.000000000000000000e+00
0.000000000000000000e+00
0.000000000000000000e+00
0.000000000000000000e+00
0.000000000000000000e+00
0.000000000000000000e+00
0.000000000000000000e+00
0.000000000000000000e+00
0.000000000000000000e+00
0.000000000000000000e+00
0.000000000000000000e+00
0.000000000000000000e+00
0.000000000000000000e+00
0.000000000000000000e+00
0.000000000000000000e+00
0.000000000000000000e+00
0.000000000000000000e+00
0.000000000000000000e+00
0.000000000000000000e+00
0.000000000000000000e+00
0.000000000000000000e+00
0.000000000000000000e+00
0.000000000000000000e+00
0.000000000000000000e+00
0.000000000000000000e+00
0.000000000000000000e+00
0.000000000000000000e+00
0.000000000000000000e+00
0.000000000000000000e+00
0.000000000000000000e+00
0.000000000000000000e+00
0.000000000000000000e+00
0.000000000000000000e+00
0.000000000000000000e+00
0.000000000000000000e+00
0.000000000000000000e+00
0.000000000000000000e+00
0.000000000000000000e+00
0.000000000000000000e+00
0.000000000000000000e+00
0.000000000000000000e+00
0.000000000000000000e+00
0.000000000000000000e+00
0.000000000000000000e+00
0.000000000000000000e+00
0.000000000000000000e+00
0.000000000000000000e+00
0.000000000000000000e+00
0.000000000000000000e+00
0.000000000000000000e+00
0.000000000000000000e+00
0.000000000000000000e+00
0.000000000000000000e+00
0.000000000000000000e+00
0.000000000000000000e+00
0.000000000000000000e+00
0.000000000000000000e+00
0.000000000000000000e+00
0.000000000000000000e+00
0.000000000000000000e+00
0.000000000000000000e+00
0.000000000000000000e+00
0.000000000000000000e+00
0.000000000000000000e+00
0.000000000000000000e+00
5.740658589017002100e+01
5.257776108189331410e+01
5.427422990232907551e+01
5.438958333333333428e+01
5.423342026825633155e+01
5.324691243383787054e+01
5.261142322097378354e+01
5.356921487603305820e+01
5.310112359550561933e+01
5.270703628660895390e+01
5.215960582059311434e+01
5.245985201425047961e+01
5.244244271988174688e+01
5.298936950146627822e+01
5.326551851169644181e+01
5.768218045112782022e+01
5.822713166839071874e+01
5.837218320163886176e+01
5.548341275659824134e+01
5.514406158357770948e+01
5.459172039996261816e+01
5.855257806826434575e+01
5.886255096097845296e+01
5.888331499816648318e+01
5.868169457564047775e+01
5.403644519203812990e+01
5.732812500000000000e+01
5.379261964251393380e+01
5.765871212121211897e+01
5.860015705311250400e+01
5.849147788565264250e+01
5.797940613026820245e+01
5.390563136651931586e+01
5.859789609274366740e+01
5.709100458365164599e+01
5.814322160017007945e+01
5.738610827374872514e+01
5.756724267468069201e+01
5.699007490636704176e+01
5.685890151515151558e+01
5.741532567049808478e+01
5.633646953405018110e+01
5.594257355547678401e+01
5.635472527472527560e+01
5.551635049683829948e+01
5.672234848484848158e+01
5.577570010634526909e+01
5.592566137566137741e+01
5.697862638928469892e+01
5.683371212121212324e+01
5.560835555555555487e+01
5.554964157706093175e+01
5.460628851032983277e+01
5.807828358208955422e+01
0.000000000000000000e+00
5.620485096434833139e+01
5.678556701030927911e+01
5.616934101885028952e+01
5.409511031604054665e+01
5.259374094465372451e+01
5.540917445856309342e+01
5.240123106060605807e+01
5.476474808673469141e+01
5.414372728165831461e+01
5.486383928571428470e+01
5.188323970037453137e+01
5.549992347719620511e+01
5.126646764252696187e+01
5.467948109476348861e+01
5.472323390894819539e+01
5.498021498675806384e+01
5.345250024560369440e+01
5.384736021819598761e+01
5.464230769230768914e+01
5.453395493395493077e+01
5.403178963893249431e+01
5.471023209191147885e+01
5.302662344041654308e+01
5.426019888810586167e+01
5.489928628072957650e+01
5.153626149131767420e+01
5.285371843992533769e+01
5.461836734693877560e+01
5.212823588205897352e+01
5.245501387237415969e+01
5.278477664576802653e+01
5.215214761040532210e+01
5.272439393939394137e+01
5.264536340852130536e+01
5.314165413533834936e+01
5.293151815181518316e+01
5.282821705426356829e+01
5.366394434361766486e+01
5.433040935672514848e+01
5.437031499202551998e+01
5.493629929221435759e+01
5.498281092012133797e+01
5.512119378907037515e+01
5.507844896331738482e+01
5.490149223633797249e+01
5.486505507955936167e+01
5.524289171203871973e+01
5.519210394802598785e+01
5.543798449612403090e+01
5.541183013144590319e+01
5.527529644268774689e+01
5.592750783699059269e+01
5.619505928853754995e+01
5.623538230884557976e+01
5.674970611285266386e+01
5.649816401468788030e+01
5.604537731134432477e+01
5.593234523089332555e+01
5.762931034482758719e+01
5.665571284125379492e+01
5.633323338330834673e+01
5.825144106539455180e+01
5.966589394378441114e+01
5.902608695652173765e+01
5.996668614845119549e+01
5.817938893800963029e+01
5.721151390116907010e+01
5.684248977206311793e+01
5.660664112388250402e+01
5.740369799691833919e+01
5.651115040770213227e+01
5.829637336504161738e+01
5.895411957886602750e+01
5.848491993319579763e+01
5.809421357697219435e+01
5.831063705435418143e+01
5.848350228582786769e+01
5.828336255601013249e+01
5.761981297486849485e+01
5.795464094728800575e+01
5.754180174869829756e+01
5.804303319419598495e+01
5.775213675213674946e+01
5.802004126142057316e+01
5.788834154351395966e+01
5.779585420964730957e+01
5.785768236931027531e+01
5.825521137736216559e+01
5.795324371712448652e+01
5.748900118906064449e+01
5.758925796425796761e+01
5.809175920514319102e+01
5.639689556930936476e+01
5.474010607915136717e+01
5.452603698150924316e+01
5.409485257371314049e+01
5.397951024487755944e+01
5.339154704944178320e+01
5.339374003189792717e+01
5.340945755192579014e+01
5.441458581054300225e+01
5.367130469852792629e+01
5.380123432601880751e+01
5.446284185493460228e+01
5.447007530717399959e+01
5.440350705329153413e+01
5.452348394768133488e+01
5.438991280221957680e+01
5.443509710661910361e+01
5.416351824087956146e+01
5.490021799445104733e+01
5.430414792603698260e+01
5.404229249011857661e+01
5.464937839937839925e+01
5.424588557993730120e+01
5.435560344827586476e+01
5.401349325337331209e+01
5.451081900910010347e+01
5.361675741076830093e+01
5.439547413793103203e+01
5.405404315386166303e+01
5.447209302325581604e+01
5.418300849575212652e+01
5.386333992094861856e+01
5.446531906460563022e+01
5.438520739630185119e+01
5.460404971932638318e+01
5.453408640507332450e+01
5.405995955510616824e+01
5.473692033293698245e+01
5.447306346826587031e+01
5.412493753123438012e+01
5.408835582208895687e+01
5.463993584603047537e+01
5.358300395256917170e+01
5.406846576711644303e+01
5.404732052578361845e+01
5.382328835582208626e+01
5.452653673163418091e+01
5.428022195798652660e+01
5.416271864067965680e+01
5.371980237951199655e+01
5.360556563823351439e+01
5.342864408503712781e+01
5.454142928535732437e+01
5.365940713853599675e+01
5.399260369815092275e+01
5.340227272727272378e+01
5.348875562218890423e+01
5.347906046976511618e+01
5.378948432760363829e+01
5.376900584795321691e+01
5.421431435445067848e+01
5.477374987719815636e+01
5.440617481956696366e+01
5.382143579373104103e+01
5.421210335003438274e+01
5.432817398119122032e+01
5.370114942528735469e+01
5.407446276861568890e+01
5.430232558139535115e+01
5.477011494252873547e+01
5.425671611868484234e+01
5.424897551224388081e+01
5.457818570318570295e+01
5.450604439159730674e+01
5.380359820089955036e+01
5.439912802219579646e+01
5.379370840895342099e+01
5.410971786833855646e+01
5.406965913594926576e+01
5.376774785801713819e+01
5.372554950594877710e+01
5.445768925881886702e+01
5.429555222388805902e+01
5.378309409888357351e+01
5.378261746319822834e+01
5.374052973513243359e+01
5.394496047430830288e+01
5.364094896331738482e+01
5.339413188142770395e+01
5.308642344497607723e+01
5.332486044657097324e+01
5.393965517241379359e+01
5.358690654672663811e+01
5.385097451274362612e+01
5.414968652037617858e+01
5.426665360501567648e+01
5.394476284584980164e+01
5.479409479409479644e+01
5.469114219114219111e+01
5.400779610194902602e+01
5.352033983008495710e+01
5.424564011097899652e+01
5.372823588205896783e+01
5.324490824763056906e+01
5.368524686520375866e+01
5.359235037653586886e+01
5.313795853269537162e+01
5.347641696393182542e+01
5.333823088455772421e+01
5.271794102948526017e+01
5.231589030046380628e+01
5.247678291536050210e+01
5.241634012539184795e+01
5.193488142292490295e+01
5.190764617691154115e+01
5.181869065467266466e+01
5.190424787606196588e+01
5.218110944527736450e+01
5.214018416927899580e+01
5.199813871473354254e+01
5.200000000000000000e+01
5.168863636363636260e+01
5.221130485893417017e+01
5.197680984069369003e+01
5.198215366001210214e+01
5.294012993503248055e+01
5.337970669837495308e+01
5.355410225921522027e+01
5.396571372433441383e+01
5.334304399524376095e+01
5.360780885780885541e+01
5.329399524375742914e+01
5.269835082458770614e+01
5.262368815592203930e+01
5.289045477261369399e+01
5.378268985165536975e+01
5.371441202475685373e+01
