7.770676691729323693e+01
7.892847938144329589e+01
7.904937458854509202e+01
7.791454081632653583e+01
0.000000000000000000e+00
0.000000000000000000e+00
0.000000000000000000e+00
7.532096219931271719e+01
7.610591133004926689e+01
7.868519882179676017e+01
7.907721088435374668e+01
7.909282296650717115e+01
7.966744263385433555e+01
7.867346938775510523e+01
7.968822243049046961e+01
7.959970238095237960e+01
8.153764448609808824e+01
8.485154639175257785e+01
8.334098883572568184e+01
8.321117424242424931e+01
8.371710526315789025e+01
0.000000000000000000e+00
8.395111406717659008e+01
8.374251302083332860e+01
8.459722222222222854e+01
8.403808593750000000e+01
8.696181748759067887e+01
8.515381944444445139e+01
8.359890463917525949e+01
8.587415570565232770e+01
8.694345238095237960e+01
8.452001212856276879e+01
8.362083780880773531e+01
8.540081224617307498e+01
8.527878787878788103e+01
8.620723684210526017e+01
8.594213501829065649e+01
8.790827067669172834e+01
8.498358585858585457e+01
8.535374800637958970e+01
8.444390977443609358e+01
8.627430555555555713e+01
8.640520833333333428e+01
8.573567708333332860e+01
8.541940789473683537e+01
8.545345052083332860e+01
