6.438805064169268633e+01
6.458693941778128078e+01
6.459932631578946882e+01
6.444217570350033952e+01
6.461178792038434437e+01
6.466286109669607640e+01
6.485080435910741414e+01
6.475954400848355874e+01
6.475067750677506240e+01
6.477629163388408529e+01
6.485277968428277973e+01
6.487911805078928751e+01
6.483965339739189915e+01
6.489421276595744814e+01
6.495768860914415654e+01
6.510114520500043511e+01
6.500572320499479417e+01
6.506154384124486967e+01
6.491467221644120400e+01
6.496008421052631832e+01
6.498994667366028466e+01
6.493539645073870759e+01
6.487002402196293360e+01
6.492141386410432347e+01
6.483004052684903229e+01
6.487965957446807863e+01
6.505225531914894077e+01
6.491633884080776795e+01
6.483958387970976389e+01
6.466024973985432212e+01
6.470574350904799132e+01
6.474159231297186068e+01
6.479940425531914627e+01
6.466389177939646515e+01
6.489867879203843870e+01
6.492373026767330657e+01
6.483030199039122010e+01
6.479543666404406110e+01
6.469944925255704504e+01
6.482399238886006287e+01
6.472227988237328589e+01
6.486231578947368348e+01
6.507650273224044213e+01
6.513672523822012295e+01
6.496608095113208492e+01
6.479865075246496531e+01
6.476608496386391778e+01
6.470285864148964095e+01
6.474893617021277237e+01
6.478519148936170780e+01
6.480246808510638346e+01
6.485599999999999454e+01
6.472057309540150527e+01
6.474814232013288517e+01
6.473727659574467452e+01
6.483050547896783655e+01
6.501057925771765156e+01
6.485818462594372136e+01
6.483562113932738669e+01
6.485361702127659100e+01
6.497505376344085448e+01
6.489130061770761415e+01
6.507831578947367746e+01
6.510393448159405239e+01
6.496618106139437998e+01
6.492442553191489196e+01
6.491224419007977531e+01
6.470564516129032029e+01
6.493709895305640600e+01
6.489496774193548845e+01
6.492920430107527352e+01
6.491965957446808488e+01
6.493322927506069675e+01
6.506993548387096382e+01
6.493846808510637914e+01
6.496182223747426576e+01
6.488255319148936451e+01
6.483390528483184312e+01
6.496644120707595960e+01
6.483932161902264113e+01
6.487654426904597926e+01
6.483707961564859090e+01
6.469406314344543318e+01
6.467270075497597759e+01
6.489186611168921104e+01
6.473514893617021926e+01
6.479890185312285666e+01
6.489421757035003679e+01
6.512019560741249791e+01
6.504718599862731310e+01
6.489562024652504135e+01
6.489885479499956489e+01
6.510252230610844038e+01
6.498811084885042533e+01
6.510967569493941198e+01
6.495813315030885349e+01
6.489876458476321375e+01
6.508654179673951035e+01
6.463750441852243966e+01
6.453107789142407569e+01
6.471242278654770530e+01
6.486161702127660078e+01
6.474167810569663573e+01
6.451113467656415423e+01
6.451838105337574802e+01
6.475531914893616658e+01
6.464365957446808864e+01
6.457412765957447220e+01
6.490751544269045326e+01
6.471628345916266767e+01
6.470434478538334133e+01
6.456408925791384945e+01
6.464183932161901680e+01
6.449462365591398338e+01
6.454885106382978677e+01
6.468178723404255948e+01
6.478093617021276884e+01
6.454200542005419550e+01
6.469339214668742954e+01
6.459480723839496363e+01
6.447814776274714177e+01
6.443412885741760476e+01
6.457112216884007694e+01
6.475784596555642736e+01
6.471851407000686152e+01
6.484119766643789262e+01
6.463064953230177423e+01
6.467409738613514492e+01
6.475685106382978518e+01
6.473467960486055972e+01
6.479208510638298435e+01
6.474944680851064049e+01
6.494382978723403710e+01
6.495118393960191838e+01
6.472480111897893096e+01
6.470672340425531388e+01
6.470967741935483275e+01
6.478910638297872993e+01
6.496970212765957342e+01
6.491446808510637823e+01
6.473398024302824183e+01
6.468021680216801883e+01
6.475163912929451726e+01
6.480024477664132121e+01
6.484680851063829721e+01
6.472740425531914354e+01
6.491080851063830437e+01
6.489876458476321375e+01
6.481693617021277021e+01
6.468047906285514159e+01
6.473013375295043659e+01
6.472698662470496345e+01
6.489705760464153173e+01
6.471264970714223352e+01
6.459523404255318724e+01
6.462765957446808329e+01
6.469795744680851612e+01
6.473199999999999932e+01
6.479624227865477337e+01
6.466910638297872538e+01
6.466770724939298987e+01
6.481123404255319542e+01
6.479283732223377967e+01
6.496442553191489822e+01
6.493312352478363891e+01
6.478913682753848491e+01
6.501123884694577271e+01
6.488488964346349519e+01
