7.276516129032258107e+01
7.093006993006993355e+01
6.901874999999999716e+01
7.118125000000000568e+01
7.222124999999999773e+01
7.310500000000000398e+01
7.397374999999999545e+01
7.418500000000000227e+01
7.415375000000000227e+01
7.482500000000000284e+01
7.411499999999999488e+01
7.493999999999999773e+01
7.501375000000000171e+01
7.525374999999999659e+01
7.539749999999999375e+01
7.573999999999999488e+01
7.568145161290323131e+01
7.593806451612903174e+01
7.552213541666667140e+01
7.558854166666667140e+01
7.561979166666667140e+01
7.527822580645161565e+01
7.564713541666667140e+01
7.543098958333332860e+01
7.506901041666667140e+01
7.586624999999999375e+01
7.586588541666667140e+01
7.588844086021505575e+01
7.565053763440860735e+01
7.603629032258064058e+01
7.600260416666667140e+01
7.622177419354838435e+01
7.620430107526881613e+01
7.635225806451613551e+01
7.550672043010752077e+01
7.568194444444444002e+01
7.536258064516128741e+01
7.579870967741935317e+01
7.603354838709677210e+01
7.582800000000000296e+01
7.543145161290323131e+01
7.612777777777777999e+01
7.639612903225805951e+01
7.620000000000000284e+01
7.615322580645161565e+01
7.596505376344086358e+01
7.616645161290323074e+01
7.612365591397849585e+01
7.636774193548387757e+01
7.600000000000000000e+01
7.607526881720430367e+01
7.636424731182795256e+01
7.625781250000000000e+01
7.630376344086020879e+01
7.631999999999999318e+01
7.610026041666667140e+01
7.615364583333332860e+01
7.566666666666667140e+01
7.577553763440860735e+01
7.616129032258064058e+01
7.586322580645160940e+01
7.616666666666667140e+01
7.652645161290323017e+01
7.629161290322581124e+01
7.611021505376344010e+01
7.631624999999999659e+01
7.614249999999999829e+01
7.605374999999999375e+01
7.613625000000000398e+01
7.580241935483870463e+01
7.585483870967742348e+01
7.574193548387096087e+01
7.580645161290323131e+01
7.554296875000000000e+01
7.587369791666667140e+01
7.608203125000000000e+01
7.613172043010752077e+01
7.626041666666667140e+01
7.597177419354838435e+01
7.655376344086020879e+01
7.625134408602150415e+01
7.672311827956988850e+01
7.687096774193548754e+01
7.667876344086020879e+01
7.618500000000000227e+01
7.570374999999999943e+01
7.605913978494623962e+01
7.596354166666667140e+01
7.615053763440860735e+01
7.613440860215054329e+01
7.601548387096774206e+01
7.670430107526881613e+01
7.647354838709676983e+01
7.637935483870967346e+01
7.636693548387096087e+01
7.655096774193548015e+01
7.668645161290322676e+01
7.649548387096774604e+01
7.585375000000000512e+01
7.590885416666667140e+01
7.573567708333332860e+01
7.569531250000000000e+01
7.557874999999999943e+01
7.628249999999999886e+01
7.643125000000000568e+01
7.624484848484848953e+01
7.621250000000000568e+01
7.606064516129032427e+01
7.540994623655913642e+01
7.565161290322581067e+01
7.571999999999999886e+01
7.553212121212121133e+01
7.579393939393939661e+01
7.525624999999999432e+01
7.542447916666667140e+01
7.531119791666667140e+01
7.544374999999999432e+01
7.607552083333332860e+01
7.563281250000000000e+01
7.600242424242424022e+01
7.586979166666667140e+01
7.607323232323231821e+01
7.622656250000000000e+01
7.624368686868686495e+01
7.631691919191919737e+01
7.660416666666667140e+01
7.665625000000000000e+01
7.598545454545454447e+01
7.620442708333332860e+01
7.560887096774193594e+01
7.630729166666667140e+01
7.621875000000000000e+01
7.576302083333332860e+01
7.584505208333332860e+01
7.589875000000000682e+01
7.589322916666667140e+01
7.602994791666667140e+01
7.586848958333332860e+01
7.598958333333332860e+01
7.618500000000000227e+01
7.626999999999999602e+01
7.645000000000000284e+01
