6.712335526315789025e+01
6.668098958333332860e+01
6.772796052631578334e+01
6.692578125000000000e+01
6.724557823129251233e+01
6.755534941249227643e+01
6.813808184942205060e+01
6.788002473716758800e+01
6.655733808674985141e+01
6.697367615549433140e+01
6.729839208410636786e+01
6.740220385674930981e+01
6.810009976720984071e+01
6.858455522971651419e+01
6.775965537730243682e+01
6.817202326293235615e+01
6.786575757575756995e+01
6.816790352504638406e+01
6.792543077837196108e+01
6.833828076685219344e+01
6.795207173778602794e+01
6.809406565656566102e+01
6.788621509209744431e+01
6.745870469399881131e+01
6.790358126721763199e+01
6.802356902356902424e+01
6.714402668283808850e+01
6.808195153061224403e+01
6.795440051020408134e+01
6.825468750000000284e+01
6.745918367346938282e+01
6.880908492429229284e+01
6.698276886512181250e+01
6.803125000000000000e+01
6.812714776632302005e+01
6.874160292650482518e+01
6.908986175115207118e+01
6.834185606060606233e+01
6.840268666041862389e+01
6.855576382380506573e+01
6.816233766233766289e+01
6.769387755102040671e+01
6.829878826530612912e+01
6.727005347593582485e+01
6.781728316326530148e+01
6.673588829471182748e+01
6.746536796536796032e+01
6.779493087557604269e+01
6.770995670995671389e+01
6.773553719008263840e+01
6.794228316326530148e+01
6.829188144329896204e+01
6.813369845360824684e+01
6.840141752577319778e+01
6.861142676767676107e+01
6.800096649484535760e+01
6.747093382807668149e+01
6.797225765306122014e+01
6.830798969072165505e+01
6.775420875420874722e+01
6.806332533013205932e+01
6.807079081632653583e+01
6.714885954381752242e+01
6.760834333733492940e+01
6.850859106529209441e+01
6.854920337394564456e+01
6.889062500000000000e+01
6.779767370676461269e+01
6.819476010101010388e+01
6.719067055393585974e+01
6.843718434343433898e+01
6.785691971258981425e+01
6.873337722185648602e+01
6.843128252219160856e+01
6.785890151515151558e+01
6.784588235294117453e+01
6.805111723293541104e+01
6.773431282522192021e+01
6.807908163265305745e+01
6.789531680440771311e+01
6.785624249699880295e+01
6.786394557823129503e+01
6.794121212121211784e+01
6.804734848484848442e+01
6.824084595959595845e+01
6.721657142857142730e+01
6.742602495543671637e+01
6.670833333333332860e+01
6.796494355317884128e+01
6.737114285714285700e+01
6.694711824123588428e+01
6.677083333333332860e+01
6.618587239583332860e+01
6.610522959183673208e+01
6.549288806431663090e+01
6.771880554568076604e+01
6.544100765306122014e+01
6.504734848484848442e+01
6.515306122448978954e+01
6.554971732623877756e+01
6.459503865979381487e+01
6.562041467304625542e+01
6.677419354838710319e+01
6.737113711371137015e+01
6.643111527647610615e+01
6.546230670103092564e+01
6.523177083333332860e+01
6.484843937575030282e+01
6.505947580645161565e+01
6.486670918367346417e+01
6.553645833333332860e+01
6.538085937500000000e+01
6.519119623655913642e+01
6.495972938144329589e+01
6.504800257731959334e+01
6.496685606060606233e+01
6.490427631578947398e+01
6.490720663265305745e+01
6.527385752688172715e+01
6.495543731293648193e+01
6.448295454545454675e+01
6.561021505376344010e+01
6.447356168939141696e+01
6.513501829065513959e+01
6.611985815602837135e+01
6.530403645833332860e+01
6.691700268817204744e+01
6.639305555555554861e+01
6.613608247422681075e+01
6.589981447124304736e+01
6.673576388888888289e+01
6.689253826530612912e+01
6.619931271477663870e+01
6.630584192439862079e+01
6.660891253741270646e+01
6.757356770833332860e+01
6.742473118279569633e+01
6.743027210884353906e+01
6.693127147766323048e+01
6.628125000000000000e+01
6.686082474226803640e+01
6.761120543293718299e+01
6.684570312500000000e+01
6.679412683536395434e+01
6.588966836734694255e+01
6.663434278350516138e+01
6.674677835051546992e+01
6.679049744897959329e+01
6.601182534869617768e+01
6.757096354166667140e+01
6.693912760416667140e+01
6.650000000000000000e+01
6.614465206185566615e+01
6.699140893470790559e+01
6.679662605435801481e+01
6.615580042852769793e+01
6.776155636847356334e+01
6.705120274914089862e+01
6.610746641674477075e+01
6.693581303489138179e+01
6.673327020202020776e+01
6.749671977507028942e+01
6.649584076054664195e+01
6.752510808114399765e+01
6.721617268041237025e+01
6.688466295609153178e+01
6.804589843750000000e+01
6.702455357142856940e+01
6.649279711884753397e+01
6.715210459183673208e+01
6.739518229166667140e+01
6.728726035868892552e+01
6.728819444444444287e+01
6.669299051117232580e+01
6.678411158277744164e+01
6.717321428571428044e+01
6.562936827956988850e+01
6.454656862745098067e+01
6.527571614583332860e+01
6.512371134020618513e+01
6.493939393939393767e+01
6.419981807155852493e+01
6.473611111111111427e+01
6.553229166666666572e+01
6.390495356037151709e+01
6.489505582137161355e+01
6.504713804713804848e+01
6.590868924889542768e+01
6.578066378066378661e+01
6.503358829398071350e+01
6.509580645161290136e+01
6.423453282828282340e+01
6.491887626262625588e+01
6.688492063492063266e+01
6.532833489534520766e+01
6.568443627450980671e+01
6.550980392156863275e+01
6.607124435847839550e+01
6.595876288659793829e+01
6.559760558696375199e+01
6.573388157894736139e+01
6.566422872340424988e+01
6.549728867623603890e+01
6.564247311827956821e+01
6.471549479166667140e+01
6.624658348187759316e+01
6.633989378319274977e+01
6.634945196647323939e+01
6.541373697916667140e+01
6.479166666666667140e+01
6.695769640952720181e+01
6.579115646258503602e+01
6.577569444444444002e+01
6.488722274289284542e+01
6.422771376591873604e+01
6.525292968750000000e+01
6.541779497098646345e+01
6.567285156250000000e+01
6.561754385964911762e+01
6.665726227795192926e+01
6.626546052631579187e+01
6.587878787878787534e+01
6.673914473684210691e+01
6.557607655502391708e+01
6.607474747474746835e+01
6.695809037900875182e+01
6.632631578947368212e+01
6.497337461300310224e+01
6.514867424242424931e+01
6.419072164948453008e+01
6.593814432989690033e+01
6.496520618556701265e+01
6.530494417862838930e+01
6.435968137254901933e+01
6.552587365591398338e+01
6.469381313131313505e+01
6.464166666666666572e+01
6.469890842935112119e+01
6.499111519607842524e+01
6.536395202020202078e+01
6.628229665071769716e+01
6.620959595959595845e+01
6.711823453608246837e+01
6.722623697916667140e+01
6.753708014632523771e+01
6.725757575757575069e+01
6.712021683673469852e+01
6.705716963448922741e+01
6.702849264705882604e+01
6.754472896574658591e+01
6.776159793814433385e+01
6.700978535353534937e+01
6.741720360824741931e+01
6.716182442986566059e+01
6.679725085910652638e+01
6.712274484536082753e+01
6.647278911564626469e+01
6.756250000000000000e+01
6.708869949494949481e+01
6.695707070707071296e+01
6.798588709677419217e+01
6.769665071770334919e+01
6.686994949494949481e+01
6.679078229229835983e+01
6.761494057724956974e+01
6.724107142857143060e+01
6.664527629233511163e+01
6.774458874458873936e+01
6.778221649484535760e+01
6.770038659793814873e+01
6.713151515151514559e+01
6.704961378490790480e+01
6.753156887755102389e+01
6.741032776747061916e+01
6.661096681096681493e+01
6.754081632653061718e+01
6.688655462184874523e+01
6.749363636363636942e+01
6.698732220160790973e+01
6.661404561824730308e+01
6.776339285714286120e+01
6.683284457478005436e+01
6.768959842001316929e+01
6.616048237476809391e+01
6.704223478550049720e+01
6.640909090909090651e+01
6.669974226804123418e+01
6.638899739583332860e+01
6.603253865979381487e+01
6.621524234693877986e+01
6.594974226804123418e+01
6.683239108746258239e+01
6.635760309278350633e+01
6.612371134020618513e+01
6.653507653061224403e+01
6.790982456140351076e+01
6.651421430802874113e+01
6.749318257399401944e+01
6.715620118712902809e+01
6.671779336734694255e+01
6.630414746543779358e+01
6.681374999999999886e+01
6.753009644163618930e+01
6.744263385433987423e+01
6.661162646876933024e+01
6.681728316326530148e+01
6.667889030612245449e+01
6.637693259121830636e+01
6.723895202020202078e+01
6.682228535353534937e+01
6.696357514539332101e+01
6.697841494845360444e+01
6.767507998578030026e+01
6.660514233241505622e+01
6.622510822510822948e+01
6.751340206185567183e+01
6.702931701030928480e+01
6.745028267376122244e+01
6.711487820934826232e+01
6.638466295609153178e+01
6.625866916588566369e+01
6.675726654298082963e+01
6.746358496840704788e+01
6.799494949494949481e+01
6.709702850212249814e+01
6.646593749999999545e+01
6.669545454545455243e+01
6.763751247090122831e+01
6.744338380513495679e+01
6.802161622879947345e+01
6.726267281105991458e+01
6.727963917525772786e+01
6.718653350515464240e+01
6.628801546391753163e+01
6.663511402686660290e+01
6.693170103092784018e+01
6.663802083333332860e+01
6.648131443298969145e+01
6.641330834114339154e+01
6.570184948979591866e+01
6.544072164948453008e+01
6.542235824742267880e+01
6.592051878949118304e+01
6.587761888925840026e+01
6.514058106841612528e+01
6.568696510862409355e+01
6.578965053763441517e+01
6.576848118279569633e+01
6.492702535559678267e+01
6.607283006318590424e+01
6.606838487972508744e+01
6.533311855670103796e+01
6.514457070707071296e+01
6.526353092783504906e+01
6.484442361761949769e+01
6.514497422680412342e+01
6.510083762886597469e+01
6.503737113402061709e+01
6.484254920337394879e+01
6.558929165281010398e+01
6.515870098039215463e+01
6.588165869218501314e+01
6.438848039215686470e+01
6.554074074074074474e+01
6.489347079037800370e+01
6.426221397649969447e+01
6.485235969387754551e+01
6.537916666666666288e+01
6.484978820462691829e+01
6.627272727272726627e+01
6.630178571428571388e+01
6.410564225690275464e+01
6.520199742268040666e+01
6.639861751152074021e+01
6.673545454545454447e+01
6.634885204081632537e+01
6.578751500600239410e+01
6.579589843750000000e+01
6.636783854166667140e+01
6.554139331458918605e+01
6.566406250000000000e+01
6.465966386554622147e+01
6.571578947368421098e+01
6.567266414141414543e+01
6.546488402061855538e+01
6.591565135895032768e+01
6.647229381443298735e+01
6.601041666666667140e+01
6.491929499072355725e+01
6.615530303030303116e+01
6.606655348047537757e+01
6.551577631990002715e+01
6.514089347079037395e+01
6.648665364583332860e+01
6.565318627450980671e+01
6.574234068627451677e+01
6.529715522572665520e+01
6.620375246872943364e+01
6.535954381752701181e+01
6.545579506404249059e+01
6.532146204311152360e+01
6.610500329163923539e+01
6.560513296227581748e+01
6.610872395833332860e+01
6.565429808286951641e+01
6.641104090455603171e+01
6.535176507341455476e+01
6.580943455170259426e+01
6.538706654170572108e+01
6.516512059369202348e+01
6.496875000000000000e+01
6.587816307403936378e+01
6.647100515463917247e+01
6.643531759228467592e+01
6.696805555555555145e+01
6.597959183673469852e+01
6.645660126371798526e+01
6.458441176470587664e+01
6.563758800122435844e+01
6.609880050505050519e+01
6.556709956709956089e+01
6.576256443298969145e+01
6.524069627851140751e+01
6.553577007185253933e+01
6.578060567010309967e+01
6.670393041237113607e+01
6.609943181818181301e+01
6.644861988693050137e+01
6.594588744588745044e+01
6.612342171717172334e+01
6.645299938157080533e+01
6.533923969072165505e+01
6.604301075268817556e+01
6.550322164948453008e+01
6.571200532091785362e+01
6.495982142857143060e+01
6.578166383701189091e+01
6.528818800247371712e+01
6.551765073414557605e+01
6.536580086580086402e+01
6.578503787878787534e+01
6.565799868334430300e+01
6.568782552083332860e+01
6.648485845951283579e+01
6.636984536082474051e+01
6.575015460729746053e+01
6.595751327710090095e+01
6.525108225108225213e+01
6.633402061855670695e+01
6.592171391752577847e+01
6.611543367346938282e+01
6.573611111111111427e+01
6.591204896907215982e+01
6.512956091527520641e+01
6.578253865979381487e+01
6.537425804436114163e+01
6.539126275510204778e+01
6.587500000000000000e+01
6.603571428571429180e+01
6.646673387096774377e+01
6.653931451612903913e+01
6.571205357142856940e+01
6.532807668521954270e+01
6.553382731958762975e+01
6.626529947916667140e+01
6.588878475476413143e+01
6.590409247110278557e+01
6.642396907216495094e+01
6.600237670825906378e+01
6.644007731958762975e+01
6.643105670103092564e+01
6.641001855287569811e+01
6.693481875623544397e+01
6.651893939393939092e+01
6.686165364583332860e+01
6.710105332455562177e+01
6.706784170269371259e+01
6.680841750841750581e+01
6.591184573002755087e+01
6.592317708333332860e+01
6.498405612244897611e+01
6.526932989690722309e+01
6.578777106292214683e+01
6.534765625000000000e+01
6.566458333333333997e+01
6.545227801795809341e+01
6.479587628865979809e+01
6.417461340206185127e+01
6.404209183673469852e+01
6.473208828522919589e+01
6.475324243431991533e+01
6.431283602150537604e+01
6.324936868686868507e+01
6.404603494623655990e+01
6.408099489795918657e+01
6.359461966604823857e+01
6.519259259259258954e+01
6.399401396740937997e+01
6.381922043010752787e+01
6.387306701030927769e+01
6.534382284382284922e+01
6.537839937839937932e+01
6.521666666666666856e+01
6.565500000000000114e+01
6.491962962962962536e+01
6.517599067599067553e+01
6.533258511036288496e+01
6.521810699588476723e+01
6.530423076923077019e+01
6.383838051349572140e+01
6.551398601398601329e+01
6.465389784946236773e+01
6.566630591630591596e+01
6.413788659793814873e+01
6.408534322820037232e+01
6.426881377551021046e+01
6.583333333333332860e+01
6.453420805998125331e+01
6.658881330309901614e+01
6.462854381443298735e+01
6.423531230674088022e+01
6.443105670103092564e+01
6.450484223680099660e+01
6.435427295918367463e+01
6.608821428571428669e+01
6.445296391752577847e+01
6.439158163265305745e+01
6.469537815126049907e+01
6.483817557013433941e+01
