6.143021914648212345e+01
6.144653465346534915e+01
6.072149473011817378e+01
6.041340206185567041e+01
5.951385309278350633e+01
6.025279789335088765e+01
5.958755760368663346e+01
5.988104838709677580e+01
6.031315104166666430e+01
6.371326164874552234e+01
6.348375000000000057e+01
6.254852941176470438e+01
6.312058080808080973e+01
6.255580357142856940e+01
6.238169574533210948e+01
6.204755570335883164e+01
6.169967741935484185e+01
6.229591836734693544e+01
6.279920977011494188e+01
6.229523809523809774e+01
6.257998683344305135e+01
6.202666227781435282e+01
6.159023569023568712e+01
6.160631443298969145e+01
6.126273039675101728e+01
6.215536537195523437e+01
6.105580357142856940e+01
6.144611059044049028e+01
6.131369321922317539e+01
6.168533333333333246e+01
6.145327569005653601e+01
6.153698273053111478e+01
6.334593749999999801e+01
6.269576957695769437e+01
6.338935483870967857e+01
6.418720538720538116e+01
6.206767676767676534e+01
6.229965986394557831e+01
6.150031565656565391e+01
6.166777519122048545e+01
6.034632034632034703e+01
6.031123737373737725e+01
6.024548969072164795e+01
6.022756981580511138e+01
6.321333333333333115e+01
6.311111111111111427e+01
6.270750000000000313e+01
6.220093750000000199e+01
6.254693877551020620e+01
6.223753665689149273e+01
6.226827094474153057e+01
6.294339025932954002e+01
6.232765151515151558e+01
6.164250083139341285e+01
6.104871626069783019e+01
5.992127460168697439e+01
6.005375000000000085e+01
5.958658892128279660e+01
6.038446969696969546e+01
6.060889175257732120e+01
5.966836734693877276e+01
5.895735677083333570e+01
5.823240058910162276e+01
5.789177489177489377e+01
5.812936481543066236e+01
5.739518900343642827e+01
6.002710495963091120e+01
5.801307397959183731e+01
5.755839646464646364e+01
5.762886597938144462e+01
5.736974789915966255e+01
5.736597938144329589e+01
5.717592592592592382e+01
5.790906362545018027e+01
5.773893268647665167e+01
5.862059369202226122e+01
5.857444852941176805e+01
5.907812500000000000e+01
5.781643757159221053e+01
5.912733394551576538e+01
5.867041549515776211e+01
5.897029114676173833e+01
5.932015306122448806e+01
6.046323529411764497e+01
5.983125371360665667e+01
5.989525810324129651e+01
5.894064354889097501e+01
5.961425781250000000e+01
5.883805134957208338e+01
5.850780312124850013e+01
5.911509029690847683e+01
5.919394329896907436e+01
5.884598562949078371e+01
5.916035353535353636e+01
5.903153988868274382e+01
5.879621848739495960e+01
5.837507580351728365e+01
5.906926546391752453e+01
5.919056544829740574e+01
5.900000000000000000e+01
5.945938104448742934e+01
5.911309884778653867e+01
5.915119949494949481e+01
5.867037724180581648e+01
5.922073365231260311e+01
5.911946614583333570e+01
5.838478535353535648e+01
5.859887535145266924e+01
5.925325520833333570e+01
5.911512027491409071e+01
5.938343864316594534e+01
5.858869949494949481e+01
5.877913100724160955e+01
5.804717275851296421e+01
5.753896103896104108e+01
5.736551077788190867e+01
5.696023564064800837e+01
5.684808975136446207e+01
5.705357142857143060e+01
5.680210265924551294e+01
5.707903780068728850e+01
5.687043908472480069e+01
5.628241296518607584e+01
5.696198453608247547e+01
5.676140456182473315e+01
5.705163883735312425e+01
5.995457537853851449e+01
5.951076388888888857e+01
5.784963985594237812e+01
5.760296846011132033e+01
5.849645618556701265e+01
5.807323232323232531e+01
5.785007974481658977e+01
5.723100490196078738e+01
5.761584595959595845e+01
5.766229303342705492e+01
5.756771799628942432e+01
5.799934895833333570e+01
5.817582070707070585e+01
5.739457070707070585e+01
5.777444548578569083e+01
5.843066406250000000e+01
5.756024484536082753e+01
5.785493421052631646e+01
5.789630078835657656e+01
5.891603535353535648e+01
5.910741602926504612e+01
5.909134125636672508e+01
5.869144736842105203e+01
5.866894531250000000e+01
5.819806310527960136e+01
5.859537760416666430e+01
5.864019138755980975e+01
5.906931012250161217e+01
5.948118279569892763e+01
5.929671717171716949e+01
6.067545572916666430e+01
6.021419270833333570e+01
5.979868421052631788e+01
5.980078125000000000e+01
5.944104381443298735e+01
5.961151315789473415e+01
5.959722222222222143e+01
5.943066406250000000e+01
5.942234785500498617e+01
5.961424731182795966e+01
5.952510808114399765e+01
5.952733446519524563e+01
5.964112903225806406e+01
5.923763020833333570e+01
5.969321236559139976e+01
5.930143229166666430e+01
5.918817204301075208e+01
6.071058823529411796e+01
6.057525510204081343e+01
5.971583178726035612e+01
6.018656468240771318e+01
5.957118055555555713e+01
5.944856770833333570e+01
5.975781250000000000e+01
5.910263480392156765e+01
5.898711340206185838e+01
5.919759114583333570e+01
5.891348684210526443e+01
5.835637626262626299e+01
5.849638157894737134e+01
5.856153350515464240e+01
5.787660106216807065e+01
5.906770833333333570e+01
5.764386129334582876e+01
5.716307403936269793e+01
5.872013341419042121e+01
5.897958532695374601e+01
5.925223367697594767e+01
5.786029411764705799e+01
5.849374999999999858e+01
5.770191458026509679e+01
5.836979166666666430e+01
5.819824218750000000e+01
5.826429240862230330e+01
5.858962421017625388e+01
5.927319587628866060e+01
5.897291666666666998e+01
5.786670918367347127e+01
5.823665364583333570e+01
5.833541803818301474e+01
5.790627928772258315e+01
5.899583333333333002e+01
5.824707903780068818e+01
5.852876621217159681e+01
5.860833333333333428e+01
5.818969072164948386e+01
5.820670572916666430e+01
5.798356958762886393e+01
5.770408163265306456e+01
5.785511363636363313e+01
5.758874458874458924e+01
5.854639175257732120e+01
5.832313144329896915e+01
5.815119949494949481e+01
5.806248047485161123e+01
5.781755701343330145e+01
5.754798761609907132e+01
5.760373711340206171e+01
5.770530913978494425e+01
5.881315104166666430e+01
5.887596649484535760e+01
5.870271132376395684e+01
5.834149484536082753e+01
5.853974060525440848e+01
5.874202806122448806e+01
5.823055295220243721e+01
5.987310606060606233e+01
5.945517025929397192e+01
5.895280135823429646e+01
5.889760765550239086e+01
5.854071969696969546e+01
5.837775735294117396e+01
5.923588709677419217e+01
5.843811274509803866e+01
5.936151315789473415e+01
5.848253676470588402e+01
5.917758563352177958e+01
5.874677835051546282e+01
5.937727864583333570e+01
5.873628200864649074e+01
5.887336523125996735e+01
5.945650773195876582e+01
5.925515463917525949e+01
5.920360824742267880e+01
5.893654336734693544e+01
5.930090206185567325e+01
5.924194587628866060e+01
5.980033955857385308e+01
5.983165322580644840e+01
6.048516414141413833e+01
6.003914141414141170e+01
5.888917525773195649e+01
5.957275223061084546e+01
5.924869791666666430e+01
5.975590289324908611e+01
5.966569010416666430e+01
5.931518817204300831e+01
5.979817708333333570e+01
5.903451380552220940e+01
5.938015463917525949e+01
5.911458333333333570e+01
5.969756944444444713e+01
6.019716312056737451e+01
6.046666666666666856e+01
5.906060606060606233e+01
5.955532646048109768e+01
5.940454246214614642e+01
5.962662760416666430e+01
5.861966604823747673e+01
5.961024276687728474e+01
5.976104797979797922e+01
5.991485969387755262e+01
5.986114690721649367e+01
5.983666237113401820e+01
5.953776041666666430e+01
5.970373774509803866e+01
5.981653225806451957e+01
5.939626288659793829e+01
5.921068548387096797e+01
5.914207474226804351e+01
5.916095776521449778e+01
5.952896642527979054e+01
5.927512886597938291e+01
5.899733954107083633e+01
5.856350877192982551e+01
5.840188172043010439e+01
5.836357526881720759e+01
5.785789473684210549e+01
5.802376302083333570e+01
5.801680107526881613e+01
5.774707031250000000e+01
5.826874999999999716e+01
5.795511968085106247e+01
5.751546391752577136e+01
5.789605263157894655e+01
5.762488038277511748e+01
5.774023437500000000e+01
5.835755517826824956e+01
5.832649739583333570e+01
5.848209635416666430e+01
5.834733072916666430e+01
5.852688172043010439e+01
5.852063185041908611e+01
5.894555412371133940e+01
5.867506720430107237e+01
5.888085937500000000e+01
5.939215686274509665e+01
5.814956268221574476e+01
5.872001262626262275e+01
5.848049535603715299e+01
5.878763440860215184e+01
5.855110677083333570e+01
5.812878787878787534e+01
5.887529098769537939e+01
5.842138157894736850e+01
5.802016129032258362e+01
5.837011718750000000e+01
5.794854797979797922e+01
5.852050781250000000e+01
5.816619806310527707e+01
5.923157894736841911e+01
5.956805555555555287e+01
5.844286616161615910e+01
5.872688802083333570e+01
5.830526315789473557e+01
5.935197368421052744e+01
5.880063795853269681e+01
5.818005952380952550e+01
6.047480867346938993e+01
5.925960637300843814e+01
5.848241358399029366e+01
5.888226010101010388e+01
5.872791068580541918e+01
5.941629881154499060e+01
5.868382352941176805e+01
5.910460526315789309e+01
5.820863970588235503e+01
5.909407894736842337e+01
5.843087121212121104e+01
5.932673611111111001e+01
5.873404947916666430e+01
5.862261793189627923e+01
5.938004032258064768e+01
5.921298245614035238e+01
5.798289315726290738e+01
5.868750000000000000e+01
5.830729166666666430e+01
5.878947368421052744e+01
5.873533163265306456e+01
5.835725677830941294e+01
5.811575255102040671e+01
5.804029990627928726e+01
5.872005208333333570e+01
5.873307291666666430e+01
5.868684895833333570e+01
5.859261576971213970e+01
5.853256578947368638e+01
5.859744623655913642e+01
5.830588235294117538e+01
5.935627240143369221e+01
5.846777343750000000e+01
5.901985677083333570e+01
5.863118489583333570e+01
5.927314285714285802e+01
5.893967587034813960e+01
5.902037351443124180e+01
5.873046251993620359e+01
5.927730496453900599e+01
5.905263157894736992e+01
5.840364583333333570e+01
5.860921717171716949e+01
5.885123697916666430e+01
5.939906883937479165e+01
5.807185254607934866e+01
5.876515151515151558e+01
5.805998125585754366e+01
5.915497173262387776e+01
