5.457196462074510634e+01
5.453101802757157657e+01
5.576066597294484950e+01
5.620265348595213339e+01
5.634626086956522073e+01
5.785631508887323093e+01
5.800847328244275047e+01
5.759169230769230552e+01
0.000000000000000000e+00
5.712444528373146824e+01
0.000000000000000000e+00
5.655939298796441506e+01
0.000000000000000000e+00
5.668890252454418288e+01
5.677624602332979720e+01
5.692143867090845077e+01
5.736627082594824856e+01
5.747890818858560635e+01
5.807063098192130468e+01
5.810899669436254555e+01
5.821924849344204489e+01
5.782712409541677800e+01
5.813061009817671732e+01
5.778199509116409871e+01
5.826250549450549698e+01
5.819591514726507597e+01
5.825411991584852700e+01
5.833872527472527736e+01
5.839296984572229832e+01
5.808639328151523529e+01
5.733615564763105965e+01
5.768018734535171177e+01
5.769537020356692381e+01
5.782542660591440864e+01
5.792934782608695343e+01
5.855609712867777716e+01
5.795042417815482594e+01
5.774930760296614096e+01
5.839400921658986476e+01
5.807415348878763695e+01
5.761898756980723846e+01
5.834800140252454526e+01
5.868600981767180969e+01
5.845617796837309044e+01
5.793487000804073972e+01
5.824666900420757543e+01
5.866139130434782345e+01
5.800509246850710099e+01
5.836772440392707040e+01
5.834252514741588413e+01
5.805408054169636500e+01
5.836919532080822393e+01
5.876905352711804653e+01
5.882559376107763427e+01
5.816087191497027220e+01
5.880538816022686888e+01
5.894886565047855242e+01
5.896783055654023542e+01
5.866711337443044982e+01
5.909198865650478893e+01
5.899512584190003395e+01
5.825553954242478483e+01
5.861509467040673371e+01
5.718056054617319717e+01
5.714638275124733013e+01
5.791473627940128210e+01
5.832219865676917436e+01
5.865129733520336686e+01
5.912309464728819819e+01
5.875592082007776895e+01
5.887894073139974438e+01
5.884552845528455123e+01
5.882069150361833465e+01
5.873995676454693182e+01
5.866180629197596375e+01
5.909239130434782794e+01
5.881890467256320676e+01
5.870634354953670453e+01
5.879552549427679509e+01
5.879144987859868365e+01
5.911807503506311434e+01
5.880867797808412689e+01
5.872755390597384206e+01
5.872746553552492088e+01
5.871230408935326750e+01
5.845334040296924627e+01
5.881895154026301498e+01
5.876564156945917006e+01
5.840137857900317897e+01
5.734329279041071459e+01
5.691069048253798712e+01
5.725766215253029401e+01
5.757938346400570140e+01
5.784473312124425348e+01
5.783891660727013573e+01
5.783960763520678938e+01
5.774649368863955345e+01
5.769083099579242457e+01
5.814429413805063973e+01
5.777209546289011399e+01
5.775335807705903335e+01
5.812289621318372923e+01
5.780320827489481417e+01
5.785825017818959282e+01
5.783291298865069052e+01
5.776336421952957778e+01
5.750738605656638214e+01
5.744812654648285388e+01
5.770731707317073500e+01
5.727583749109052036e+01
5.770857091945830319e+01
5.729895722870271868e+01
5.747344975053457006e+01
5.757584219059629049e+01
5.724245418613007530e+01
5.763000635727908616e+01
5.749913722640995672e+01
5.745436579231045471e+01
5.737436594202898732e+01
5.722727272727272663e+01
5.680425724637681384e+01
5.736956521739130466e+01
5.734613328581610858e+01
5.759289367921081748e+01
5.705023547880690415e+01
5.698407524678711411e+01
5.702493305014313307e+01
5.709207553989337924e+01
5.660880999342537478e+01
5.689406779661016600e+01
5.672010342598577637e+01
5.701196565582754516e+01
5.748822463768115654e+01
5.880259285771096955e+01
5.575539893376705436e+01
5.702402482269503281e+01
5.708828047347971335e+01
5.700661231884058111e+01
5.699292114695340672e+01
5.739650537634408778e+01
5.709532845396223166e+01
5.714258010896666207e+01
5.738443223443223218e+01
5.678234141126158363e+01
5.693181818181817988e+01
5.674343380927199121e+01
5.725659301496792608e+01
5.686769422665716434e+01
5.682181040627227020e+01
5.711490269261530273e+01
5.714022563017803691e+01
5.580005331911490174e+01
0.000000000000000000e+00
5.621962370318269819e+01
