0.000000000000000000e+00
0.000000000000000000e+00
4.860542929292929415e+01
4.923863945578231238e+01
4.977950227455178123e+01
4.930864864864864927e+01
4.844502344971338914e+01
4.787310924369747767e+01
4.767835051546391867e+01
4.779467353951890374e+01
4.783645124716553454e+01
4.877664835164835466e+01
4.897645502645502802e+01
4.914646074646074680e+01
4.945323129251701033e+01
4.918903318903318933e+01
4.914176470588235190e+01
4.907634438562273260e+01
4.914000000000000057e+01
4.961549707602339510e+01
4.955282051282051015e+01
4.961606648199445857e+01
0.000000000000000000e+00
0.000000000000000000e+00
0.000000000000000000e+00
0.000000000000000000e+00
0.000000000000000000e+00
0.000000000000000000e+00
0.000000000000000000e+00
0.000000000000000000e+00
0.000000000000000000e+00
0.000000000000000000e+00
0.000000000000000000e+00
0.000000000000000000e+00
0.000000000000000000e+00
0.000000000000000000e+00
0.000000000000000000e+00
0.000000000000000000e+00
0.000000000000000000e+00
0.000000000000000000e+00
0.000000000000000000e+00
0.000000000000000000e+00
0.000000000000000000e+00
0.000000000000000000e+00
0.000000000000000000e+00
0.000000000000000000e+00
0.000000000000000000e+00
0.000000000000000000e+00
0.000000000000000000e+00
0.000000000000000000e+00
