0.000000000000000000e+00
0.000000000000000000e+00
0.000000000000000000e+00
0.000000000000000000e+00
0.000000000000000000e+00
0.000000000000000000e+00
0.000000000000000000e+00
0.000000000000000000e+00
0.000000000000000000e+00
0.000000000000000000e+00
0.000000000000000000e+00
0.000000000000000000e+00
0.000000000000000000e+00
0.000000000000000000e+00
0.000000000000000000e+00
0.000000000000000000e+00
0.000000000000000000e+00
0.000000000000000000e+00
0.000000000000000000e+00
0.000000000000000000e+00
0.000000000000000000e+00
0.000000000000000000e+00
0.000000000000000000e+00
0.000000000000000000e+00
0.000000000000000000e+00
0.000000000000000000e+00
0.000000000000000000e+00
0.000000000000000000e+00
0.000000000000000000e+00
0.000000000000000000e+00
0.000000000000000000e+00
0.000000000000000000e+00
0.000000000000000000e+00
0.000000000000000000e+00
0.000000000000000000e+00
0.000000000000000000e+00
0.000000000000000000e+00
0.000000000000000000e+00
0.000000000000000000e+00
0.000000000000000000e+00
0.000000000000000000e+00
0.000000000000000000e+00
0.000000000000000000e+00
0.000000000000000000e+00
0.000000000000000000e+00
4.922590515043345505e+01
4.963040663040663247e+01
4.924714434060228285e+01
4.994639376218323434e+01
4.862500000000000000e+01
4.840962009803921262e+01
4.777319587628866060e+01
4.724711946634323567e+01
4.687901758641601191e+01
4.653482142857142634e+01
4.599169530355097635e+01
4.627952871870397900e+01
4.628681742967457069e+01
4.615416436845008263e+01
4.575702975702975550e+01
4.562074829931972886e+01
4.555956471935853358e+01
4.550496414782129051e+01
4.555091455091454833e+01
4.549546485260771078e+01
4.533361678004535378e+01
4.540249433106576049e+01
4.549007936507936734e+01
4.536927744070601420e+01
4.544160997732426210e+01
4.538444567015995545e+01
4.529209621993127399e+01
4.519911748483177405e+01
4.531632653061224403e+01
4.537598204264870816e+01
4.531749931749931903e+01
4.541071428571428470e+01
4.542564534231200923e+01
4.543462401795735417e+01
4.549767949767949915e+01
4.530132547864506876e+01
4.537264537264537267e+01
4.551711560044893190e+01
4.553143960286817560e+01
4.550617283950617065e+01
