5.919701086956521863e+01
5.924263674614305586e+01
5.879166666666666430e+01
5.850260416666666430e+01
5.893548387096774377e+01
5.896236559139784816e+01
5.891536458333333570e+01
5.899865591397849585e+01
5.889453125000000000e+01
5.923828125000000000e+01
5.923252688172043179e+01
5.924327956989247213e+01
5.923790322580644840e+01
5.861851332398317282e+01
5.865077138849930094e+01
5.870827489481065697e+01
5.870572916666666430e+01
5.883203125000000000e+01
5.867255434782608603e+01
5.836956521739130466e+01
5.848246844319775306e+01
5.906591865357643911e+01
5.900701262272090020e+01
5.893614130434782794e+01
5.948416289592760364e+01
5.904619565217391397e+01
5.912364130434782794e+01
5.908967391304347672e+01
5.905570652173913260e+01
5.896059782608695343e+01
5.963507625272330870e+01
5.883831521739130466e+01
5.920312500000000000e+01
5.955393939393939462e+01
6.003632478632478353e+01
6.085699588477366007e+01
