0.000000000000000000e+00
0.000000000000000000e+00
0.000000000000000000e+00
0.000000000000000000e+00
0.000000000000000000e+00
0.000000000000000000e+00
0.000000000000000000e+00
0.000000000000000000e+00
0.000000000000000000e+00
0.000000000000000000e+00
0.000000000000000000e+00
0.000000000000000000e+00
0.000000000000000000e+00
0.000000000000000000e+00
0.000000000000000000e+00
0.000000000000000000e+00
0.000000000000000000e+00
0.000000000000000000e+00
0.000000000000000000e+00
0.000000000000000000e+00
0.000000000000000000e+00
0.000000000000000000e+00
0.000000000000000000e+00
0.000000000000000000e+00
0.000000000000000000e+00
0.000000000000000000e+00
0.000000000000000000e+00
0.000000000000000000e+00
0.000000000000000000e+00
0.000000000000000000e+00
0.000000000000000000e+00
0.000000000000000000e+00
0.000000000000000000e+00
0.000000000000000000e+00
0.000000000000000000e+00
0.000000000000000000e+00
0.000000000000000000e+00
0.000000000000000000e+00
0.000000000000000000e+00
0.000000000000000000e+00
0.000000000000000000e+00
5.440414663461538680e+01
5.419417475728155154e+01
5.431193235202004388e+01
5.423656542056074414e+01
5.473290094339622414e+01
5.527459490740740478e+01
5.556998910675381609e+01
5.502887364208118726e+01
5.547185289957567278e+01
5.507053571428571104e+01
5.455102040816326792e+01
5.433427054045611015e+01
5.410405946255002618e+01
5.406287170773151729e+01
5.376913265306122724e+01
5.329615745079662759e+01
5.303535353535353636e+01
5.294814120587316353e+01
5.286690433749257068e+01
5.266026410564225557e+01
5.285567010309278402e+01
5.285192127460168621e+01
5.277643784786641845e+01
5.287786023500309085e+01
5.276110444177670900e+01
5.280068728522336841e+01
5.285799168152109218e+01
5.299338624338624015e+01
5.291333899745114877e+01
5.304909090909090708e+01
5.293582887700534911e+01
5.319904931669637449e+01
5.312514285714285478e+01
5.297593582887700592e+01
5.297207367795603261e+01
5.295145330859616450e+01
5.288435374149659651e+01
5.308645276292335069e+01
5.304792826221397917e+01
5.300683303624479947e+01
5.323593073593073655e+01
5.349783549783549574e+01
5.316357452071737555e+01
5.309121518212427304e+01
5.304217432052483616e+01
5.281508967223253137e+01
5.287847547641361956e+01
5.296405228758170125e+01
5.299762329174093622e+01
5.305936920222634257e+01
5.321649484536082753e+01
5.320408163265306456e+01
5.307764175257732120e+01
5.324399759903961638e+01
5.351994342291371964e+01
5.349941758881770681e+01
5.363205882352941245e+01
5.372758132956153077e+01
5.422285353535353636e+01
5.323160173160173514e+01
5.355065809611264172e+01
5.289198919891989448e+01
5.246058823529411796e+01
5.206822157434402243e+01
5.216407355021216574e+01
5.215151515151514872e+01
5.128445276960128751e+01
5.134385871019534164e+01
5.172689768976897540e+01
5.186204906204905996e+01
5.159543454345434554e+01
5.146026224244045721e+01
5.204356435643564538e+01
5.202620850320326440e+01
5.241652661064425445e+01
5.254411764705882604e+01
5.268016801680168015e+01
5.194323529411764895e+01
5.283749257278669376e+01
5.311701170117011372e+01
5.318029411764705827e+01
5.362473217018671789e+01
5.419964349376114399e+01
5.377200255102040671e+01
5.326707474226804351e+01
5.318708308065494350e+01
5.291301546391752453e+01
5.266573902288187981e+01
5.260471281296023704e+01
5.293550212164073798e+01
5.302044817927171039e+01
5.403240740740740478e+01
5.387827606290040450e+01
5.372087378640776478e+01
5.277465277777777430e+01
5.299544270833333570e+01
5.330168067226890827e+01
5.308124635993011253e+01
5.291761363636363313e+01
5.276262626262626299e+01
5.256723484848485128e+01
5.301428571428571246e+01
5.274564796905222153e+01
5.286218487394958032e+01
5.283193277310924429e+01
5.380420991926182239e+01
5.388754045307443619e+01
5.370995923121724047e+01
5.290524193548387188e+01
5.286004373633239339e+01
5.300960978450786598e+01
5.314094350611532036e+01
5.287802768166090317e+01
5.312543252595155963e+01
5.315756718528995606e+01
5.312521840419336172e+01
5.318879551820728580e+01
5.321527581329561229e+01
5.332164073550212180e+01
5.314521452145214653e+01
5.326028571428571468e+01
5.326421499292786166e+01
5.295719277810133718e+01
5.301164822364589213e+01
5.299825276645311334e+01
5.299858557284299820e+01
5.310818181818181927e+01
5.328363424577752028e+01
5.331456859971711282e+01
5.328258362168396900e+01
5.339264497878359350e+01
5.338177052999417782e+01
5.313395457192778082e+01
5.321792717086835012e+01
5.305911473500291464e+01
5.303494467093768350e+01
5.315958737864077932e+01
5.348424842484248387e+01
5.318560822387207310e+01
5.317152009318579076e+01
5.327662766276627337e+01
5.320069204152249398e+01
5.312184873949579611e+01
5.314002828854314231e+01
5.302941176470588402e+01
5.297538896746817727e+01
5.273845248602530233e+01
5.283768376837683434e+01
5.298039215686274161e+01
5.354921374490390207e+01
