4.879823269513990880e+01
4.893363095238095184e+01
4.891043083900226662e+01
4.886824729891957020e+01
4.881574344023323420e+01
4.900353460972017672e+01
4.890391156462585087e+01
4.885272459499263675e+01
4.878192419825072790e+01
4.894776334776334892e+01
4.900991253644314583e+01
4.894227405247813323e+01
4.892915451895044043e+01
4.887532467532467706e+01
4.910495626822157789e+01
4.893090379008746282e+01
4.902655122655122710e+01
4.905947521865888916e+01
4.900136500136500217e+01
4.907172011661807431e+01
4.900145772594752458e+01
4.913802978235968055e+01
4.911953190303705696e+01
4.916676384839649927e+01
4.924064801178203510e+01
4.924439053972104574e+01
4.929861111111111427e+01
4.919557823129251517e+01
4.922995418098511067e+01
4.920286195286195152e+01
4.929854096520762852e+01
4.930553935860058345e+01
4.937405247813411080e+01
4.924603174603174693e+01
4.919816723940435566e+01
4.928968253968253777e+01
4.932448979591836746e+01
4.955527210884353906e+01
4.928483063328424407e+01
4.945889212827988501e+01
4.933425261996690381e+01
4.949326599326599307e+01
4.943537414965986443e+01
4.932432432432432279e+01
4.938945578231292188e+01
4.925143184421534670e+01
4.923396123396123158e+01
4.923232323232323182e+01
4.913472222222222285e+01
4.901767676767676818e+01
4.915123456790123413e+01
4.916734693877550910e+01
