6.562272135416667140e+01
6.539993686868686495e+01
6.542001995344196530e+01
6.552255154639175316e+01
6.482165404040404155e+01
6.497656250000000000e+01
6.505452806122448806e+01
6.521555763823805307e+01
6.585533754572664122e+01
6.547927295918367463e+01
6.549802501645820030e+01
6.603857665447289094e+01
6.621593153390388409e+01
6.614192949907236141e+01
6.574529411764706310e+01
6.577882352941176691e+01
6.536155674390968784e+01
6.645326460481099673e+01
6.601217906517445044e+01
6.572792440534375658e+01
6.510393939393939888e+01
6.543220079583716142e+01
6.552295918367346417e+01
6.517508417508418006e+01
6.591959635416667140e+01
6.486155913978494425e+01
6.443596813725490335e+01
6.455607622617931440e+01
6.431801470588234793e+01
