6.045088566827697463e+01
6.026934523809524080e+01
6.008487654320987303e+01
5.984863123993558531e+01
5.984672619047618980e+01
6.035416666666666430e+01
6.066220238095237960e+01
6.054783950617284205e+01
6.035093167701863592e+01
6.062797619047618980e+01
6.070684523809524080e+01
6.022204968944099335e+01
5.958333333333333570e+01
6.058487654320987303e+01
6.010403726708074856e+01
6.015123456790123413e+01
6.011024844720496674e+01
6.008534621578100143e+01
5.999677938808373767e+01
6.034567901234567699e+01
6.003416149068323193e+01
6.004192546583850998e+01
6.016304347826086740e+01
5.989906832298136408e+01
5.973268921095007755e+01
5.984219001610306066e+01
6.000771604938271508e+01
6.020089285714285410e+01
6.056696428571428470e+01
5.998660714285714590e+01
6.035748792270531737e+01
6.035648148148148096e+01
6.054761904761905100e+01
6.107870370370370239e+01
6.050308641975308888e+01
6.043209876543210157e+01
6.071577380952381020e+01
5.997376543209876587e+01
6.015619967793880818e+01
5.985990338164251057e+01
6.051851851851851904e+01
6.030900621118012594e+01
6.038975155279503326e+01
6.044409937888198669e+01
6.066964285714285410e+01
6.047515527950310599e+01
6.062318840579710155e+01
6.067113095238094900e+01
6.072515527950310599e+01
6.067438271604937938e+01
6.049275362318840621e+01
6.087654320987654444e+01
6.102314814814814525e+01
6.083896940418679833e+01
