4.781354081354081131e+01
4.759523809523809490e+01
4.693857493857493779e+01
4.676785714285714590e+01
4.640171858216970691e+01
4.635241301907968392e+01
4.642283950617284205e+01
4.641513513513513800e+01
4.653371553371553659e+01
4.650878684807256036e+01
4.644335244335244539e+01
4.636815252416756294e+01
4.643294051627385244e+01
4.639842873176206695e+01
4.640184210526315667e+01
4.639883381924198602e+01
4.648430248430248213e+01
4.644935844935844926e+01
4.646268221574344182e+01
4.619415807560137210e+01
4.633848396501457501e+01
4.649270482603815680e+01
4.648327664399092640e+01
4.642318594104308715e+01
4.645729729729729485e+01
4.665306122448979664e+01
4.648299319727890833e+01
4.658027027027026890e+01
4.659459459459459651e+01
4.663095238095237960e+01
4.665028665028665245e+01
4.686186186186186120e+01
4.674831649831649827e+01
4.685858585858586167e+01
4.701247165532879535e+01
4.676262626262626299e+01
4.653375863902179788e+01
4.637755102040816269e+01
4.648538334252619819e+01
4.644717444717444721e+01
4.648348348348348225e+01
4.650056689342403615e+01
4.648688046647230010e+01
4.663608305274971855e+01
4.664450056116722720e+01
4.673939393939394193e+01
4.662313860252004361e+01
4.663182570325427179e+01
4.661973684210526159e+01
4.650450450450450290e+01
4.664566719829877428e+01
4.670849420849420852e+01
4.669639249639249812e+01
4.665231259968101796e+01
4.663819241982507435e+01
4.673722222222222200e+01
4.671553371553371647e+01
4.667351351351351241e+01
4.680917280917280721e+01
4.686184210526315752e+01
4.697811447811447749e+01
4.692397660818713234e+01
4.703303303303303551e+01
4.682956425813569012e+01
4.702813017098731052e+01
4.703877551020408276e+01
4.692333149476006326e+01
4.697870597870598175e+01
4.710154173312068338e+01
4.698299319727890833e+01
4.698044217687074564e+01
4.754152348224513247e+01
4.718343875790684194e+01
4.619707207207207489e+01
4.527631578947368496e+01
4.511047149122806843e+01
4.501562500000000000e+01
4.515695792880259063e+01
4.511376096491228083e+01
4.578273419050118065e+01
4.507702850877193157e+01
4.478501157407407618e+01
4.489776632302405801e+01
4.477618243243243512e+01
4.496984649122806843e+01
4.479221491228069851e+01
4.506266956049918804e+01
4.686263583170799762e+01
4.709507445589920138e+01
4.707578712733351978e+01
4.694315965449985839e+01
4.698152233866519367e+01
