5.769101620029454836e+01
5.826138613861385807e+01
5.845454545454545325e+01
5.808377896613190927e+01
5.717333333333333201e+01
5.806147186147185835e+01
5.766580086580086828e+01
5.787264705882353155e+01
5.824909963985594175e+01
5.872727272727272663e+01
5.852009894867038042e+01
5.798781937017231058e+01
5.856781250000000227e+01
5.879966996699670290e+01
5.854048070841239593e+01
5.922806418572891829e+01
5.900242718446602197e+01
5.894114077669902940e+01
5.945063025210084362e+01
5.865258064516129366e+01
5.900699999999999790e+01
5.913035714285714306e+01
5.898669554455445763e+01
5.727527777777778084e+01
5.909875000000000256e+01
5.778728461081401946e+01
5.927250000000000085e+01
5.784885714285714187e+01
5.908375000000000199e+01
5.804357864357864116e+01
5.840968508615567600e+01
5.803060011883541591e+01
5.792911764705882405e+01
5.803802733214497778e+01
5.813060606060606261e+01
5.892297979797979934e+01
5.836486072849709217e+01
5.827701254973982259e+01
5.763457142857142657e+01
5.822248107163657238e+01
5.830582232893156913e+01
5.962466246624662602e+01
6.028066528066528207e+01
5.956902356902357099e+01
5.904783125371360342e+01
5.880742857142857360e+01
5.978718750000000171e+01
5.910651065106510771e+01
5.888521579430670272e+01
5.978677419354838918e+01
5.887572696663605853e+01
5.899876237623762165e+01
5.837314356435643248e+01
6.012366666666666504e+01
5.888991960420531768e+01
5.895856524427952650e+01
5.854070112893642630e+01
6.108623643632210332e+01
6.081016042780748876e+01
6.038899739583333570e+01
5.935238987816307343e+01
5.926304279912527306e+01
5.892752264917213267e+01
5.870103092783504906e+01
5.877302436125965812e+01
5.938874259381172038e+01
6.053413793103448626e+01
6.061517241379310406e+01
6.037233333333333007e+01
5.931087239583333570e+01
6.041649831649831981e+01
5.955587121212121104e+01
5.972938144329896915e+01
5.996117424242424221e+01
5.993847656250000000e+01
6.075966666666666782e+01
5.965167135270228016e+01
6.062923177083333570e+01
6.009643817204300831e+01
6.237592047128129735e+01
6.135382003395585571e+01
6.178657543173672195e+01
6.265655940594059103e+01
6.104090909090908923e+01
6.125572047000618170e+01
6.091503267973855884e+01
6.198628826530612201e+01
6.185760834147930609e+01
6.163876387638763532e+01
6.210394265232974931e+01
6.215025252525252597e+01
6.254566666666666919e+01
6.175545454545454760e+01
6.194968750000000313e+01
6.192187500000000000e+01
6.212642554578038556e+01
6.199903225806451701e+01
6.196999999999999886e+01
6.230483870967741922e+01
6.210376492194674114e+01
6.198579545454545325e+01
6.239000000000000057e+01
6.191156250000000227e+01
6.214645161290322761e+01
6.229292929292929415e+01
6.194741935483870776e+01
6.256322580645161224e+01
6.351263736263736348e+01
6.212821245002855619e+01
6.213190673906100159e+01
6.231052460084718092e+01
6.212200574896199612e+01
6.221239220696263317e+01
6.232354797979797922e+01
6.194949494949494806e+01
6.202872474747474740e+01
6.192679267926792619e+01
6.198529411764705799e+01
6.217757904822740045e+01
6.191375000000000028e+01
6.192949294929493220e+01
6.209154040404040131e+01
6.185406249999999773e+01
6.195281250000000028e+01
6.204151515151514928e+01
6.199909090909090992e+01
6.189491421568627771e+01
6.338150452488687847e+01
6.264983498349835145e+01
6.225007984669434791e+01
6.256096774193548526e+01
6.247865754317367504e+01
6.228870967741935516e+01
6.227519132653061007e+01
6.210643564356435320e+01
6.135934769947583334e+01
6.194124999999999659e+01
6.240256747860434672e+01
6.239583333333333570e+01
6.198778578139680207e+01
6.250993809058325468e+01
6.241125000000000256e+01
6.263258064516129053e+01
6.224652777777777857e+01
6.234604105571847299e+01
6.327171717171717091e+01
6.233060606060605835e+01
6.240484848484848612e+01
6.242636138613861618e+01
6.262887256467582375e+01
6.271625000000000227e+01
6.251393673661133477e+01
6.232487623762376217e+01
6.249906250000000085e+01
6.229040404040404155e+01
6.258906249999999716e+01
6.301798972015991041e+01
6.267243367935409282e+01
6.285666666666666913e+01
6.274875000000000114e+01
6.374343434343434467e+01
6.297761685319289171e+01
6.286300505050505194e+01
6.336521464646464352e+01
6.326201448321263854e+01
6.298606060606060453e+01
6.310574494949494806e+01
6.243529411764706083e+01
6.305295378022650965e+01
6.330429292929292728e+01
6.319253137434955647e+01
6.287843749999999687e+01
6.291287878787878896e+01
6.317149440421329842e+01
6.309656249999999744e+01
6.380348913759051754e+01
6.321117424242424221e+01
6.352699144173798373e+01
6.281723484848485128e+01
6.252288188002473390e+01
6.255636363636363484e+01
6.246445029624753431e+01
6.278081788761400617e+01
6.270188463735008355e+01
6.247531270572745399e+01
6.268828176431863142e+01
6.283569023569023670e+01
6.153351698806244485e+01
6.224217687074830252e+01
6.152096724823997675e+01
6.157702020202020066e+01
6.204105571847507150e+01
6.223403554970375495e+01
6.204633333333333667e+01
6.201987618116650225e+01
6.134986225895316636e+01
6.148882767064585408e+01
6.171269132653061007e+01
6.220171821305842030e+01
6.167506377551020336e+01
6.096460459183673208e+01
6.143531759228466882e+01
6.286809326093899841e+01
6.215898617511520996e+01
6.117285095856524180e+01
6.154140339208513666e+01
6.133195153061224403e+01
6.130414746543778648e+01
6.150631313131312794e+01
6.151217906517445755e+01
6.134646464646464636e+01
6.185141739980449671e+01
6.179700228087325087e+01
6.136939393939393739e+01
6.136302418120600066e+01
6.175985663082437327e+01
6.280961538461538396e+01
6.259469696969696884e+01
6.273313782991202459e+01
6.228999341672152923e+01
6.192613636363636687e+01
6.185644322007958351e+01
6.185950413223140743e+01
6.222710980775497092e+01
6.203220663265306456e+01
6.198683807774716570e+01
6.228510915607689924e+01
6.180042852770125705e+01
6.239629629629629903e+01
6.189093749999999972e+01
6.248373724489795933e+01
6.237342171717171624e+01
6.241761363636363313e+01
6.232782369146005408e+01
6.310101010101010388e+01
6.382192231731401932e+01
6.342699999999999960e+01
6.432621359223300317e+01
6.301852443308847285e+01
6.268494897959183731e+01
6.282068965517241566e+01
6.268571428571428328e+01
6.306888440860215184e+01
6.268080357142856940e+01
6.313002993016295505e+01
6.281410043232457951e+01
6.292805989583333570e+01
6.239732142857143060e+01
6.213265306122448806e+01
6.246005154639175316e+01
6.192074303405572522e+01
6.295991253644314867e+01
6.252577319587629034e+01
6.303387334315169710e+01
6.197220267417311845e+01
6.065335051546392009e+01
6.203826530612244738e+01
6.219580419580419317e+01
6.147368421052631504e+01
6.115120274914089293e+01
6.164957555178268223e+01
6.142871093750000000e+01
6.214431486880466338e+01
6.136146907216495094e+01
6.093294270833333570e+01
6.154220360824741931e+01
6.214295415959252722e+01
6.231423611111111427e+01
6.130365510777881610e+01
6.214161416141614325e+01
6.241344123856438841e+01
6.119539141414141170e+01
6.091600970285021077e+01
6.236443148688046989e+01
6.067197750702905523e+01
6.154070175438596380e+01
6.174387886597938291e+01
6.169072164948453718e+01
6.219587628865979667e+01
6.151515151515151558e+01
6.219426546391752453e+01
6.193875598086124512e+01
6.170279947916666430e+01
6.175789823744595708e+01
6.166096115865700966e+01
6.113605442176870497e+01
6.181346649484535760e+01
6.222214832058529765e+01
6.302406609195402609e+01
6.241655927835051898e+01
6.249186197916666430e+01
6.285985824742267880e+01
6.303539540816326792e+01
6.275810324129651718e+01
6.289614898989898961e+01
6.271043771043770931e+01
6.358453608247423006e+01
6.268258340985613586e+01
6.328282828282828376e+01
6.299338209683037348e+01
6.167885035926273218e+01
6.234470663265306456e+01
6.207801184990125165e+01
6.210792525773195649e+01
6.343163265306122156e+01
6.324088921282798736e+01
6.181568259918775254e+01
6.242168274027270058e+01
6.260168895144264667e+01
6.270776732845698120e+01
6.206862113402061709e+01
6.248163659793814162e+01
6.240549828178694014e+01
6.274781144781145059e+01
6.314004222378606812e+01
6.276754240106418337e+01
6.306252078483538526e+01
6.226035868893011838e+01
6.232481060606060908e+01
6.299381443298968719e+01
6.277569509528272107e+01
6.183195592286501352e+01
6.315914948453607991e+01
6.340114795918367463e+01
6.273547979797979934e+01
6.266326530612244738e+01
6.307452071737785815e+01
6.296668667466986591e+01
6.380251288659793829e+01
6.319542362399505464e+01
6.354187499999999744e+01
6.348699112335476258e+01
6.330792776247321996e+01
6.369966329966329965e+01
6.297245179063360609e+01
6.243630179344464892e+01
6.319119025304592441e+01
6.336805555555555713e+01
6.353661616161615910e+01
6.330282112845137732e+01
6.321365166819712300e+01
6.394596888260254275e+01
6.312264452251676516e+01
6.235157699443414003e+01
6.318698897973693818e+01
6.202114898989898961e+01
6.222632575757575779e+01
6.165381083562901665e+01
6.239795918367347127e+01
6.182161824429865504e+01
6.149523809523809348e+01
6.234101382488479004e+01
6.169490979381443196e+01
6.182748724489795933e+01
6.242807384186694719e+01
6.179719387755102389e+01
6.198619528619528296e+01
6.292974417716686020e+01
6.176533333333333076e+01
6.218503401360544558e+01
6.217497556207233345e+01
6.229758620689655402e+01
6.223441309648206499e+01
6.246190476190476204e+01
6.243468013468013567e+01
6.217516129032257766e+01
6.270899830220712801e+01
6.224483870967741694e+01
6.168915963761324406e+01
6.183735312306740894e+01
6.184379881287097902e+01
6.258415841584158557e+01
6.308645161290322534e+01
6.247003865979381487e+01
