7.904123711340206171e+01
7.869942010309277691e+01
7.921779336734694255e+01
7.969388440860214473e+01
7.902577319587628324e+01
7.937239583333332860e+01
7.859543892533582721e+01
7.886383928571429180e+01
7.840290661719232901e+01
7.954140339208512955e+01
7.868353639487659734e+01
7.859793814432990189e+01
7.901385309278350633e+01
7.816161309884778063e+01
7.813341419041843494e+01
7.832776747062460743e+01
7.868783602150537604e+01
7.881314432989690033e+01
7.813280776228016578e+01
7.792587034813925584e+01
7.904768041237113607e+01
7.960181451612903913e+01
7.866079158936301496e+01
7.859616573902287939e+01
7.830771633864416970e+01
7.754927113702623842e+01
7.832158317872602993e+01
7.818371212121212466e+01
7.845854591836734926e+01
7.848390151515151558e+01
7.797656982193065289e+01
7.803027343750000000e+01
7.829272102467979266e+01
7.866406250000000000e+01
7.845360824742267880e+01
7.848154306617891507e+01
7.931054687500000000e+01
7.950068728522336414e+01
7.849065721649483862e+01
7.869942010309277691e+01
7.838820876288659178e+01
7.782736455463728475e+01
7.753931572629051061e+01
7.822274289284598581e+01
7.852367424242424931e+01
7.827998737373737015e+01
7.786416009702850261e+01
7.852571614583332860e+01
7.873883928571429180e+01
7.771848739495798952e+01
7.809214594928880615e+01
7.813903061224489477e+01
7.833239612621055414e+01
7.862181122448978954e+01
7.833489534520462882e+01
7.786614645858342953e+01
7.780927835051546992e+01
7.787725090036013853e+01
7.876018246985988469e+01
7.735112189205578659e+01
7.806849747474747403e+01
7.763681885125184579e+01
7.806872852233676952e+01
7.808322704081632537e+01
7.803498906591690343e+01
7.812275819418677258e+01
7.737659187386294946e+01
7.795207173778602794e+01
7.752456033959975912e+01
7.706480117820323983e+01
7.861489857000331938e+01
7.874570446735394569e+01
7.698844111215245789e+01
7.719354838709676869e+01
7.707006578947368780e+01
7.820296391752577847e+01
7.858554292929292728e+01
7.879349226804123418e+01
7.916868622448978954e+01
7.941802460924509433e+01
7.955798969072165505e+01
7.981653225806451246e+01
7.983669354838710319e+01
7.900133022946458539e+01
7.918912760416667140e+01
7.921970663265305745e+01
7.837251300887665195e+01
