6.028255208333333570e+01
6.073140916808149115e+01
5.998762886597938149e+01
5.915276476101218606e+01
5.935760309278350633e+01
5.850548719654140228e+01
5.855618686868687206e+01
5.873550257731958624e+01
5.920670572916666430e+01
5.889876302083333570e+01
5.901159793814432675e+01
5.919236111111111143e+01
5.891140463917525949e+01
5.859762574195563900e+01
5.835277061855670411e+01
5.809624060150375868e+01
5.907965766951942044e+01
5.880239898989898961e+01
5.906480263157894939e+01
6.146940104166666430e+01
6.037053571428571530e+01
5.975894481503942046e+01
5.951063144329896915e+01
5.975915404040404155e+01
5.920888157894736992e+01
5.941388888888889142e+01
5.895345204623555446e+01
6.097377873563218742e+01
5.921882274692384129e+01
5.913834635416666430e+01
5.907426075268817556e+01
5.920729166666666998e+01
5.875714285714285978e+01
5.845985629490784419e+01
5.900515463917525949e+01
6.056465517241379359e+01
5.909059343434343248e+01
5.912437645493847782e+01
5.863265306122448806e+01
5.916354166666666714e+01
5.907194010416666430e+01
5.878144329896907294e+01
5.885227272727272663e+01
5.897558593750000000e+01
5.943333333333333002e+01
6.138341346153845990e+01
5.904556035916195356e+01
5.950840053763440807e+01
5.922613900897904671e+01
5.929099462365591222e+01
5.996442831215971125e+01
5.915072875933167751e+01
5.925573661456601116e+01
5.872261597938144462e+01
5.897253787878787534e+01
5.872132731958762975e+01
5.921821305841924499e+01
5.972569444444444287e+01
5.901343330209309812e+01
5.973034793814432675e+01
5.940414673046252148e+01
5.902029639175258069e+01
5.843560606060606233e+01
5.963208762886598180e+01
5.858887425938117133e+01
5.980141129032258362e+01
5.951215277777777857e+01
5.892929292929292728e+01
5.951074218750000000e+01
5.921549717326238493e+01
6.021907552083333570e+01
5.961840277777777430e+01
6.002508591065291910e+01
6.044673539518900185e+01
6.159059343434343248e+01
6.178350515463917247e+01
6.002621502209131421e+01
6.054123711340206171e+01
6.029737903225806406e+01
6.054406385101430033e+01
5.992894736842104919e+01
6.007256944444444713e+01
6.009342783505154983e+01
6.039146505376344010e+01
5.992968750000000000e+01
6.022233072916666430e+01
6.015528350515464240e+01
6.009020618556701265e+01
5.998356958762886393e+01
5.978352864583333570e+01
6.005040322580644840e+01
6.014400773195876582e+01
6.040689655172413808e+01
5.943653350515464240e+01
6.015734035549703407e+01
5.994619845360824684e+01
6.021052631578947256e+01
5.963551712670435734e+01
5.967532894736842053e+01
5.915154569892472836e+01
5.964146505376344010e+01
5.909509408602150415e+01
5.921799628942486038e+01
5.916048109965635859e+01
5.932590621882274462e+01
5.937467447916666430e+01
5.938277352843365264e+01
5.945173383317712990e+01
6.010138248847925979e+01
6.174097938144329589e+01
6.079166666666666430e+01
6.035112189205579369e+01
6.169186827956989561e+01
6.098832070707070585e+01
6.148254073827735056e+01
6.103225806451612812e+01
6.116434634974532969e+01
6.195644283121597340e+01
6.104686035613870843e+01
6.091329656862745168e+01
6.106400742115027924e+01
6.167815721649484573e+01
6.109027113237639384e+01
6.125189393939393767e+01
6.099687597625742086e+01
6.010379008746355822e+01
6.158268229166666430e+01
6.144220430107527164e+01
6.093190789473684532e+01
6.018560606060606233e+01
6.107096774193548328e+01
6.135314091680815096e+01
6.089583333333333570e+01
6.049734457981880809e+01
6.149605263157894797e+01
6.126009114583333570e+01
6.011565721649484573e+01
6.003265306122448663e+01
6.015399484536082753e+01
6.060221354166666430e+01
6.116840277777777857e+01
6.038867187500000000e+01
6.048896434634974639e+01
6.062695312500000000e+01
5.949151978716328415e+01
5.996607914865314370e+01
6.106673177083333570e+01
6.127385752688172005e+01
6.078652482269503565e+01
5.974172794117647101e+01
5.913964386129334372e+01
5.994856770833333570e+01
5.893845663265306456e+01
5.898278061224489477e+01
5.875708762886598180e+01
5.943449637919683681e+01
5.900237691001697726e+01
5.902933673469387799e+01
5.889304123711340111e+01
5.851612903225806406e+01
5.905057989690721598e+01
5.851822916666666430e+01
6.007449285001662531e+01
6.076476101218369053e+01
5.941204896907216693e+01
5.890751262626262275e+01
5.860763888888888573e+01
5.804810049019607732e+01
5.858299731182795966e+01
5.904423012969737528e+01
5.957291666666666430e+01
5.987792968750000000e+01
6.004522780179581076e+01
6.006115591397849585e+01
6.073857526881720759e+01
6.091137521222410811e+01
6.085449218750000000e+01
6.028190104166666430e+01
6.079166666666666430e+01
6.113228070175438944e+01
5.988753514526710120e+01
6.051008064516128826e+01
5.993533270852858408e+01
6.090826612903225623e+01
6.035406698564593597e+01
6.072164948453607991e+01
5.993310696095076651e+01
6.177701080432172631e+01
6.194634974533106941e+01
6.058230794812104847e+01
6.042796052631578618e+01
6.035855263157894512e+01
6.016162634408602372e+01
6.066108247422680222e+01
6.015723684210526301e+01
6.054785156250000000e+01
6.080445626870635323e+01
6.012631578947368638e+01
6.056250000000000000e+01
6.019043062200957195e+01
6.093447580645161565e+01
6.085181451612903203e+01
6.098079427083333570e+01
6.004407894736841911e+01
6.044142455482661802e+01
6.063036616161615910e+01
6.096582031250000000e+01
6.071778350515464240e+01
6.073743556701030855e+01
6.062500000000000000e+01
6.077799479166666430e+01
6.047293814432989478e+01
6.073404947916666430e+01
6.028611111111111143e+01
6.079115397406052779e+01
6.049567099567099859e+01
6.134284016636957659e+01
6.036394876601062265e+01
6.046954076850983739e+01
6.133397129186602825e+01
6.029331559694047371e+01
6.075974462365591222e+01
6.043958333333333144e+01
5.986458333333333570e+01
5.992607526881720759e+01
5.972663784502826445e+01
6.009983022071307346e+01
5.993581642833388656e+01
5.971068548387096797e+01
5.995262096774193594e+01
5.875162760416666430e+01
5.979201388888888857e+01
5.870481099656357316e+01
5.918164062500000000e+01
5.866166822867853625e+01
5.830894579314932002e+01
5.811001275510204067e+01
6.054668209876543017e+01
6.107439104674127606e+01
6.069609929078013977e+01
6.010899830220713369e+01
5.957638238050608948e+01
6.010276022613901148e+01
6.052452956989247213e+01
5.932699742268041376e+01
6.009830729166666430e+01
5.910123697916666430e+01
6.031955645161290391e+01
6.177457044673539599e+01
6.057378174330816734e+01
6.038596491228069851e+01
6.008149405772496010e+01
5.993244949494949481e+01
6.025837320574162703e+01
6.008013582342954351e+01
6.039941406250000000e+01
6.031022135416666430e+01
6.097796052631579045e+01
5.963118489583333570e+01
5.915755208333333570e+01
5.892235824742267880e+01
5.932125041569670998e+01
5.906154326772883678e+01
5.955611559139784816e+01
5.935282258064516014e+01
5.913944892473118387e+01
5.857070707070707272e+01
5.873552631578947114e+01
5.927538200339558472e+01
5.854928229665071626e+01
6.053898195876288924e+01
5.953841037578982309e+01
5.933150773195876582e+01
6.000260416666666430e+01
5.923177083333333570e+01
5.960855263157894512e+01
5.923151881720430367e+01
5.949025537634408778e+01
5.960814940577249388e+01
5.918913412563667009e+01
5.885083762886598180e+01
5.981710526315789167e+01
5.986776315789473557e+01
5.990197368421052460e+01
5.948229665071770000e+01
5.970089285714285410e+01
6.049831989247311981e+01
6.035069444444444287e+01
6.034765625000000000e+01
6.021348684210526159e+01
6.034286664449617632e+01
5.997569444444444287e+01
6.076479076479076724e+01
6.032382953181272711e+01
5.988276877761413886e+01
5.997319587628865634e+01
6.014093137254901933e+01
6.057828282828283051e+01
5.996993127147766245e+01
6.123992502343017463e+01
6.106957328385900041e+01
6.146513157894737134e+01
6.248911764705882632e+01
6.092082992082992376e+01
6.136631016042780828e+01
6.156462585034013557e+01
6.087484993997598792e+01
6.337912087912087600e+01
6.406236263736263936e+01
6.391776677667766648e+01
6.247937293729373209e+01
6.226531231049120407e+01
6.154732895970009565e+01
6.238874773139745855e+01
6.175224476222147985e+01
6.136567616737416841e+01
6.128962628865979667e+01
6.061836734693877560e+01
6.145747422680412342e+01
6.033601804123711076e+01
6.021744791666666430e+01
5.989646464646464352e+01
5.973516414141413833e+01
6.015526315789473699e+01
5.908537371134020333e+01
5.928157552083333570e+01
5.999218750000000000e+01
5.945425257731958624e+01
6.095135309278350633e+01
6.018844696969696884e+01
5.939127604166666430e+01
6.038776188892583718e+01
5.995770202020202078e+01
5.993880208333333570e+01
5.993001302083333570e+01
6.010032894736841769e+01
5.982714843750000000e+01
5.951243279569892763e+01
5.896072974644403075e+01
5.892302631578947114e+01
5.947783094098883794e+01
6.039300218681661647e+01
6.063444010416666430e+01
5.939835858585858830e+01
5.947208931419457656e+01
5.963820876288659889e+01
5.999456706281833362e+01
5.957998004655803470e+01
5.931568877551020336e+01
5.969628906250000000e+01
5.990961021505376038e+01
6.028262213976499595e+01
6.057015931372549034e+01
5.958313325330131960e+01
6.077368421052631930e+01
6.058264050548719837e+01
6.060230263157895081e+01
5.975827205882352899e+01
6.024242424242424221e+01
6.025710715401437056e+01
6.075551782682512680e+01
6.010162228344046298e+01
6.043621134020618513e+01
6.119321074964638996e+01
6.090388735843281154e+01
6.064778645833333570e+01
5.978027343750000000e+01
5.962177835051546282e+01
5.958749999999999858e+01
5.974896331738437283e+01
5.921645021645021956e+01
5.988980263157894512e+01
6.097229381443298735e+01
6.015713839425179543e+01
6.005487196541403705e+01
5.975230263157894939e+01
5.897316919191919027e+01
5.906216807247734835e+01
5.941532258064516014e+01
5.922263450834879706e+01
5.929606958762886393e+01
5.984692283661355816e+01
5.961811997526283591e+01
5.983669354838709609e+01
6.011907894736842195e+01
6.147767857142856940e+01
6.193196614583333570e+01
6.061523437500000000e+01
6.013173843700159438e+01
6.029368622448979664e+01
6.010534793814432675e+01
5.955607622617932151e+01
6.051920572916666430e+01
5.986632302405498507e+01
5.973324742268041376e+01
6.005500848896434718e+01
6.014778645833333570e+01
6.004498594189315952e+01
6.028832723644828917e+01
5.977285223367697853e+01
5.983630115588878340e+01
5.990151515151514872e+01
5.935095856524427660e+01
6.026637845028267293e+01
5.992158700406123018e+01
6.005559210526315894e+01
5.955629984051036985e+01
6.054301075268817556e+01
6.001804123711340111e+01
6.027864583333333570e+01
6.038151041666666430e+01
5.968038277511961809e+01
6.015228070175438546e+01
6.035326460481099531e+01
6.049965277777777573e+01
5.927051767676767469e+01
5.912044270833333570e+01
6.180325255102040671e+01
6.116900968447360043e+01
5.999189675870348282e+01
6.072464250083139348e+01
6.018522135416666430e+01
6.048862478777589047e+01
6.046985645933014553e+01
6.035095856524427660e+01
6.011047979797979934e+01
6.032975260416666430e+01
5.979585326953748137e+01
6.027578947368421325e+01
5.945344387755102389e+01
6.077881944444444429e+01
6.051111111111111285e+01
6.020277777777777573e+01
5.956660353535353636e+01
6.007063802083333570e+01
6.006029040404040131e+01
6.016129032258064768e+01
6.056301962088460300e+01
6.015964912280701782e+01
6.039144736842105488e+01
6.004707903780068534e+01
5.990087365591397628e+01
5.984693877551020336e+01
5.941343750000000057e+01
6.012730263157894939e+01
5.973743556701030855e+01
5.997799744897959329e+01
5.976514175257732120e+01
6.037898284313725839e+01
6.235080645161290391e+01
6.002875695732838324e+01
6.087760416666666430e+01
6.009664948453607991e+01
6.047289540816326792e+01
6.006841611996251373e+01
6.048958333333333570e+01
6.007997500781005584e+01
6.075488281250000000e+01
6.034005376344086358e+01
5.990006510416666430e+01
6.014457070707070585e+01
5.937174044875682455e+01
6.032975260416666430e+01
6.002963917525773496e+01
5.999596774193548043e+01
5.995710009976721011e+01
5.999431818181817988e+01
6.057222222222222285e+01
6.006185567010309256e+01
6.057728494623655990e+01
6.033364898989898961e+01
5.977241161616161946e+01
5.973743872549019329e+01
6.041138659320477444e+01
6.075289948453607991e+01
6.057794439237738260e+01
6.075130208333333570e+01
5.971428571428571530e+01
6.053125000000000000e+01
6.023163659793814162e+01
6.001683501683501731e+01
6.014832058530096504e+01
6.013756443298969145e+01
5.994556451612903203e+01
6.039787371134020333e+01
5.935744297719087825e+01
6.036513157894736992e+01
6.043894736842105431e+01
6.049446614583333570e+01
5.996366723259762210e+01
5.986602870813397459e+01
5.943611371446422709e+01
6.005404561074664116e+01
