0.000000000000000000e+00
0.000000000000000000e+00
7.653115264797507677e+01
7.591239606953892860e+01
7.527915614321794635e+01
0.000000000000000000e+00
0.000000000000000000e+00
0.000000000000000000e+00
0.000000000000000000e+00
0.000000000000000000e+00
7.475520833333332860e+01
0.000000000000000000e+00
0.000000000000000000e+00
0.000000000000000000e+00
0.000000000000000000e+00
7.658166444147752827e+01
0.000000000000000000e+00
0.000000000000000000e+00
0.000000000000000000e+00
0.000000000000000000e+00
0.000000000000000000e+00
7.895184905660377694e+01
0.000000000000000000e+00
0.000000000000000000e+00
0.000000000000000000e+00
0.000000000000000000e+00
0.000000000000000000e+00
0.000000000000000000e+00
0.000000000000000000e+00
0.000000000000000000e+00
0.000000000000000000e+00
0.000000000000000000e+00
0.000000000000000000e+00
0.000000000000000000e+00
0.000000000000000000e+00
0.000000000000000000e+00
0.000000000000000000e+00
0.000000000000000000e+00
0.000000000000000000e+00
0.000000000000000000e+00
0.000000000000000000e+00
0.000000000000000000e+00
0.000000000000000000e+00
0.000000000000000000e+00
0.000000000000000000e+00
0.000000000000000000e+00
0.000000000000000000e+00
0.000000000000000000e+00
0.000000000000000000e+00
0.000000000000000000e+00
0.000000000000000000e+00
0.000000000000000000e+00
0.000000000000000000e+00
0.000000000000000000e+00
0.000000000000000000e+00
0.000000000000000000e+00
0.000000000000000000e+00
0.000000000000000000e+00
0.000000000000000000e+00
0.000000000000000000e+00
0.000000000000000000e+00
0.000000000000000000e+00
0.000000000000000000e+00
0.000000000000000000e+00
0.000000000000000000e+00
0.000000000000000000e+00
0.000000000000000000e+00
0.000000000000000000e+00
0.000000000000000000e+00
9.436350476190476400e+01
9.455593711843711446e+01
9.403990715783169207e+01
9.496666666666666856e+01
9.412391434561246228e+01
9.386674285714285304e+01
5.903748231966054050e+01
5.847196098920236551e+01
5.880285714285714249e+01
5.815413793103448370e+01
5.818290043290043201e+01
0.000000000000000000e+00
0.000000000000000000e+00
5.785893416927899580e+01
5.794264069264069406e+01
5.817018950437317670e+01
0.000000000000000000e+00
0.000000000000000000e+00
0.000000000000000000e+00
0.000000000000000000e+00
0.000000000000000000e+00
0.000000000000000000e+00
0.000000000000000000e+00
0.000000000000000000e+00
0.000000000000000000e+00
5.997676282051281760e+01
0.000000000000000000e+00
0.000000000000000000e+00
0.000000000000000000e+00
0.000000000000000000e+00
0.000000000000000000e+00
0.000000000000000000e+00
0.000000000000000000e+00
0.000000000000000000e+00
0.000000000000000000e+00
0.000000000000000000e+00
0.000000000000000000e+00
0.000000000000000000e+00
0.000000000000000000e+00
0.000000000000000000e+00
0.000000000000000000e+00
0.000000000000000000e+00
0.000000000000000000e+00
0.000000000000000000e+00
0.000000000000000000e+00
0.000000000000000000e+00
0.000000000000000000e+00
0.000000000000000000e+00
0.000000000000000000e+00
0.000000000000000000e+00
0.000000000000000000e+00
0.000000000000000000e+00
0.000000000000000000e+00
0.000000000000000000e+00
0.000000000000000000e+00
0.000000000000000000e+00
0.000000000000000000e+00
0.000000000000000000e+00
0.000000000000000000e+00
0.000000000000000000e+00
0.000000000000000000e+00
0.000000000000000000e+00
0.000000000000000000e+00
0.000000000000000000e+00
0.000000000000000000e+00
0.000000000000000000e+00
0.000000000000000000e+00
0.000000000000000000e+00
0.000000000000000000e+00
0.000000000000000000e+00
0.000000000000000000e+00
0.000000000000000000e+00
0.000000000000000000e+00
0.000000000000000000e+00
0.000000000000000000e+00
5.788629737609329595e+01
0.000000000000000000e+00
0.000000000000000000e+00
0.000000000000000000e+00
0.000000000000000000e+00
0.000000000000000000e+00
0.000000000000000000e+00
0.000000000000000000e+00
0.000000000000000000e+00
0.000000000000000000e+00
0.000000000000000000e+00
0.000000000000000000e+00
0.000000000000000000e+00
0.000000000000000000e+00
5.711368421052631561e+01
0.000000000000000000e+00
0.000000000000000000e+00
5.620798611111111143e+01
0.000000000000000000e+00
5.794957360029662397e+01
0.000000000000000000e+00
0.000000000000000000e+00
0.000000000000000000e+00
0.000000000000000000e+00
0.000000000000000000e+00
0.000000000000000000e+00
0.000000000000000000e+00
0.000000000000000000e+00
0.000000000000000000e+00
0.000000000000000000e+00
0.000000000000000000e+00
0.000000000000000000e+00
0.000000000000000000e+00
0.000000000000000000e+00
0.000000000000000000e+00
0.000000000000000000e+00
0.000000000000000000e+00
0.000000000000000000e+00
0.000000000000000000e+00
0.000000000000000000e+00
0.000000000000000000e+00
0.000000000000000000e+00
0.000000000000000000e+00
0.000000000000000000e+00
0.000000000000000000e+00
0.000000000000000000e+00
0.000000000000000000e+00
0.000000000000000000e+00
0.000000000000000000e+00
0.000000000000000000e+00
0.000000000000000000e+00
0.000000000000000000e+00
0.000000000000000000e+00
0.000000000000000000e+00
0.000000000000000000e+00
0.000000000000000000e+00
0.000000000000000000e+00
0.000000000000000000e+00
0.000000000000000000e+00
0.000000000000000000e+00
0.000000000000000000e+00
0.000000000000000000e+00
5.439305555555555571e+01
5.433545454545454589e+01
5.352252252252252163e+01
5.302877925363694089e+01
0.000000000000000000e+00
0.000000000000000000e+00
0.000000000000000000e+00
0.000000000000000000e+00
0.000000000000000000e+00
0.000000000000000000e+00
0.000000000000000000e+00
0.000000000000000000e+00
0.000000000000000000e+00
0.000000000000000000e+00
0.000000000000000000e+00
0.000000000000000000e+00
0.000000000000000000e+00
0.000000000000000000e+00
0.000000000000000000e+00
0.000000000000000000e+00
0.000000000000000000e+00
0.000000000000000000e+00
0.000000000000000000e+00
0.000000000000000000e+00
5.649428571428571644e+01
5.603421309872922507e+01
5.830580645161290221e+01
6.009564393939393767e+01
6.337829912023460111e+01
6.585784658691062532e+01
6.703795531068257674e+01
6.917077020202020776e+01
7.179081632653061718e+01
7.341375905200790442e+01
7.362210051546391298e+01
7.585748299319728005e+01
7.966531664212077146e+01
7.986727150537635112e+01
8.174604810996564197e+01
8.339795918367346417e+01
8.355836381775856125e+01
8.528275181040157804e+01
8.590748299319727721e+01
8.694612570668439844e+01
8.700272108843537922e+01
8.744081632653060865e+01
8.711768707482993079e+01
8.661128826530612912e+01
8.636734693877551194e+01
8.661286882332029791e+01
8.599059561128527207e+01
8.508401360544218051e+01
8.465488215488215928e+01
8.457037037037036953e+01
8.493210095982936991e+01
8.403163265306122298e+01
8.385918367346938851e+01
8.340673400673401261e+01
8.393299319727891827e+01
8.327794069729553428e+01
8.384107744107744509e+01
8.393914200199535003e+01
8.402517006802720800e+01
8.392378826530612912e+01
8.471340206185567467e+01
8.518591065292096687e+01
8.473761223811106902e+01
8.465114732291320365e+01
8.483219289670903152e+01
8.593103448275861922e+01
8.519897959183673208e+01
8.519149659863946056e+01
8.485134685733288507e+01
8.468531928900593186e+01
8.605567010309277975e+01
8.546412113232389629e+01
8.581564625850340633e+01
8.506218434343433898e+01
8.555306122448979522e+01
8.544363152643830972e+01
8.477024358130348958e+01
8.398051948051947591e+01
8.528999341672152923e+01
8.444716494845360444e+01
8.489461279461279730e+01
8.392857142857143060e+01
8.465117845117845263e+01
8.460658463584968558e+01
8.477163969035889579e+01
8.407077024358130757e+01
8.519445431923213619e+01
8.437312925170067501e+01
8.536686811233558103e+01
8.482336769759450590e+01
8.477560137457044220e+01
8.426397306397306863e+01
8.449506254114548653e+01
8.479115397406052068e+01
8.537042303590472159e+01
8.496973961998592983e+01
8.465442176870747915e+01
8.702408702408702368e+01
8.521016617790810699e+01
8.545034013605442169e+01
8.731043956043956200e+01
8.662461538461538169e+01
8.454121863799282721e+01
8.476991441737985156e+01
8.491145490454246669e+01
8.592749140893471349e+01
8.522687074829931930e+01
8.521394557823128935e+01
8.524006734006734121e+01
8.628231292517007489e+01
8.602950586562388935e+01
8.766817838246409167e+01
8.731836887392442748e+01
8.591539281905438941e+01
8.627585034013605991e+01
8.560833333333333428e+01
8.765345765345765017e+01
8.644523809523809632e+01
8.649591836734694539e+01
8.640170068027211414e+01
8.613468013468013851e+01
8.555134957208690594e+01
8.692460317460317754e+01
8.654810996563574577e+01
8.595714285714285552e+01
8.537171717171716523e+01
8.559414088215930860e+01
8.518024609245094325e+01
8.557603686635944484e+01
8.548090849242923639e+01
8.574326571333554625e+01
8.569637512470900731e+01
8.546510862409479614e+01
8.570247933884297709e+01
8.518686868686869218e+01
8.644081052257376996e+01
8.565374149659864145e+01
8.546181698485845857e+01
8.499967416096448858e+01
8.461326530612244312e+01
8.711188811188810632e+01
8.548435374149660504e+01
8.543811718235681951e+01
8.566363636363635692e+01
8.556530612244897327e+01
8.534673539518900043e+01
8.579416992534660835e+01
8.479394338380512863e+01
8.515826612903225623e+01
8.609759450171821982e+01
8.568914956011730055e+01
8.514267676767676107e+01
8.472763480392157476e+01
8.521490414347557873e+01
8.622009408602150415e+01
8.514339268978444863e+01
8.517161410018552203e+01
8.500123685837971266e+01
8.571237244897959329e+01
8.526963512677798462e+01
8.541193181818181301e+01
8.501867156412610882e+01
8.436909620991254144e+01
8.444266191325014859e+01
8.516963448922211910e+01
8.591277156023700456e+01
8.503060912151821071e+01
8.462605042016807033e+01
8.497813183380193891e+01
8.543427835051546992e+01
8.507055412371134651e+01
8.473252937538651963e+01
8.568202319587628324e+01
8.533552014995314039e+01
8.553287760416667140e+01
8.582982225148123234e+01
8.565045103092784018e+01
8.568782216494845727e+01
8.530343750000000114e+01
8.572356215213358155e+01
8.599012508229098728e+01
8.503511404561824349e+01
8.597992100065832233e+01
8.517616737416615535e+01
8.604639175257732120e+01
8.527280912364946630e+01
8.618814432989690033e+01
8.633247422680412342e+01
8.565972222222222854e+01
8.569163129169193382e+01
8.561497326203208047e+01
8.608403361344538496e+01
8.575318374772589891e+01
8.586567616737416131e+01
8.545378151260504751e+01
8.650708762886597469e+01
8.701792114695339819e+01
8.550883838383838054e+01
8.638956576069978155e+01
8.653539540816326792e+01
8.634279336734694255e+01
8.711881510416667140e+01
8.629397063417681579e+01
8.749278350515463387e+01
8.641398195876288924e+01
8.693914200199535003e+01
8.599234068627451677e+01
8.604623555139019686e+01
8.670599489795918657e+01
8.684774193548386734e+01
8.757373271889400712e+01
8.520918367346938282e+01
8.713002993016294795e+01
8.635395408163265074e+01
8.663226010101010388e+01
8.592970946579194447e+01
8.674391046741277478e+01
8.648501275510204778e+01
8.707570876288659178e+01
8.597036082474227214e+01
8.703589021815622573e+01
8.766288659793814020e+01
8.690560567010309967e+01
8.629574742268040666e+01
8.589363017934446987e+01
8.653093112244897611e+01
8.756418010752688019e+01
8.656544829740705893e+01
8.726903890921184370e+01
8.683143939393939092e+01
8.641268353639487998e+01
8.595248724489795222e+01
8.671141581632653583e+01
8.686415816326530148e+01
8.668416119962512312e+01
8.619292091836734926e+01
8.730154639175258069e+01
8.618192844147968401e+01
8.592283661355826041e+01
8.681303489137590645e+01
8.633869949494949481e+01
8.591658520690778289e+01
8.619223484848484418e+01
8.595950255102040671e+01
8.664511784511785208e+01
8.532354838709677836e+01
8.438314680710993798e+01
8.400394996708361361e+01
8.775477582846004054e+01
8.376243279569892763e+01
8.660075187969924571e+01
8.774619883040935520e+01
8.664248511904762040e+01
8.514004629629629051e+01
8.061663837011884937e+01
7.954545454545454675e+01
7.990461325008671167e+01
7.959137769447048072e+01
7.908216182442986053e+01
7.868492268041237025e+01
7.783536394876601605e+01
7.840509337860781613e+01
7.837836021505376038e+01
7.783165322580644840e+01
7.828063096111519314e+01
7.984688812523863533e+01
7.946052631578947967e+01
7.932445987654321584e+01
7.894624447717231419e+01
7.840320733104238116e+01
7.903356481481480955e+01
7.815587797619048160e+01
7.849546485260771078e+01
7.869803476946334797e+01
7.796421052631579585e+01
7.792292020373514561e+01
7.773404947916667140e+01
7.735470360824741931e+01
7.779394531250000000e+01
7.792597623089983472e+01
7.717292983039574494e+01
7.869533527696792419e+01
7.866553287981859910e+01
7.908948194662480091e+01
7.826254295532646665e+01
7.808904569892473546e+01
7.739551767676768179e+01
7.834139784946236773e+01
7.733322704081632537e+01
7.856644736842105203e+01
7.918245967741935942e+01
7.788854489164086203e+01
7.811773989898989612e+01
7.855050505050505194e+01
7.820833333333332860e+01
7.810049474335188791e+01
7.861054421768707812e+01
7.886994906621391976e+01
7.848222514812376005e+01
