7.026804123711340822e+01
7.042676767676768179e+01
6.891243811881187753e+01
7.009957776213933300e+01
6.843781512605042394e+01
6.888143382352940591e+01
6.874917491749174303e+01
6.855685568556855003e+01
6.918872549019607732e+01
6.924242424242424931e+01
6.953187042842215249e+01
6.862687427912341320e+01
6.948870967741935090e+01
6.875558823529411256e+01
7.120370370370370949e+01
6.913903225806451758e+01
6.865906250000000455e+01
6.862281249999999488e+01
7.024455782312925578e+01
6.824315666860803731e+01
6.870957095709570694e+01
6.870612903225806178e+01
6.863513927150290783e+01
6.851483585858585457e+01
6.859251237623762165e+01
6.878057142857143447e+01
6.858112373737374412e+01
6.897262952101661426e+01
6.861633663366336577e+01
6.947205365697860202e+01
6.842777287437480993e+01
7.079419625811378580e+01
6.830456075910620939e+01
6.873216031280547611e+01
6.888226010101010388e+01
6.883312499999999545e+01
6.873614937251301171e+01
6.868129032258065081e+01
6.859375000000000000e+01
6.868560606060606233e+01
6.863698206555349657e+01
7.066698232323231821e+01
7.140601503759398838e+01
7.128156250000000682e+01
7.122969924812029774e+01
6.943630952380952692e+01
6.934957208689927199e+01
6.937108843537414771e+01
6.939236339697168887e+01
6.872481895984199696e+01
6.921922317314022166e+01
6.854577020202020776e+01
6.881411689556051670e+01
6.914867424242424931e+01
6.820968750000000114e+01
6.838781249999999545e+01
6.828062500000000057e+01
6.824967741935483900e+01
6.870064516129032484e+01
6.902313457152166620e+01
6.889236665602044241e+01
6.896593749999999545e+01
6.925914315569488622e+01
6.901281249999999545e+01
6.951562500000000000e+01
6.873200757575757791e+01
6.786313337216074615e+01
6.944225806451612470e+01
6.853032258064516213e+01
6.902838709677419615e+01
6.843612903225806576e+01
6.819771039603961071e+01
6.836527514231498515e+01
6.865633982753114140e+01
6.918436326391260138e+01
6.891548387096774775e+01
6.834469696969696884e+01
6.862821766047572680e+01
6.858187499999999659e+01
6.968212739641310804e+01
7.049587628865978672e+01
7.016868279569892763e+01
6.999276315789474268e+01
7.009727891156462931e+01
6.821507352941176805e+01
6.943238840013033553e+01
7.075583090379008411e+01
6.919965986394558399e+01
6.943988269794721191e+01
6.820296717171717660e+01
7.111197916666667140e+01
6.917724137931034534e+01
7.074330357142856940e+01
6.850505050505050519e+01
6.800694444444444287e+01
6.865968750000000398e+01
7.106542426645519583e+01
6.957407407407407618e+01
7.002592592592593235e+01
7.100070372976776412e+01
7.124852724594992992e+01
6.912978316326530148e+01
6.947881087919039089e+01
6.851121212121212523e+01
6.857727272727272805e+01
6.678775510204081911e+01
6.919637345679012697e+01
6.864907216494844988e+01
6.896634615384616041e+01
6.884989690721648969e+01
6.958905263157895149e+01
6.912583333333333258e+01
6.877166857579229031e+01
6.877243589743589780e+01
0.000000000000000000e+00
0.000000000000000000e+00
6.907219827586206407e+01
6.884812030075187295e+01
6.834119782214156658e+01
6.860108892921959978e+01
6.852901785714286120e+01
6.819403508771929978e+01
6.806357758620688969e+01
6.874439102564102200e+01
6.878617793050783291e+01
6.744791666666667140e+01
6.740211640211640542e+01
6.749030172413793593e+01
6.770913107511046292e+01
6.808209240168002907e+01
6.804088162104514481e+01
6.870054945054944540e+01
6.856341107871719487e+01
6.915425735013363351e+01
6.838510959939530665e+01
6.741370136348520248e+01
6.822675736961451776e+01
6.704879725085910991e+01
6.865873015873016527e+01
6.821114929362352086e+01
6.764103498542273485e+01
6.827854938271605079e+01
6.852492559523810201e+01
6.843870192307691980e+01
6.899783549783549574e+01
6.882693602693602486e+01
6.846323024054983364e+01
6.873167044595615494e+01
6.811607142857143060e+01
6.727728403839317650e+01
6.763900862068965125e+01
6.760201149425287781e+01
6.662439862542954927e+01
6.766568483063328188e+01
6.739366170294005087e+01
6.744940476190475920e+01
6.739268121041520487e+01
6.763182471264367734e+01
6.830559646539028051e+01
6.803054600992744838e+01
6.823253150057273331e+01
6.800699558173785420e+01
6.798821796759941094e+01
6.781681034482758719e+01
6.860457516339869244e+01
6.821792392005157524e+01
6.720857511283043095e+01
6.831042382588773876e+01
6.823343151693667608e+01
6.894396551724138078e+01
6.698673469387755119e+01
6.799558173784977555e+01
6.778004535147391607e+01
6.712833274084607638e+01
6.732749140893470496e+01
6.830169753086420315e+01
6.818078055964653572e+01
6.834259259259259522e+01
6.814158950617283494e+01
6.897878787878788387e+01
6.862792877225867016e+01
6.726407337128399888e+01
6.768191414496833147e+01
6.806332842415316975e+01
6.883505154639175316e+01
6.822974963181148667e+01
6.854753722794960424e+01
6.769897959183673208e+01
6.831510416666667140e+01
6.815470679012345556e+01
6.828025964108438473e+01
6.881001472754050496e+01
6.857482993197278631e+01
6.842966472303207581e+01
6.679797979797979224e+01
6.769072164948453008e+01
6.776441837732160423e+01
6.777335858585858830e+01
6.762894248608535008e+01
6.831240237425804196e+01
6.777944392377382599e+01
6.813005050505050519e+01
6.703244390539721564e+01
6.726314162028447186e+01
6.875095785440612417e+01
6.800934278350516138e+01
6.859251700680272279e+01
6.699454214675560593e+01
6.764917213370821969e+01
6.799969362745098067e+01
6.736703431372548323e+01
6.827598684210526869e+01
6.788194444444444287e+01
6.807060293658231842e+01
6.754651860744297664e+01
6.993303030303030710e+01
6.909031491384432400e+01
6.961887886597938291e+01
6.893176020408162685e+01
6.853617810760667339e+01
6.820416284052647882e+01
6.789357186173438663e+01
6.910180412371134651e+01
6.818243661100804331e+01
6.794344023323614579e+01
6.749969362745098067e+01
6.847585034013604854e+01
6.852332361516035064e+01
6.724024767801857649e+01
6.735961188599151228e+01
6.695425257731959334e+01
6.772222222222222854e+01
6.752706185567009811e+01
6.928522336769759704e+01
6.856600000000000250e+01
6.838146167557931676e+01
6.929455782312925294e+01
6.742506377551021046e+01
6.760373711340206171e+01
6.651394784718010555e+01
6.866727405247813465e+01
6.702350030921459734e+01
6.703092783505154273e+01
6.624711027803810737e+01
6.679591836734694255e+01
6.823593073593073655e+01
6.825623582766439768e+01
6.889653902798232821e+01
6.581985294117646390e+01
6.761796536796536827e+01
6.641636182241437325e+01
6.640560567010309967e+01
6.621961886910339956e+01
6.719583333333333997e+01
6.710809948979591866e+01
6.644791666666667140e+01
6.604224924012157771e+01
6.519424019607842524e+01
6.645438596491227656e+01
6.633098118279569633e+01
6.529047907822922525e+01
6.635920698924731198e+01
6.578873697916667140e+01
6.530882352941176805e+01
6.693116062520785192e+01
6.667891031527395285e+01
6.684175084175083725e+01
6.704329004329004249e+01
6.863313802083332860e+01
6.778424242424242152e+01
6.767515151515151217e+01
6.801637355973316801e+01
6.736125965537729599e+01
6.805462184873950093e+01
6.766191325014854385e+01
6.851051329622758601e+01
6.858722843976299544e+01
6.804419191919191690e+01
6.798000000000000398e+01
6.846843434343433898e+01
6.729771428571429226e+01
6.770678271308523222e+01
6.695316804407713107e+01
6.798775510204082195e+01
6.829659863945578024e+01
6.678850359262730763e+01
6.733739302172482155e+01
6.671821305841923788e+01
6.765833333333333144e+01
6.776255404057199883e+01
6.681880662293033879e+01
6.767513020833332860e+01
6.714276788503592286e+01
6.869571428571428839e+01
6.804098124098123890e+01
6.831725417439703563e+01
6.819665404040404155e+01
6.815066026410563893e+01
6.841531249999999886e+01
6.778901560624250067e+01
6.794499999999999318e+01
6.827087198515769728e+01
6.823964131106988873e+01
6.881168831168831446e+01
6.808424242424241868e+01
6.824116161616161946e+01
6.826843750000000455e+01
6.813529231711049761e+01
6.820687499999999659e+01
6.779777365491651153e+01
6.831769305962853878e+01
6.848533333333332962e+01
6.830647058823529960e+01
6.662216216216215514e+01
6.746496212121212466e+01
6.755857544517338908e+01
6.775162760416667140e+01
6.762373737373737015e+01
6.810937500000000000e+01
6.809206989247311981e+01
6.828315789473684561e+01
6.789368556701030855e+01
6.836340206185566615e+01
6.761502782931354716e+01
6.872222222222222854e+01
6.882777777777778283e+01
6.755763823805061463e+01
6.777738402061855538e+01
6.801655732583567726e+01
6.823337722185648602e+01
6.732333333333333769e+01
6.865234375000000000e+01
6.733364254792826387e+01
6.755035200489746217e+01
6.773214285714286120e+01
6.836837121212121815e+01
6.863305412371134651e+01
6.885522959183673208e+01
6.827104591836734926e+01
6.826020408163265074e+01
6.841836734693877986e+01
6.847544642857143060e+01
6.876084183673469852e+01
6.791311069882497975e+01
6.795928986838077890e+01
6.767466986794717343e+01
6.828841145833332860e+01
6.720586340206185127e+01
6.773925781250000000e+01
6.644736019993752052e+01
6.683569587628865349e+01
6.723327674023768452e+01
6.648242187500000000e+01
6.695060483870967971e+01
6.609647495361781466e+01
6.684858247422680222e+01
6.669638480392157476e+01
6.705444587628865349e+01
6.608038277511961667e+01
6.659922680412371676e+01
6.591445707070707272e+01
6.686762360446570597e+01
6.627835051546391298e+01
6.710708347189890333e+01
6.586537295330502673e+01
6.687655502392344431e+01
6.607218045112782079e+01
6.592146755609459774e+01
6.587143723468768997e+01
6.673274739583332860e+01
6.585238095238095468e+01
6.744334975369457652e+01
6.628952205882353610e+01
6.636800999687598335e+01
6.637174044875682455e+01
6.672583762886597469e+01
6.646780303030303116e+01
6.604019138755981544e+01
6.654955808080808310e+01
6.810946196660482599e+01
6.869834183673469852e+01
6.795238095238094900e+01
6.862850765306122014e+01
6.737759952465835056e+01
6.771717171717172334e+01
6.812610958065504008e+01
6.825077303648731686e+01
6.827896613190731046e+01
6.847950089126560158e+01
6.756942857142857406e+01
6.859289868380777477e+01
6.717955182072829245e+01
6.771114285714286041e+01
6.785323529411765264e+01
6.739114285714285302e+01
6.713578500707212982e+01
6.690413943355119386e+01
6.640801958983777808e+01
6.701199494949494806e+01
6.616395534290271030e+01
6.582138480392157476e+01
6.627136681077486458e+01
6.754406130268199604e+01
6.504594992636229733e+01
6.581658692185007453e+01
6.634173387096774377e+01
6.639650537634408067e+01
6.867565424266454954e+01
6.810935198821796632e+01
6.751406926406926345e+01
6.534864104967198273e+01
6.718006872852234324e+01
6.676551724137931387e+01
6.691840277777777146e+01
6.674761555392517209e+01
6.741163793103447688e+01
6.589253358325522925e+01
6.657280927835051898e+01
6.648366013071895964e+01
6.666481137909708821e+01
6.713711734693877986e+01
6.694474153297682051e+01
6.683303624480095095e+01
6.736332714904143870e+01
6.705372148859544268e+01
6.746585051546391298e+01
6.697860962566845444e+01
6.659999999999999432e+01
6.767602040816326792e+01
6.735930867192237770e+01
6.750896722325293808e+01
6.743908472479901661e+01
6.812863327149041481e+01
6.736521464646465063e+01
6.771043771043771642e+01
6.780006248047484974e+01
6.815275200989486848e+01
6.708617424242424931e+01
6.703345959595959869e+01
6.628502122498484539e+01
6.610827020202020776e+01
6.612599681020734010e+01
6.856119791666667140e+01
6.735841836734694255e+01
6.669205187894911546e+01
6.558884172225590703e+01
6.760495626822157078e+01
6.606622930334270904e+01
6.784062850729517891e+01
6.524829931972789154e+01
6.801738473167044674e+01
6.585629490784130269e+01
6.625315656565656752e+01
6.828851851851851507e+01
6.719426546391753163e+01
6.653586889301175233e+01
6.716048237476809391e+01
6.718338019368947300e+01
6.704436113714464796e+01
6.704700061842919467e+01
6.801771428571429112e+01
6.739610389610389518e+01
6.665510777881911508e+01
6.640797448165869810e+01
6.603842549203373835e+01
6.558035172832019555e+01
6.622414860681114135e+01
6.589508793208004533e+01
6.565800865800865438e+01
6.577829313543598744e+01
6.774476726023117124e+01
6.724242424242424931e+01
6.763481756338899231e+01
6.810855063674954124e+01
6.716334776334775825e+01
6.769041843541540970e+01
6.707421150278292998e+01
6.743877551020408134e+01
6.688154269972451971e+01
6.691651205936919666e+01
6.661773989898989612e+01
6.632476277930823017e+01
6.674757888159949459e+01
6.698860677083332860e+01
6.655154639175258069e+01
6.681868489583332860e+01
6.627998737373737015e+01
6.626437847866419872e+01
6.641043814432990189e+01
6.664413265306122014e+01
6.770235294117647129e+01
6.698268398268398016e+01
6.606497969384567170e+01
6.675260416666667140e+01
6.633207070707071296e+01
6.721365166819711590e+01
6.783395176252318493e+01
6.740968508615567600e+01
6.814069264069263454e+01
6.694295900178252623e+01
6.767717996289424320e+01
6.657159833630421986e+01
6.689468750000000341e+01
6.776345083487940713e+01
6.766233766233766289e+01
6.668542857142857372e+01
6.777104377104376454e+01
6.757614138438880502e+01
6.742840166369578014e+01
6.775543311906947963e+01
6.682416666666667027e+01
6.795041322314050092e+01
6.714811379097093891e+01
6.611348781937017804e+01
6.653638568829593680e+01
6.631691919191919737e+01
6.651095360824741931e+01
6.637210051546391298e+01
6.624558080808080263e+01
