5.959217171717171624e+01
5.991834130781499113e+01
6.007687400318979343e+01
5.941819852941176805e+01
6.013701363485201057e+01
5.924166161309884870e+01
6.026761968085106247e+01
5.949013157894736992e+01
5.953890931372549034e+01
6.000916808149406023e+01
6.014680989583333570e+01
6.035891341256366616e+01
6.021863799283153895e+01
5.985390749601275928e+01
5.993533270852858408e+01
6.031216397849462396e+01
6.019065656565656752e+01
6.003155263980006140e+01
6.020549242424242209e+01
6.037304687500000000e+01
6.076790364583333570e+01
6.065423387096774377e+01
6.200180072028811651e+01
6.058187940006121863e+01
6.022786690433749612e+01
6.064207474226804351e+01
6.107401315789473983e+01
5.991237113402061709e+01
6.009769736842105203e+01
6.103870967741935516e+01
6.072240691489361808e+01
6.031944444444444287e+01
6.116023936170212494e+01
6.065657552083333570e+01
6.044015957446808329e+01
6.032700822264389728e+01
6.053585526315789167e+01
6.092885638297872219e+01
6.023925781250000000e+01
6.092122395833333570e+01
5.969920255183413360e+01
6.025358072916666430e+01
6.080208333333333570e+01
6.030786589297227351e+01
6.067513848159009626e+01
6.053882575757575779e+01
6.119022281343531944e+01
6.052802835051546282e+01
6.024433811802232697e+01
6.041315789473684106e+01
6.028717105263157805e+01
6.119185059422750328e+01
5.973556618819776531e+01
6.080385638297872219e+01
6.071578947368421098e+01
6.091513157894736707e+01
6.087001329787234027e+01
6.074668930390492250e+01
6.058947368421052460e+01
6.070950255102040671e+01
6.036490885416666430e+01
6.081315789473683964e+01
6.086288659793814304e+01
6.030275537634408778e+01
6.053710937500000000e+01
6.054292929292929415e+01
6.018098471986417763e+01
6.069714095744680549e+01
6.020070876288659889e+01
6.059151103565365304e+01
6.013782894736841911e+01
6.012401315789473699e+01
6.034258373205741321e+01
6.018717105263157663e+01
5.984561403508772059e+01
6.067081339712918719e+01
6.027293882978723616e+01
6.069638157894736707e+01
6.021585051546392009e+01
6.058631578947368723e+01
6.106417295813314894e+01
6.049100169779286773e+01
6.041940789473684248e+01
6.015526315789473699e+01
5.976569821930646498e+01
6.036555989583333570e+01
6.246327319587629034e+01
6.090721649484535760e+01
6.127640067911714539e+01
6.046464646464646364e+01
6.065793010752688019e+01
5.992965433596118885e+01
6.025197368421052602e+01
6.056348684210526301e+01
6.008396464646464352e+01
6.001609907120742804e+01
6.047753906250000000e+01
6.091850594227503990e+01
6.062757731958762975e+01
6.097474747474747403e+01
6.101480263157894512e+01
6.068554687500000000e+01
6.097254632807138108e+01
6.042434210526315752e+01
6.067375886524822448e+01
6.034960127591706680e+01
6.079693845673227059e+01
6.046717171717171624e+01
6.089868421052631930e+01
6.070982413583990223e+01
6.152063492063491879e+01
6.125599747474747403e+01
6.046300788356579403e+01
6.125338491295938326e+01
6.148223684210526585e+01
6.094314276788503548e+01
6.101531100478469227e+01
6.109184629803186795e+01
6.066537717601547541e+01
6.020154798761610238e+01
6.142203947368420813e+01
6.152049731182795966e+01
6.120033955857385166e+01
6.106288693385467781e+01
6.122015297638842668e+01
6.022732843137254832e+01
6.099576822916666430e+01
6.101921757035003679e+01
6.086188197767145169e+01
6.084629803186503949e+01
6.019476010101010388e+01
6.047559808612439980e+01
6.112121212121212466e+01
6.061795665634674890e+01
5.994705882352941018e+01
6.085039872408293604e+01
6.082927631578947114e+01
6.052167182662538636e+01
6.044953560371516943e+01
6.024902343750000000e+01
6.103262411347517968e+01
6.092002688172043179e+01
6.092610677083333570e+01
6.050097656250000000e+01
6.050806451612903203e+01
6.078149920255183503e+01
6.061703431372549034e+01
6.313474462365591222e+01
6.176007497656982537e+01
6.053668890236507139e+01
6.118196614583333570e+01
6.096369949494949481e+01
6.009040247678018432e+01
6.066411706019288630e+01
6.049671977507028942e+01
6.080452806122448806e+01
6.035006313131312794e+01
6.061020733652312487e+01
5.980624620982413830e+01
6.085357368753953011e+01
6.051643041237113607e+01
6.081037175882536872e+01
6.057607655502392419e+01
6.052941176470588402e+01
6.068087121212121104e+01
6.057670454545454675e+01
6.085192127460168621e+01
6.064646464646464352e+01
5.991607142857142776e+01
6.045089285714285410e+01
6.068911082474226504e+01
6.080693533270852669e+01
6.054517889630078997e+01
6.055912674348089553e+01
6.041776710684273866e+01
6.062704669496664422e+01
6.086879100281161925e+01
6.087853851217906254e+01
6.064304123711340111e+01
6.133459595959595845e+01
6.061733746130030909e+01
6.117410714285714590e+01
6.081974383005310614e+01
6.096289062500000000e+01
6.120592105263158089e+01
6.051740812379109968e+01
6.079631365198375192e+01
6.074130781499202669e+01
6.072383630115589170e+01
6.043941326530612201e+01
6.062918814432989478e+01
6.124035087719298076e+01
6.086868686868687206e+01
6.050225515463917247e+01
6.049065721649484573e+01
6.059310567010309256e+01
6.028645833333333570e+01
6.175570228091236658e+01
6.112871870397643903e+01
6.189915110356536587e+01
6.034432560903149323e+01
6.145120274914089009e+01
6.087152777777777857e+01
6.160237691001697868e+01
6.077190721649484573e+01
6.119122048553375492e+01
6.084439432989690744e+01
6.087846889952152907e+01
6.090159325210871799e+01
6.109477884935151337e+01
6.128382731958762975e+01
6.047659063625449960e+01
6.058118556701030855e+01
6.098703026272031735e+01
6.017025036818851191e+01
5.976334776334776677e+01
6.092850016627868115e+01
6.117708333333333570e+01
6.055411255411255667e+01
6.328787878787878896e+01
6.169300291545189197e+01
6.087230320699708130e+01
6.072689075630252376e+01
6.055899234693877276e+01
6.115151515151514872e+01
6.115146683673469141e+01
6.026794258373205793e+01
6.047672602311777723e+01
6.057891414141413833e+01
6.042857142857143060e+01
6.098679123711340111e+01
6.069440789473684106e+01
6.087035301468291237e+01
6.083756510416666430e+01
6.061946614583333570e+01
6.011188599151000744e+01
6.016635101010101039e+01
6.074227150537634401e+01
6.077832031250000000e+01
6.076714513556618869e+01
6.103414948453607991e+01
6.057039473684210407e+01
6.112074829931972886e+01
6.074459783913565758e+01
6.059134199134199150e+01
6.093420254699817917e+01
6.038350515463917390e+01
6.040528350515464240e+01
6.044619845360824684e+01
6.085026041666666430e+01
6.095410156250000000e+01
6.339351851851851904e+01
6.416256157635467616e+01
6.155102040816326792e+01
6.469935483870968085e+01
6.247617647058823565e+01
6.081570810142238770e+01
6.181354166666666572e+01
6.037269603248984851e+01
6.074194577352471924e+01
6.023177083333333570e+01
5.903091521273339737e+01
5.919962511715088738e+01
5.912714776632302716e+01
6.071616219303255235e+01
6.034741352923170865e+01
6.008163265306122724e+01
5.978367003367003463e+01
6.020801767676767469e+01
6.015160703456640334e+01
6.010416666666666430e+01
6.009126743480897659e+01
5.978497790868924966e+01
5.953177842565597899e+01
5.993541540327471040e+01
6.047058823529411598e+01
6.069394329896907436e+01
6.081343531759228682e+01
6.043623737373737725e+01
5.971222385861560866e+01
6.008278662917837920e+01
5.978134110787171807e+01
6.025302419354838435e+01
6.025536616161615910e+01
6.036208031599736756e+01
6.183049242424242209e+01
6.007913887204366432e+01
6.010753676470588402e+01
6.102897135416666430e+01
6.070638020833333570e+01
6.115389784946236773e+01
6.159062500000000284e+01
6.085999334885267587e+01
6.085481770833333570e+01
6.020717377860235331e+01
6.115625000000000000e+01
6.085295055821371335e+01
6.078693181818182012e+01
6.095930989583333570e+01
6.081029040404040131e+01
6.118931247963506337e+01
6.074337121212121104e+01
6.082845052083333570e+01
6.112763157894736565e+01
6.093397129186602967e+01
6.086641929499072035e+01
6.127376302083333570e+01
6.120295698924731198e+01
6.047247990105132942e+01
6.127759308510638192e+01
6.149186197916666430e+01
6.098404947916666430e+01
6.120540364583333570e+01
6.069072164948453718e+01
6.081911902530459457e+01
6.162727864583333570e+01
6.067761479591836604e+01
6.132421875000000000e+01
6.152499999999999858e+01
6.101957070707070585e+01
6.076507341455795341e+01
6.068995098039215463e+01
6.176209677419355160e+01
6.130459231490159056e+01
6.106701030927835205e+01
6.104703282828283051e+01
6.177219820419022511e+01
6.163966836734693544e+01
6.149984379881286856e+01
6.126483585858586167e+01
6.183541803818301474e+01
6.110265924551638506e+01
6.143294270833333570e+01
6.106539948453607991e+01
6.172076612903225623e+01
6.161765704584041003e+01
6.087432216905901328e+01
6.091727941176470296e+01
6.119002525252525260e+01
6.047604608853851005e+01
6.070048019207683154e+01
6.096469853170884079e+01
6.141736957200874514e+01
6.148862478777589047e+01
6.076855468750000000e+01
6.109894867037723998e+01
6.097847180109157250e+01
6.078377525252525260e+01
6.157291666666666430e+01
6.131447368421052602e+01
6.146673387096774377e+01
6.079553429027113509e+01
6.120520833333333144e+01
6.108099489795918657e+01
6.069570707070707272e+01
6.065372474747474740e+01
6.054179566563467318e+01
6.048897058823529704e+01
6.129276315789473983e+01
6.132070707070707272e+01
6.130098684210526017e+01
6.105820433436532824e+01
6.048439375750299973e+01
6.132070707070707272e+01
6.109090909090909349e+01
6.144696969696969546e+01
6.118945312500000000e+01
6.127767470624613821e+01
6.319177631578947540e+01
6.216308593750000000e+01
6.143256578947368496e+01
6.110840362386753810e+01
6.096657294595438970e+01
6.062410714285714164e+01
6.026991421568627771e+01
6.021467556094602713e+01
6.033254786450662976e+01
6.136480263157894655e+01
6.058671922377198626e+01
5.984418262150220613e+01
6.116308593750000000e+01
6.107747395833333570e+01
6.124707031250000000e+01
6.101339712918660041e+01
6.154703947368420813e+01
6.205006720430107237e+01
6.082986111111111427e+01
6.059138755980860935e+01
5.983035714285714590e+01
6.047301394784717843e+01
6.036176194939081796e+01
6.160026041666666430e+01
6.088329161451814997e+01
6.164944178628389437e+01
6.100156201187129312e+01
6.188881578947368212e+01
6.167643229166666430e+01
6.167942583732057216e+01
6.194726562500000000e+01
6.159276315789473699e+01
6.095944272445820644e+01
6.173110047846889614e+01
6.136332070707070585e+01
6.084303405572755707e+01
6.049240121580547225e+01
5.953211805555555713e+01
6.066566626650660510e+01
6.100820707070707272e+01
6.146614583333333570e+01
6.215006510416666430e+01
6.098042929292929415e+01
6.062585034013605423e+01
6.133669354838709609e+01
6.018114874815906035e+01
6.185267708679747045e+01
6.069981807155851783e+01
6.108809746954077013e+01
6.121993127147766245e+01
6.124053030303030454e+01
6.055541237113401820e+01
6.065729459543892688e+01
6.036662371134020333e+01
6.091229838709677580e+01
5.990526315789473699e+01
6.023327020202020066e+01
6.010557275541795974e+01
6.059733072916666430e+01
6.063668261562998651e+01
6.253504744413834970e+01
6.220123839009288247e+01
6.070892857142857224e+01
6.084702361157299322e+01
6.008749999999999858e+01
6.056810207336523177e+01
6.082031250000000000e+01
6.079725085910652638e+01
6.059585652442795123e+01
6.071875000000000000e+01
6.071842447916666430e+01
6.050000000000000000e+01
6.065010934083098704e+01
6.075324243431992244e+01
6.048324742268041376e+01
6.109635416666666430e+01
6.128459856294907837e+01
6.107971938775510523e+01
6.224381510416666430e+01
6.071547049441786470e+01
6.052516676773802118e+01
6.070986460348162694e+01
6.039552696078431637e+01
6.028829656862745168e+01
6.096471774193548043e+01
6.029040247678018716e+01
6.051140268666041777e+01
6.036994949494949481e+01
6.014778645833333570e+01
6.062041467304625542e+01
6.024121093750000000e+01
6.046524775523777606e+01
5.981568259918775254e+01
6.035583638177585897e+01
6.004317010309278402e+01
6.069704023944130711e+01
5.993587239583333570e+01
5.970877192982456449e+01
6.007434210526315610e+01
5.990972222222222143e+01
5.957607323232323182e+01
6.022037760416666430e+01
6.142820324005891308e+01
6.044776632302405517e+01
5.920930959075288769e+01
5.930646672914713946e+01
5.946860356138707004e+01
6.069657258064516014e+01
5.955342902711323916e+01
5.951483585858586167e+01
5.974902343750000000e+01
5.995707070707070585e+01
5.941280148423005869e+01
6.236242816091954211e+01
6.104133064516128826e+01
6.033858998144712160e+01
6.087828400399068585e+01
6.062039473684210833e+01
6.065568760611205334e+01
6.010546875000000000e+01
5.984203525108080868e+01
6.065876288659794113e+01
6.085230263157895081e+01
6.019368947203998488e+01
6.306418010752688019e+01
6.243652343750000000e+01
6.048284313725490335e+01
6.040018744142455631e+01
6.011643420254699777e+01
6.019840510366826436e+01
5.929147141518275532e+01
5.842798232695140115e+01
5.856320783593510981e+01
5.860012755102040671e+01
5.866359447004608541e+01
5.798622311827956821e+01
5.860123697916666430e+01
5.819666048237476730e+01
5.907263157894736594e+01
5.778377525252525260e+01
5.816849226804123418e+01
5.854768041237113607e+01
5.846329272102467911e+01
5.859611586570112252e+01
5.873286290322580783e+01
5.753848396501457785e+01
5.824355670103092564e+01
6.010526315789473983e+01
5.883661355826304629e+01
5.846713917525773496e+01
5.837053571428571530e+01
6.023863636363636687e+01
6.286318681318681456e+01
6.254914529914530164e+01
6.284345731870484286e+01
6.273657142857143043e+01
6.268684582743988898e+01
6.107258064516128826e+01
5.992346141830677908e+01
5.931664540816326792e+01
5.893197278911564752e+01
5.809179687500000000e+01
5.866791627616370164e+01
5.785126777983921187e+01
5.829507193143556520e+01
6.008122461730709318e+01
