4.834024691358024484e+01
4.763010446343779591e+01
4.737530864197530889e+01
4.810018993352326788e+01
4.796341463414633921e+01
4.708098765432098531e+01
4.768855534709193478e+01
4.825023741690408485e+01
4.813481481481481694e+01
4.789399624765478336e+01
4.759401709401709724e+01
4.802392120075047188e+01
4.759358024691358224e+01
4.709300000000000352e+01
4.677679012345679155e+01
4.830495689655172242e+01
4.760549999999999926e+01
4.794829268292682656e+01
4.855653382761816772e+01
4.950469043151969828e+01
4.897497683039851779e+01
4.864150047483380490e+01
4.821272554605887706e+01
4.835881801125703561e+01
4.859005628517823538e+01
4.918860055607043336e+01
4.998946886446886140e+01
4.890431519699812668e+01
4.888651471984805141e+01
5.025328330206379235e+01
4.998438197233377878e+01
5.030968317715305460e+01
4.988180112570356783e+01
4.944840525328330472e+01
4.947651309846431644e+01
4.967655236329935065e+01
5.047883597883598128e+01
4.941282746160794659e+01
5.036468952734013271e+01
5.027896200185357145e+01
5.098973672467648299e+01
4.841975308641975317e+01
4.844634377967711458e+01
4.880938271604938450e+01
4.939962476547842130e+01
4.888390243902438925e+01
4.998328816621499726e+01
5.004878048780487632e+01
4.949145299145298793e+01
4.983523266856600031e+01
4.968993352326685908e+01
5.021906052393857323e+01
4.898827392120075075e+01
5.022357723577236044e+01
4.943339587242026312e+01
4.999277326106594188e+01
5.027398482820169789e+01
4.986913696060037182e+01
5.009734093067426386e+01
5.043292682926828974e+01
5.032551594746716717e+01
5.079313459801264941e+01
5.048057813911472635e+01
5.017378917378917436e+01
4.983173076923076650e+01
4.917403846153845848e+01
5.025106382978723474e+01
4.930469135802469083e+01
4.929059829059828957e+01
4.998639774859287144e+01
5.036257035647279423e+01
5.022420262664164881e+01
4.992026266416510083e+01
5.035975609756097526e+01
5.034598012646792853e+01
5.076219512195122263e+01
4.931196581196581263e+01
5.028142589118198913e+01
0.000000000000000000e+00
0.000000000000000000e+00
0.000000000000000000e+00
0.000000000000000000e+00
0.000000000000000000e+00
0.000000000000000000e+00
0.000000000000000000e+00
0.000000000000000000e+00
0.000000000000000000e+00
0.000000000000000000e+00
0.000000000000000000e+00
0.000000000000000000e+00
0.000000000000000000e+00
0.000000000000000000e+00
0.000000000000000000e+00
0.000000000000000000e+00
0.000000000000000000e+00
0.000000000000000000e+00
0.000000000000000000e+00
0.000000000000000000e+00
0.000000000000000000e+00
0.000000000000000000e+00
0.000000000000000000e+00
0.000000000000000000e+00
0.000000000000000000e+00
0.000000000000000000e+00
0.000000000000000000e+00
0.000000000000000000e+00
0.000000000000000000e+00
0.000000000000000000e+00
0.000000000000000000e+00
0.000000000000000000e+00
0.000000000000000000e+00
0.000000000000000000e+00
0.000000000000000000e+00
0.000000000000000000e+00
0.000000000000000000e+00
0.000000000000000000e+00
0.000000000000000000e+00
0.000000000000000000e+00
0.000000000000000000e+00
0.000000000000000000e+00
0.000000000000000000e+00
0.000000000000000000e+00
0.000000000000000000e+00
0.000000000000000000e+00
0.000000000000000000e+00
0.000000000000000000e+00
0.000000000000000000e+00
0.000000000000000000e+00
0.000000000000000000e+00
0.000000000000000000e+00
0.000000000000000000e+00
0.000000000000000000e+00
0.000000000000000000e+00
0.000000000000000000e+00
0.000000000000000000e+00
0.000000000000000000e+00
0.000000000000000000e+00
0.000000000000000000e+00
0.000000000000000000e+00
0.000000000000000000e+00
0.000000000000000000e+00
0.000000000000000000e+00
0.000000000000000000e+00
0.000000000000000000e+00
0.000000000000000000e+00
0.000000000000000000e+00
0.000000000000000000e+00
0.000000000000000000e+00
0.000000000000000000e+00
0.000000000000000000e+00
0.000000000000000000e+00
0.000000000000000000e+00
0.000000000000000000e+00
0.000000000000000000e+00
0.000000000000000000e+00
0.000000000000000000e+00
0.000000000000000000e+00
0.000000000000000000e+00
0.000000000000000000e+00
0.000000000000000000e+00
0.000000000000000000e+00
0.000000000000000000e+00
0.000000000000000000e+00
0.000000000000000000e+00
0.000000000000000000e+00
0.000000000000000000e+00
0.000000000000000000e+00
0.000000000000000000e+00
0.000000000000000000e+00
0.000000000000000000e+00
0.000000000000000000e+00
0.000000000000000000e+00
0.000000000000000000e+00
0.000000000000000000e+00
0.000000000000000000e+00
0.000000000000000000e+00
0.000000000000000000e+00
0.000000000000000000e+00
0.000000000000000000e+00
0.000000000000000000e+00
0.000000000000000000e+00
0.000000000000000000e+00
0.000000000000000000e+00
0.000000000000000000e+00
0.000000000000000000e+00
0.000000000000000000e+00
0.000000000000000000e+00
0.000000000000000000e+00
0.000000000000000000e+00
0.000000000000000000e+00
0.000000000000000000e+00
0.000000000000000000e+00
0.000000000000000000e+00
0.000000000000000000e+00
0.000000000000000000e+00
0.000000000000000000e+00
0.000000000000000000e+00
0.000000000000000000e+00
0.000000000000000000e+00
0.000000000000000000e+00
0.000000000000000000e+00
0.000000000000000000e+00
0.000000000000000000e+00
0.000000000000000000e+00
0.000000000000000000e+00
0.000000000000000000e+00
0.000000000000000000e+00
0.000000000000000000e+00
0.000000000000000000e+00
0.000000000000000000e+00
0.000000000000000000e+00
0.000000000000000000e+00
0.000000000000000000e+00
0.000000000000000000e+00
0.000000000000000000e+00
0.000000000000000000e+00
0.000000000000000000e+00
0.000000000000000000e+00
0.000000000000000000e+00
0.000000000000000000e+00
0.000000000000000000e+00
0.000000000000000000e+00
0.000000000000000000e+00
0.000000000000000000e+00
0.000000000000000000e+00
