6.699151103565364451e+01
6.623732718894008542e+01
6.630710994075049314e+01
6.630208333333332860e+01
6.677028347996089508e+01
6.787911371782340098e+01
6.656258503401360827e+01
6.684690656565656752e+01
6.835532646048109484e+01
6.720309278350515569e+01
6.820679117147707871e+01
6.794703947368421382e+01
6.736759020618556804e+01
6.705078125000000000e+01
6.659885204081632537e+01
6.674822695035460640e+01
6.686979166666667140e+01
6.634471649484535760e+01
6.584185606060606233e+01
6.697631578947368780e+01
6.610091145833332860e+01
6.532458606685410984e+01
6.642763157894736992e+01
6.852673969072165505e+01
6.760947151681537548e+01
6.725705645161289681e+01
6.799237749546279019e+01
6.729872311827956821e+01
6.716774193548387473e+01
6.882300194931774229e+01
6.627571614583332860e+01
6.644848484848485271e+01
6.631184210526315326e+01
6.578506716651045849e+01
6.639658505154639556e+01
6.580460858585858830e+01
6.643985215053763227e+01
6.640271646859083887e+01
6.674021962937543151e+01
6.671513157894736423e+01
