5.106906250000000114e+01
5.099187753826929281e+01
5.244748520710059125e+01
5.418429189857761230e+01
5.352493686868687206e+01
5.342087542087541863e+01
5.296085714285714374e+01
5.343375000000000341e+01
5.318540241120886236e+01
5.315754222481071878e+01
5.322159090909090651e+01
5.320770202020202078e+01
5.219281045751633741e+01
5.292410714285714590e+01
5.286117647058823366e+01
5.367171717171716949e+01
0.000000000000000000e+00
5.299914285714285711e+01
5.280259740259739942e+01
5.426500000000000057e+01
5.398979591836734926e+01
5.431558004285277264e+01
5.609151785714285410e+01
5.744993622448979664e+01
5.860566666666666436e+01
5.849188858279767089e+01
5.920470588235293974e+01
5.906966572945954397e+01
5.757820630547903562e+01
