6.702150537634408067e+01
6.640839460784313530e+01
6.704101562500000000e+01
6.658806818181818699e+01
6.662310606060606233e+01
6.645580808080808310e+01
6.651204427083332860e+01
6.593481182795699169e+01
6.740425531914893043e+01
6.658220502901353655e+01
6.568506817426005284e+01
6.691323763955342940e+01
6.680491228070175680e+01
6.678914473684210407e+01
6.671205432937181001e+01
6.616508838383838054e+01
6.713763297872340274e+01
6.635332708528585499e+01
6.682526881720430367e+01
6.633157894736842763e+01
6.710282258064516725e+01
6.646386718750000000e+01
6.655520833333333997e+01
6.604292929292928704e+01
6.733854339873627737e+01
6.685297113752122300e+01
6.648118279569892763e+01
6.730779569892473546e+01
6.945416666666666572e+01
6.886720469552457757e+01
6.813331117021276384e+01
6.808486842105263293e+01
6.834526315789473472e+01
6.938635520949202373e+01
6.921560283687942672e+01
6.887967718268525630e+01
6.818596491228069567e+01
6.802385964912281224e+01
6.831341256366722803e+01
6.887236842105262724e+01
6.802505147563486787e+01
6.792122395833332860e+01
6.878475177304964916e+01
6.846526315789473927e+01
6.830542210020590232e+01
6.866177549523111168e+01
6.843176815847395744e+01
6.844130594277329749e+01
6.840701754385965216e+01
6.800035087719298588e+01
6.799122807017543835e+01
6.800736842105263236e+01
6.836225045372050602e+01
6.875851063829787790e+01
6.894822695035460924e+01
6.836076388888888289e+01
6.772665534804754373e+01
6.795723684210526017e+01
6.762187500000000284e+01
6.829548611111111711e+01
6.800771929824561823e+01
6.826597222222221717e+01
6.751171477079796546e+01
6.784421052631579130e+01
6.788231382978723616e+01
6.696842447916667140e+01
6.709635416666667140e+01
6.643750000000000000e+01
6.697037760416667140e+01
6.694856770833332860e+01
6.693682795698924792e+01
6.673823924731182444e+01
6.676458333333333428e+01
6.657796052631579187e+01
6.711719298245614596e+01
6.640255376344086358e+01
6.599021464646465063e+01
6.637812499999999716e+01
6.573877551020407850e+01
6.678938802083332860e+01
6.675415959252971732e+01
6.659317681584740001e+01
6.832357831725973085e+01
6.748705808080808310e+01
6.838541666666667140e+01
6.856752873563218031e+01
6.860488505747126453e+01
6.793614035087719571e+01
6.840290381125227270e+01
6.823368794326241016e+01
6.716540404040404155e+01
6.749609497032177785e+01
6.751932989690722309e+01
6.865445402298850297e+01
6.719275226491721753e+01
6.713245860668540388e+01
6.784673539518900043e+01
6.811782682512733800e+01
6.815416666666666856e+01
6.706003638568829217e+01
6.829243986254294896e+01
6.784020618556701265e+01
6.876080988332189747e+01
6.775191220485534416e+01
6.838326149425287781e+01
6.810596491228069738e+01
6.786215277777777999e+01
6.720012626262625588e+01
6.713235783172596882e+01
6.728834759710335334e+01
6.691451355661881450e+01
6.731575520833332860e+01
6.772118055555554861e+01
6.732532601235415370e+01
6.753754385964911933e+01
6.746102150537635112e+01
6.806807017543859217e+01
6.778631578947369007e+01
6.699531396438612774e+01
6.702894736842105772e+01
6.742222222222221717e+01
6.660271646859082750e+01
6.684315789473684788e+01
6.739112903225806406e+01
6.737663230240549694e+01
6.682105263157895081e+01
6.756502546689303301e+01
6.757333333333333769e+01
6.692287234042552768e+01
6.777283531409167949e+01
6.748185483870967971e+01
6.703548177083332860e+01
6.714456140350877433e+01
6.745520833333333144e+01
6.779759450171820845e+01
6.777333333333332632e+01
6.704413659793814873e+01
6.760248655913979121e+01
6.781324278438030717e+01
6.761368421052631561e+01
6.739524617996605116e+01
6.780518345952242498e+01
6.828041237113401962e+01
6.835955459770114828e+01
6.707345360824741931e+01
6.790790378006872174e+01
6.765000000000000568e+01
6.824861111111111711e+01
6.758055555555554861e+01
6.704252577319587658e+01
6.645715206185566615e+01
6.690690104166667140e+01
6.718973214285713880e+01
6.730888157894736423e+01
6.719049235993209379e+01
6.775721561969439222e+01
6.696842105263158373e+01
6.739616935483870463e+01
6.765034722222222285e+01
6.659425837320574715e+01
6.679003906250000000e+01
6.707157258064516725e+01
6.722173174872665413e+01
6.821929824561404132e+01
6.625602968460111697e+01
6.721496212121212466e+01
6.747256944444444571e+01
6.734342105263158373e+01
6.739818548387096087e+01
6.722241086587436598e+01
6.745624999999999716e+01
6.737317487266552973e+01
6.695698924731182444e+01
6.764526315789473188e+01
6.763780068728522110e+01
6.721126302083332860e+01
6.718975515463917247e+01
6.701528013582343135e+01
6.740982456140351076e+01
6.776638370118845955e+01
6.708516746411483211e+01
6.666919191919191690e+01
6.746421052631579585e+01
6.689784946236558483e+01
6.777604166666667140e+01
6.735416666666667140e+01
6.743824561403508255e+01
6.730771929824561539e+01
6.787500000000000000e+01
6.729166666666667140e+01
6.733472222222222570e+01
6.653190104166667140e+01
6.694556451612903913e+01
6.701545698924731198e+01
6.707762096774193594e+01
6.794424064563463617e+01
6.804575378538511643e+01
6.875031565656566102e+01
6.768813131313130782e+01
6.785365025466893485e+01
6.748904639175258069e+01
6.795178268251272868e+01
6.747743055555555713e+01
6.700739247311827285e+01
6.677663230240550263e+01
6.694626679162762173e+01
6.806162876008804119e+01
6.788998302207130564e+01
6.692372311827956821e+01
6.770696095076401377e+01
6.747278225806451246e+01
6.716893914200198878e+01
6.762029569892473546e+01
6.699731182795699169e+01
6.707575757575757791e+01
6.832974137931034875e+01
6.802361111111110858e+01
6.762491228070174998e+01
6.689415322580644840e+01
6.717113752122240555e+01
6.737719298245613686e+01
6.752054329371816266e+01
6.766844030595277104e+01
6.679475164011246591e+01
6.739549731182795256e+01
6.710491228070175396e+01
6.741333333333332689e+01
6.622970360824741931e+01
6.722065888812628032e+01
6.752733446519525273e+01
6.824414261460101727e+01
6.838704427083332860e+01
6.830855263157894797e+01
6.870899830220713511e+01
6.915271105010295116e+01
6.937198581560284083e+01
7.056052824651503386e+01
6.894747340425531945e+01
6.790964220739842006e+01
6.911196172248803293e+01
6.864604810996563344e+01
7.033932501834189566e+01
6.989374999999999716e+01
7.004142614601018124e+01
6.929779286926995496e+01
6.974433768016471902e+01
6.957549759780370380e+01
6.948652482269503139e+01
6.985087719298245190e+01
6.947741935483871600e+01
7.013120567375887049e+01
6.839638157894736992e+01
6.870149739583332860e+01
6.880829346092504295e+01
6.967096774193548470e+01
6.921120543293717731e+01
6.906383701188454438e+01
6.928070175438595868e+01
6.851294191919191690e+01
6.969328493647913092e+01
6.905859375000000000e+01
6.961922230374175058e+01
6.947241867043847208e+01
6.910405927835051898e+01
6.930794270833332860e+01
7.000561403508771718e+01
6.926698695950582874e+01
6.985709219858155450e+01
6.884398625429552965e+01
6.961382978723403880e+01
6.939649122807017534e+01
6.952035087719298190e+01
6.894159592529710778e+01
6.926738351254479653e+01
6.896423611111110574e+01
6.922992450240219853e+01
6.973938294010889649e+01
6.884831846259437782e+01
6.854609929078014829e+01
6.887028140013727295e+01
6.777530625402965825e+01
6.758651315789474268e+01
6.703604465709729254e+01
6.912885802469135399e+01
6.794970760233918838e+01
6.708011968085106957e+01
6.640701754385965216e+01
6.693434343434343248e+01
6.669448138297872219e+01
6.694533106960950875e+01
6.632140554480980654e+01
6.631151315789473699e+01
6.639210526315790162e+01
6.583430989583332860e+01
6.662686025408348200e+01
6.639160156250000000e+01
6.666859083191850743e+01
6.691634114583332860e+01
6.682635552505148269e+01
6.655880376344086358e+01
6.632529711375212855e+01
6.845847953216373583e+01
6.621907894736841627e+01
6.671730835934789638e+01
6.592952127659575012e+01
6.640087365591398338e+01
6.842895136778115273e+01
6.848076923076922640e+01
6.675227864583332860e+01
6.695438596491227656e+01
6.663837011884550066e+01
6.670288624787775689e+01
6.647211021505376038e+01
6.685451388888888857e+01
6.692850016627868115e+01
6.729269949066214451e+01
6.682184278350516138e+01
6.695425257731959334e+01
6.753797043010752077e+01
6.716428571428571104e+01
6.722786458333332860e+01
6.736067708333332860e+01
6.837923416789395503e+01
6.765014965081476817e+01
6.869374999999999432e+01
6.863972701149425859e+01
6.839873628200864175e+01
6.827435982707017104e+01
6.824261168384879284e+01
6.762233676975945684e+01
6.775523777851680052e+01
6.947093382807668149e+01
6.882023195876288924e+01
6.862508591065292762e+01
6.902319587628865349e+01
6.830029930162953633e+01
6.795312500000000000e+01
6.812955326460480876e+01
6.857448979591836746e+01
6.822148320585300496e+01
6.828380579993482513e+01
6.887562354506152928e+01
6.799645618556701265e+01
6.913129251700679845e+01
6.952361111111110858e+01
6.880175781250000000e+01
6.873092783505154557e+01
6.896441636182241552e+01
6.873214285714286120e+01
6.973127147766322764e+01
7.009985632183908422e+01
6.945017182130584388e+01
6.906056701030928480e+01
6.903092783505154273e+01
6.956041666666666856e+01
6.946250000000000568e+01
6.950416666666666288e+01
6.965927419354838435e+01
6.894140882159315709e+01
6.787043908472479359e+01
6.817083607636602949e+01
6.842334552710342166e+01
6.730347938144329589e+01
6.707269736842104635e+01
6.645264175257732120e+01
6.747130730050933778e+01
6.668797250859105930e+01
6.636190476190476772e+01
6.580538720538720554e+01
6.644437129690585664e+01
6.645463917525772501e+01
6.568685567010309967e+01
6.576507341455794631e+01
6.542619047619047024e+01
6.581663837011885221e+01
6.771494404213298424e+01
6.648865979381443481e+01
6.627049731182795256e+01
6.655437312936481931e+01
6.653342201529764566e+01
6.724491228070175453e+01
6.684895833333332860e+01
6.696774193548387188e+01
6.729387755102041524e+01
6.815121806298276397e+01
6.832256944444444002e+01
6.695251483911278001e+01
6.672340425531915287e+01
6.578737113402061709e+01
6.621141581632653583e+01
6.695295698924731198e+01
6.672430994346524358e+01
6.721617268041237025e+01
6.755208333333332860e+01
6.726805555555554861e+01
6.718880208333332860e+01
6.739314516129032029e+01
6.745763888888889426e+01
6.679037800687285653e+01
6.664088215931533909e+01
6.615563684735616334e+01
6.645328608247422153e+01
6.693249085467243731e+01
6.726444892473118387e+01
6.753989813242785090e+01
6.662434895833332860e+01
6.668975515463917247e+01
6.686701030927835632e+01
6.684639175257731836e+01
6.674361559139785527e+01
6.732937181663837123e+01
6.707661290322580783e+01
6.725944010416667140e+01
6.730566406250000000e+01
6.721840277777778283e+01
6.733014184397163149e+01
6.702116935483870463e+01
6.696774193548387188e+01
6.718548387096774377e+01
6.874494949494949481e+01
6.765524193548387188e+01
6.709475806451612812e+01
6.671259968102073401e+01
6.773548387096774093e+01
6.675191220485534416e+01
6.732903225806451530e+01
6.736808149405771928e+01
6.734499151103565850e+01
6.796530612244897895e+01
0.000000000000000000e+00
6.722603586889300686e+01
6.751302083333332860e+01
6.746538978494623962e+01
6.785568760611205619e+01
6.661271477663230201e+01
6.597388316151202048e+01
6.599111257406188713e+01
6.581895984200131977e+01
6.613978494623655990e+01
6.644086021505376038e+01
6.653024193548387188e+01
6.919166666666666288e+01
6.763651479880279282e+01
6.792461799660441102e+01
6.731152343750000000e+01
6.953926282051281760e+01
6.778749999999999432e+01
6.751348684210526585e+01
6.809999999999999432e+01
6.767096774193548470e+01
6.763298245614035409e+01
6.798336162988115916e+01
6.821935483870967687e+01
6.758280701754385689e+01
6.706315789473684674e+01
6.730175781250000000e+01
6.721451822916667140e+01
6.644370015948963726e+01
6.687802419354838435e+01
6.677755376344086358e+01
6.655371093750000000e+01
6.602587365591398338e+01
6.473895202020202078e+01
6.568421052631579471e+01
6.757011217948718240e+01
6.629161793372320233e+01
6.738947368421052886e+01
6.685030864197530320e+01
6.739571768437747323e+01
6.546969696969696884e+01
6.772799744897959329e+01
6.728414948453608702e+01
6.722613229064842244e+01
6.733887259693710803e+01
6.718754208754208435e+01
6.772450090744101203e+01
6.716575154426904248e+01
6.634901315789473131e+01
6.664216827402727006e+01
6.651821305841924925e+01
6.752673611111110574e+01
6.646926994906621644e+01
6.692861842105263293e+01
6.853829160530192155e+01
6.707748586631193177e+01
6.705880376344086358e+01
6.683669354838710319e+01
6.692096219931271150e+01
6.668975515463917247e+01
6.652377785167941227e+01
