5.465470297029703062e+01
5.444043436601725006e+01
5.427482748274827173e+01
5.446039603960396391e+01
5.457240099009901257e+01
5.523314950980392268e+01
5.473824257425742701e+01
5.448129032258064797e+01
5.547153465346534773e+01
5.546844059405940897e+01
5.514761476147614871e+01
5.402383053839364635e+01
5.445691747572815444e+01
5.505520552055205741e+01
5.581954647077611043e+01
5.568987543915682181e+01
5.451220947337451861e+01
5.499746995572422748e+01
5.510705445544554237e+01
5.523372337233723073e+01
5.524877450980392268e+01
5.486076732673267031e+01
5.427468749999999886e+01
5.880786589297227351e+01
5.882861842105263150e+01
5.923986358469117164e+01
5.949791587722621955e+01
5.934748010610079660e+01
5.911721611721611680e+01
5.915750915750916050e+01
5.865312701482914548e+01
5.901501831501831674e+01
5.941518518518518732e+01
5.886202450032237010e+01
5.958947368421052460e+01
5.930074074074074275e+01
5.887533156498673748e+01
5.953003663003663348e+01
5.979047619047619122e+01
5.982820512820512704e+01
5.992648730579765015e+01
5.934139194139194018e+01
5.961355311355311670e+01
5.950769230769230944e+01
5.924285714285714022e+01
5.960402930402930366e+01
5.940183150183150218e+01
5.961818181818181728e+01
5.963094098883572514e+01
5.979450549450549346e+01
5.965128205128205252e+01
5.991538461538461746e+01
6.090629629629629704e+01
6.089925925925926009e+01
6.166928838951310610e+01
6.188164794007490599e+01
6.195000000000000284e+01
6.214166666666666572e+01
6.218219696969696741e+01
6.239420062695924685e+01
6.256436781609195208e+01
6.272567049808429118e+01
6.318068181818181728e+01
6.325871212121212039e+01
6.351379310344827900e+01
6.237500000000000000e+01
6.265227272727272378e+01
6.255543071161048374e+01
6.254681647940074640e+01
6.227977528089887471e+01
6.275195924764890520e+01
6.275730337078651644e+01
6.271348314606741781e+01
6.232509363295880433e+01
6.290337078651685232e+01
6.242575757575757223e+01
6.259962962962963218e+01
6.241577060931899723e+01
6.210481481481481580e+01
6.269925093632959090e+01
6.197925925925925839e+01
6.167518518518518533e+01
6.210262172284644322e+01
6.210112359550561933e+01
6.259700374531835365e+01
6.273333333333333428e+01
6.255805243445692554e+01
6.251797752808988662e+01
6.232097378277153865e+01
6.151310861423220899e+01
6.104111111111111398e+01
6.180259259259259608e+01
6.179777777777777459e+01
6.122185185185185219e+01
6.149666666666666970e+01
6.188148148148147953e+01
6.165666666666666629e+01
6.161111111111111427e+01
6.151296296296296617e+01
6.150374531835205971e+01
6.191333333333333400e+01
6.178007662835248937e+01
6.138111111111111029e+01
6.127799927509967404e+01
6.144756554307116403e+01
6.122134831460674320e+01
6.144981273408239986e+01
6.062592592592592666e+01
6.038740740740740875e+01
6.068127340823969718e+01
6.036754643206256077e+01
6.124021697016659971e+01
6.057962962962962905e+01
6.052161172161171976e+01
6.100973782771535525e+01
6.084407407407407220e+01
6.107191011235955358e+01
6.071074074074073934e+01
6.013820224719101049e+01
5.973038563829787506e+01
6.037912087912087600e+01
6.005201465201465538e+01
6.005897435897436054e+01
6.003736263736264078e+01
6.006996336996336794e+01
5.998351648351648180e+01
6.012074074074074304e+01
5.990512820512820724e+01
6.035785440613026509e+01
6.037173171655930304e+01
6.007925925925925981e+01
6.085926976249557185e+01
6.038962962962963132e+01
6.089304029304029342e+01
6.090382081686429672e+01
6.022018052869116644e+01
6.078296296296296219e+01
6.113913043478260789e+01
6.032914248871695406e+01
6.095407407407407163e+01
6.036074074074073792e+01
6.055888888888888744e+01
6.068471953578336553e+01
6.072259259259259068e+01
6.094029304029304228e+01
6.065897435897436196e+01
6.030431979368149342e+01
5.977370370370370267e+01
6.093333333333333002e+01
6.079010989010988908e+01
6.061282051282051242e+01
6.081469534050179249e+01
6.040425531914893753e+01
6.083888888888888857e+01
6.015421245421245544e+01
6.041391941391941600e+01
6.035888888888889170e+01
6.035555555555555429e+01
6.031888888888888545e+01
6.021355311355311102e+01
5.950037037037036924e+01
6.010814814814814611e+01
5.973020083364910704e+01
5.992989768851838051e+01
5.963553113553113860e+01
5.950549450549450370e+01
5.977851851851851706e+01
5.921635711958292347e+01
6.031629629629629363e+01
6.003772893772893582e+01
5.946851851851852189e+01
5.994004561746497473e+01
6.015592592592592780e+01
5.983558994197291980e+01
5.880525078369905856e+01
5.899810534293293074e+01
5.992572463768115654e+01
5.912282398452611432e+01
5.930444444444444230e+01
5.991088725300271278e+01
6.002444444444444116e+01
6.058608058608058400e+01
5.975444444444444514e+01
5.983881366860089912e+01
5.952998065764023039e+01
5.971904761904762182e+01
5.962074074074074304e+01
5.930200833649109171e+01
5.966148148148148067e+01
5.954222222222222172e+01
5.916666666666666430e+01
5.926296296296296617e+01
5.984074074074074190e+01
5.982197802197801906e+01
5.966739926739926858e+01
5.918724082934609498e+01
5.950334928229665366e+01
5.914185185185185389e+01
5.876446886446886708e+01
5.877179487179487438e+01
5.913678160919540261e+01
5.888215233042819108e+01
5.903191489361702082e+01
5.907995452823038818e+01
5.921018697614442061e+01
5.912609511889862546e+01
5.987222222222222001e+01
5.986234687298517088e+01
5.940805860805861016e+01
5.922319060250094935e+01
5.947222222222222143e+01
5.967624521072796995e+01
5.900075786282683055e+01
5.903626373626373436e+01
5.858985507246377011e+01
5.909926739926739714e+01
5.884420289855072639e+01
5.874835164835165102e+01
5.888205128205127892e+01
5.887179487179486870e+01
5.882763157894736850e+01
5.889027113237639810e+01
5.927992021276595835e+01
5.953224734042553479e+01
5.830108695652173623e+01
5.950322091701401916e+01
5.877252747252747156e+01
5.912873563218391126e+01
5.959037514209928332e+01
5.918351648351648464e+01
5.911480263157894655e+01
5.892025518341307588e+01
5.929144736842105345e+01
5.965128205128205252e+01
5.928336557059961365e+01
5.961652140962485902e+01
5.971465201465201744e+01
5.883268858800773415e+01
5.960842490842490804e+01
5.920019342359768189e+01
5.891057180851063890e+01
5.959963369963369928e+01
6.008980674497915686e+01
5.966520146520146284e+01
5.984433811802232839e+01
5.955513452065176239e+01
5.940350877192982182e+01
5.941562998405103713e+01
5.929473684210526585e+01
5.925312618416066357e+01
5.996021220159151000e+01
5.968676236044657202e+01
6.003486169003410566e+01
5.996739926739926574e+01
5.937536656891495568e+01
6.004357711254262853e+01
5.993703703703703667e+01
6.003148148148147811e+01
5.960407407407407732e+01
5.967592592592592382e+01
5.976629629629629648e+01
5.971611721611721890e+01
5.943296703296703498e+01
5.964428191489361808e+01
5.878916408668730753e+01
5.960394736842105345e+01
5.930202403542062228e+01
5.973436907919666794e+01
5.951383099658961839e+01
