7.054019789734076085e+01
7.012418300653594372e+01
7.088644015916743513e+01
7.087755102040816269e+01
7.149983372131693216e+01
7.104248672289909905e+01
7.140159167431895071e+01
7.186198869304955394e+01
7.144457142857142173e+01
7.087337239583332860e+01
7.047334465195245912e+01
7.032198581560284367e+01
6.978157552083332860e+01
6.941178385416667140e+01
7.083854166666667140e+01
7.015520833333333428e+01
6.950648486863984488e+01
6.920295698924731198e+01
7.052191091954023250e+01
6.980206318504190222e+01
7.005368421052631334e+01
6.961323924731182444e+01
6.978336162988115632e+01
7.024807017543859899e+01
6.972796052631578334e+01
7.048275862068965125e+01
6.964192708333332860e+01
6.960670535138619641e+01
6.957560137457045357e+01
6.958796142334553281e+01
6.922006578947367927e+01
6.938606770833332860e+01
6.894892473118279952e+01
6.890035087719297735e+01
6.909609507640067250e+01
6.946140350877192304e+01
6.936217105263158089e+01
6.934807017543859331e+01
6.973649122807017875e+01
7.032533013205282657e+01
7.026410564225690791e+01
6.984073550212164605e+01
7.084075907590758447e+01
6.966308345120226875e+01
6.938591800356506667e+01
6.930845481049563261e+01
6.921925133689839527e+01
6.895898437500000000e+01
6.752581032412965101e+01
6.814485677083332860e+01
6.858333333333332860e+01
6.921036376115304734e+01
6.913140916808148972e+01
7.057978723404255561e+01
7.032549019607843377e+01
7.147588126159554633e+01
7.197796143250688772e+01
7.143235294117647527e+01
7.181484848484848271e+01
7.221666666666666856e+01
7.085658263305322180e+01
7.083598304186538996e+01
7.148742857142856622e+01
7.194711824123588428e+01
7.116209335219235754e+01
7.089875000000000682e+01
6.993416721527320590e+01
7.003333333333333144e+01
6.974845226458130298e+01
7.019044845661036902e+01
7.106573157315732203e+01
7.266280451574569099e+01
7.060512339893783462e+01
7.126168531928900052e+01
7.132029977191267278e+01
7.104242424242424647e+01
7.145975887911372126e+01
7.139231019876180540e+01
7.065232974910394148e+01
7.059951956074124269e+01
7.021614035087719685e+01
7.018305209097579223e+01
6.932326388888888857e+01
6.966281833616298513e+01
6.975134408602150415e+01
6.962489391796322025e+01
7.033398437500000000e+01
7.048286290322580783e+01
7.007216494845360444e+01
7.061256720430107237e+01
7.063279530447542243e+01
7.047911714770798142e+01
6.995714285714285552e+01
6.990455603591620104e+01
7.008282971916104032e+01
7.047353951890033841e+01
7.039381720430107237e+01
6.920784835384104383e+01
7.031649122807017704e+01
6.961824561403508937e+01
6.982601235415236829e+01
6.925398936170212494e+01
6.925942275042444862e+01
7.001631205673758984e+01
6.908344414893616658e+01
6.920197368421052886e+01
6.973994252873562516e+01
6.946609042553191671e+01
6.915859649122806729e+01
6.922851562500000000e+01
6.900645161290321994e+01
6.862280701754386314e+01
6.967259528130671242e+01
6.996982456140351303e+01
7.029539473684209838e+01
7.043251329787234738e+01
7.073895202020202078e+01
7.146542553191488878e+01
7.194554283732223610e+01
7.174900265957447232e+01
7.055663329161451713e+01
7.129792663476874282e+01
7.095378989361702793e+01
