6.342100136372491903e+01
6.455760104729176874e+01
6.560836427594293241e+01
6.744588122605364333e+01
6.823282550430243987e+01
6.807146882043576852e+01
6.868854928971157392e+01
6.887414276055250184e+01
6.864207543482508811e+01
6.913582177056869682e+01
6.886439393939393483e+01
6.924765558397271548e+01
6.919061302681991776e+01
6.995791773534720903e+01
6.954166666666667140e+01
6.994262372945757988e+01
6.954875478927202437e+01
6.922889610389610482e+01
6.914981060606061192e+01
6.919839660001932202e+01
6.896772030651341368e+01
6.509558533701222416e+01
6.295045580657946971e+01
6.319874250908733870e+01
6.233039294306335165e+01
6.248365041617122273e+01
6.242060946271050170e+01
6.225396353547364470e+01
6.170777233782129656e+01
6.190994502748625905e+01
6.159235733010687852e+01
6.159608792095180263e+01
6.168319053447572742e+01
6.118281499202551998e+01
6.120437588223432357e+01
6.236096631916599620e+01
6.196228513650151370e+01
6.274288291900561632e+01
6.293945699564011420e+01
6.269362992922143718e+01
6.284111868484362162e+01
6.299630924630924511e+01
6.269966309948473793e+01
6.272544105854049690e+01
6.268734963913392022e+01
6.255082197273456046e+01
6.254966106690244487e+01
6.237219326383319640e+01
6.297213311948677017e+01
6.265942472460220358e+01
6.268147485589346246e+01
6.256746190858059009e+01
6.249217201743955741e+01
6.248716920609462733e+01
6.310455177897038226e+01
6.181324110671936722e+01
6.179342770475227553e+01
6.250741780272654324e+01
6.266963931827189782e+01
6.245729290527150113e+01
6.304805469953775088e+01
6.247715885646920242e+01
6.269181648491993286e+01
6.209969666329625682e+01
6.179390537289494745e+01
6.205733761026463213e+01
6.209889021006738119e+01
6.203418549346016420e+01
6.218695652173912691e+01
6.166117290192113387e+01
6.120187747035573267e+01
6.159145858105429738e+01
6.288004715590922444e+01
6.257701149425287213e+01
6.319216033009136169e+01
6.249524375743163063e+01
6.265236567762629960e+01
6.299341782100403009e+01
6.288918704034983165e+01
6.313066614111154706e+01
6.316338700059630185e+01
6.374936684200272907e+01
6.293023255813953654e+01
6.270439139404656714e+01
6.327153944395323748e+01
6.276589055899400904e+01
6.261518813242950898e+01
6.302534287418008319e+01
6.304944510503369060e+01
6.234754521963824203e+01
6.249359479700433440e+01
6.270891050201394989e+01
6.316306253652834357e+01
6.293450606241304257e+01
6.164337568058076045e+01
6.099496047430830004e+01
6.179939332659251505e+01
6.212810574438481126e+01
6.305509641873278071e+01
6.202715021799445339e+01
6.229521564004322443e+01
6.304214559386973349e+01
6.296247175557520137e+01
6.324140329954283146e+01
