1.116095394736842081e+02
1.108255208333333286e+02
1.124858552631579016e+02
1.111582031250000000e+02
1.119006802721088434e+02
1.114761904761904816e+02
1.123145891908778538e+02
1.115633889919604229e+02
1.090861556743909659e+02
1.099087848178757270e+02
1.104965986394557831e+02
1.108340985613712917e+02
1.126082474226804067e+02
1.130495275333985035e+02
1.111684491978609657e+02
1.118996020814202694e+02
1.112381818181818147e+02
1.118348794063079765e+02
1.113455139631610251e+02
1.123113790970933792e+02
1.118123067408781708e+02
1.124397095959595987e+02
1.116628045157456910e+02
1.108576945929887074e+02
1.117609427609427541e+02
1.119375573921028462e+02
1.107662219526986007e+02
1.125114795918367321e+02
1.122216198979591866e+02
1.126821874999999977e+02
1.113991960420531910e+02
1.137689269256089517e+02
1.103502673796791385e+02
1.122343750000000000e+02
1.121840049984379846e+02
1.139747256401729345e+02
1.137508229098090879e+02
1.124693813131313078e+02
1.128084973445798198e+02
1.127619493908153743e+02
1.120519480519480453e+02
1.111248499399759879e+02
1.125545280612244881e+02
1.105101010101010104e+02
1.119990433673469425e+02
1.096639928698752158e+02
1.110037105751391522e+02
1.119364713627386436e+02
1.114013605442176811e+02
1.111946740128558275e+02
1.119027423469387799e+02
1.127770618556700981e+02
1.124693943298969003e+02
1.126024484536082468e+02
1.129996843434343390e+02
1.122586984536082468e+02
1.113240568954854695e+02
1.122675382653061291e+02
1.128804768041237168e+02
1.117095194367921636e+02
1.122836134453781511e+02
1.126036352040816269e+02
1.102893157262905106e+02
1.112971188475390107e+02
1.126907216494845301e+02
1.127416432364885992e+02
1.133357780612244881e+02
1.111824303642485461e+02
1.121991792929292870e+02
1.100970845481049594e+02
1.125164141414141454e+02
1.117441424554826597e+02
1.134368005266622816e+02
1.122923171104989279e+02
1.114813762626262559e+02
1.111461764705882302e+02
1.117040097949188890e+02
1.112837465564738295e+02
1.120031887755102105e+02
1.113685338230792752e+02
1.112509003601440583e+02
1.113358070500927681e+02
1.112448484848484895e+02
1.117105429292929273e+02
1.118857323232323182e+02
1.096891428571428548e+02
1.103980986333927490e+02
1.085286111111111040e+02
1.112088532382650072e+02
1.098439999999999941e+02
1.098312537136066567e+02
1.098465073529411740e+02
1.093164062500000000e+02
1.087359693877551052e+02
1.078296227581941906e+02
1.119512975471027403e+02
1.080095663265306172e+02
1.073996212121212182e+02
1.080144832126398882e+02
1.087216494845360870e+02
1.071449742268041234e+02
1.086405103668261631e+02
1.107290980908492486e+02
1.108073807380738032e+02
1.096988441112152515e+02
1.086333762886597896e+02
1.082454427083333286e+02
1.069360744297719066e+02
1.083541666666666714e+02
1.072044005102040813e+02
1.086927083333333286e+02
1.083232421875000000e+02
1.087513440860215042e+02
1.080251288659793829e+02
1.079632731958762832e+02
1.077149621212121247e+02
1.082582236842105203e+02
1.078268494897959187e+02
1.088094758064516157e+02
1.083019620884602574e+02
1.070666035353535364e+02
1.093713037634408636e+02
1.076720984369803773e+02
1.087618889258397132e+02
1.107769503546099230e+02
1.088385416666666714e+02
1.115991263440860166e+02
1.110270833333333371e+02
1.103639175257731893e+02
1.088416821273964104e+02
1.111770833333333286e+02
1.106291454081632679e+02
1.094042486722899099e+02
1.095635738831615100e+02
1.103458596607914899e+02
1.116875000000000000e+02
1.117120295698924792e+02
1.116136054421768762e+02
1.103448922211808849e+02
1.094226641414141454e+02
1.112659793814433016e+02
1.123106960950763948e+02
1.107268880208333286e+02
1.104439237738206856e+02
1.090771683673469425e+02
1.103930412371134082e+02
1.102796391752577279e+02
1.103785076530612201e+02
1.087316555488174714e+02
1.116673177083333286e+02
1.107460937500000000e+02
1.100364046391752595e+02
1.094265463917525807e+02
1.111735395189003412e+02
1.102239925023430231e+02
1.090544842363024145e+02
1.119733954107083491e+02
1.112134020618556747e+02
1.093605123398937877e+02
1.106260697827518129e+02
1.100782828282828234e+02
1.112980318650421765e+02
1.092890671420083208e+02
1.115044895244429597e+02
1.110393041237113465e+02
1.100003092145949353e+02
1.123759765625000000e+02
1.104808673469387799e+02
1.095021008403361407e+02
1.110640943877551052e+02
1.114830729166666714e+02
1.109981447124304310e+02
1.111265782828282767e+02
1.099032751760024524e+02
1.101127956337174112e+02
1.113550000000000040e+02
1.091938844086021447e+02
1.068253676470588260e+02
1.085276692708333286e+02
1.080528350515463956e+02
1.075845959595959584e+02
1.059375379017586454e+02
1.071388888888888857e+02
1.094236111111111143e+02
1.057269349845201276e+02
1.076213716108453013e+02
1.084010101010101010e+02
1.103829160530191444e+02
1.099686147186147167e+02
1.079590954439640882e+02
1.077083870967741888e+02
1.066887626262626299e+02
1.079005681818181870e+02
1.112871572871572852e+02
1.081824429865666986e+02
1.085104166666666714e+02
1.082683823529411740e+02
1.097408123791102526e+02
1.099903780068728452e+02
1.091669437978051178e+02
1.091944078947368411e+02
1.091652260638297918e+02
1.085556618819776702e+02
1.094687500000000000e+02
1.075117187500000000e+02
1.094744503862150964e+02
1.098890971571383943e+02
1.100644745325596432e+02
1.084573567708333286e+02
1.071403186274509807e+02
1.118542481336651235e+02
1.097588435374149611e+02
1.099163194444444400e+02
1.074145579506404289e+02
1.061503941782898721e+02
1.085579427083333286e+02
1.087833655705996136e+02
1.091920572916666714e+02
1.089244019138755988e+02
1.106394984326018829e+02
1.098924342105263179e+02
1.091325757575757507e+02
1.106315789473684248e+02
1.083234449760765585e+02
1.098134680134680110e+02
1.117642128279883451e+02
1.104611205432937169e+02
1.075900928792569715e+02
1.078068181818181870e+02
1.060042449969678557e+02
1.091333555038244043e+02
1.078988402061855680e+02
1.085795853269537474e+02
1.064185049019607874e+02
1.091750672043010724e+02
1.072421085858585883e+02
1.064833333333333343e+02
1.065585203153426335e+02
1.071476715686274446e+02
1.082575757575757507e+02
1.097901116427432271e+02
1.093333333333333286e+02
1.108530927835051614e+02
1.113238932291666714e+02
1.115201197206518060e+02
1.106026592455163922e+02
1.107694515306122440e+02
1.102321149640737303e+02
1.099926470588235361e+02
1.114732291320252813e+02
1.117309922680412342e+02
1.105498737373737441e+02
1.112715850515463956e+02
1.106969696969697026e+02
1.099162761636988392e+02
1.108337628865979383e+02
1.094412492269635067e+02
1.117401315789473699e+02
1.106723484848484844e+02
1.105438762626262559e+02
1.124989919354838719e+02
1.113696969696969745e+02
1.101180555555555571e+02
1.097916919345057636e+02
1.118332767402376930e+02
1.106954719387755119e+02
1.094444444444444429e+02
1.112291280148423027e+02
1.117074742268041234e+02
1.115753865979381487e+02
1.105187878787878759e+02
1.101770647653000594e+02
1.116061862244897895e+02
1.109594928880643181e+02
1.091627705627705609e+02
1.113386479591836746e+02
1.100480192076830690e+02
1.110860606060606131e+02
1.104434137291280109e+02
1.099357743097238966e+02
1.121221301020408134e+02
1.107370478983382185e+02
1.122366688610928236e+02
1.095655534941249272e+02
1.116298636514798801e+02
1.098905380333951740e+02
1.105196520618556661e+02
1.102428385416666714e+02
1.096324097938144320e+02
1.097608418367346985e+02
1.095586340206185554e+02
1.109817093448619829e+02
1.097741623711340253e+02
1.092619769557307450e+02
1.100235969387755119e+02
1.127417543859649101e+02
1.098637925648234983e+02
1.116784170269371401e+02
1.105020306154326732e+02
1.098867984693877560e+02
1.095786701777485206e+02
1.098159375000000040e+02
1.114875290987695422e+02
1.115783172597272994e+02
1.095256648113791016e+02
1.101667729591836746e+02
1.099477040816326507e+02
1.090819418676561554e+02
1.101452020202020208e+02
1.097234848484848442e+02
1.097474747474747545e+02
1.103067010309278402e+02
1.121354425879843575e+02
1.091248852157943077e+02
1.086546072974644375e+02
1.112876288659793858e+02
1.099990335051546424e+02
1.110142999667442609e+02
1.104568795260039451e+02
1.091131725417439640e+02
1.088328647297719414e+02
1.092241805813234379e+02
1.109820419022281328e+02
1.113869949494949481e+02
1.098320194057004215e+02
1.092249999999999943e+02
1.094130303030302969e+02
1.118064516129032313e+02
1.110506912442396299e+02
1.121296973727968123e+02
1.109186965108624037e+02
1.106639819587628892e+02
1.105769974226804067e+02
1.091678479381443339e+02
1.097288347391440197e+02
1.104339561855670127e+02
1.100061848958333286e+02
1.096884664948453576e+02
1.094420493595751367e+02
1.086919642857142918e+02
1.084223582474226788e+02
1.083630798969072231e+02
1.090438975723312325e+02
1.090608579980046500e+02
1.071993127147766387e+02
1.087376563528637234e+02
1.092358870967741922e+02
1.091972446236559193e+02
1.069730983302411857e+02
1.095054871965414094e+02
1.096164948453608190e+02
1.081269329896907152e+02
1.076092171717171766e+02
1.082084407216494810e+02
1.072433614495470096e+02
1.080080541237113465e+02
1.079706829896907152e+02
1.079726159793814446e+02
1.071968134957825640e+02
1.089837046890588681e+02
1.076783088235294059e+02
1.092507177033492809e+02
1.063556985294117680e+02
1.093088888888888874e+02
1.080707903780068762e+02
1.064143475572047066e+02
1.078013392857142918e+02
1.091465277777777771e+02
1.077784294558488085e+02
1.102239637756879205e+02
1.104464285714285694e+02
1.058730492196878714e+02
1.081575386597938149e+02
1.101596445029624789e+02
1.100518181818181773e+02
1.097984693877551052e+02
1.081359543817526969e+02
1.089453125000000000e+02
1.096695963541666714e+02
1.082430490471727609e+02
1.086399739583333286e+02
1.066818727490996395e+02
1.087502392344497650e+02
1.086013257575757507e+02
1.081324097938144320e+02
1.087903780068728565e+02
1.098672680412371108e+02
1.090266927083333286e+02
1.071264687693259106e+02
1.088727904040404013e+02
1.095147707979626546e+02
1.080262417994376705e+02
1.075938769134645412e+02
1.098238932291666714e+02
1.079883578431372513e+02
1.079436274509803866e+02
1.073806431663574585e+02
1.092294272547728724e+02
1.073706482593037208e+02
1.078475476413620697e+02
1.078378631677600765e+02
1.090161290322580641e+02
1.078299319727891117e+02
1.091015625000000000e+02
1.077665429808286888e+02
1.095786498170934493e+02
1.076729147141518297e+02
1.086226179318962863e+02
1.078509840674789189e+02
1.071917130488559025e+02
1.072366071428571388e+02
1.086313651983755051e+02
1.095222293814432959e+02
1.098021283671433252e+02
1.111642361111111086e+02
1.086546556122448948e+02
1.096930495510475509e+02
1.055905882352941205e+02
1.077682889501071344e+02
1.089760101010101039e+02
1.081360544217687050e+02
1.087735180412371108e+02
1.074321728691476636e+02
1.082474226804123703e+02
1.086256443298969003e+02
1.100982603092783449e+02
1.089883207070707130e+02
1.102384436315264367e+02
1.087251082251082295e+02
1.090252525252525260e+02
1.092767470624613537e+02
1.081456185567010380e+02
1.097244623655913927e+02
1.084375000000000000e+02
1.091582973062853341e+02
1.076584821428571388e+02
1.094346349745331111e+02
1.076267779839208458e+02
1.082452358637925585e+02
1.076864564007421166e+02
1.084820075757575779e+02
1.084967083607636624e+02
1.086178385416666714e+02
1.100957867017774845e+02
1.098050902061855680e+02
1.082588126159554776e+02
1.087075913776944702e+02
1.073852813852813881e+02
1.099883161512027527e+02
1.087351804123711361e+02
1.090204081632653015e+02
1.083702651515151558e+02
1.087445231958762832e+02
1.074177489177489235e+02
1.089867912371134082e+02
1.079828178694158112e+02
1.080758928571428612e+02
1.090465561224489761e+02
1.090573979591836746e+02
1.105487231182795682e+02
1.105796370967741922e+02
1.086498724489795933e+02
1.076110080395794739e+02
1.080586340206185554e+02
1.096181640625000000e+02
1.087944392377382030e+02
1.087591377694470509e+02
1.101514175257731978e+02
1.087492572786690488e+02
1.100454252577319636e+02
1.101005154639175316e+02
1.094264069264069263e+02
1.109052211506484866e+02
1.099823232323232389e+02
1.106588541666666714e+02
1.109950625411454865e+02
1.107928167608912560e+02
1.107579124579124539e+02
1.084478114478114463e+02
1.089762369791666714e+02
1.073596938775510239e+02
1.079793814432989620e+02
1.092854603626022083e+02
1.079436848958333286e+02
1.089770833333333400e+02
1.082138343864316568e+02
1.077635738831615129e+02
1.065035438144329873e+02
1.061632653061224545e+02
1.076516129032258107e+02
1.072354506152311302e+02
1.069361559139784958e+02
1.046745580808080831e+02
1.066223118279569917e+02
1.064706632653061291e+02
1.054393939393939377e+02
1.089985185185185230e+02
1.064991686065846324e+02
1.061538978494623677e+02
1.060302835051546424e+02
1.097583527583527570e+02
1.098904428904428840e+02
1.091551851851851893e+02
1.100765384615384619e+02
1.085429629629629602e+02
1.094001554001553984e+02
1.092188552188552251e+02
1.090617283950617349e+02
1.097173076923076991e+02
1.061965108624094825e+02
1.099079254079254042e+02
1.076485215053763511e+02
1.094877344877344854e+02
1.065621778350515427e+02
1.060739022881880089e+02
1.067442602040816269e+02
1.099848148148148113e+02
1.066579194001874384e+02
1.111829176114890458e+02
1.069716494845360870e+02
1.062362399505256718e+02
1.067941365979381487e+02
1.067991252733520753e+02
1.067684948979591866e+02
1.102292857142857088e+02
1.071378865979381487e+02
1.070497448979591866e+02
1.068634453781512548e+02
1.076126210559200302e+02
