1.311079252577319494e+02
1.297665251667677353e+02
1.337995689655172384e+02
1.293551083591331405e+02
1.290854197349042636e+02
1.317582307948121070e+02
1.280930780559646678e+02
1.279339285714285666e+02
1.274936325045482164e+02
1.266068111455108323e+02
1.256066165413533895e+02
0.000000000000000000e+00
0.000000000000000000e+00
0.000000000000000000e+00
1.247180989583333286e+02
1.217753183747725956e+02
1.226871843434343390e+02
1.216492260061919524e+02
1.224416505480335218e+02
1.217007575757575779e+02
1.226355263157894768e+02
1.230701462765957501e+02
1.220671052631578988e+02
1.245590277777777715e+02
1.236967105263157833e+02
1.263458940632776404e+02
0.000000000000000000e+00
0.000000000000000000e+00
0.000000000000000000e+00
0.000000000000000000e+00
0.000000000000000000e+00
1.254886067708333286e+02
1.246353058510638334e+02
1.280931516936671528e+02
1.247253289473684248e+02
1.293973037272006366e+02
1.295208333333333428e+02
1.290654135338345725e+02
1.265982456140350934e+02
1.256026315789473671e+02
1.290045112781954799e+02
1.296099537037036953e+02
1.253561969439728330e+02
1.244907894736842167e+02
1.289909774436090117e+02
1.288549707602339254e+02
1.298910256410256352e+02
1.297265625000000000e+02
1.247426075268817272e+02
1.251769100169779279e+02
1.282538580246913682e+02
1.285643601190476204e+02
1.274912904372556000e+02
1.255541888297872362e+02
1.273807560137457102e+02
1.263624561403508721e+02
1.249394338380513432e+02
1.244476726023117834e+02
1.264572368421052602e+02
1.281016889514426396e+02
1.262076612903225765e+02
1.272604166666666714e+02
1.271336769759450220e+02
1.254835349462365599e+02
1.292945508100147265e+02
1.255927526595744723e+02
1.289357531760435620e+02
1.290359346642468381e+02
1.288105263157894740e+02
1.243588235294117652e+02
1.239392097264437638e+02
1.265538563829787222e+02
1.268208111702127638e+02
1.272450657894736850e+02
1.271157894736842167e+02
1.275996131528046362e+02
1.268571428571428612e+02
1.294881578947368439e+02
1.278254067584480538e+02
1.291972446236559051e+02
1.283826658322903711e+02
1.299124999999999943e+02
1.294819776714513466e+02
1.265973091364205203e+02
1.302462797619047592e+02
1.301718750000000000e+02
1.294526315789473756e+02
1.301954944635357094e+02
1.284892921960072556e+02
1.300838475499092510e+02
1.297780172413793025e+02
1.295349779086892568e+02
1.293840290381125158e+02
1.307659574468084998e+02
1.282726973684210634e+02
1.285384370015949003e+02
1.304243421052631504e+02
1.295690590111642848e+02
1.278755910165484693e+02
1.301196172248803862e+02
1.292870489690721740e+02
1.261649122807017562e+02
1.291026315789473813e+02
1.288162679425837212e+02
1.265753383458646653e+02
1.275125156445556911e+02
1.266155015197568332e+02
1.261749999999999972e+02
1.252138310185185190e+02
1.268062462098241383e+02
1.277885101010101039e+02
1.271622195269860498e+02
1.273405572755417978e+02
1.260294959908361960e+02
1.285448165869218542e+02
1.261428571428571388e+02
1.267529411764705856e+02
1.271357230392156907e+02
1.270994542146755606e+02
1.261360824742268107e+02
1.261410898379970575e+02
1.264833082706766874e+02
1.264342261904761955e+02
1.264476190476190425e+02
1.267101273499090297e+02
1.270515463917525807e+02
1.274791666666666714e+02
1.261345238095238130e+02
1.258180147058823479e+02
1.277826825127334445e+02
1.298115501519756947e+02
1.283650036683785629e+02
1.253039049235993190e+02
1.235862838915470547e+02
1.293774625689519269e+02
1.285898919753086318e+02
1.290515463917525665e+02
1.254214015151515156e+02
1.263291666666666657e+02
1.274449760765550224e+02
1.273285984848484844e+02
1.270165832290362999e+02
1.294879456706281928e+02
1.255453216374268948e+02
1.265930827067669213e+02
1.265458646616541358e+02
1.279327284105131355e+02
1.247181712962962905e+02
1.271235919899874887e+02
1.255105263157894768e+02
1.262466165413533901e+02
1.285725338491295986e+02
1.273061654135338330e+02
1.294820478723404165e+02
1.262059523809523824e+02
1.282414860681114419e+02
1.257667157584683366e+02
1.248341924398625480e+02
1.292356536502546760e+02
1.276176470588235361e+02
1.268153383458646601e+02
1.253303571428571388e+02
1.270468750000000000e+02
1.261047619047619008e+02
1.251018518518518476e+02
1.315146735143066792e+02
1.262541666666666629e+02
1.280940988835725705e+02
1.264715758468335736e+02
1.277212752525252455e+02
1.291562500000000000e+02
1.273394607843137294e+02
1.287040618955512628e+02
1.265683890577507640e+02
1.262153383458646658e+02
1.295619694397283581e+02
1.289611151870873016e+02
1.257912280701754355e+02
1.294799382716049365e+02
1.295240384615384528e+02
1.290087232355273557e+02
1.293846153846153868e+02
1.241596102150537604e+02
1.294431089743589780e+02
1.294178685897435912e+02
1.238213391739674591e+02
1.284684519442406554e+02
1.252270833333333400e+02
1.288981481481481524e+02
1.284558991981672307e+02
1.294846153846153811e+02
1.297248215701823995e+02
1.264599116161616195e+02
1.252240121580547054e+02
1.258216520650813521e+02
1.281263440860215042e+02
1.247815393518518476e+02
1.268620375985445747e+02
1.264812865497076046e+02
1.251734234234234293e+02
1.279239200515796284e+02
1.301763157894736764e+02
1.297685009487666150e+02
1.303945841392649925e+02
1.319835277968428215e+02
1.327177304964538962e+02
1.307154605263157805e+02
1.307330452127659441e+02
1.302108317214700151e+02
1.311619015957446948e+02
1.310164473684210407e+02
1.291838487972508460e+02
1.314433811802232981e+02
1.303080495356037147e+02
1.293242105263157953e+02
