8.488408510638298310e+01
8.487685106382978972e+01
8.485991489361701667e+01
8.495084889643463555e+01
8.485642105263157475e+01
8.494221276595744996e+01
8.478407203426873195e+01
8.479380729977512487e+01
8.476024909185261436e+01
8.476987234042553609e+01
8.468084210526315303e+01
8.470088421052631134e+01
8.476446315789473829e+01
8.459924812030075714e+01
8.463955026455026598e+01
8.464319999999999311e+01
8.473884694577900234e+01
7.733982683982684136e+01
7.745641986879100216e+01
7.699134199134199719e+01
7.677118119975263255e+01
7.674563820018364879e+01
7.689363017934446987e+01
7.751817602040816269e+01
7.663422099785735497e+01
7.731864095500459655e+01
7.680643166357451435e+01
7.681292517006802711e+01
7.949169110459432375e+01
7.957901596611273476e+01
7.879437500000000227e+01
7.867613636363635976e+01
7.819343750000000171e+01
7.805727272727273203e+01
7.779209183673469852e+01
7.795609152752010118e+01
7.694622697563873714e+01
7.768013468013468525e+01
7.883129251700680129e+01
7.819156250000000341e+01
7.778465346534653690e+01
7.681788472964943537e+01
7.781280940594059814e+01
7.814993686868686495e+01
7.887096774193548754e+01
7.792687499999999545e+01
7.677688651218062432e+01
7.780735930735930594e+01
7.815214646464646364e+01
7.855771683673469852e+01
7.856855867346938282e+01
7.810921717171717660e+01
7.817866161616161946e+01
7.858609693877551194e+01
7.864094387755102389e+01
7.846275252525252597e+01
7.824589646464646364e+01
7.832796717171717660e+01
7.831502525252524549e+01
7.831660353535353636e+01
7.826041666666667140e+01
7.827872474747475451e+01
7.825726010101010388e+01
7.766054484236302358e+01
7.873692602040816269e+01
7.896718749999999432e+01
7.825531250000000227e+01
7.821843749999999318e+01
7.795379537953795079e+01
7.788028802880288026e+01
7.789438943894388956e+01
7.789678967896789175e+01
7.799305555555555713e+01
7.764146414641464844e+01
7.803787878787878185e+01
7.804671717171717660e+01
7.758055805580558228e+01
7.843064516129032882e+01
7.804040404040404155e+01
7.757563025210083651e+01
7.790235690235689958e+01
7.751350540216085960e+01
7.786300505050505194e+01
7.799051117232934871e+01
7.812340561224489477e+01
7.863788659793814873e+01
7.822289540816326792e+01
7.875126262626262985e+01
7.808601163146617807e+01
7.822544642857143060e+01
7.867834595959595845e+01
7.873437500000000000e+01
7.826881377551021046e+01
7.835843749999999375e+01
7.833593750000000000e+01
7.860290404040404155e+01
7.832272727272727764e+01
7.920968750000000114e+01
7.922312499999999602e+01
7.813051305130512958e+01
7.874009900990098743e+01
7.832909090909090821e+01
7.821032103210320940e+01
7.839121212121212068e+01
7.845843750000000227e+01
7.796639663966396938e+01
7.789948994899489776e+01
7.830484848484849181e+01
7.866445707070707272e+01
7.839575757575757109e+01
7.872648514851485402e+01
7.876794554455445052e+01
7.932451612903226135e+01
7.826878787878787591e+01
7.839437499999999659e+01
7.863490099009901257e+01
7.823636363636363455e+01
7.857147277227723237e+01
7.845454545454545325e+01
7.826000000000000512e+01
7.824363636363636942e+01
7.824424242424242948e+01
7.834848484848484418e+01
7.785328532853284855e+01
7.876343749999999488e+01
7.960612903225806747e+01
7.851575757575757564e+01
7.928322580645161111e+01
7.799938781756964090e+01
7.927913100724160245e+01
7.837190594059406124e+01
7.914046717171717660e+01
7.874187499999999318e+01
7.857968750000000568e+01
7.856031249999999488e+01
7.848003832641329325e+01
7.877656249999999716e+01
7.913652655588138884e+01
7.876375000000000171e+01
7.889906249999999943e+01
7.888750000000000284e+01
7.887548387096774150e+01
7.886124999999999829e+01
7.943890518084066343e+01
8.000841750841750866e+01
7.913290322580645864e+01
7.894406250000000114e+01
7.953763440860214473e+01
7.877382425742574412e+01
7.918687500000000057e+01
7.920343750000000682e+01
7.999191919191919453e+01
7.953630050505050519e+01
7.951096774193548811e+01
7.842000000000000171e+01
7.879093749999999829e+01
7.875031250000000682e+01
7.843757575757575751e+01
7.862312500000000171e+01
7.842612903225806065e+01
7.813969696969697054e+01
7.831803180318031821e+01
7.781411764705882206e+01
7.829090909090909634e+01
7.842218750000000682e+01
7.779595588235294201e+01
7.834969696969696429e+01
7.872884062599808885e+01
7.839062500000000000e+01
7.819969696969697281e+01
7.830062499999999659e+01
7.804636363636363683e+01
7.809757575757575410e+01
7.883617424242424931e+01
7.892225806451612868e+01
7.860459916959437976e+01
7.855669115298626082e+01
7.895906250000000171e+01
7.887593750000000625e+01
7.939316512296390727e+01
7.895612903225806178e+01
7.836795343137255543e+01
7.835753676470588402e+01
7.868593749999999432e+01
7.842524509803921262e+01
7.912640264026403258e+01
7.916160970935803221e+01
7.887312500000000171e+01
7.924144672531768663e+01
7.893125000000000568e+01
7.883387096774193026e+01
7.899218750000000000e+01
7.862469362745098067e+01
7.915870967741935260e+01
7.920580645161290079e+01
7.876199494949494806e+01
7.884587813620071017e+01
7.890340909090909349e+01
7.916562500000000568e+01
7.884311868686869218e+01
7.880145202020202078e+01
7.919322580645160770e+01
7.899938781756964090e+01
7.932612903225806633e+01
7.824932493249325205e+01
7.872687500000000682e+01
7.929774193548387018e+01
7.819231923192319300e+01
7.876516089108910990e+01
7.824504950495050082e+01
7.858522727272726627e+01
7.908812500000000512e+01
7.869360269360269911e+01
7.896843749999999318e+01
7.884093749999999545e+01
7.844740099009901257e+01
7.883937500000000398e+01
7.946096774193549095e+01
7.843363636363636715e+01
7.886843749999999886e+01
7.848855198019802515e+01
7.888625000000000398e+01
7.883625000000000682e+01
7.882093749999999943e+01
7.875562499999999488e+01
7.864624999999999488e+01
7.939499999999999602e+01
7.832165404040404155e+01
7.846666666666666856e+01
7.871545454545454845e+01
7.914843750000000000e+01
7.877017701770176927e+01
7.912312500000000171e+01
7.881499999999999773e+01
7.959199999999999875e+01
7.878281250000000568e+01
7.932551319648094079e+01
7.911469534050179675e+01
7.906999999999999318e+01
7.920486111111111427e+01
7.870312500000000000e+01
7.867062500000000114e+01
7.824762779308234428e+01
7.849368686868686495e+01
7.887468112244897611e+01
7.907125000000000625e+01
7.915281249999999602e+01
8.082466666666667265e+01
7.916718749999999716e+01
7.946374960076653338e+01
7.854857673267326845e+01
7.905776515151515582e+01
7.954900000000000659e+01
7.982289562289562923e+01
7.826619132501485865e+01
7.904455445544554948e+01
7.938774193548387359e+01
7.863812500000000227e+01
7.881718750000000284e+01
7.881250000000000000e+01
7.848295454545454675e+01
8.478457962030221040e+01
8.541011235955056691e+01
8.599398073836276524e+01
8.555094924447888616e+01
8.565401007361488439e+01
8.636356340288924116e+01
8.551995350639286642e+01
8.524757845796203526e+01
8.522239442076714511e+01
8.497969348659003685e+01
8.504881828748547434e+01
8.515971107544140750e+01
8.583988764044943309e+01
8.501356063541263097e+01
8.520960867880666001e+01
8.513870592793490744e+01
8.584166666666666856e+01
8.495336990595610871e+01
8.576176948051947591e+01
8.485436507936508121e+01
8.485044556373499347e+01
8.505056179775280611e+01
8.511951410658306827e+01
8.582183441558441928e+01
8.571266233766233711e+01
8.578571428571429180e+01
8.587256493506492916e+01
1.068987500000000068e+02
1.067537499999999966e+02
