7.443846568451311896e+01
7.506556517178074728e+01
7.424595759971253983e+01
7.470897232504847807e+01
7.535637918745545960e+01
7.483192597915918043e+01
7.471452494271109401e+01
7.471981674452030120e+01
7.542827868852458550e+01
7.520289855072464036e+01
7.592865159531825725e+01
7.502212233386215701e+01
7.477083333333332860e+01
7.529772607086198377e+01
7.490704700968630902e+01
7.501857282502443525e+01
7.513837475762383633e+01
7.516457833466631655e+01
7.496128278835789160e+01
7.523347107438016224e+01
7.530604062722737524e+01
7.515679534637757797e+01
7.517812444914507353e+01
7.542035200571785936e+01
7.509863456701401674e+01
7.514313414419179082e+01
7.479880920643384457e+01
7.528501425516749634e+01
7.455524613726194616e+01
7.471483062392152874e+01
7.539335352815395197e+01
7.538753144089112368e+01
7.536664903930901005e+01
7.558974128638159584e+01
7.509307244843998319e+01
7.581495010691375569e+01
7.549497911667999972e+01
7.552110548298232118e+01
7.548877405559515807e+01
7.533588930019389807e+01
7.544861625242376135e+01
7.558355367530407420e+01
7.499162700511193691e+01
7.545275868147365372e+01
7.571899501069137273e+01
7.549806099065750686e+01
7.562995017046944213e+01
0.000000000000000000e+00
0.000000000000000000e+00
7.483588930019389807e+01
7.511632368329263443e+01
7.503216322166785801e+01
7.507068570421293430e+01
7.531895937277262476e+01
7.551374933897409392e+01
7.556331644894694932e+01
7.535824809861001938e+01
7.570985225981291933e+01
7.551437297879985522e+01
7.538087621078823020e+01
7.570661771133841000e+01
7.591522260730471316e+01
7.525557629076691057e+01
7.574952430375367385e+01
7.462905476107430047e+01
7.496206836414370400e+01
7.530609906575004686e+01
7.509029579657499198e+01
7.548598625066102841e+01
7.581641106998060309e+01
7.590551736294729324e+01
7.531494789795185341e+01
7.541837732160313124e+01
7.557006874669487217e+01
7.584019044196909931e+01
7.600409836065573188e+01
7.524142781783014300e+01
7.540352137980596581e+01
7.575947470474176271e+01
7.569241825368307275e+01
7.589591045302309169e+01
7.584479686386315223e+01
7.573109537546987724e+01
7.587581526529173459e+01
7.605349903049533111e+01
7.582237530519707036e+01
7.610041515308769533e+01
7.580876801647220020e+01
7.559598096245372290e+01
7.532037722545391034e+01
7.482758923861437950e+01
7.520844144611659488e+01
7.588067138735902972e+01
7.532328116757517478e+01
7.546712497796580976e+01
7.565440327023904388e+01
7.535048431529369850e+01
7.587819495857570473e+01
7.566587343557200995e+01
7.589326534200809249e+01
7.560126188571936723e+01
7.573518172931662207e+01
7.550456989247311412e+01
