7.263697674418604322e+01
7.294447178477690841e+01
7.373031007751937693e+01
7.458069767441860165e+01
7.567908558772346339e+01
7.617074181516784392e+01
7.635665147119767937e+01
7.626963957484215939e+01
7.607253846153845700e+01
7.687409539473684106e+01
7.686554276315789025e+01
7.696743421052632073e+01
7.716808951512639680e+01
7.710041118421052886e+01
7.704888451443569863e+01
7.690616861979167140e+01
7.714527986633250123e+01
7.710690789473683537e+01
7.713273026315789593e+01
7.674341085271318263e+01
7.680876923076922935e+01
7.704698144233027790e+01
7.739232966136270875e+01
7.735271317829457871e+01
7.762758397932816479e+01
7.732953846153846200e+01
7.723753156565656752e+01
7.766232905097389505e+01
7.737855477855477204e+01
7.739137529137529725e+01
7.713108003108003174e+01
7.718753846153846609e+01
7.801126070991432471e+01
7.702633587786259284e+01
7.816474112109541750e+01
7.810971330765939058e+01
7.801786941580756718e+01
7.870518394648829030e+01
8.139388873409491509e+01
8.132416052416051855e+01
8.228949485199484570e+01
8.291127232142856940e+01
8.335646457268079246e+01
8.356312656641604519e+01
8.463257055682684893e+01
8.526277650648360407e+01
8.529691416040100194e+01
8.555729413624150936e+01
8.564770628078817083e+01
8.600553184763711556e+01
8.614192546583851140e+01
8.620957799905168883e+01
8.586841887759318581e+01
8.405312907431552105e+01
8.375929694727103936e+01
8.379680759275237278e+01
8.312395348837209497e+01
8.318461538461538396e+01
8.358166118421053170e+01
8.394944746825004245e+01
8.342627583979327710e+01
8.339807151466452240e+01
8.302175572519084312e+01
8.330999592003263388e+01
8.293800601434189446e+01
8.289049586776859257e+01
8.312376644736842479e+01
8.283816793893129216e+01
8.274071484071484406e+01
8.356564667482659559e+01
8.301701631701631356e+01
8.341819665442676524e+01
8.248813896541169299e+01
8.223292995966262708e+01
8.302465820312500000e+01
8.223446371029615420e+01
8.227179962894248888e+01
8.237317784256559605e+01
8.205149236728183837e+01
8.226109985979124417e+01
8.292223582211342148e+01
8.198313966735018710e+01
8.197283440465258764e+01
8.209718396082033109e+01
8.313941152092830578e+01
8.258932835820895946e+01
8.326106045254981325e+01
8.253688399142944832e+01
8.278150375939848971e+01
8.230390977443609302e+01
8.218740458015267336e+01
8.290048584352487637e+01
8.286854103343465283e+01
8.209734848484848158e+01
8.200848484848485498e+01
7.551223776223775985e+01
7.570024271844660291e+01
7.726701732673267031e+01
7.567839805825242649e+01
7.597053349875930905e+01
7.540655048076922640e+01
7.536117788461538680e+01
7.531700721153846700e+01
7.536388221153846700e+01
7.596464646464646364e+01
7.546604567307691980e+01
7.544080528846153300e+01
7.540174278846153300e+01
7.547055288461538680e+01
7.582436010591349884e+01
7.534164663461538680e+01
7.790625000000000000e+01
7.618870192307691980e+01
7.631099759615383959e+01
7.612806372549019329e+01
7.612040441176471006e+01
7.511709326272432463e+01
7.547742127153891545e+01
7.600062637018477574e+01
7.551158645276292702e+01
7.725679949399113866e+01
7.680689245395127784e+01
7.572794117647059409e+01
7.568932038834951470e+01
7.570631067961164717e+01
7.581947815533980872e+01
7.762616261626162384e+01
7.723483009708738223e+01
7.702150537634408067e+01
7.749242424242424931e+01
7.718871887188718972e+01
7.775580645161289794e+01
7.762333333333333485e+01
7.738121212121211556e+01
7.768688118811881793e+01
7.762121212121212466e+01
7.785457920792079278e+01
7.674163783160322794e+01
7.836186521877993982e+01
7.900126262626262985e+01
7.838102842542318172e+01
7.928483870967741609e+01
7.947975964579380559e+01
7.859870967741935033e+01
7.861225806451612641e+01
7.859183006535947413e+01
7.816470588235294770e+01
7.795445920303605192e+01
7.769696969696970257e+01
7.777351485148514598e+01
7.767945544554454784e+01
7.649938725490196134e+01
7.738718749999999602e+01
7.759003712871286496e+01
7.580606617647059409e+01
7.585585323238206001e+01
7.605824682814302662e+01
7.652042079207920722e+01
7.567961165048544103e+01
7.588488298545225064e+01
7.571223251357393735e+01
7.555709570957095877e+01
7.409158415841584144e+01
7.383025367992483723e+01
7.442606196103481864e+01
7.394393382352940591e+01
7.309769417475727948e+01
7.337791375291375573e+01
7.362530048076922640e+01
7.229471182412359553e+01
7.281298701298700848e+01
7.352696078431372939e+01
7.307359849671155416e+01
7.306764797995614913e+01
7.318385780885780889e+01
7.525060679611650016e+01
7.612924757281552957e+01
7.610497572815533829e+01
7.522352235223522143e+01
7.538133813381338655e+01
7.574077407740773538e+01
7.963164983164983823e+01
7.984903225806451132e+01
7.891593749999999829e+01
7.881794953688917360e+01
7.781280940594059814e+01
7.776361386138613341e+01
7.754099821746881105e+01
7.790686274509803866e+01
7.679441473559120368e+01
7.926924305333758980e+01
7.898298267326732969e+01
7.909613541999361530e+01
7.801776960784313530e+01
7.671977197719772334e+01
7.633933393339333406e+01
7.611437908496732518e+01
7.608941831683168289e+01
7.696813725490196134e+01
7.617432598039215463e+01
7.611695544554454784e+01
7.588197815533980872e+01
7.596783088235294201e+01
7.529636363636363683e+01
7.555847772277228103e+01
7.527660891089108475e+01
7.597457107843136725e+01
7.766677419354839174e+01
7.698360148514851176e+01
7.724624720536569100e+01
7.690748762376237835e+01
7.624362436243625041e+01
7.617881788178817715e+01
7.621937499999999943e+01
7.597088532382649362e+01
7.522212009803921262e+01
7.643347772277228103e+01
7.633063306330633679e+01
7.692387096774193367e+01
7.543933823529411598e+01
7.593969696969696770e+01
7.632468749999999602e+01
7.702139891408495487e+01
7.601106894370651901e+01
7.718937499999999829e+01
7.802506188118812247e+01
7.749417892156863275e+01
7.643054305430543138e+01
7.700030637254901933e+01
7.729990418396678820e+01
7.737407178217821979e+01
7.661146114611460689e+01
7.762125000000000341e+01
7.678333333333333144e+01
7.762280421590546098e+01
7.741062499999999602e+01
7.774846813725490335e+01
7.843378712871286496e+01
7.798253676470588402e+01
7.685358535853585238e+01
7.673835784313725128e+01
7.731623162316230946e+01
7.615805109922756344e+01
7.642304230423042100e+01
7.727750000000000341e+01
7.790741935483870861e+01
7.771590909090909349e+01
7.752718749999999659e+01
7.615775401069518580e+01
7.615626856803326916e+01
7.682689950980392268e+01
7.674470588235294599e+01
7.764307598039215463e+01
7.810581683168317113e+01
7.759885020760140151e+01
7.700092821782178021e+01
7.718906250000000568e+01
7.654558823529411882e+01
7.808906249999999716e+01
7.828499999999999659e+01
7.737594641817122465e+01
7.727389705882353610e+01
7.820718750000000341e+01
7.791827364554637825e+01
7.684076054664289757e+01
7.771658415841584144e+01
7.830612903225807031e+01
7.810093750000000057e+01
7.753545454545454163e+01
7.631803180318031821e+01
7.764062500000000000e+01
7.794306930693069546e+01
7.769761029411765207e+01
7.721090909090908383e+01
7.722052205220522580e+01
7.825562499999999488e+01
7.709803921568627061e+01
7.657159833630421986e+01
7.731617647058823195e+01
7.705790579057905632e+01
7.763087871287129360e+01
7.818187500000000512e+01
7.870853960396038929e+01
7.880261897157457440e+01
7.798212121212121417e+01
7.821906250000000682e+01
7.692780748663101065e+01
7.652956751985878725e+01
7.759127475247524330e+01
7.767698019801980536e+01
7.694709158415841443e+01
7.670291146761735490e+01
7.760550742574257299e+01
7.909065594059406124e+01
7.736448019801980536e+01
7.654901960784313530e+01
7.697239723972397485e+01
7.753094059405940186e+01
7.691384432560903406e+01
7.787654702970297649e+01
7.560160427807487338e+01
7.720042004200419683e+01
7.723824257425742701e+01
7.681188118811881793e+01
7.679057905790578786e+01
7.738056930693069546e+01
7.679147914791478513e+01
7.913510060683488234e+01
7.793324816352603079e+01
7.737190594059406124e+01
7.707425742574257299e+01
7.683762254901961342e+01
7.684865196078430927e+01
7.691840607210626501e+01
7.729579207920792783e+01
7.686917892156863275e+01
7.777629950495050082e+01
7.713212121212120564e+01
7.716789215686274872e+01
7.718688725490196134e+01
7.759484848484848385e+01
7.799535891089108475e+01
7.697334558823528994e+01
7.703553921568627061e+01
7.702190219021902351e+01
7.696129612961296118e+01
7.763799504950495134e+01
7.699159915991599235e+01
7.666161616161616621e+01
7.827483870967742519e+01
7.734983498349835429e+01
7.796338383838383379e+01
7.803421309872922507e+01
7.561200237670826141e+01
7.683062499999999773e+01
7.698259825982597704e+01
7.717251725172516785e+01
7.655303030303029743e+01
7.707323232323231821e+01
7.742093749999999375e+01
7.610550742574257299e+01
7.684189356435643958e+01
7.659068627450980671e+01
7.602430243024302570e+01
7.688688868886889338e+01
7.709810981098110005e+01
7.679357935793579770e+01
7.708700980392157476e+01
7.749516129032258505e+01
7.752568069306930454e+01
7.809251237623762165e+01
7.749474947494749699e+01
7.730787878787879208e+01
7.726342634263426135e+01
7.719060606060605778e+01
7.690552584670231795e+01
7.650788834951455897e+01
7.678645833333332860e+01
7.821484497337927166e+01
7.797926980198019464e+01
7.791740938799762262e+01
7.667372756693144709e+01
7.698657909765847762e+01
7.758115811581157573e+01
7.835860148514851176e+01
7.765676567656765883e+01
7.811488970588234793e+01
7.853030303030303116e+01
7.837778465346534063e+01
7.741414141414141170e+01
7.747771836007130730e+01
7.732584951456310307e+01
7.868627450980392268e+01
7.877042079207920722e+01
7.815421542154214762e+01
7.823222322232223291e+01
7.836696969696969006e+01
7.809406250000000682e+01
7.889612903225805951e+01
7.889562499999999545e+01
7.948258064516129195e+01
7.808160816081608857e+01
7.845066413662239313e+01
7.800696969696969063e+01
7.763546354635462876e+01
7.790303030303030596e+01
7.787848784878487152e+01
7.762150920974450230e+01
7.787837009803921262e+01
7.867071223251357992e+01
7.876500000000000057e+01
7.780484068627451677e+01
7.780818181818182211e+01
7.785705445544554948e+01
7.744117647058823195e+01
7.792387096774193367e+01
7.828906250000000000e+01
7.762919195145320828e+01
7.699435531788472531e+01
7.712571257125712521e+01
7.895730198019802515e+01
7.886870967741936056e+01
7.742861519607842524e+01
7.779053217821781629e+01
8.118316831683168289e+01
8.178249760459917184e+01
7.879442401960784537e+01
7.812008942829767477e+01
7.915649952091983721e+01
7.804093749999999829e+01
7.767437499999999773e+01
7.724782478247824713e+01
7.715037128712870640e+01
