0.000000000000000000e+00
0.000000000000000000e+00
0.000000000000000000e+00
0.000000000000000000e+00
0.000000000000000000e+00
0.000000000000000000e+00
0.000000000000000000e+00
0.000000000000000000e+00
0.000000000000000000e+00
0.000000000000000000e+00
0.000000000000000000e+00
0.000000000000000000e+00
0.000000000000000000e+00
0.000000000000000000e+00
0.000000000000000000e+00
0.000000000000000000e+00
0.000000000000000000e+00
0.000000000000000000e+00
0.000000000000000000e+00
0.000000000000000000e+00
0.000000000000000000e+00
0.000000000000000000e+00
0.000000000000000000e+00
0.000000000000000000e+00
0.000000000000000000e+00
0.000000000000000000e+00
0.000000000000000000e+00
0.000000000000000000e+00
0.000000000000000000e+00
0.000000000000000000e+00
0.000000000000000000e+00
0.000000000000000000e+00
0.000000000000000000e+00
0.000000000000000000e+00
0.000000000000000000e+00
0.000000000000000000e+00
0.000000000000000000e+00
0.000000000000000000e+00
0.000000000000000000e+00
0.000000000000000000e+00
0.000000000000000000e+00
6.718840144230769340e+01
6.725910194174757351e+01
6.763983714375196143e+01
6.734404205607476968e+01
6.740271226415094930e+01
6.773582175925925242e+01
6.740196078431372939e+01
6.779130931961120154e+01
6.779519094766619958e+01
6.801696428571428044e+01
6.778794642857143060e+01
6.705810684161200186e+01
6.709919954259576969e+01
6.718011894647408155e+01
6.727391581632653583e+01
6.687222742892845417e+01
6.657165404040404155e+01
6.633427054045610305e+01
6.595484254307783090e+01
6.581212484993997691e+01
6.631539948453608702e+01
6.602905342080599382e+01
6.589888682745825577e+01
6.598175633889920277e+01
6.569477791116446497e+01
6.611746329272102685e+01
6.576262626262625588e+01
6.553359788359787785e+01
6.598187482299631768e+01
6.621727272727272862e+01
6.583244206773618146e+01
6.607070707070707272e+01
6.583314285714286029e+01
6.604664289958407153e+01
6.610932857991681999e+01
6.634168212739641035e+01
6.637878787878787534e+01
6.620825906120023774e+01
6.653988868274582558e+01
6.627243018419488862e+01
6.700278293135436058e+01
6.696938775510204778e+01
6.680117501546072845e+01
6.664707682889500973e+01
6.672539831302718483e+01
6.661193568336425130e+01
6.662449234614183524e+01
6.651396316102199080e+01
6.644147355912062380e+01
6.670439084724799272e+01
6.677163386441736748e+01
6.644957983193276618e+01
6.699645618556701265e+01
6.671608643457382470e+01
6.659066478076378814e+01
6.684740827023878751e+01
6.695029411764706140e+01
6.674229137199434092e+01
6.783112373737374412e+01
6.755720470006184541e+01
6.747933884297520990e+01
6.681818181818181301e+01
6.610088235294116998e+01
6.577755102040816837e+01
6.551287128712871777e+01
6.614727272727272123e+01
6.462563553652663018e+01
6.452127374899652068e+01
6.467409240924092728e+01
6.519163059163059870e+01
6.489961496149615527e+01
6.428257960931227899e+01
6.548062234794907965e+01
6.578741991846243309e+01
6.574817927170867904e+01
6.614794117647058158e+01
6.651275127512751340e+01
6.634941176470587720e+01
6.652139037433154556e+01
6.687218721872187643e+01
6.700264705882352700e+01
6.769941842669115317e+01
6.752406417112300119e+01
6.767984693877551194e+01
6.753125000000000000e+01
6.675379017586415387e+01
6.707989690721649367e+01
6.668831168831168554e+01
6.620058910162002519e+01
6.634823196605374562e+01
6.639971988795518598e+01
6.780773420479302160e+01
6.798398369248690187e+01
6.687108953613808637e+01
6.743125000000000568e+01
6.688216145833332860e+01
6.633557422969187201e+01
6.641758881770529399e+01
6.638983585858585457e+01
6.647821969696970257e+01
6.644791666666667140e+01
6.631204481792717331e+01
6.647227595099936082e+01
6.609131652661064038e+01
6.592857142857143060e+01
6.693771626297578337e+01
6.678937432578209155e+01
6.678654630168898620e+01
6.717170698924731198e+01
6.653045923149015550e+01
6.633983692486896189e+01
6.632323820617355636e+01
6.638465974625144383e+01
6.649913494809688075e+01
6.636577086280055937e+01
6.652591729761211070e+01
6.651820728291316698e+01
6.646760961810467450e+01
6.642800565770862420e+01
6.667326732673267031e+01
6.645571428571427930e+01
6.639886845827439288e+01
6.663395457192778792e+01
6.660366919044845702e+01
6.671927781013395986e+01
6.656690240452616081e+01
6.693727272727272748e+01
6.681275480489225060e+01
6.666449787835927054e+01
6.673500576701269438e+01
6.657708628005657658e+01
6.681595806639487023e+01
6.676412347117064883e+01
6.677619047619047876e+01
6.697641234711706204e+01
6.674315666860803731e+01
6.743598300970873538e+01
6.778217821782178021e+01
6.696487721302112561e+01
6.693506115317414640e+01
6.712841284128413122e+01
6.685640138408304267e+01
6.660392156862745594e+01
6.670410183875530663e+01
6.679209919261822392e+01
6.673974540311174053e+01
6.677169755810533047e+01
6.680348034803481028e+01
6.740992647058823195e+01
6.713599301106580697e+01
