0.000000000000000000e+00
0.000000000000000000e+00
0.000000000000000000e+00
0.000000000000000000e+00
0.000000000000000000e+00
0.000000000000000000e+00
0.000000000000000000e+00
0.000000000000000000e+00
0.000000000000000000e+00
0.000000000000000000e+00
0.000000000000000000e+00
0.000000000000000000e+00
0.000000000000000000e+00
0.000000000000000000e+00
0.000000000000000000e+00
0.000000000000000000e+00
0.000000000000000000e+00
0.000000000000000000e+00
0.000000000000000000e+00
0.000000000000000000e+00
0.000000000000000000e+00
0.000000000000000000e+00
0.000000000000000000e+00
0.000000000000000000e+00
0.000000000000000000e+00
0.000000000000000000e+00
0.000000000000000000e+00
0.000000000000000000e+00
0.000000000000000000e+00
0.000000000000000000e+00
0.000000000000000000e+00
0.000000000000000000e+00
0.000000000000000000e+00
0.000000000000000000e+00
0.000000000000000000e+00
0.000000000000000000e+00
0.000000000000000000e+00
5.764851485148514598e+01
5.891606060606060424e+01
5.857750000000000057e+01
5.833305830583058338e+01
5.827420242024202679e+01
5.822617647058823565e+01
5.794002828854313947e+01
5.758823529411764497e+01
5.739842328684051154e+01
5.680375180375180122e+01
5.685510204081632679e+01
5.739624819624819452e+01
5.884036238675413699e+01
5.932656155245603458e+01
6.023711340206185838e+01
6.057812500000000000e+01
6.043035714285714022e+01
6.070345664038811151e+01
6.087780473013948068e+01
6.095922619047618696e+01
6.146604002425712565e+01
6.146289424860853501e+01
6.142055791388720110e+01
6.135474189675870349e+01
6.160043736332396236e+01
6.148199279711884913e+01
6.177835051546392009e+01
6.205839646464646364e+01
6.170404411764705799e+01
6.195422979797979934e+01
6.218391927083333570e+01
6.201167929292929415e+01
6.166070345664039110e+01
6.184650735294117396e+01
6.188725490196078738e+01
6.190846338535413906e+01
6.223413078149920352e+01
6.207828282828283051e+01
6.182352941176470296e+01
6.189768460575719899e+01
6.200588235294117823e+01
6.178273809523809490e+01
6.197640931372549034e+01
6.187440476190476346e+01
6.227409297052154358e+01
6.212421512421512659e+01
6.096875000000000000e+01
5.743581081081081408e+01
5.702488425925925952e+01
5.680698739977090383e+01
5.652892325315005451e+01
5.623544162719420569e+01
5.631242840778923409e+01
5.635966435185185475e+01
5.651458333333333428e+01
5.652648809523809348e+01
5.660000000000000142e+01
5.657112781954887026e+01
5.658706766917293152e+01
5.668303571428571530e+01
5.656725146198830600e+01
5.582066276803119109e+01
5.651182033096926460e+01
5.671609022556391011e+01
5.638577524893314319e+01
5.677954887218044888e+01
5.688330827067669304e+01
5.697457107843137436e+01
5.666255639097744279e+01
5.667789473684210577e+01
5.590367428003972350e+01
5.704241486068111300e+01
5.688694852941176805e+01
5.668065476190476204e+01
5.664316109422492218e+01
5.655643274853801472e+01
5.664330827067669105e+01
5.659878419452887499e+01
5.668328267477203752e+01
5.688723404255318883e+01
5.708814589665653472e+01
5.680942249240121811e+01
5.689665653495440978e+01
5.597977582846004196e+01
5.683799392097264302e+01
5.663534278959810564e+01
5.641988304093567308e+01
5.595784600389863783e+01
5.612062062062062040e+01
5.593138219380226417e+01
5.574678899082568506e+01
5.595499262174126898e+01
5.616216216216216139e+01
5.623592342342342221e+01
5.595804369414101131e+01
5.592952765849962304e+01
5.594059153493115844e+01
5.619968553459119676e+01
5.615463917525773496e+01
5.622606981981981988e+01
5.647079037800687473e+01
5.594244958189867134e+01
5.600927318295739354e+01
5.617943716912789398e+01
5.588872762457668131e+01
5.648024054982818143e+01
5.638666666666666316e+01
5.659279279279279251e+01
5.812015888778550021e+01
5.881089743589743790e+01
5.930470521541950291e+01
5.937772050400916157e+01
6.023835978835978722e+01
6.016746031746031775e+01
5.996219931271477321e+01
5.979687935358038686e+01
5.974254667038172073e+01
5.983505154639175316e+01
5.993132928847214913e+01
5.968501611170783860e+01
5.976559956592512179e+01
5.998913346336026819e+01
6.002815315315315559e+01
5.997766133480418915e+01
5.998014340871483796e+01
6.002228009259259522e+01
6.030671296296296191e+01
6.046488095238095184e+01
6.037731481481481666e+01
6.042100694444444287e+01
6.036545138888888573e+01
6.006954887218044803e+01
6.034183673469387799e+01
6.029753722794959714e+01
6.022394043528063889e+01
6.023768613974799280e+01
6.022823596792668610e+01
6.027949599083619603e+01
6.041826215022091162e+01
6.006839492553778115e+01
6.009873138444567076e+01
6.045875420875420758e+01
6.031936017650303228e+01
6.068905895691609942e+01
6.071626984126984183e+01
6.062008978675645210e+01
6.052344180915609684e+01
6.270456553755522577e+01
6.240578465063001090e+01
6.217554410080182947e+01
6.241885125184094107e+01
6.220876288659793829e+01
6.223883161512027584e+01
6.267976190476190368e+01
6.309724157146837342e+01
6.307903780068728850e+01
6.253535353535353636e+01
6.254111111111111398e+01
6.253861003861003809e+01
6.229019929019928981e+01
6.232901268615554358e+01
6.248138602520045737e+01
6.265625920471281063e+01
6.257588774341351723e+01
6.271666666666666856e+01
6.271782032400589202e+01
6.284513805522208685e+01
6.292146755609460484e+01
6.248554421768707812e+01
6.277083946980854279e+01
6.270544918998527351e+01
6.275687285223367695e+01
6.314123774509803866e+01
6.267153493699885303e+01
6.254846938775510523e+01
6.244859292281972785e+01
6.257199546485260555e+01
6.258333333333333570e+01
6.256944444444444287e+01
6.275283446712018076e+01
6.341924198250728750e+01
6.282036582036582217e+01
