0.000000000000000000e+00
0.000000000000000000e+00
0.000000000000000000e+00
0.000000000000000000e+00
8.674254317111460466e+01
7.240432098765431590e+01
7.269786839666357992e+01
7.783623468729851425e+01
7.464792503346720309e+01
7.671683354192741433e+01
7.497285067873302467e+01
7.373351648351648180e+01
7.267625272331154918e+01
7.238562091503267482e+01
7.563743279569892763e+01
7.113246187363834849e+01
7.124094117647058511e+01
7.118790697674418766e+01
7.374159946236558483e+01
7.595136099955377063e+01
7.656765523632994075e+01
7.625345827755465677e+01
7.556719184430028236e+01
7.474343339587241530e+01
7.447138836772982984e+01
7.413461538461538680e+01
7.408220415537488179e+01
7.458813029897366675e+01
7.455329008341055896e+01
7.378937974118697696e+01
7.394308943089430386e+01
7.430863039399625336e+01
7.398030018761726012e+01
7.463676929941989613e+01
7.384709193245778636e+01
7.467870544090055773e+01
7.393304843304842677e+01
7.368292682926829684e+01
7.410131332082551125e+01
7.356233062330623795e+01
7.370450281425891603e+01
7.453660797034291363e+01
7.440634146341463406e+01
7.442682926829267842e+01
7.364007597340931000e+01
7.358974358974359120e+01
7.375046904315196628e+01
7.354742547425473731e+01
7.401923076923077360e+01
7.344986449864498468e+01
7.425579240037070861e+01
7.386856368563685749e+01
7.398499061913696551e+01
7.430216802168021673e+01
7.407877664504169957e+01
7.364681050656660943e+01
7.447173308619092325e+01
7.470551038843721869e+01
7.409936766034327604e+01
7.445041705282669398e+01
7.410162601626016965e+01
7.494043151969981409e+01
7.459756097560975263e+01
7.509211775878442552e+01
7.564747880410530456e+01
7.529502814258911769e+01
7.525703564727955097e+01
7.440785907859078918e+01
7.507786116322701275e+01
7.467976513098464864e+01
7.521909861668898145e+01
7.554878048780487632e+01
7.523667570009033057e+01
7.554663096831771441e+01
7.444670280036133647e+01
7.548368606701940564e+01
7.482384823848238398e+01
7.457709059233449977e+01
7.488843721770551554e+01
7.475323516287372172e+01
7.501893287435456159e+01
7.461759581881533165e+01
7.513227513227512588e+01
7.471530566711290078e+01
7.448824041811846541e+01
7.502925989672976925e+01
7.476528335564479733e+01
7.478092334494773752e+01
7.529941990182953759e+01
7.505756358768407210e+01
7.564498644986450415e+01
7.490766550522647549e+01
7.505226480836236647e+01
7.524189063948099943e+01
7.610052910052910136e+01
7.588775510204081343e+01
7.586181972789115946e+01
7.583928571428570820e+01
7.705925925925926379e+01
7.627380952380951840e+01
7.621737213403879707e+01
7.640476190476189799e+01
7.578306878306878502e+01
7.572664835164835040e+01
7.570250231696014964e+01
7.521463632307005298e+01
7.522845227062094864e+01
6.888975609756097640e+01
6.484104938271605079e+01
6.365869565217391113e+01
6.177010869565217632e+01
6.102554347826087167e+01
6.111420454545454817e+01
6.332444444444444542e+01
6.351646090534979550e+01
6.379475308641975317e+01
6.037173913043478279e+01
6.280199999999999960e+01
6.304583333333333428e+01
6.171576086956521578e+01
6.177469135802468969e+01
6.203935185185185475e+01
6.178742283950617065e+01
6.162183235867446740e+01
6.186931818181817988e+01
6.200644122383252466e+01
6.228717122920021154e+01
6.246484165324744708e+01
6.267149758454106490e+01
6.149090909090909207e+01
6.198389694041868125e+01
6.245884146341463605e+01
6.202405247813410938e+01
6.348096707818930184e+01
6.341432098765432102e+01
6.347447916666666856e+01
6.335802469135802539e+01
5.964147727272727195e+01
6.181086956521738784e+01
6.145340909090909065e+01
6.337448559670782089e+01
6.366666666666666430e+01
6.335158346752549363e+01
6.383160493827160309e+01
6.387088477366255290e+01
6.383413848631239773e+01
6.355761316872428068e+01
6.418827160493826511e+01
6.353315217391304515e+01
6.651250000000000284e+01
7.179317073170732044e+01
7.142172839506173432e+01
6.765361445783132410e+01
7.121827956989247355e+01
7.168536585365853853e+01
7.144090056285178036e+01
7.201204819277108982e+01
7.153429101019462166e+01
7.105440900562851425e+01
7.171455050973123946e+01
7.164365152919370416e+01
7.168860055607044046e+01
7.133677298311444304e+01
7.169170731707316691e+01
7.081519699812382385e+01
7.152038924930491248e+01
7.182622798887858551e+01
7.073358348968105247e+01
7.054541241890639469e+01
7.135414634146341939e+01
7.041463414634147000e+01
7.078048780487804947e+01
7.023911028730306327e+01
7.007270168855534109e+01
7.033853658536585840e+01
7.103001876172608320e+01
7.087813620071685250e+01
7.117092198581559614e+01
7.068422939068099708e+01
7.099397163120566745e+01
7.137210144927536248e+01
6.769394841269841834e+01
7.075376344086021163e+01
7.081254480286737873e+01
7.060434782608695059e+01
7.140292353823087979e+01
7.103856942496493332e+01
7.169756097560976116e+01
6.884999999999999432e+01
6.696180555555555713e+01
6.665625000000000000e+01
7.096881720430107521e+01
7.184157706093189688e+01
7.241347517730496008e+01
7.162943262411347689e+01
7.170041180507892875e+01
7.165487339576829129e+01
7.126811594202898448e+01
6.910343137254902501e+01
7.018055555555555713e+01
7.331205673758864805e+01
6.904096385542167980e+01
7.346479361775928396e+01
7.289825970548862699e+01
7.346246524559776958e+01
7.315009380863038757e+01
7.317651098901099260e+01
7.361775878442544752e+01
7.177349397590361946e+01
7.829332715477293902e+01
7.900238095238094616e+01
7.375627906976744441e+01
7.333906976744185613e+01
7.554734651404787371e+01
7.272529069767442422e+01
7.278870588235294292e+01
7.434407894736841627e+01
7.149793103448276099e+01
7.167906976744185954e+01
7.238139534883721637e+01
7.142604651162790219e+01
7.143435294117647061e+01
7.172376470588235975e+01
7.207670588235293962e+01
7.129999999999999716e+01
7.151858823529411779e+01
7.152047058823529824e+01
7.172232558139535286e+01
7.135388235294117010e+01
7.140047058823529369e+01
7.389524800554977446e+01
7.216517647058823570e+01
7.211011764705882854e+01
7.204094117647058226e+01
7.148046511627906341e+01
7.225920542635658705e+01
7.396196002578980710e+01
7.202635294117646936e+01
7.409568480300187332e+01
7.402958776595744439e+01
7.335248655913979121e+01
7.106352941176470495e+01
7.325070126227208789e+01
7.167529411764705571e+01
7.251960784313725128e+01
7.387701612903225623e+01
7.159623529411764764e+01
7.153364705882353292e+01
7.192282352941175816e+01
7.194447058823529062e+01
7.225484496124030898e+01
7.244476744186046346e+01
7.395944148936170848e+01
7.219023255813954165e+01
7.184847058823530119e+01
7.051576470588234713e+01
7.135952380952380736e+01
7.302751358695651618e+01
7.180139534883720387e+01
7.151152941176471245e+01
7.434407894736841627e+01
7.475831117021276384e+01
7.210562015503876410e+01
7.342401500938086656e+01
7.210164705882353076e+01
7.154697674418603981e+01
7.210279069767442195e+01
7.216894117647058238e+01
7.228752941176470870e+01
7.152564705882352314e+01
7.258447058823529119e+01
7.232139534883721410e+01
7.252470588235294713e+01
7.172094117647058908e+01
7.236790697674418027e+01
7.174479638009049154e+01
7.247023255813952858e+01
7.430817819148936110e+01
7.238258823529412211e+01
7.190399999999999636e+01
7.231152941176470961e+01
7.151482352941177112e+01
7.169458823529411973e+01
7.112658823529412189e+01
7.178164705882352337e+01
7.254313725490196418e+01
7.230697674418604493e+01
7.224903100775193820e+01
7.232883720930232130e+01
7.369951219512195451e+01
7.216133720930233153e+01
7.399490268767377188e+01
7.215395348837209610e+01
7.207581395348837816e+01
7.214486434108526680e+01
7.221534883720930509e+01
7.205910852713178372e+01
7.182745098039215748e+01
7.209302325581394655e+01
7.145082352941176396e+01
7.363929521276595835e+01
7.170465116279069662e+01
7.364539473684210691e+01
7.203544061302682167e+01
7.386677631578947967e+01
7.377831159917639070e+01
7.365236787920383676e+01
7.136367816091953387e+01
7.230890804597700594e+01
7.210804263565891858e+01
7.363718348942073533e+01
7.362148249828415203e+01
7.150917647058822979e+01
7.165891472868217704e+01
7.134000000000000341e+01
7.219282945736433987e+01
7.195302325581396019e+01
7.203052325581394655e+01
7.099132530120482443e+01
7.170736434108526680e+01
7.213284313725490904e+01
7.171225490196079022e+01
7.157813953488371794e+01
7.232279069767442081e+01
7.113788235294117612e+01
7.151619047619047365e+01
7.138627450980392553e+01
7.130494117647059227e+01
7.124941176470588289e+01
7.129835294117647493e+01
7.129348837209302303e+01
7.167009803921568789e+01
7.194864341085271064e+01
7.124751984126983473e+01
7.155833333333333712e+01
7.135285714285714675e+01
7.178305882352941580e+01
7.138476190476190197e+01
7.202917647058824002e+01
7.204376470588235293e+01
7.187000000000000455e+01
7.178476190476190766e+01
7.203199999999999648e+01
7.207009803921567936e+01
7.178000000000000114e+01
7.223982558139535115e+01
7.383958724202626911e+01
7.428626506024096443e+01
7.208042635658914321e+01
7.129142857142856826e+01
