9.149597423510466854e+01
9.068303571428570820e+01
8.996141975308641747e+01
8.988727858293076167e+01
8.907440476190475920e+01
8.875744047619048160e+01
8.877827380952381020e+01
8.901543209876543017e+01
8.912267080745341730e+01
8.903571428571429180e+01
8.914434523809524080e+01
8.943012422360249047e+01
8.857738095238094900e+01
8.950617283950617775e+01
8.890527950310558936e+01
8.898148148148148096e+01
8.928260869565217206e+01
8.958293075684379403e+01
8.967632850241545839e+01
8.930555555555555713e+01
8.933850931677018536e+01
8.917080745341614545e+01
8.934627329192547052e+01
8.936956521739129755e+01
8.961835748792270806e+01
8.957326892109500704e+01
8.922376543209875877e+01
8.908482142857143060e+01
8.906994047619048160e+01
8.904017857142856940e+01
8.979549114331723558e+01
8.949074074074074758e+01
8.921726190476189799e+01
8.978240740740740478e+01
8.960030864197530320e+01
8.961419753086420315e+01
8.955357142857143060e+01
8.957098765432098730e+01
9.016747181964572633e+01
9.008373590982286316e+01
8.985956790123456983e+01
8.982453416149068914e+01
8.974844720496894013e+01
8.965527950310558936e+01
8.947470238095237960e+01
8.982608695652173481e+01
9.001610305958132585e+01
8.920386904761905100e+01
8.969099378881988116e+01
8.970061728395062062e+01
9.007246376811593791e+01
8.999537037037036669e+01
9.024074074074074758e+01
9.064412238325282090e+01
