0.000000000000000000e+00
0.000000000000000000e+00
1.284770063788755294e+02
1.277285714285714278e+02
1.277585054226712202e+02
0.000000000000000000e+00
0.000000000000000000e+00
0.000000000000000000e+00
0.000000000000000000e+00
0.000000000000000000e+00
1.273959056712962905e+02
0.000000000000000000e+00
0.000000000000000000e+00
0.000000000000000000e+00
0.000000000000000000e+00
1.272833407506304724e+02
0.000000000000000000e+00
0.000000000000000000e+00
0.000000000000000000e+00
0.000000000000000000e+00
0.000000000000000000e+00
1.271685283018867949e+02
0.000000000000000000e+00
0.000000000000000000e+00
0.000000000000000000e+00
0.000000000000000000e+00
0.000000000000000000e+00
0.000000000000000000e+00
0.000000000000000000e+00
0.000000000000000000e+00
0.000000000000000000e+00
0.000000000000000000e+00
0.000000000000000000e+00
0.000000000000000000e+00
0.000000000000000000e+00
0.000000000000000000e+00
0.000000000000000000e+00
0.000000000000000000e+00
0.000000000000000000e+00
0.000000000000000000e+00
0.000000000000000000e+00
0.000000000000000000e+00
0.000000000000000000e+00
0.000000000000000000e+00
0.000000000000000000e+00
0.000000000000000000e+00
0.000000000000000000e+00
0.000000000000000000e+00
0.000000000000000000e+00
0.000000000000000000e+00
0.000000000000000000e+00
0.000000000000000000e+00
0.000000000000000000e+00
0.000000000000000000e+00
0.000000000000000000e+00
0.000000000000000000e+00
0.000000000000000000e+00
0.000000000000000000e+00
0.000000000000000000e+00
0.000000000000000000e+00
0.000000000000000000e+00
0.000000000000000000e+00
0.000000000000000000e+00
0.000000000000000000e+00
0.000000000000000000e+00
0.000000000000000000e+00
0.000000000000000000e+00
0.000000000000000000e+00
0.000000000000000000e+00
1.304640761904761916e+02
1.304304792429792315e+02
1.301811919736448147e+02
1.309675294117647013e+02
1.303795297993411282e+02
1.300297904761904704e+02
9.757885431400282528e+01
9.639184952978055776e+01
9.737500000000000000e+01
9.585482758620689481e+01
9.659415584415584988e+01
0.000000000000000000e+00
0.000000000000000000e+00
9.596133751306165038e+01
9.634559884559884324e+01
9.660568513119532952e+01
0.000000000000000000e+00
0.000000000000000000e+00
0.000000000000000000e+00
0.000000000000000000e+00
0.000000000000000000e+00
0.000000000000000000e+00
0.000000000000000000e+00
0.000000000000000000e+00
0.000000000000000000e+00
1.009423076923076934e+02
0.000000000000000000e+00
0.000000000000000000e+00
0.000000000000000000e+00
0.000000000000000000e+00
0.000000000000000000e+00
0.000000000000000000e+00
0.000000000000000000e+00
0.000000000000000000e+00
0.000000000000000000e+00
0.000000000000000000e+00
0.000000000000000000e+00
0.000000000000000000e+00
0.000000000000000000e+00
0.000000000000000000e+00
0.000000000000000000e+00
0.000000000000000000e+00
0.000000000000000000e+00
0.000000000000000000e+00
0.000000000000000000e+00
0.000000000000000000e+00
0.000000000000000000e+00
0.000000000000000000e+00
0.000000000000000000e+00
0.000000000000000000e+00
0.000000000000000000e+00
0.000000000000000000e+00
0.000000000000000000e+00
0.000000000000000000e+00
0.000000000000000000e+00
0.000000000000000000e+00
0.000000000000000000e+00
0.000000000000000000e+00
0.000000000000000000e+00
0.000000000000000000e+00
0.000000000000000000e+00
0.000000000000000000e+00
0.000000000000000000e+00
0.000000000000000000e+00
0.000000000000000000e+00
0.000000000000000000e+00
0.000000000000000000e+00
0.000000000000000000e+00
0.000000000000000000e+00
0.000000000000000000e+00
0.000000000000000000e+00
0.000000000000000000e+00
0.000000000000000000e+00
0.000000000000000000e+00
0.000000000000000000e+00
9.624380466472302942e+01
0.000000000000000000e+00
0.000000000000000000e+00
0.000000000000000000e+00
0.000000000000000000e+00
0.000000000000000000e+00
0.000000000000000000e+00
0.000000000000000000e+00
0.000000000000000000e+00
0.000000000000000000e+00
0.000000000000000000e+00
0.000000000000000000e+00
0.000000000000000000e+00
0.000000000000000000e+00
9.832666666666666799e+01
0.000000000000000000e+00
0.000000000000000000e+00
9.759131944444445139e+01
0.000000000000000000e+00
1.012302558398220214e+02
0.000000000000000000e+00
0.000000000000000000e+00
0.000000000000000000e+00
0.000000000000000000e+00
0.000000000000000000e+00
0.000000000000000000e+00
0.000000000000000000e+00
0.000000000000000000e+00
0.000000000000000000e+00
0.000000000000000000e+00
0.000000000000000000e+00
0.000000000000000000e+00
0.000000000000000000e+00
0.000000000000000000e+00
0.000000000000000000e+00
0.000000000000000000e+00
0.000000000000000000e+00
0.000000000000000000e+00
0.000000000000000000e+00
0.000000000000000000e+00
0.000000000000000000e+00
0.000000000000000000e+00
0.000000000000000000e+00
0.000000000000000000e+00
0.000000000000000000e+00
0.000000000000000000e+00
0.000000000000000000e+00
0.000000000000000000e+00
0.000000000000000000e+00
0.000000000000000000e+00
0.000000000000000000e+00
0.000000000000000000e+00
0.000000000000000000e+00
0.000000000000000000e+00
0.000000000000000000e+00
0.000000000000000000e+00
0.000000000000000000e+00
0.000000000000000000e+00
0.000000000000000000e+00
0.000000000000000000e+00
0.000000000000000000e+00
0.000000000000000000e+00
8.641194444444444400e+01
8.738424242424243005e+01
8.614732379438261489e+01
8.689531941808981230e+01
0.000000000000000000e+00
0.000000000000000000e+00
0.000000000000000000e+00
0.000000000000000000e+00
0.000000000000000000e+00
0.000000000000000000e+00
0.000000000000000000e+00
0.000000000000000000e+00
0.000000000000000000e+00
0.000000000000000000e+00
0.000000000000000000e+00
0.000000000000000000e+00
0.000000000000000000e+00
0.000000000000000000e+00
0.000000000000000000e+00
0.000000000000000000e+00
0.000000000000000000e+00
0.000000000000000000e+00
0.000000000000000000e+00
0.000000000000000000e+00
9.450714285714285268e+01
9.389996741609644459e+01
9.769741935483871487e+01
1.000558712121212182e+02
1.058145975887911305e+02
1.092104152005629771e+02
1.081230486685032162e+02
1.107774621212121247e+02
1.144859693877551052e+02
1.171616194865042786e+02
1.177980025773195933e+02
1.227057823129251659e+02
1.281660530191458065e+02
1.272197580645161281e+02
1.300164948453608247e+02
1.331030283080974357e+02
1.333867642168274017e+02
1.356866359447004697e+02
1.366965986394557717e+02
1.374722314599268316e+02
1.380384353741496568e+02
1.377119047619047478e+02
1.369629251700680186e+02
1.357796556122449090e+02
1.362534013605442169e+02
1.367874155705652299e+02
1.361393242772552981e+02
1.350418367346938737e+02
1.343723905723905716e+02
1.343531986531986604e+02
1.352061855670103228e+02
1.336619047619047649e+02
1.334149659863945487e+02
1.329821548821548731e+02
1.334744897959183731e+02
1.324336917562723954e+02
1.333740740740740875e+02
1.332903225806451530e+02
1.337438775510204039e+02
1.329779974489795791e+02
1.347364261168384871e+02
1.352426116838487928e+02
1.345011639507815175e+02
1.344639175257731836e+02
1.344789833822091794e+02
1.366118023462495614e+02
1.352493197278911623e+02
1.353333333333333428e+02
1.345966079148653023e+02
1.344229756418696411e+02
1.365195876288659917e+02
1.352718894009216513e+02
1.359653061224489932e+02
1.343276515151515014e+02
1.357557823129251631e+02
1.353654805453940924e+02
1.343031599736668795e+02
1.325940012368583893e+02
1.349305464121132445e+02
1.337664304123711361e+02
1.347989898989899018e+02
1.330825892857142776e+02
1.346313131313131350e+02
1.344449617559028809e+02
1.353145672061928337e+02
1.337271231073074489e+02
1.358172769285460504e+02
1.343244897959183675e+02
1.358755776750799953e+02
1.348993127147766415e+02
1.348903780068728508e+02
1.339579124579124709e+02
1.341517445687952659e+02
1.345882939807116827e+02
1.360526128688233314e+02
1.356171710063335638e+02
1.346653061224489818e+02
1.388100233100232970e+02
1.349788204626914307e+02
1.357850340136054399e+02
1.393084772370486633e+02
1.384426923076923117e+02
1.342632779406972929e+02
1.347070441079657712e+02
1.347360105332455475e+02
1.362412371134020646e+02
1.354367346938775540e+02
1.354034013605442226e+02
1.353787878787878753e+02
1.367836734693877645e+02
1.366555279061500130e+02
1.390944822373393777e+02
1.385271230826786280e+02
1.364802701741912472e+02
1.366704081632653072e+02
1.356649999999999920e+02
1.394110334110334009e+02
1.370275510204081684e+02
1.369727891156462647e+02
1.368343537414965851e+02
1.363104377104376965e+02
1.352258064516128968e+02
1.379379509379509443e+02
1.369257731958762747e+02
1.359585034013605309e+02
1.353077441077440994e+02
1.351033574720210595e+02
1.346391752577319494e+02
1.351369321922317397e+02
1.352320605661619481e+02
1.355147988027934787e+02
1.354562687063518354e+02
1.352679394338380519e+02
1.350587695133149566e+02
1.346972853535353636e+02
1.371738357625310982e+02
1.358227891156462590e+02
1.352840684660961017e+02
1.347028347996089792e+02
1.342282312925169947e+02
1.383519813519813511e+02
1.350197278911564638e+02
1.350467412771560305e+02
1.355882154882154964e+02
1.355887755102040728e+02
1.352697594501718186e+02
1.360483469605403570e+02
1.342218564845292974e+02
1.348504704301075208e+02
1.362814432989690658e+02
1.352342782665363359e+02
1.342771464646464779e+02
1.332889093137254974e+02
1.343169449598021004e+02
1.362402553763440949e+02
1.341924398625429546e+02
1.343967223252937515e+02
1.344217687074829826e+02
1.355280612244897895e+02
1.344270253555967827e+02
1.349804292929293013e+02
1.340673400673400693e+02
1.329169096209912482e+02
1.332786690433749186e+02
1.347997500781006011e+02
1.361517445687952659e+02
1.343149678604223993e+02
1.337400960384153734e+02
1.345979381443299019e+02
1.355808634020618513e+02
1.352032860824742215e+02
1.342486085343228126e+02
1.357245489690721740e+02
1.349234614183067720e+02
1.356787109375000000e+02
1.363008558262014560e+02
1.359194587628865918e+02
1.358321520618556804e+02
1.353403125000000102e+02
1.355349412492269607e+02
1.365421329822251550e+02
1.344447779111644650e+02
1.365737327188940071e+02
1.345054578532443941e+02
1.361775128865979241e+02
1.346869747899159790e+02
1.363057345360824684e+02
1.363269974226804209e+02
1.352784090909090935e+02
1.348587022437841085e+02
1.347421271538918575e+02
1.352914165666266513e+02
1.348420254699818202e+02
1.348183747725894364e+02
1.342605042016806749e+02
1.363704896907216551e+02
1.372792440534375942e+02
1.345852272727272805e+02
1.355923149015932552e+02
1.359703443877550910e+02
1.354754464285714164e+02
1.368326822916666572e+02
1.355007810059356359e+02
1.379113402061855709e+02
1.359706829896907152e+02
1.369374792151646147e+02
1.349451593137254974e+02
1.354323648859731293e+02
1.362063137755102105e+02
1.367648387096774059e+02
1.376942067149440447e+02
1.338298319327731178e+02
1.373900897904888723e+02
1.359365433673469283e+02
1.361960227272727195e+02
1.352861605748203715e+02
1.369088215931533909e+02
1.359202806122449090e+02
1.367983247422680506e+02
1.356163015463917532e+02
1.378434201266713615e+02
1.382879725085910536e+02
1.367190721649484431e+02
1.359513530927835063e+02
1.354591836734693970e+02
1.364276147959183731e+02
1.382288306451612812e+02
1.361009059668853354e+02
1.377080146325241117e+02
1.367159090909090935e+02
1.363355201499531404e+02
1.359024234693877418e+02
1.368660714285714164e+02
1.368852040816326507e+02
1.364739144017494539e+02
1.359878826530612344e+02
1.375231958762886677e+02
1.356255306246209784e+02
1.353858169322086837e+02
1.369302172481895923e+02
1.360063131313131350e+02
1.360306288693385568e+02
1.360337752525252597e+02
1.355701530612244881e+02
1.369579124579124709e+02
1.347800000000000011e+02
1.331010533245556360e+02
1.325236998025016533e+02
1.364362573099415101e+02
1.305907258064516157e+02
1.339135338345864739e+02
1.357598440545808955e+02
1.341592261904762040e+02
1.347368827160493936e+02
1.294580645161290420e+02
1.297422647527910726e+02
1.315209850849809357e+02
1.305201499531396507e+02
1.299356451109028399e+02
1.294365335051546424e+02
1.281549515776319765e+02
1.296047538200339488e+02
1.296542338709677438e+02
1.289754704301075208e+02
1.301720469552457757e+02
1.325723558610156658e+02
1.316988721804511329e+02
1.316500771604938222e+02
1.306811487481590461e+02
1.304673539518900327e+02
1.313425925925925810e+02
1.296886160714285836e+02
1.303767951625094383e+02
1.308662131519274396e+02
1.290929824561403620e+02
1.286417657045840315e+02
1.281933593750000000e+02
1.276275773195876297e+02
1.281435546875000000e+02
1.287178268251273323e+02
1.275101429996674369e+02
1.305790816326530717e+02
1.308730158730158735e+02
1.319007064364207338e+02
1.296769759450171762e+02
1.294065860215053760e+02
1.279987373737373701e+02
1.294650537634408636e+02
1.277413903061224545e+02
1.297371710526315667e+02
1.313497983870967687e+02
1.283650154798761491e+02
1.289807449494949481e+02
1.297525252525252597e+02
1.296227904040404155e+02
1.291555349412492149e+02
1.306088435374149697e+02
1.306366723259762352e+02
1.299618169848584728e+02
