6.768379790940765872e+01
6.807498856881572635e+01
6.792994199018295376e+01
6.788139329805996169e+01
6.754172244533690161e+01
6.748493975903613773e+01
6.815751896474787941e+01
6.762466124661246170e+01
6.744120209059234128e+01
6.807273538598839480e+01
6.744625112917795207e+01
6.790334236675700197e+01
6.682864792503346507e+01
6.778000892458723570e+01
6.780455153949129965e+01
6.684832451499117667e+01
6.815961199294532946e+01
6.788903061224489477e+01
6.763409192324854757e+01
6.750379294957608067e+01
6.747320261437909039e+01
6.769312169312169658e+01
6.772199910754127927e+01
6.688507877664504520e+01
6.723733583489681109e+01
6.726242095754291483e+01
6.730849141824751314e+01
6.735600375234521664e+01
6.765103189493433433e+01
6.771396697902721939e+01
6.810027472527472980e+01
6.688693234476366456e+01
6.686359530261968587e+01
6.724765729585006113e+01
6.690316822846943978e+01
6.770309568480300300e+01
6.734448906738063556e+01
6.737840249888442656e+01
6.792095754290876641e+01
6.794868362338242207e+01
6.781626506024096557e+01
6.812092815707273985e+01
6.723076923076922640e+01
6.789069557362240914e+01
6.698968105065665668e+01
6.669376693766938047e+01
6.727219991075412509e+01
6.783221775992859648e+01
6.728335564480143205e+01
6.726149040606871665e+01
6.762962962962963331e+01
6.787460954930834589e+01
6.800401606425702994e+01
6.565755208333332860e+01
6.785037523452157870e+01
6.744578313253012425e+01
6.741734417344173380e+01
6.829763498438197189e+01
6.753262786596120293e+01
6.769230769230769340e+01
6.789558232931726423e+01
6.787830687830687282e+01
6.844498697916667140e+01
6.787760416666667140e+01
6.703922872340424988e+01
6.881480263157894228e+01
6.750537634408601662e+01
6.747751196172248456e+01
6.804210526315789309e+01
6.808478401031592853e+01
6.889361702127659726e+01
6.704517663043478137e+01
6.763960597826087451e+01
6.844018817204300831e+01
6.755319148936170848e+01
6.762634408602150415e+01
6.858244680851063890e+01
6.685891169762138020e+01
6.793044354838710319e+01
6.806686827956988850e+01
6.751243279569892763e+01
6.763795853269537872e+01
6.767752659574468055e+01
6.737717601547389279e+01
6.740888157894737276e+01
6.759075797872340274e+01
6.753546099290780091e+01
6.742263056092843954e+01
6.729754996776273401e+01
6.840791223404255561e+01
6.701499202551833889e+01
6.745412234042552768e+01
6.737886767610270056e+01
6.795521907216495094e+01
6.802826737612238617e+01
6.912467447916667140e+01
6.752943969610636543e+01
6.699679487179487580e+01
7.000166500166500327e+01
6.954811854811855198e+01
7.023260869565217490e+01
6.648214285714286120e+01
6.929002389486259972e+01
6.738426966292135489e+01
