7.759220297029702351e+01
7.800894282976685190e+01
7.721902190219022089e+01
7.765934405940593876e+01
7.749102722772276763e+01
7.852389705882353610e+01
7.798143564356435320e+01
7.800903225806452213e+01
7.795266089108910990e+01
7.799195544554454784e+01
7.774917491749174303e+01
7.670491320976758232e+01
7.720540048543689693e+01
7.788928892889289557e+01
7.905078249760460096e+01
7.911721494730117854e+01
7.717917034421888900e+01
7.827450980392157476e+01
7.796565594059406124e+01
7.788508850885088464e+01
7.811305147058823195e+01
7.789975247524752433e+01
7.733093750000000455e+01
8.222856221792392262e+01
8.244967105263157237e+01
8.403220917014020586e+01
8.393368700265251903e+01
8.394202349374762662e+01
8.340073260073259576e+01
8.339340659340659556e+01
8.204029658284977700e+01
8.345641025641025124e+01
8.341925925925926322e+01
8.192778852353320929e+01
8.254385964912280826e+01
8.350925925925925242e+01
8.348995831754452013e+01
8.346190476190476204e+01
8.348864468864468336e+01
8.343186813186812856e+01
8.408829101932549577e+01
8.357985347985348312e+01
8.359304029304028916e+01
8.353003663003663348e+01
8.360073260073259860e+01
8.343260073260073284e+01
8.340915750915750948e+01
8.237735247208931355e+01
8.230781499202551288e+01
8.391684981684981892e+01
8.386556776556776072e+01
8.401538461538461888e+01
8.447740740740741217e+01
8.504999999999999716e+01
8.584269662921347788e+01
8.601048689138576719e+01
8.594204545454545041e+01
8.594545454545455243e+01
8.601704545454545325e+01
8.664420062695924685e+01
8.609118773946360648e+01
8.614252873563218316e+01
8.646287878787879322e+01
8.625113636363636260e+01
8.643716475095784801e+01
8.513722826086956275e+01
8.632386363636364024e+01
8.617078651685393709e+01
8.627191011235954932e+01
8.623970037453183579e+01
8.651332288401253834e+01
8.601573033707865079e+01
8.573108614232209845e+01
8.583183520599250471e+01
8.595430711610487151e+01
8.562007575757576205e+01
8.569925925925926435e+01
8.439165852069078255e+01
8.537481481481481183e+01
8.554719101123595237e+01
8.527296296296296418e+01
8.532296296296296134e+01
8.529850187265917327e+01
8.531460674157303004e+01
8.514981273408240270e+01
8.517940074906367443e+01
8.517191011235955500e+01
8.513033707865169220e+01
8.510337078651684806e+01
8.482471910112359126e+01
8.450222222222221546e+01
8.510740740740740762e+01
8.498999999999999488e+01
8.439370370370370722e+01
8.494888888888888800e+01
8.480370370370370381e+01
8.476962962962963388e+01
8.472888888888888914e+01
8.459703703703704036e+01
8.433857677902621219e+01
8.439740740740741387e+01
8.505134099616857668e+01
8.452407407407407902e+01
8.415839072127582199e+01
8.470149812734082673e+01
8.428726591760299414e+01
8.460561797752808388e+01
8.407999999999999829e+01
8.402444444444444116e+01
8.443445692883895504e+01
8.308960573476701938e+01
8.502247191011235827e+01
8.401814814814814270e+01
8.386776556776557356e+01
8.428426966292134637e+01
8.389518518518518420e+01
8.416704119850187737e+01
8.385074074074074701e+01
8.369101123595505953e+01
8.264228723404255561e+01
8.395384615384615756e+01
8.395347985347984832e+01
8.393589743589743080e+01
8.394578754578753887e+01
8.390952380952380452e+01
8.396080586080586272e+01
8.399222222222222456e+01
8.390952380952380452e+01
8.448505747126436916e+01
8.476885183781735122e+01
8.424962962962962365e+01
8.372917405175469696e+01
8.410777777777778397e+01
8.434761904761904816e+01
8.281192358366271833e+01
8.230883301096066873e+01
8.406518518518518590e+01
8.415833333333333144e+01
8.258929722759509673e+01
8.387481481481481183e+01
8.402777777777777146e+01
8.407037037037036953e+01
8.286718246292714696e+01
8.400370370370370665e+01
8.430329670329670932e+01
8.426520146520147136e+01
8.289361702127659726e+01
8.402222222222222570e+01
8.452740740740740932e+01
8.427069597069596796e+01
8.404322344322343952e+01
8.381254480286737873e+01
8.276918117343649328e+01
8.457074074074074588e+01
8.390769230769230091e+01
8.381978021978021332e+01
8.376111111111110574e+01
8.393777777777778226e+01
8.375259259259259181e+01
8.365714285714285836e+01
8.379592592592592837e+01
8.367555555555556168e+01
8.393330807123911086e+01
8.384615384615383959e+01
8.378315018315018392e+01
8.386169003410383027e+01
8.347444444444444400e+01
8.253242098403389093e+01
8.419296296296296589e+01
8.347545787545787732e+01
8.356333333333333258e+01
8.238579341805147749e+01
8.370629629629630131e+01
8.225950999355254112e+01
8.356700626959248268e+01
8.331337627889351438e+01
8.338478260869565872e+01
8.194261766602191699e+01
8.326037037037036725e+01
8.390197597830298548e+01
8.349814814814814667e+01
8.366556776556777208e+01
8.322407407407406765e+01
8.253803997421019290e+01
8.208704061895551263e+01
8.382051282051281760e+01
8.338925925925926208e+01
8.369533914361500138e+01
8.311296296296296759e+01
8.301888888888889539e+01
8.306481481481480955e+01
8.305592592592591927e+01
8.335592592592593064e+01
8.325164835164835608e+01
8.343992673992673303e+01
8.181020733652312060e+01
8.178915470494418116e+01
8.297185185185185219e+01
8.296593406593406428e+01
8.301575091575091392e+01
8.356283524904215199e+01
8.357408109132246921e+01
8.157511283043197636e+01
8.352898825312618669e+01
8.187201805286912304e+01
8.136420525657071323e+01
8.318814814814814440e+01
8.220470664087685009e+01
8.302307692307692832e+01
8.349185297461158939e+01
8.322555555555555884e+01
8.351532567049808620e+01
8.350587343690791897e+01
8.302454212454212268e+01
8.297318840579710297e+01
8.306300366300366989e+01
8.298840579710144993e+01
8.332710622710622772e+01
8.311428571428571388e+01
8.313956043956044084e+01
8.172203947368420529e+01
8.177416267942584227e+01
8.243284574468084713e+01
8.280053191489361097e+01
8.249057971014492807e+01
8.343160287987873858e+01
8.252490842490843193e+01
8.337777777777777999e+01
8.335581659719591130e+01
8.296813186813186292e+01
8.210953947368420813e+01
8.170239234449761057e+01
8.213815789473683537e+01
8.304652014652015168e+01
8.178014184397163433e+01
8.366540356195528716e+01
8.305384615384615188e+01
8.146067053513861822e+01
8.305494505494505120e+01
8.167053513862023806e+01
8.189295212765956933e+01
8.293150183150183352e+01
8.343046608563849986e+01
8.291282051282051668e+01
8.196746411483253780e+01
8.356953391436150014e+01
8.197671451355661532e+01
8.215598086124401789e+01
8.227878787878788103e+01
8.378135657446001971e+01
8.372754831375520723e+01
8.201977671451355434e+01
8.371542250852596112e+01
8.317912087912087316e+01
8.177223851417399203e+01
8.371731716559303038e+01
8.328185185185185446e+01
8.325370370370370665e+01
8.334444444444444855e+01
8.326814814814814270e+01
8.318999999999999773e+01
8.300805860805860448e+01
8.314908424908425388e+01
8.289494680851063890e+01
8.147368421052631504e+01
8.229111842105263008e+01
8.175932953826692540e+01
8.373323228495642923e+01
8.349943160287988064e+01
