0.000000000000000000e+00
0.000000000000000000e+00
0.000000000000000000e+00
0.000000000000000000e+00
0.000000000000000000e+00
0.000000000000000000e+00
0.000000000000000000e+00
0.000000000000000000e+00
0.000000000000000000e+00
0.000000000000000000e+00
0.000000000000000000e+00
0.000000000000000000e+00
0.000000000000000000e+00
0.000000000000000000e+00
0.000000000000000000e+00
0.000000000000000000e+00
0.000000000000000000e+00
0.000000000000000000e+00
0.000000000000000000e+00
0.000000000000000000e+00
0.000000000000000000e+00
0.000000000000000000e+00
0.000000000000000000e+00
0.000000000000000000e+00
0.000000000000000000e+00
6.155499438832772086e+01
6.140044004400439803e+01
6.294481503941782563e+01
6.295613275613275306e+01
6.340168067226890969e+01
6.320393120393120512e+01
6.280781499202551998e+01
6.296375661375661537e+01
6.186991062562065480e+01
6.149280039721946167e+01
6.189710884353741704e+01
6.129372937293729251e+01
6.080315789473684163e+01
6.067289473684210321e+01
6.085162162162162502e+01
6.079060879060879330e+01
6.072054054054054006e+01
6.106200897867564237e+01
6.082746382746383063e+01
6.062871962871962950e+01
6.090250000000000341e+01
6.068222768222768337e+01
6.067021567021566852e+01
6.089618406285072894e+01
6.102182539682539897e+01
6.090055555555555600e+01
6.130102040816326792e+01
6.106377551020408134e+01
6.097335600907029374e+01
6.085000000000000142e+01
6.064482664482664376e+01
6.076711560044893190e+01
6.048459459459459708e+01
6.093073593073592775e+01
6.052189189189189022e+01
6.034064757827133718e+01
6.106102635228848641e+01
6.054742978272390275e+01
6.052755696873344249e+01
6.134295929592959595e+01
6.124827768945416295e+01
6.186756453423119950e+01
6.048112706007442796e+01
5.911477761836442113e+01
5.990051020408163396e+01
6.073628173628173954e+01
5.938708156529938975e+01
6.104449904449904096e+01
5.986113861386138524e+01
6.055364455364455267e+01
6.048102648102648260e+01
6.008213716108453184e+01
6.015405405405405759e+01
5.954733009708737512e+01
6.004248366013072058e+01
6.071405405405405276e+01
5.979684418145956926e+01
5.961360083376758467e+01
6.021878751500599947e+01
5.937789473684210861e+01
5.903809523809523796e+01
5.924778530484627481e+01
5.922569179994922450e+01
5.935025641025641363e+01
5.935820512820512818e+01
6.027409227409227555e+01
5.997846889952153049e+01
5.966846153846153555e+01
5.973179487179487523e+01
5.994131578947368411e+01
6.005210526315789821e+01
6.012219906201146102e+01
5.984031480071084275e+01
5.990141896938013133e+01
6.042621621621621841e+01
6.048810810810810779e+01
6.025091193329859607e+01
6.043500000000000227e+01
6.075377562028047151e+01
6.075105263157895052e+01
6.065576820839978467e+01
6.087378378378378585e+01
6.036836760599136653e+01
6.017283653846153868e+01
6.052580971659919129e+01
6.062500000000000000e+01
6.061568525273580121e+01
6.076552631578947228e+01
6.065605263157894456e+01
6.052358974358974564e+01
6.070157894736841797e+01
6.069552631578947199e+01
6.067157894736842394e+01
6.071052631578947256e+01
6.066842105263157947e+01
