0.000000000000000000e+00
0.000000000000000000e+00
6.161395202020202078e+01
6.124707482993197516e+01
6.122451164035322790e+01
6.124189189189188909e+01
6.066753517457009082e+01
6.086162464985994092e+01
6.086421207658320753e+01
6.089003436426116878e+01
6.134807256235827566e+01
6.254807692307691980e+01
6.245582010582010923e+01
6.243063063063063112e+01
6.321485260770975145e+01
6.290562770562770822e+01
6.304058823529411626e+01
6.248592922819727136e+01
6.234083333333333599e+01
6.337076023391812640e+01
6.213589743589743364e+01
6.314570637119113883e+01
0.000000000000000000e+00
0.000000000000000000e+00
0.000000000000000000e+00
0.000000000000000000e+00
0.000000000000000000e+00
0.000000000000000000e+00
0.000000000000000000e+00
0.000000000000000000e+00
0.000000000000000000e+00
0.000000000000000000e+00
0.000000000000000000e+00
0.000000000000000000e+00
0.000000000000000000e+00
0.000000000000000000e+00
0.000000000000000000e+00
0.000000000000000000e+00
0.000000000000000000e+00
0.000000000000000000e+00
0.000000000000000000e+00
0.000000000000000000e+00
0.000000000000000000e+00
0.000000000000000000e+00
0.000000000000000000e+00
0.000000000000000000e+00
0.000000000000000000e+00
0.000000000000000000e+00
0.000000000000000000e+00
0.000000000000000000e+00
