8.894021739130434412e+01
8.912061711079944359e+01
8.858602150537635112e+01
8.821223958333332860e+01
8.879166666666667140e+01
8.912903225806451246e+01
8.885026041666667140e+01
8.929838709677419217e+01
8.884895833333332860e+01
8.905468750000000000e+01
8.935349462365591933e+01
8.944892473118279952e+01
8.972311827956988850e+01
8.995371669004207149e+01
8.988779803646563948e+01
9.007573632538569086e+01
8.962760416666667140e+01
8.963020833333332860e+01
9.009103260869565588e+01
9.024320652173912549e+01
9.048807854137447748e+01
9.071388499298737429e+01
9.088920056100981526e+01
9.054347826086956275e+01
8.934049773755656076e+01
9.080706521739129755e+01
9.088315217391304657e+01
9.095652173913043725e+01
9.115081521739129755e+01
9.134375000000000000e+01
8.964596949891067368e+01
9.157201086956521863e+01
9.127213541666667140e+01
9.075272727272727025e+01
9.067948717948718240e+01
9.106893004115225665e+01
