1.135981182795698885e+02
1.123674641148325293e+02
1.121422073984232810e+02
1.127619680851063890e+02
1.133853809196980080e+02
1.127259762308998319e+02
1.147644900953778375e+02
1.144136842105263128e+02
1.150733333333333377e+02
1.148301304049416558e+02
1.156681003584229330e+02
1.157429078014184398e+02
1.153766801075268802e+02
1.165904947916666714e+02
1.170582726326743028e+02
1.161582456140350814e+02
1.153005093378607739e+02
1.155164722031571785e+02
1.149494057724957514e+02
1.131381180223285554e+02
1.142536962365591364e+02
1.153575317604355774e+02
1.143961403508771895e+02
1.142877192982456194e+02
1.140326315789473739e+02
1.135076400679117086e+02
1.134455008488964296e+02
1.130378472222222257e+02
1.100425857843137294e+02
1.123720394736842110e+02
1.132468590831918505e+02
1.129522992450240224e+02
1.140924431401320618e+02
1.135198641765704650e+02
1.133174867021276526e+02
1.115766447368420984e+02
1.147224561403508716e+02
1.124675721561969510e+02
1.140197710718002071e+02
1.120950999355254680e+02
1.118519936204146745e+02
1.122449596774193594e+02
1.133222374742621810e+02
1.115940789473684163e+02
1.141203228173147437e+02
1.132910089224433818e+02
1.112952473958333286e+02
1.132134751773049715e+02
1.125041180507892875e+02
1.142835656639765176e+02
1.132014184397163064e+02
1.129028862478777597e+02
1.136522807017543926e+02
1.134145190562613408e+02
1.116368421052631561e+02
1.136517730496453851e+02
1.131352093342484579e+02
1.154953652206154970e+02
1.139124914207275197e+02
1.136104751994450197e+02
1.148405017921146936e+02
1.149161290322580697e+02
1.149867383512544734e+02
1.170305263157894728e+02
1.152872665534804781e+02
1.138357712765957501e+02
1.147297953520638174e+02
1.149385724090597165e+02
1.141157894736842167e+02
1.121848684210526272e+02
1.188262411347517684e+02
1.131017730496453879e+02
1.139132616487455181e+02
1.136747368421052613e+02
1.138682223747426150e+02
1.176117788461538396e+02
1.135891415994130540e+02
1.145359001040582712e+02
1.145311812179016897e+02
1.153229390681003537e+02
1.144449743213499602e+02
1.155495231107850316e+02
1.176573099415204666e+02
1.193451063829787273e+02
1.152229390681003593e+02
1.135239388794567077e+02
1.142177304964538962e+02
1.170512820512820582e+02
1.131263888888888829e+02
1.170534412955465626e+02
1.172758333333333383e+02
1.110974533106960962e+02
1.160267206477732742e+02
1.126209677419354875e+02
1.132247877758913432e+02
1.143305263157894700e+02
1.137250664893617085e+02
1.137371310912834588e+02
1.139200657894736821e+02
1.148842105263157833e+02
1.150172043010752674e+02
1.118484210526315792e+02
1.136516129032258107e+02
1.137604667124227831e+02
1.154466666666666725e+02
1.150891304347826036e+02
1.131180186170212778e+02
1.129016447368421012e+02
1.153166666666666629e+02
1.142471631205673788e+02
1.138182448838015972e+02
1.140738813735691934e+02
1.134028368794326269e+02
1.114558349451966421e+02
1.139820033955857355e+02
1.132982047872340416e+02
1.127486842105263207e+02
1.151315602836879464e+02
1.145215277777777771e+02
1.141337860780984670e+02
1.153911347517730519e+02
1.137280701754386030e+02
1.145199039121482514e+02
1.144094028826355469e+02
1.141358956760466725e+02
1.136417763157894711e+02
1.135168081494057759e+02
1.137568760611205363e+02
1.152648936170212721e+02
1.138037634408602088e+02
1.118972886762360446e+02
1.120041035353535364e+02
1.121959635416666714e+02
1.123157894736842053e+02
1.118570478723404307e+02
1.120706932052162017e+02
1.106885080645161281e+02
1.118177083333333286e+02
1.111013157894736878e+02
1.119212224108658802e+02
1.117819444444444485e+02
1.113045840407470308e+02
1.115838815789473699e+02
1.114026315789473642e+02
1.106030560271646834e+02
1.115738539898132444e+02
1.101898026315789423e+02
1.112059025394646596e+02
1.134201388888888857e+02
1.119113752122241152e+02
1.123903225806451616e+02
1.130912280701754327e+02
1.116424731182795682e+02
1.104169779286927024e+02
1.107013157894736821e+02
1.105009868421052630e+02
1.113239533287577245e+02
1.127173083593478964e+02
1.124347975291695292e+02
1.120561835106382915e+02
1.126333680194242106e+02
1.145731182795698970e+02
1.128404255319148888e+02
1.136392646548734007e+02
1.138188057652711080e+02
1.127369791666666714e+02
1.133220394736842138e+02
1.125467105263157919e+02
1.147629764065335820e+02
1.119394946808510696e+02
1.143107526881720446e+02
1.141680851063829749e+02
1.121674342105263094e+02
1.128780984719864193e+02
1.128978494623655848e+02
1.129049059139784958e+02
1.137811307665626117e+02
1.146163339382940052e+02
1.149914720059325219e+02
1.149820788530466018e+02
1.135279255319148888e+02
1.141471774193548328e+02
1.140059649122807031e+02
1.145374056280027446e+02
1.143503295178633437e+02
1.137456781914893611e+02
1.134489247311827995e+02
1.152763440860215098e+02
1.145490734385724068e+02
1.146671242278654717e+02
1.129171052631578931e+02
1.138874327956989276e+02
1.147110215053763511e+02
1.157802867383512506e+02
1.143297872340425556e+02
1.139452284946236489e+02
1.145208333333333286e+02
1.151319148936170222e+02
1.149742621825669175e+02
1.146567375886524758e+02
1.141363031914893611e+02
1.144876458476321233e+02
1.152999313658201714e+02
1.136562500000000000e+02
1.144082880434782652e+02
1.122884856070087665e+02
1.152517730496453936e+02
1.138799861255636472e+02
1.137776315789473642e+02
1.138536502546689348e+02
1.154159231297186068e+02
1.159437275985663121e+02
1.119572755417956671e+02
1.148789455428373287e+02
1.154000701262272059e+02
1.151629881154499202e+02
1.150066030814380014e+02
1.156587813620071614e+02
1.145118279569892508e+02
1.139474734042553195e+02
1.141225120109814668e+02
1.145196491228070244e+02
1.151971631205673816e+02
1.140026595744680833e+02
1.143541595925297116e+02
1.130847739361702082e+02
1.152110501029512761e+02
1.149498207885304595e+02
1.133904569892473120e+02
1.149872340425531974e+02
1.142838596491228031e+02
1.133276315789473614e+02
1.134495755517826865e+02
1.121636420525657059e+02
1.147713261648745515e+02
1.140947151681537406e+02
1.132789473684210577e+02
1.144430336307481184e+02
1.142662627551020478e+02
1.135871710526315752e+02
1.139388794567062888e+02
1.129848684210526386e+02
1.144831846259437214e+02
1.147389473684210515e+02
1.129135638297872362e+02
1.130516746411483240e+02
1.140533106960950818e+02
1.148561403508771974e+02
1.153815602836879464e+02
1.138687719298245611e+02
1.154106382978723389e+02
1.143222446236559193e+02
1.140563667232597567e+02
1.144879432624113491e+02
1.138709677419354875e+02
1.133689087165408438e+02
1.154478723404255334e+02
1.137511035653650282e+02
1.137191850594227560e+02
1.136528368794326269e+02
1.146659574468085054e+02
1.149750550256786568e+02
1.130415236787920321e+02
1.133579861111111171e+02
1.121534722222222200e+02
1.124287634408602088e+02
1.113939393939393909e+02
1.140624787775891349e+02
1.135686341798215580e+02
1.138560527228581378e+02
1.142007168458781337e+02
1.141817543859649078e+02
1.127446808510638334e+02
1.132755376344086073e+02
1.141326164874551949e+02
1.124160156250000000e+02
1.139719298245613999e+02
1.144294138050641720e+02
1.123790322580645125e+02
1.124837101063829721e+02
1.135531914893617085e+02
1.114920203735144355e+02
1.109716312056737593e+02
1.106220703125000000e+02
1.117333562113932715e+02
1.112940789473684191e+02
1.123174872665534849e+02
1.117500000000000000e+02
1.120285904255319167e+02
1.107158203125000000e+02
1.127445614035087686e+02
1.120835526315789537e+02
1.137131460284425941e+02
1.129521276595744723e+02
1.123870967741935516e+02
1.113979626485568701e+02
1.120037748798901873e+02
1.102434210526315752e+02
1.109894736842105232e+02
1.109741935483870918e+02
1.101918505942275033e+02
1.097164274322169035e+02
1.115645161290322562e+02
1.106807795698924792e+02
1.113925297113752180e+02
1.099049613402061851e+02
1.122350694444444485e+02
1.116111111111111143e+02
1.118070175438596436e+02
1.110631578947368467e+02
1.110791171477079757e+02
1.122197916666666657e+02
1.118926994906621388e+02
1.126982456140350877e+02
1.122225694444444457e+02
1.112053091397849443e+02
1.127505263157894717e+02
1.130003591954022966e+02
1.111555178268251325e+02
1.124645614035087675e+02
1.120607017543859598e+02
1.111385398981324215e+02
1.124715277777777800e+02
1.118632392473118244e+02
1.126065188172043037e+02
1.122367879203843444e+02
1.131870281400137230e+02
1.124159592529711347e+02
1.130980718085106389e+02
1.141577402787967657e+02
1.129728894989704884e+02
1.134712280701754423e+02
1.139709219858156075e+02
1.135042105263157879e+02
1.141978221415607919e+02
1.140134751773049686e+02
1.131736842105263179e+02
1.124578947368421069e+02
1.130186757215619764e+02
1.120373514431239386e+02
1.124574468085106389e+02
1.141571929824561380e+02
1.135695456122095095e+02
1.130000000000000000e+02
1.137189473684210554e+02
1.145119667013527618e+02
1.124990131578947370e+02
1.136187998612556385e+02
1.140048043925875021e+02
1.144443288241415217e+02
1.145463280713795484e+02
1.146471631205673702e+02
1.142844259451959772e+02
1.130821731748726648e+02
1.136413864104323892e+02
1.137992982456140396e+02
1.142127659574468055e+02
1.137429435483871032e+02
1.121404366243075970e+02
1.131229202037351484e+02
1.138734767025089667e+02
1.119208931419457684e+02
1.135003431708991144e+02
1.137835087719298315e+02
1.144226950354609897e+02
1.143609929078014176e+02
1.138553480475382003e+02
1.121740591397849443e+02
1.122130376344086073e+02
1.138968421052631612e+02
1.114564796905222437e+02
1.144478380233356205e+02
1.135298558682223700e+02
1.140541103017689863e+02
1.135874335106382915e+02
1.137769389155799615e+02
1.120478468899521545e+02
1.126943907156673106e+02
1.120644736842105260e+02
1.152792114695340473e+02
1.129009868421052687e+02
1.134960950764006782e+02
1.142172043010752702e+02
1.147819148936170279e+02
1.134818119423472922e+02
1.137042553191489418e+02
1.126194234728894941e+02
1.112198142414860627e+02
1.133392299687825187e+02
1.149589836660617124e+02
1.135051475634866165e+02
1.135882978723404193e+02
1.116508704061895543e+02
1.135096087851750184e+02
1.137266736038848478e+02
1.147942039618488650e+02
1.131533125216788136e+02
1.143381535038932100e+02
1.122405913978494567e+02
1.140754990925589851e+02
1.142840192806822444e+02
1.120273026315789480e+02
1.135046099290780148e+02
1.129268123482483475e+02
1.151716722284019312e+02
1.138750877192982500e+02
1.125195246179966091e+02
1.133037417461482050e+02
1.137385984427141210e+02
1.118575268817204318e+02
1.132418439716312122e+02
1.128524305555555571e+02
1.129763212079615613e+02
1.131861702127659584e+02
1.121077127659574444e+02
1.136304659498207883e+02
1.144083484573502716e+02
1.121152482269503565e+02
1.138494623655913927e+02
1.116533106960950761e+02
1.115269949066213968e+02
1.124378947368421109e+02
1.123477192982456074e+02
1.121063829787234027e+02
1.124043557168783991e+02
1.115391447368421041e+02
1.120414893617021335e+02
1.120003546099290759e+02
1.112668930390492363e+02
1.119627659574468055e+02
1.112177309782608745e+02
1.103529605263157833e+02
1.107553191489361666e+02
1.103236842105263094e+02
1.103073005093378640e+02
1.103572156196944007e+02
1.101402321083172211e+02
1.128691406250000000e+02
1.101315104166666714e+02
1.110319078947368467e+02
1.115322580645161281e+02
1.097998065764023181e+02
1.123028673835125488e+02
1.118968421052631612e+02
1.123817543859649106e+02
1.110166223404255277e+02
1.115195607412491370e+02
1.113989813242784379e+02
1.111609042553191529e+02
1.111170212765957501e+02
1.098476562500000000e+02
1.095973091364205203e+02
1.105061250805931650e+02
1.111781056966369192e+02
1.107783094098883510e+02
1.117008488964346355e+02
1.115079787234042499e+02
1.114730718085106389e+02
1.120867152271938920e+02
1.116220079787234027e+02
1.111846889952153106e+02
1.124207422823447757e+02
1.122788761706555647e+02
1.108863031914893611e+02
1.118743633276740184e+02
1.131914672216441176e+02
1.121105010295126903e+02
1.125446122168840049e+02
1.123157172271791353e+02
1.127215619694397333e+02
1.123654770075497566e+02
1.124289636238846981e+02
1.123825431034482705e+02
1.124371997254632873e+02
1.114212101063829721e+02
1.114232047872340416e+02
1.119059175531914860e+02
1.135361702127659527e+02
1.128027164685908303e+02
1.129469302809573321e+02
1.117204301075268802e+02
1.128057724957555195e+02
1.139879432624113491e+02
1.144824717765894206e+02
1.121802561699468868e+02
1.129069148936170279e+02
1.137701188455008463e+02
1.125189494680851112e+02
1.125216090425531945e+02
1.114785500498836086e+02
1.125205432937181627e+02
1.117533602150537604e+02
1.127018675721562033e+02
1.113327792553191529e+02
1.134385724090597165e+02
1.113331117021276526e+02
1.118333333333333286e+02
1.143581642833388798e+02
1.136077003121748135e+02
1.130365248226950285e+02
1.118561827956989276e+02
1.108013157894736906e+02
1.107418619791666714e+02
1.116460526315789537e+02
1.111945564516128968e+02
1.108250000000000028e+02
1.099214015151515156e+02
1.104047846889952211e+02
1.110016108247422721e+02
