6.232312223858615852e+01
6.233035714285714590e+01
6.182936507936508264e+01
6.227010804321728443e+01
6.208163265306122724e+01
6.223004418262150494e+01
6.200000000000000000e+01
6.247069219440353294e+01
6.235539358600583171e+01
6.230389610389610056e+01
6.263644314868804486e+01
6.256676384839650495e+01
6.257055393586006176e+01
6.253102453102452785e+01
6.276064139941691167e+01
6.267667638483965220e+01
6.275238095238095326e+01
6.276997084548104766e+01
6.258940758940759252e+01
6.286501457725947262e+01
6.281836734693877844e+01
6.263860252004582208e+01
6.239983282251323260e+01
6.285364431486880221e+01
6.286627393225331417e+01
6.315221346270467251e+01
6.269241898148148096e+01
6.253628117913832085e+01
6.266752577319587658e+01
6.256341189674522951e+01
6.265852974186307733e+01
6.306676384839650495e+01
6.303731778425655818e+01
6.278259637188208586e+01
6.285567010309278402e+01
6.283645124716553454e+01
6.307288629737609398e+01
6.280895691609977405e+01
6.307864506627393553e+01
6.313556851311953011e+01
6.260286817429674500e+01
6.311054994388327799e+01
6.301190476190475920e+01
6.284384384384384248e+01
6.312585034013605423e+01
6.299828178694158254e+01
6.266939666939666864e+01
6.284848484848485128e+01
6.286944444444444713e+01
6.271268237934904732e+01
6.286447811447811773e+01
6.326326530612244881e+01
