0.000000000000000000e+00
0.000000000000000000e+00
0.000000000000000000e+00
0.000000000000000000e+00
0.000000000000000000e+00
0.000000000000000000e+00
0.000000000000000000e+00
0.000000000000000000e+00
0.000000000000000000e+00
0.000000000000000000e+00
0.000000000000000000e+00
0.000000000000000000e+00
0.000000000000000000e+00
0.000000000000000000e+00
0.000000000000000000e+00
0.000000000000000000e+00
0.000000000000000000e+00
0.000000000000000000e+00
0.000000000000000000e+00
0.000000000000000000e+00
0.000000000000000000e+00
0.000000000000000000e+00
0.000000000000000000e+00
0.000000000000000000e+00
0.000000000000000000e+00
0.000000000000000000e+00
0.000000000000000000e+00
0.000000000000000000e+00
0.000000000000000000e+00
0.000000000000000000e+00
0.000000000000000000e+00
0.000000000000000000e+00
0.000000000000000000e+00
0.000000000000000000e+00
0.000000000000000000e+00
0.000000000000000000e+00
0.000000000000000000e+00
0.000000000000000000e+00
0.000000000000000000e+00
0.000000000000000000e+00
0.000000000000000000e+00
0.000000000000000000e+00
0.000000000000000000e+00
0.000000000000000000e+00
0.000000000000000000e+00
0.000000000000000000e+00
0.000000000000000000e+00
0.000000000000000000e+00
0.000000000000000000e+00
0.000000000000000000e+00
9.283435897435897743e+01
9.309649122807017818e+01
7.584794275491950089e+01
7.693376906318083286e+01
7.839084967320260944e+01
7.870125223613595722e+01
7.839362618432386398e+01
7.752280858676208197e+01
7.645116279069767984e+01
7.604093023255813932e+01
7.641290893015030861e+01
7.837398373983739930e+01
7.863676929941989613e+01
7.888888888888888573e+01
7.892681838464970667e+01
7.962511584800741105e+01
7.980990629183399676e+01
7.964001806684733253e+01
7.944667559125390710e+01
7.969043151969981409e+01
7.948148148148148096e+01
7.926639892904952944e+01
7.914323962516733957e+01
7.938018741633199227e+01
7.810307898259705439e+01
7.784114234716643921e+01
7.795403837572511918e+01
7.740116019634092481e+01
7.774074074074074758e+01
7.767389340560072242e+01
7.798881239242685126e+01
7.760585197934595669e+01
7.756712564543889243e+01
7.746167247386759414e+01
7.751893287435456159e+01
7.756537260151718272e+01
7.757831325301204117e+01
7.759526996876394378e+01
7.775368139223560604e+01
7.725129087779690451e+01
7.792190986166889388e+01
7.812092815707273985e+01
7.732314974182443734e+01
7.792151675485008866e+01
7.775278893351182319e+01
7.751360999553770625e+01
7.866885553470919490e+01
7.876126729138776739e+01
7.858902275769744961e+01
7.763818027210884054e+01
7.848505131637661236e+01
7.865684962070504582e+01
7.848862115127175798e+01
7.847883597883597417e+01
7.717239858906525285e+01
7.648415885765282951e+01
7.759846431797650723e+01
7.780077452667813986e+01
7.857117358322177836e+01
7.792190986166889388e+01
7.835296742525657976e+01
7.833410565338276399e+01
7.837661758143686086e+01
7.869611780455153394e+01
7.893635531135531380e+01
