1.130502546689303927e+02
1.113061224489795933e+02
1.113420013166556970e+02
1.115796370967741922e+02
1.122267839687194595e+02
1.136754643206256077e+02
1.114945578231292558e+02
1.110015782828282767e+02
1.142120274914089322e+02
1.122618556701030883e+02
1.135042444821731777e+02
1.130463815789473614e+02
1.119507087628865918e+02
1.115579427083333286e+02
1.106989795918367321e+02
1.106279819471308770e+02
1.113402777777777715e+02
1.102722293814432959e+02
1.089753787878787818e+02
1.111187500000000057e+02
1.097128906250000000e+02
1.081515151515151558e+02
1.104657894736842110e+02
1.138424613402061851e+02
1.126458476321207911e+02
1.121243279569892479e+02
1.139905626134301286e+02
1.119217069892473120e+02
1.119436332767402433e+02
1.153847953216374265e+02
1.101708984375000000e+02
1.103897926634768680e+02
1.106240131578947370e+02
1.096466729147141450e+02
1.105492912371134082e+02
1.093879419191919169e+02
1.110265456989247355e+02
1.111100169779286944e+02
1.117151681537405636e+02
1.112476973684210577e+02
