1.145501718213058382e+02
1.151803751803751794e+02
1.121033415841584144e+02
1.146287825475017570e+02
1.106843137254901990e+02
1.119096200980392126e+02
1.116963696369636949e+02
1.115619561956195582e+02
1.127821691176470580e+02
1.128915626856803271e+02
1.142142110762800371e+02
1.118295847750865022e+02
1.138587096774193554e+02
1.120088235294117709e+02
1.171922222222222274e+02
1.133403225806451644e+02
1.122378125000000040e+02
1.121137499999999960e+02
1.150530612244897952e+02
1.112539312754804826e+02
1.120153015301530104e+02
1.125703225806451684e+02
1.122972145699418434e+02
1.123576388888888857e+02
1.121355198019801946e+02
1.119305714285714259e+02
1.122146464646464636e+02
1.131241446725317701e+02
1.121837871287128650e+02
1.139546470776109857e+02
1.116660782583112734e+02
1.171752577319587658e+02
1.115812672176308524e+02
1.128145975887911305e+02
1.129921085858585883e+02
1.128690624999999983e+02
1.124869911233547555e+02
1.126958064516129099e+02
1.121090624999999932e+02
1.124232954545454533e+02
1.121419294990723614e+02
1.160416666666666714e+02
1.181364661654135375e+02
1.170337499999999977e+02
1.178954887218045116e+02
1.136833333333333371e+02
1.138008558262014418e+02
1.141448979591836803e+02
1.139407504937458810e+02
1.127978933508887422e+02
1.137175773535220600e+02
1.122670454545454533e+02
1.126991376557010511e+02
1.132130681818181870e+02
1.116384374999999949e+02
1.117903124999999989e+02
1.116737499999999983e+02
1.119858064516129019e+02
1.128148387096774172e+02
1.134965786901270803e+02
1.130565314595975792e+02
1.127246875000000017e+02
1.140309996516893136e+02
1.126406250000000000e+02
1.138443877551020478e+02
1.127929292929292870e+02
1.107256843331391991e+02
1.140264516129032302e+02
1.124580645161290278e+02
1.132080645161290278e+02
1.122887096774193481e+02
1.115659034653465369e+02
1.121647691334598420e+02
1.126467582242095204e+02
1.141345168999658597e+02
1.133480645161290283e+02
1.123440656565656610e+02
1.128572825024437947e+02
1.123443749999999994e+02
1.140398886827458256e+02
1.157508591065292052e+02
1.155446908602150557e+02
1.149894736842105232e+02
1.154465986394557859e+02
1.117267156862745168e+02
1.140143369175627299e+02
1.167959183673469425e+02
1.140653061224489733e+02
1.140521342456826375e+02
1.118112373737373701e+02
1.173809523809523796e+02
1.136668965517241361e+02
1.167284226190476204e+02
1.121631944444444429e+02
1.112727272727272663e+02
1.124106249999999960e+02
1.176625693893735161e+02
1.139912457912457882e+02
1.148323232323232332e+02
1.163173821252639044e+02
1.173987481590574333e+02
1.130092474489795933e+02
1.137953826691967123e+02
1.118796969696969654e+02
1.120669696969696929e+02
1.092139941690962104e+02
1.151620370370370381e+02
1.147047422680412438e+02
1.152183493589743648e+02
1.155167010309278339e+02
1.166917894736842101e+02
1.158995833333333394e+02
1.143180603283696115e+02
1.148721955128205110e+02
0.000000000000000000e+00
0.000000000000000000e+00
1.143710488505747094e+02
1.143334586466165348e+02
1.130301270417422899e+02
1.135484573502722299e+02
1.137250744047618980e+02
1.126007017543859661e+02
1.125646551724137936e+02
1.144314903846153868e+02
1.140672012218403921e+02
1.118175287356321803e+02
1.119535147392290213e+02
1.115930316091954069e+02
1.124381443298969003e+02
1.131672394043528129e+02
1.120963384287237830e+02
1.141558084772370449e+02
1.133079446064139972e+02
1.147434135166093938e+02
1.133212396069538954e+02
1.111476554705686794e+02
1.132815570672713505e+02
1.108890034364261226e+02
1.135400604686318928e+02
1.131573119511263883e+02
1.117044460641399439e+02
1.134027777777777715e+02
1.134784226190476204e+02
1.142247596153846132e+02
1.131085343228200344e+02
1.132218855218855253e+02
1.127278350515463927e+02
1.136674225245653815e+02
1.127671130952381020e+02
1.112641308211873508e+02
1.117130028735632123e+02
1.120316091954022966e+02
1.103890034364261226e+02
1.122330633284241515e+02
1.122741504390988894e+02
1.119605654761904816e+02
1.115559465165376452e+02
1.119461206896551744e+02
1.130883652430044179e+02
1.128770523100420036e+02
1.133879343260786499e+02
1.126745213549337308e+02
1.126067746686303366e+02
1.120872844827586192e+02
1.124096850861556760e+02
1.123039974210186926e+02
1.105083816892327491e+02
1.133909889270714046e+02
1.132223858615611221e+02
1.140452586206896513e+02
1.105187074829931930e+02
1.127662002945508135e+02
1.126368102796674293e+02
1.113338073231425511e+02
1.112725085910652894e+02
1.141080246913580254e+02
1.132879234167893969e+02
1.140760030864197461e+02
1.137611882716049365e+02
1.133630303030302997e+02
1.128391127772571139e+02
1.109351676154332722e+02
1.121755805770584118e+02
1.129403534609720197e+02
1.149492466296590010e+02
1.133372606774668583e+02
1.141718213058419309e+02
1.121322886297376158e+02
1.131186755952381020e+02
1.133182870370370381e+02
1.134219167621229474e+02
1.142312223858615567e+02
1.140752078609221485e+02
1.131548833819241935e+02
1.099100378787878753e+02
1.113137886597938149e+02
1.116956663408276285e+02
1.117992424242424221e+02
1.110510204081632679e+02
1.122777257107154014e+02
1.116291783817557075e+02
1.122913510101010104e+02
1.104275318374772610e+02
1.110157699443413719e+02
1.140139324277255355e+02
1.125289948453608275e+02
1.135999999999999943e+02
1.103341419041843494e+02
1.115826304279912478e+02
1.120784313725490193e+02
1.111133578431372513e+02
1.130598684210526272e+02
1.121401515151515156e+02
1.121387066541705764e+02
1.108154261704681858e+02
1.145645454545454527e+02
1.130727866904337446e+02
1.147609536082474193e+02
1.132101403061224545e+02
1.125197897340754452e+02
1.119406183042546701e+02
1.113402061855670127e+02
1.130186855670103085e+02
1.115516388373531242e+02
1.106600583090379075e+02
1.105364583333333286e+02
1.128071428571428640e+02
1.130553935860058345e+02
1.100424148606811201e+02
1.100306246209824081e+02
1.097799613402061851e+02
1.109662247474747545e+02
1.109210695876288639e+02
1.138466104342392953e+02
1.120871428571428510e+02
1.118487819370172360e+02
1.140119047619047592e+02
1.111473214285714306e+02
1.112074742268041234e+02
1.092832019405700379e+02
1.136472303206997054e+02
1.100779220779220822e+02
1.105441365979381487e+02
1.089653233364573595e+02
1.097694515306122440e+02
1.126529581529581492e+02
1.134916855631141317e+02
1.140905743740795231e+02
1.083296568627450966e+02
1.119318181818181870e+02
1.097422680412371108e+02
1.093827319587628892e+02
1.092989690721649509e+02
1.098713888888888874e+02
1.105867346938775455e+02
1.093806818181818130e+02
1.088422492401215749e+02
1.076470588235294059e+02
1.107435087719298252e+02
1.100850134408602088e+02
1.075888417222559070e+02
1.101434811827956963e+02
1.092688802083333286e+02
1.077628676470588260e+02
1.112065181243764584e+02
1.097419651056014658e+02
1.102035506580961197e+02
1.104740259740259773e+02
1.134407552083333286e+02
1.113821212121212056e+02
1.113251515151515179e+02
1.121282595512431755e+02
1.110576351752822291e+02
1.119135654261704644e+02
1.113651218062982764e+02
1.130358688930117523e+02
1.135003291639236380e+02
1.123386994949494948e+02
1.119660606060606085e+02
1.130315656565656610e+02
1.103622857142857185e+02
1.112373949579831987e+02
1.103663911845730041e+02
1.128489795918367378e+02
1.133064625850340121e+02
1.100534208059981296e+02
1.113943383805135028e+02
1.099194001874414255e+02
1.124996527777777828e+02
1.121326903890921187e+02
1.101596376132458630e+02
1.117688802083333286e+02
1.101599500156201117e+02
1.120134285714285767e+02
1.107916305916305930e+02
1.120253555967841663e+02
1.119188762626262559e+02
1.114108643457382897e+02
1.121896875000000051e+02
1.112247899159663831e+02
1.113928125000000051e+02
1.118104514533086018e+02
1.118169449598021004e+02
1.128537414965986443e+02
1.114218181818181819e+02
1.118330176767676818e+02
1.120090624999999989e+02
1.116357514539332669e+02
1.118525000000000063e+02
1.113441558441558499e+02
1.125695666340827614e+02
1.127396666666666647e+02
1.115550000000000068e+02
1.082229729729729684e+02
1.105868055555555571e+02
1.109165885660731021e+02
1.117070312500000000e+02
1.113194444444444429e+02
1.122548828125000000e+02
1.126932123655913927e+02
1.133252631578947387e+02
1.117551546391752595e+02
1.125902061855670127e+02
1.111144094001236908e+02
1.136916666666666629e+02
1.138347222222222257e+02
1.111924398625429546e+02
1.116340206185567041e+02
1.116385504529834378e+02
1.122896642527978912e+02
1.104124242424242368e+02
1.132565104166666714e+02
1.105287569573283832e+02
1.105809611264156729e+02
1.113565051020408134e+02
1.126227904040404013e+02
1.130180412371134082e+02
1.134569515306122440e+02
1.125248724489795933e+02
1.124703443877551052e+02
1.124808673469387799e+02
1.125280612244897895e+02
1.135401785714285694e+02
1.117971552257266552e+02
1.115356596265687159e+02
1.113127250900360110e+02
1.127054036458333286e+02
1.110650773195876297e+02
1.121259765625000000e+02
1.097247735082786591e+02
1.106794458762886535e+02
1.118084889643463526e+02
1.103102213541666714e+02
1.112456317204301115e+02
1.089440321583178672e+02
1.104990335051546424e+02
1.100940563725490193e+02
1.113869201030927769e+02
1.096644338118022262e+02
1.103998067010309256e+02
1.090422979797979792e+02
1.105920255183413019e+02
1.094317400812246177e+02
1.113302294645826436e+02
1.085924802910855078e+02
1.108341307814991978e+02
1.088628571428571377e+02
1.085994542146755606e+02
1.084396604002425732e+02
1.099436848958333286e+02
1.081717261904761926e+02
1.115946516537649558e+02
1.090753676470588260e+02
1.092999062792877254e+02
1.090263796240145524e+02
1.100112757731958766e+02
1.094457070707070727e+02
1.091062200956937858e+02
1.096224747474747545e+02
1.120964749536178147e+02
1.130220025510204067e+02
1.114836116264687718e+02
1.125822704081632679e+02
1.100365418894830611e+02
1.108318478906714262e+02
1.115867768595041269e+02
1.118058132343846580e+02
1.116054664289958396e+02
1.117038027332145020e+02
1.101351428571428528e+02
1.123247627793082302e+02
1.094658263305322095e+02
1.106614285714285728e+02
1.111102941176470580e+02
1.100865714285714319e+02
1.095734087694483776e+02
1.091018518518518476e+02
1.094548515457606328e+02
1.107572601010101039e+02
1.093317384370015901e+02
1.086776960784313673e+02
1.097858330562021933e+02
1.117662835249042104e+02
1.070017673048600955e+02
1.086360446570972869e+02
1.101401209677419359e+02
1.102577284946236489e+02
1.145781126090404456e+02
1.128707658321060450e+02
1.120739538239538291e+02
1.077097781943142820e+02
1.115855670103092763e+02
1.108410344827586158e+02
1.114628472222222229e+02
1.117006603081437959e+02
1.123599137931034448e+02
1.088516088722274304e+02
1.102461340206185554e+02
1.095683303624480089e+02
1.100497835497835553e+02
1.110440051020408134e+02
1.102409387997623327e+02
1.098838383838383805e+02
1.109987631416202873e+02
1.105417166866746754e+02
1.116630154639175316e+02
1.103621509209744573e+02
1.094825396825396808e+02
1.120765306122448948e+02
1.108920557913887137e+02
1.112414965986394577e+02
1.113314780457637596e+02
1.122736549165120579e+02
1.112941919191919169e+02
1.117306397306397372e+02
1.119081537019681321e+02
1.121892393320964771e+02
1.107241161616161662e+02
1.107193813131313078e+02
1.092013341419041836e+02
1.092891414141414117e+02
1.094842105263157919e+02
1.130533854166666714e+02
1.112818877551020478e+02
1.105610242766877320e+02
1.081446331109763435e+02
1.124063411078717252e+02
1.093236488597313354e+02
1.127104377104377164e+02
1.077884972170686524e+02
1.133027210884353764e+02
1.088422368009996859e+02
1.095464015151515156e+02
1.131492592592592530e+02
1.110096649484536044e+02
1.098014842300556637e+02
1.108067408781694496e+02
1.109022180568572367e+02
1.103080287410184326e+02
1.103886827458256050e+02
1.112948571428571398e+02
1.111663574520717361e+02
1.099393939393939377e+02
1.098577352472089359e+02
1.091074664167447708e+02
1.081525166767738000e+02
1.093860681114551028e+02
1.087295330503335293e+02
1.084752628324056900e+02
1.083923933209647430e+02
1.114404873477038365e+02
1.105661719233147835e+02
1.112937538651824383e+02
1.118981200727713770e+02
1.099053391053391096e+02
1.111024863553668922e+02
1.102922077922077904e+02
1.107548019207683012e+02
1.101447811447811489e+02
1.101471861471861473e+02
1.100773358585858546e+02
1.091876339149066411e+02
1.098737894407997544e+02
1.103525390625000000e+02
1.096272551546391725e+02
1.103108723958333286e+02
1.094346590909090935e+02
1.091960420531849110e+02
1.097883376288659747e+02
1.101396683673469425e+02
1.108811764705882297e+02
1.103033395176252327e+02
1.089359575132771027e+02
1.106106770833333286e+02
1.096515151515151558e+02
1.108371594735231156e+02
1.117999381570810158e+02
1.108030303030302974e+02
1.124434137291280109e+02
1.100573380867498514e+02
1.116202844774273331e+02
1.097647058823529420e+02
1.104490624999999966e+02
1.118228200371057568e+02
1.117251082251082295e+02
1.097319999999999993e+02
1.117949188858279825e+02
1.112671575846833605e+02
1.111393345216874593e+02
1.120566268748086998e+02
1.098563888888888869e+02
1.125524946434037332e+02
1.112031539888682801e+02
1.093083778966131945e+02
1.097528805336567643e+02
1.097919823232323182e+02
1.101340206185567041e+02
1.101272551546391725e+02
1.098484848484848442e+02
