8.793281249999999716e+01
8.780381130896594755e+01
8.725295857988164983e+01
9.004978354978355526e+01
8.792361111111111427e+01
8.945185185185185617e+01
8.716771428571428260e+01
8.966374999999999318e+01
8.997751710654937085e+01
8.920879440885265410e+01
9.022348484848484418e+01
9.024905303030303116e+01
8.806446821152702853e+01
8.985969387755102389e+01
8.924117647058822911e+01
9.070409982174687968e+01
0.000000000000000000e+00
8.899800000000000466e+01
8.880202020202020208e+01
9.171906250000000682e+01
9.147247990105132942e+01
9.145546372819100611e+01
9.435491071428570820e+01
9.529145408163265074e+01
9.710533333333333417e+01
9.650627486991123760e+01
9.630735294117647527e+01
9.652327397688222277e+01
9.455494337312519804e+01
