1.069522580645161298e+02
1.063356643356643332e+02
1.068275000000000006e+02
1.068949999999999960e+02
1.067000000000000028e+02
1.065300000000000011e+02
1.064187500000000028e+02
1.065087500000000063e+02
1.064050000000000011e+02
1.064487500000000040e+02
1.060287500000000023e+02
1.062087499999999949e+02
1.061875000000000000e+02
1.060925000000000011e+02
1.061474999999999937e+02
1.061774999999999949e+02
1.065967741935483843e+02
1.063303225806451593e+02
1.065520833333333286e+02
1.064453125000000000e+02
1.066223958333333286e+02
1.067217741935483843e+02
1.065833333333333286e+02
1.067057291666666714e+02
1.065104166666666714e+02
1.065550000000000068e+02
1.067877604166666714e+02
1.070551075268817272e+02
1.069784946236559193e+02
1.071048387096774235e+02
1.068346354166666714e+02
1.072284946236559193e+02
1.072419354838709609e+02
1.070077419354838639e+02
1.071545698924731198e+02
1.076833333333333371e+02
1.071664516129032307e+02
1.070619354838709683e+02
1.072438709677419411e+02
1.073986666666666707e+02
1.072553763440860166e+02
1.076319444444444429e+02
1.071858064516129048e+02
1.072916129032258112e+02
1.075712365591397912e+02
1.075067204301075208e+02
1.071690322580645187e+02
1.074314516129032313e+02
1.072129032258064569e+02
1.075470430107526880e+02
1.075430107526881756e+02
1.075913978494623677e+02
1.073684895833333286e+02
1.076236559139784958e+02
1.071375000000000028e+02
1.073138020833333286e+02
1.073450520833333286e+02
1.075403225806451672e+02
1.076088709677419359e+02
1.077607526881720474e+02
1.071238709677419365e+02
1.074623655913978553e+02
1.072774193548387132e+02
1.072696774193548350e+02
1.075147849462365599e+02
1.069274999999999949e+02
1.070237500000000068e+02
1.069849999999999994e+02
1.069325000000000045e+02
1.075672043010752645e+02
1.075618279569892479e+02
1.071922580645161247e+02
1.072541935483870930e+02
1.073841145833333286e+02
1.072526041666666714e+02
1.072291666666666714e+02
1.075510752688172005e+02
1.071640625000000000e+02
1.073870967741935516e+02
1.076491935483871032e+02
1.073306451612903203e+02
1.075403225806451672e+02
1.076384408602150557e+02
1.076048387096774235e+02
1.069037500000000023e+02
1.069262499999999960e+02
1.076182795698924792e+02
1.072851562500000000e+02
1.076411290322580641e+02
1.076357526881720474e+02
1.073548387096774235e+02
1.077352150537634401e+02
1.073651612903225754e+02
1.074348387096774218e+02
1.076411290322580641e+02
1.073058064516129093e+02
1.072941935483870992e+02
1.073535483870967795e+02
1.070674999999999955e+02
1.073307291666666714e+02
1.073867187500000000e+02
1.074466145833333286e+02
1.071737499999999983e+02
1.071975000000000051e+02
1.070875000000000057e+02
1.069248484848484821e+02
1.070987499999999955e+02
1.073883870967741956e+02
1.076626344086021447e+02
1.072787096774193571e+02
1.073419354838709694e+02
1.067927272727272765e+02
1.069563636363636334e+02
1.072662499999999994e+02
1.073411458333333286e+02
1.071575520833333286e+02
1.067724999999999937e+02
1.073151041666666714e+02
1.071210937500000000e+02
1.066460606060606011e+02
1.073320312500000000e+02
1.070404040404040416e+02
1.074218750000000000e+02
1.070845959595959584e+02
1.071325757575757507e+02
1.074244791666666714e+02
1.071774999999999949e+02
1.067345454545454544e+02
1.075195312500000000e+02
1.077553763440860166e+02
1.075182291666666714e+02
1.075520833333333286e+02
1.074505208333333286e+02
1.074166666666666714e+02
1.072500000000000000e+02
1.073437500000000000e+02
1.074531250000000000e+02
1.073385416666666714e+02
1.072526041666666714e+02
1.070762500000000017e+02
1.070174999999999983e+02
1.070087500000000063e+02
