8.184627329192547052e+01
8.247504025764895630e+01
8.237948717948718524e+01
8.448953301127214388e+01
8.298798076923077360e+01
8.337965260545905721e+01
8.379280397022333204e+01
8.298759305210917603e+01
8.400496277915632959e+01
8.375186104218362004e+01
8.347146401985111197e+01
8.342174432497013470e+01
8.365384615384616041e+01
8.385972222222221717e+01
8.367866004962779414e+01
8.374910394265232583e+01
8.315151515151515582e+01
8.328819444444444287e+01
8.365393518518519045e+01
8.456521739130434412e+01
8.509722222222222854e+01
8.554891304347826519e+01
8.654032258064516725e+01
8.860308555399718955e+01
8.875672043010752077e+01
8.865053763440860735e+01
8.835677083333332860e+01
8.878962131837306515e+01
8.881521739130434412e+01
8.864247311827956821e+01
8.895371669004207149e+01
8.876016830294530280e+01
8.874053295932678509e+01
8.868723702664796349e+01
8.874864130434782794e+01
8.814650537634408067e+01
8.870967741935483275e+01
8.810286458333332860e+01
8.803255208333332860e+01
8.842473118279569633e+01
8.831586021505376038e+01
8.805779569892473546e+01
8.851944444444444571e+01
8.821774193548387188e+01
8.805208333333332860e+01
8.879102384291725514e+01
8.864784946236558483e+01
8.871250000000000568e+01
8.862500000000000000e+01
8.839809782608695343e+01
8.888499298737727372e+01
8.873387096774193594e+01
8.896774193548387188e+01
8.904207573632538697e+01
8.879838709677419217e+01
8.845312500000000000e+01
8.880645161290323131e+01
8.860080645161289681e+01
8.830107526881720048e+01
8.881388888888888289e+01
8.843817204301075208e+01
8.890322580645161565e+01
8.891304347826087451e+01
8.872083333333333144e+01
8.906171107994390468e+01
8.855680224403927525e+01
8.841801075268817556e+01
8.845026881720430367e+01
8.869305555555555998e+01
8.859543010752688019e+01
8.811559139784945671e+01
8.875736325385693704e+01
8.880972222222222001e+01
8.892847124824685068e+01
8.840725806451612812e+01
8.859305555555555145e+01
8.852594670406732291e+01
8.833380084151473000e+01
8.801344086021505575e+01
8.805972222222222001e+01
8.808559782608695343e+01
8.767741935483870463e+01
8.813172043010752077e+01
8.830277777777777715e+01
8.754435483870967971e+01
8.801388888888888573e+01
8.776016830294530280e+01
8.828115942028985330e+01
8.789538043478260931e+01
8.762634408602150415e+01
8.792204301075268802e+01
8.770161290322580783e+01
8.756182795698924792e+01
8.781486676016830017e+01
8.751086956521739069e+01
8.759274193548387188e+01
8.763440860215054329e+01
8.749059139784945671e+01
8.733916083916084006e+01
8.751075268817204744e+01
8.719463869463869798e+01
8.757795698924731198e+01
8.790883590462833297e+01
8.798611111111111427e+01
8.794109396914446108e+01
8.801262272089761041e+01
8.758559782608695343e+01
8.782916666666666572e+01
8.750672043010752077e+01
8.731048387096774377e+01
8.773118279569892763e+01
8.831304347826086598e+01
8.810277777777777430e+01
8.804637681159420026e+01
8.772370266479663314e+01
8.759005376344086358e+01
8.786395511921458024e+01
8.740188172043011150e+01
8.810098176718092589e+01
8.791584852734922606e+01
8.810416666666667140e+01
8.773118279569892763e+01
8.795932678821878881e+01
8.771774193548387188e+01
8.783611111111110858e+01
8.803927068723702121e+01
8.749596774193548754e+01
8.755555555555555713e+01
8.776682692307691980e+01
8.787500000000000000e+01
8.791304347826087451e+01
8.743010752688172715e+01
8.799166666666666003e+01
