1.022883506343713975e+02
1.032082508250825015e+02
1.019993612264452310e+02
1.019271477663230172e+02
9.995231958762886393e+01
1.011553653719552273e+02
1.002521395655036258e+02
1.007305107526881756e+02
1.012001953125000000e+02
1.068204626914304356e+02
1.060493749999999977e+02
1.040985294117647015e+02
1.055006313131313078e+02
1.045204081632653015e+02
1.037633914906642190e+02
1.038247422680412342e+02
1.025474193548387092e+02
1.037992100065832801e+02
1.055114942528735611e+02
1.040486394557823076e+02
1.041356155365372018e+02
1.035151415404871642e+02
1.031693602693602685e+02
1.026594716494845301e+02
1.018059981255857593e+02
1.038673469387755119e+02
1.018804209183673493e+02
1.020334270540456174e+02
1.023117182356813686e+02
1.030786666666666633e+02
1.028081143997339524e+02
1.029648093841642265e+02
1.054971874999999955e+02
1.041335133513351394e+02
1.058296774193548373e+02
1.074282828282828319e+02
1.039700336700336720e+02
1.047578231292517046e+02
1.028412247474747545e+02
1.037223145992683726e+02
1.003614718614718555e+02
1.005621843434343390e+02
1.007857603092783449e+02
1.000187165775401041e+02
1.062860000000000014e+02
1.061987618116650367e+02
1.054646874999999966e+02
1.041465625000000017e+02
1.057166666666666686e+02
1.044770283479960966e+02
1.036669637551990490e+02
1.055164452877925356e+02
1.039804292929292870e+02
1.029062188227469221e+02
1.019565503620803213e+02
9.989378319275226659e+01
1.002706249999999955e+02
9.902507288629738014e+01
1.007440025252525260e+02
1.010106314432989620e+02
9.952806122448978954e+01
9.827571614583332860e+01
9.642002945508100709e+01
9.627149041434755361e+01
9.739142001995344344e+01
9.615807560137457699e+01
1.007387543252595208e+02
9.744579081632653583e+01
9.657765151515151558e+01
9.658762886597938291e+01
9.586524609843937128e+01
9.641817010309277691e+01
9.455808080808080263e+01
9.636434573829531303e+01
9.617465130382049665e+01
9.755905998763141440e+01
9.769852941176471006e+01
9.916308593750000000e+01
9.590979381443298735e+01
9.846495255586164319e+01
9.772727272727273373e+01
9.766934046345811282e+01
9.895758928571429180e+01
1.004125816993464042e+02
9.930510992275698356e+01
9.932412965186074416e+01
9.813901905654482505e+01
9.947916666666667140e+01
9.845490454246214540e+01
9.695378151260504751e+01
9.803856749311295005e+01
9.892944587628865349e+01
9.797875663855045048e+01
9.871969696969696884e+01
9.836178107606679077e+01
9.787875150060024509e+01
9.741691934505760742e+01
9.909729381443298735e+01
9.908403623867540944e+01
9.894981060606060908e+01
9.984107027724049033e+01
9.866130988477866026e+01
9.907544191919191690e+01
9.803803339517625659e+01
9.939808612440191382e+01
9.976692708333332860e+01
9.808175505050505194e+01
9.868291159012808578e+01
9.986588541666667140e+01
1.000591065292096289e+02
1.002520784835384120e+02
9.815593434343433898e+01
9.918729427254773157e+01
9.737769447047797655e+01
9.659925788497217525e+01
9.642674164323648256e+01
9.495699558173784283e+01
9.517768344451182827e+01
9.570503826530612912e+01
9.556493506493507084e+01
9.599250234301780438e+01
9.537940630797773167e+01
9.399069627851140751e+01
9.565496134020618513e+01
9.474489795918367463e+01
9.565708101422387699e+01
1.012587228439763010e+02
1.009652777777777715e+02
9.689165666266507060e+01
9.698824984539270133e+01
9.860405927835051898e+01
9.796622474747475451e+01
9.754003189792663875e+01
9.624846813725490335e+01
9.734816919191919737e+01
9.736207435176507374e+01
9.691898577612863619e+01
9.833398437500000000e+01
9.858491161616161946e+01
9.714457070707071296e+01
9.749484536082474051e+01
9.874479166666667140e+01
9.728382731958762975e+01
9.790427631578947398e+01
9.715706488781079031e+01
9.915151515151515582e+01
9.998337213169271820e+01
1.000210526315789537e+02
9.921052631578947967e+01
9.903352864583332860e+01
9.769696969696970257e+01
9.907096354166667140e+01
9.881626794258373536e+01
9.972308188265634499e+01
1.004882392473118244e+02
9.980871212121212466e+01
1.024654947916666714e+02
1.017747395833333286e+02
1.009667763157894740e+02
1.005071614583333286e+02
1.000267396907216551e+02
1.003453947368421098e+02
9.981029040404040131e+01
9.969173177083332860e+01
1.001150648486864014e+02
1.006162634408602088e+02
1.000019953441968710e+02
1.002101867572156237e+02
1.005372983870967687e+02
9.977604166666667140e+01
1.008776881720430083e+02
9.986230468750000000e+01
9.992573924731182444e+01
1.020835294117647010e+02
1.017885841836734642e+02
1.001907854050711251e+02
1.016501496508147682e+02
1.012243055555555600e+02
1.004049479166666714e+02
1.005182291666666714e+02
9.896844362745098067e+01
9.914432989690722309e+01
9.946875000000000000e+01
9.898815789473684390e+01
9.775473484848484418e+01
9.820328947368420813e+01
9.796746134020618513e+01
9.643517650734145263e+01
1.004099702380952408e+02
9.657544517338331502e+01
9.561168384879725579e+01
9.844117647058823195e+01
9.933556618819777384e+01
1.001580756013745770e+02
9.710968137254901933e+01
9.885394736842104635e+01
9.688718703976435620e+01
9.841145833333332860e+01
9.846484375000000000e+01
9.830584192439862079e+01
9.910242766877286158e+01
1.006367697594501749e+02
1.003031249999999943e+02
9.788456632653061718e+01
9.887337239583332860e+01
9.870539828834759533e+01
9.752046235551389941e+01
1.005173611111111143e+02
9.922783505154639272e+01
9.917658796142335120e+01
9.963993055555555145e+01
9.906219931271478174e+01
9.873925781250000000e+01
9.832731958762886393e+01
9.765924551638836704e+01
9.802872474747475451e+01
9.775355596784167744e+01
9.987163285666777313e+01
9.912822164948453008e+01
9.880366161616161946e+01
9.822211808809747424e+01
9.761449547016557915e+01
9.686377708978328371e+01
9.763240979381443196e+01
9.811794354838710319e+01
9.935384114583332860e+01
9.927609536082474051e+01
9.904720893141946192e+01
9.850289948453608702e+01
9.932956434985034377e+01
9.929496173469387088e+01
9.793064667291471892e+01
1.011916035353535364e+02
9.997344579818806665e+01
9.991986417657045649e+01
9.910047846889952439e+01
9.843844696969696884e+01
9.801225490196078738e+01
1.006636424731182728e+02
9.802604166666667140e+01
1.003730263157894740e+02
9.821905637254901933e+01
9.988360492184901318e+01
9.892944587628865349e+01
1.002177734375000000e+02
9.964150315929498447e+01
9.910303030303030880e+01
9.975805412371134651e+01
9.958795103092784018e+01
9.928157216494845727e+01
9.936288265306122014e+01
9.977287371134021043e+01
9.965625000000000000e+01
1.010889643463497407e+02
1.010154569892473120e+02
1.014337121212121247e+02
1.005451388888888857e+02
9.894072164948453008e+01
1.006266300617707685e+02
9.981380208333332860e+01
1.009501163950781546e+02
1.004915364583333286e+02
1.002463037634408636e+02
1.002496744791666714e+02
9.854621848739495249e+01
1.000380154639175316e+02
9.964973958333332860e+01
1.012475694444444514e+02
1.023797872340425528e+02
1.029865979381443282e+02
9.995896464646465063e+01
1.011780068728522366e+02
1.007001316655694581e+02
1.007773437500000000e+02
9.844372294372294618e+01
1.006474891918855974e+02
1.005643939393939377e+02
1.012028061224489761e+02
1.007719072164948386e+02
1.008021907216494810e+02
1.001546223958333286e+02
9.992708333333332860e+01
1.010934139784946240e+02
9.987145618556701265e+01
1.001438172043010724e+02
9.953704896907215982e+01
9.978616561356834325e+01
1.002465437788018363e+02
9.937693298969071520e+01
9.924642500831393477e+01
9.902175438596491119e+01
9.851344086021505575e+01
9.838037634408601662e+01
9.791217105263157805e+01
9.784277343750000000e+01
9.807392473118279952e+01
9.719108072916667140e+01
9.804868421052631788e+01
9.773271276595744439e+01
9.656475515463917247e+01
9.734342105263158373e+01
9.692440191387559878e+01
9.761002604166667140e+01
9.876638370118845955e+01
9.824674479166667140e+01
9.849446614583332860e+01
9.858951822916667140e+01
9.919657258064516725e+01
9.872404900064474020e+01
9.915592783505154273e+01
9.928662634408601662e+01
9.944108072916667140e+01
9.968627450980392268e+01
9.701486880466472940e+01
9.921338383838383379e+01
9.854272445820433290e+01
9.987836021505376038e+01
9.897656250000000000e+01
9.792771464646465063e+01
9.971466577984702440e+01
9.910328947368421382e+01
9.863104838709676869e+01
9.858333333333332860e+01
9.761016414141414543e+01
9.878483072916667140e+01
9.747985004686034927e+01
1.001483870967741865e+02
1.006291666666666629e+02
9.804198232323231821e+01
9.882454427083332860e+01
9.779876160990711753e+01
1.000858552631578959e+02
9.861403508771930149e+01
9.708898809523809348e+01
1.018150510204081627e+02
9.909528272414870287e+01
9.766040024257125651e+01
9.874053030303029743e+01
9.834003189792663591e+01
1.000590831918505899e+02
9.801194852941176805e+01
9.924375000000000568e+01
9.707812500000000000e+01
9.927993421052632073e+01
9.801452020202020776e+01
1.004996527777777828e+02
9.878938802083332860e+01
9.826273039675101018e+01
1.002392473118279526e+02
1.005396491228070204e+02
9.699519807923169878e+01
9.908666237113402531e+01
9.785294117647059409e+01
9.932631578947368212e+01
9.877040816326530148e+01
9.839074960127591396e+01
9.803635204081632537e+01
9.772539831302718483e+01
9.882519531250000000e+01
9.907584635416667140e+01
9.915527343750000000e+01
9.842928660826032683e+01
9.889539473684210691e+01
9.930913978494623962e+01
9.806253869969040693e+01
1.009444444444444429e+02
9.830989583333332860e+01
9.935286458333332860e+01
9.860286458333332860e+01
9.940942857142857747e+01
9.862304921968787141e+01
9.949439728353141277e+01
9.861148325358851707e+01
1.008843971631205676e+02
9.979111842105263008e+01
9.836914062500000000e+01
9.816035353535353636e+01
9.907812500000000000e+01
1.001020951114067117e+02
9.744142455482661092e+01
9.874210858585858830e+01
9.748141205873164949e+01
9.997006983704689276e+01
