1.394514086956521624e+02
1.387488078541374534e+02
1.377571965811965811e+02
1.374200113058224986e+02
1.358964630671947873e+02
1.355525627430187399e+02
1.355464005702067141e+02
1.348407697790449049e+02
1.347978617248752755e+02
1.345314926660914523e+02
1.345147385984427046e+02
1.341222260869565162e+02
1.341978260869565247e+02
1.349589451176051398e+02
1.345097623089982903e+02
1.342086487244182820e+02
1.342279897157945925e+02
1.349399018232819003e+02
1.340808347826086901e+02
1.344480815860790131e+02
1.339328190743337927e+02
1.339263304347826136e+02
1.345650059064693096e+02
1.329144076985633092e+02
1.337389963554807935e+02
1.335217149607393594e+02
1.339210821418558908e+02
1.335524193548387188e+02
1.333759983186212708e+02
1.329637769637769509e+02
1.336158536585365937e+02
1.333578620689655168e+02
1.333965638148667665e+02
1.337994385964912283e+02
1.345092452694438521e+02
1.330106970324361555e+02
1.320609824561403514e+02
1.326341480545020488e+02
1.320699400513845205e+02
1.313285724749139263e+02
1.312089953009621865e+02
1.298858885017421585e+02
1.295146683673469283e+02
1.294424242424242379e+02
1.288940333776399427e+02
1.287199224285820947e+02
1.281579099099099039e+02
1.280923054201742843e+02
1.275887351481425753e+02
1.272272595175820982e+02
1.276164079822616344e+02
1.301334841628959396e+02
1.301325489550765155e+02
1.279433877825016737e+02
1.283372912517235989e+02
1.283425166970249052e+02
1.282565077944357483e+02
1.285751473111061500e+02
1.285021654719235471e+02
1.289788251366120164e+02
1.283571322876590841e+02
1.289671500443918433e+02
1.289635013918960738e+02
1.287334814814814763e+02
1.280823486238532212e+02
1.287280000000000086e+02
1.283474304467815443e+02
1.287262366081604625e+02
1.283959826762246053e+02
1.284036126290224615e+02
1.283042201834862510e+02
1.288684289127837417e+02
1.284046545454545480e+02
1.287048073394495304e+02
1.285978655133928612e+02
1.287329105985645583e+02
1.291548535069547086e+02
1.291177981651376285e+02
1.176565972222222172e+02
1.206643026004728085e+02
1.200110474631751174e+02
1.132309409888357266e+02
1.122172248803827728e+02
1.133199869791666714e+02
1.127837320574162732e+02
1.139805107526881756e+02
1.134628289473684220e+02
1.138142614601018607e+02
1.180725146198830373e+02
1.135334465195246167e+02
1.140298611111111171e+02
1.133807123655913927e+02
1.158414713541666714e+02
1.163102904040404013e+02
1.155748112560054892e+02
1.121724030037546953e+02
1.144240143369175655e+02
1.129069148936170279e+02
1.179408906882591026e+02
1.144867383512544734e+02
1.139854609929078038e+02
1.134730050933786032e+02
1.152678765880217782e+02
1.141189473684210469e+02
1.152787658802177901e+02
1.140978947368421075e+02
1.143501754385964944e+02
1.144606854838709609e+02
1.133644736842105232e+02
1.137553763440860166e+02
1.133457236842105260e+02
1.144210526315789451e+02
1.156027146001467401e+02
1.132772177419354875e+02
1.146767330130404901e+02
1.144469086021505433e+02
1.138571929824561408e+02
1.140091680814940531e+02
1.143551747311827995e+02
1.143142552435122639e+02
1.144862478777589132e+02
1.163488203266787622e+02
1.163262626262626327e+02
1.162791245791245842e+02
1.183391984359726337e+02
1.156465850515463956e+02
1.170543120473996055e+02
1.178841924398625451e+02
1.165201197206518060e+02
1.171155365371955241e+02
1.164971005154639130e+02
1.144471243042671631e+02
1.149320231958762832e+02
1.139555628703094072e+02
1.146979166666666714e+02
1.141934707903780009e+02
1.152538517975055044e+02
1.193188585607940411e+02
1.132305107526881756e+02
1.145916266300617679e+02
1.145226973684210492e+02
1.156996491228070170e+02
1.145493951612903203e+02
1.143072164948453633e+02
1.149193548387096797e+02
1.148718750000000028e+02
1.130517676767676818e+02
1.122404487568223175e+02
1.142641752577319636e+02
1.137749368686868650e+02
1.153953947368421069e+02
1.136917317708333286e+02
1.146152343750000000e+02
1.157933333333333366e+02
1.150390492359932040e+02
1.137823984526112184e+02
1.139587628865979383e+02
1.157666437886067285e+02
1.124021464646464636e+02
1.163857526881720474e+02
1.159364224137931103e+02
1.132458964646464636e+02
1.141060857998004678e+02
1.133939950980392126e+02
1.159361111111111171e+02
1.143388157894736850e+02
1.134000651041666714e+02
1.144989919354838719e+02
1.156434027777777800e+02
1.145099519560741186e+02
1.123793682795698885e+02
1.136113281250000000e+02
1.159480701754386018e+02
1.141891801075268802e+02
1.150150877192982506e+02
1.146401729298303991e+02
1.141767473118279526e+02
1.140730263157894768e+02
1.132946908602150557e+02
1.155085106382978779e+02
1.156609471516815404e+02
1.153473684210526358e+02
1.143908319185059383e+02
1.151645833333333400e+02
1.119508463541666714e+02
1.141053534660260880e+02
1.132260638297872362e+02
1.165405772495755485e+02
1.137310215557638173e+02
1.153399236906000738e+02
1.174473684210526301e+02
1.178673835125448051e+02
1.156801942421089109e+02
1.167883064516128968e+02
1.165371816638370177e+02
1.151311848958333286e+02
1.173126286890871626e+02
1.156452950558213786e+02
1.186638596491228128e+02
1.135504643962848235e+02
1.162524177949709809e+02
1.156102073365231320e+02
1.185074575095386820e+02
1.150547368421052568e+02
1.170430622009569390e+02
1.171253588516746476e+02
1.156467459324155129e+02
1.166250000000000000e+02
1.139467261904761841e+02
1.154956937799043004e+02
1.164904605263157862e+02
1.146443381180223327e+02
1.155983350676378763e+02
1.149012632978723474e+02
1.138408203125000000e+02
1.135192819148936110e+02
1.174251152073732669e+02
1.172842105263157890e+02
1.165684210526315780e+02
1.113958736299161814e+02
1.148972853998532599e+02
1.166060030395136806e+02
1.169842395587076425e+02
1.151171875000000000e+02
1.156631944444444429e+02
1.182798972853998549e+02
1.145757575757575779e+02
1.153999335106382915e+02
1.150159574468085140e+02
1.144769570707070727e+02
1.144570707070707130e+02
1.134856004901960773e+02
1.155927631578947370e+02
1.176089015151515156e+02
1.164456140350877149e+02
1.156555779569892479e+02
1.153603508771929853e+02
1.161334465195246111e+02
1.154442204301075208e+02
1.171480943738657032e+02
1.135240289664252771e+02
1.154980447920369642e+02
1.122713085234093597e+02
1.114469401041666714e+02
1.116777983920840995e+02
1.135003289473684163e+02
1.133920342330480509e+02
1.121059922680412342e+02
1.157017361111111171e+02
1.163973589435774301e+02
1.157200386597938149e+02
1.146604186191814989e+02
1.167824742268041263e+02
1.145866916588566085e+02
1.207706802938358379e+02
1.219910049627791579e+02
1.220366157127621705e+02
1.182152801358234342e+02
1.156391752577319636e+02
1.163618951612903203e+02
1.165841924398625480e+02
1.147578914141414117e+02
1.143644828732956427e+02
1.133695231958762832e+02
1.142251273344651992e+02
1.144909274193548328e+02
1.160420026881720474e+02
1.160065972222222257e+02
1.147874958430329286e+02
1.121330834114339297e+02
1.135260416666666714e+02
1.119718837863167806e+02
1.147333333333333343e+02
1.136850681742600528e+02
1.135986032590621875e+02
1.147190860215053760e+02
1.132010186757215564e+02
1.135521619766643795e+02
1.111557059961315304e+02
1.128277282086479119e+02
1.130919298245614044e+02
1.130047043010752645e+02
1.121748726655348065e+02
1.131982456140350877e+02
1.124855510752688161e+02
1.130787775891341198e+02
1.130957555178268308e+02
1.132154385964912251e+02
1.132978723404255277e+02
1.128704861111111057e+02
1.126920203735144241e+02
1.149453411592076293e+02
1.124512280701754321e+02
1.133513611615244940e+02
1.111969800960878558e+02
1.125705861949358280e+02
1.121880576527110520e+02
1.112695374800637893e+02
1.126776007497657019e+02
1.136808905380333954e+02
1.124781901041666714e+02
1.100730745906610082e+02
1.139948524365133835e+02
1.146828304597701162e+02
1.148996415770609332e+02
1.132309540150995133e+02
1.144860601614086590e+02
1.151609318996415823e+02
1.136942347288949833e+02
1.140912280701754327e+02
1.144143369175627214e+02
1.128297872340425556e+02
1.131355525051475581e+02
1.135748226950354649e+02
1.134608785175017118e+02
1.140347670250896073e+02
1.124646533973918991e+02
1.161452677916361012e+02
1.121374800637958487e+02
1.138845500848896393e+02
1.120574162679425854e+02
1.123184974747474740e+02
1.128903225806451616e+02
1.123342902711323745e+02
