1.011672979797979792e+02
1.017365231259968112e+02
1.019987240829346149e+02
1.005324754901960773e+02
1.024137013634852025e+02
1.000260764099454178e+02
1.026316489361702082e+02
1.013075657894736850e+02
1.008363970588235361e+02
1.025718166383701231e+02
1.020322265625000000e+02
1.030081494057724996e+02
1.034795698924731226e+02
1.015779904306220089e+02
1.015548266166822913e+02
1.030181451612903203e+02
1.022200126262626299e+02
1.017238363011558846e+02
1.022645202020202078e+02
1.023206380208333286e+02
1.032848307291666714e+02
1.032694892473118244e+02
1.051137454981992789e+02
1.022549739822467103e+02
1.014438502673796734e+02
1.028089561855670127e+02
1.037335526315789451e+02
1.013914493632504588e+02
1.021717105263157919e+02
1.038176570458404058e+02
1.029075797872340416e+02
1.017629419191919169e+02
1.034498005319148888e+02
1.025738932291666714e+02
1.025980718085106389e+02
1.021103731815306759e+02
1.027822368421052630e+02
1.032988696808510696e+02
1.020423177083333286e+02
1.033151041666666714e+02
1.010816586921850018e+02
1.022428385416666714e+02
1.031777343750000000e+02
1.020722114764667907e+02
1.029322254806125727e+02
1.020416666666666714e+02
1.033195876288659747e+02
1.024619845360824684e+02
1.019106858054226450e+02
1.023944078947368439e+02
1.023391447368421012e+02
1.043334465195246139e+02
1.010551834130781543e+02
1.033380984042553195e+02
1.033361629881154471e+02
1.032069078947368439e+02
1.031386303191489304e+02
1.034471986417657092e+02
1.032617996604414259e+02
1.028472576530612201e+02
1.024742838541666714e+02
1.035463815789473614e+02
1.037481099656357344e+02
1.024915994623655848e+02
1.025091145833333286e+02
1.026218434343434325e+02
1.025606112054329344e+02
1.033061835106382915e+02
1.022190721649484573e+02
1.032200339558573887e+02
1.022648026315789451e+02
1.021539473684210577e+02
1.021716108452950493e+02
1.024006578947368382e+02
1.014417862838915454e+02
1.029470494417862909e+02
1.026648936170212778e+02
1.031546052631578902e+02
1.021833118556700981e+02
1.040856140350877155e+02
1.045418668496911465e+02
1.035178268251273295e+02
1.029700657894736793e+02
1.024269736842105232e+02
1.013305217119650052e+02
1.027574869791666714e+02
1.064739046391752595e+02
1.037010309278350491e+02
1.050380305602716504e+02
1.027812500000000000e+02
1.034307795698924792e+02
1.016249241964827235e+02
1.028750000000000000e+02
1.034273026315789537e+02
1.022020202020202078e+02
1.020241486068111385e+02
1.031152343750000000e+02
1.044645161290322619e+02
1.031597938144329873e+02
1.035880681818181870e+02
1.040940789473684163e+02
1.034736328125000000e+02
1.045099519560741186e+02
1.031207236842105317e+02
1.028368794326241158e+02
1.024082934609250373e+02
1.028050609184629849e+02
1.025164141414141454e+02
1.034282894736842167e+02
1.021437234687689539e+02
1.033339105339105402e+02
1.033431186868686922e+02
1.019032747119466364e+02
1.037504835589941905e+02
1.041335526315789508e+02
1.030246797875663844e+02
1.029834130781499226e+02
1.029100281162136810e+02
1.026015473887814267e+02
1.012247678018575812e+02
1.039305921052631589e+02
1.044516129032258078e+02
1.039993208828522882e+02
1.034284783317041416e+02
1.036125706684403127e+02
1.013881740196078454e+02
1.030071614583333286e+02
1.035329444063143427e+02
1.028755980861243984e+02
1.027363323961262154e+02
1.017354797979797922e+02
1.022041467304625257e+02
1.032542264752791112e+02
1.022724458204334326e+02
1.013071207430340621e+02
1.029333333333333371e+02
1.028401315789473642e+02
1.020863777089783326e+02
1.020089783281733702e+02
1.024973958333333286e+02
1.045953900709219795e+02
1.037624327956989276e+02
1.034824218750000000e+02
1.027874348958333286e+02
1.032147177419354875e+02
1.031508771929824491e+02
1.024782475490196134e+02
1.075141129032258078e+02
1.047653858169322092e+02
1.022562158884172163e+02
1.039244791666666714e+02
1.032973484848484844e+02
1.019801857585139260e+02
1.036770867974725689e+02
1.028681661980631077e+02
1.034346301020408134e+02
1.023952020202020208e+02
1.028172248803827813e+02
1.010785324439054023e+02
1.032014547754585720e+02
1.028688788659793829e+02
1.031408934707903740e+02
1.029629984051036615e+02
1.020803517283201955e+02
1.024785353535353494e+02
1.026780303030302974e+02
1.030443611371446480e+02
1.021662075298438879e+02
1.006502976190476204e+02
1.022758290816326507e+02
1.027835051546391725e+02
1.028241174632927226e+02
1.019539114614918134e+02
1.020391146149181338e+02
1.016119447779111624e+02
1.021494845360824684e+02
1.028578569197125887e+02
1.033897300855826131e+02
1.029600515463917532e+02
1.036912878787878753e+02
1.021888544891640862e+02
1.035711096938775455e+02
1.029493908153701938e+02
1.033720703125000000e+02
1.039246710526315809e+02
1.026434558349452004e+02
1.031165260855982524e+02
1.030771929824561397e+02
1.028184942205560759e+02
1.023294005102040813e+02
1.028698453608247405e+02
1.045715789473684225e+02
1.031720328282828234e+02
1.027345360824742215e+02
1.027258376288659747e+02
1.026974871134020617e+02
1.014534313725490193e+02
1.041041416566626623e+02
1.030014727540500701e+02
1.054380305602716419e+02
1.018003565062388560e+02
1.046584192439862591e+02
1.027834595959595987e+02
1.046322580645161224e+02
1.026820231958762832e+02
1.037818423678084514e+02
1.028295747422680364e+02
1.031023923444976020e+02
1.028897219618869059e+02
1.037429331559694106e+02
1.037474226804123703e+02
1.014735894357743149e+02
1.026823453608247405e+02
1.036175590289324902e+02
1.012918998527245975e+02
1.001694083694083730e+02
1.034649151978716333e+02
1.032613636363636402e+02
1.023098330241187455e+02
1.075138888888888857e+02
1.039714285714285751e+02
1.023364431486880477e+02
1.023553421368547447e+02
1.024923469387755119e+02
1.032969696969696969e+02
1.036827168367346985e+02
1.022647527910685739e+02
1.022549203373945659e+02
1.026044823232323182e+02
1.022247990105132942e+02
1.034500644329896915e+02
1.032552631578947313e+02
1.030902842861605677e+02
1.032034505208333286e+02
1.027701822916666714e+02
1.014417828987265011e+02
1.021300505050505052e+02
1.035352822580645125e+02
1.035094401041666714e+02
1.031722488038277561e+02
1.037983247422680364e+02
1.031108552631579016e+02
1.033285147392290213e+02
1.029393757503001154e+02
1.025717171717171681e+02
1.033541540327471182e+02
1.021832106038291670e+02
1.026430412371134082e+02
1.026923324742268022e+02
1.032379557291666714e+02
1.032958984375000000e+02
1.059746732026143832e+02
1.097107670654468734e+02
1.054352568613652323e+02
1.101958064516129099e+02
1.050991176470588186e+02
1.020810142238713638e+02
1.044298611111111086e+02
1.012936582318025671e+02
1.021661881977671413e+02
1.014830729166666714e+02
9.919742883379247189e+01
9.967885035926272508e+01
9.953826929084661401e+01
1.016559109080525474e+02
1.012176308539944927e+02
1.002352769679300337e+02
9.926571268237934476e+01
1.008933080808080831e+02
1.005178896300788409e+02
1.009419191919191974e+02
1.005397210430564030e+02
9.965949926362297617e+01
9.930903790087464245e+01
9.991782898726501116e+01
1.010873161764705941e+02
1.017013530927835063e+02
1.024313269038909198e+02
1.012695707070707130e+02
9.969337260677467327e+01
1.008859731333958081e+02
9.989008746355685275e+01
1.019674059139784958e+02
1.012162247474747545e+02
1.018732718894009253e+02
1.043690025252525260e+02
1.011018799272286230e+02
1.009108455882352899e+02
1.027985026041666714e+02
1.022591145833333286e+02
1.031676747311827995e+02
1.041513888888888886e+02
1.030146325241104108e+02
1.024615885416666714e+02
1.008123067408781708e+02
1.029484536082474193e+02
1.024124401913875602e+02
1.020672348484848442e+02
1.027389322916666714e+02
1.021104797979797922e+02
1.031971326164874512e+02
1.021032196969697026e+02
1.027652994791666714e+02
1.031973684210526301e+02
1.026548644338117953e+02
1.025711193568336483e+02
1.037298177083333286e+02
1.038551747311827995e+02
1.017816944959802044e+02
1.040099734042553195e+02
1.039303385416666714e+02
1.032711588541666714e+02
1.032669270833333286e+02
1.019347079037800654e+02
1.019575132771009010e+02
1.042281901041666714e+02
1.023523596938775455e+02
1.035315755208333286e+02
1.038421052631578902e+02
1.026073232323232389e+02
1.019887535145267066e+02
1.016755514705882320e+02
1.042513440860215042e+02
1.027678850359262697e+02
1.028930412371134082e+02
1.025366161616161662e+02
1.042846691054206900e+02
1.034649234693877560e+02
1.031633864417369608e+02
1.031625631313131350e+02
1.044493087557603701e+02
1.025878169449597976e+02
1.036188151041666714e+02
1.029819587628865918e+02
1.044690860215053760e+02
1.042125636672326010e+02
1.023368421052631589e+02
1.019653799019607874e+02
1.029971590909090935e+02
1.014896907216494810e+02
1.018055222088835592e+02
1.023570759137769386e+02
1.032130584192439926e+02
1.041561969439728301e+02
1.026653645833333286e+02
1.026815089672232517e+02
1.023714372346876900e+02
1.026568813131313078e+02
1.044495967741935516e+02
1.039940789473684220e+02
1.043215725806451672e+02
1.029505582137161070e+02
1.042121527777777743e+02
1.033871173469387799e+02
1.025037878787878753e+02
1.024113005050505052e+02
1.018919504643962881e+02
1.018241421568627487e+02
1.038486842105263150e+02
1.035271464646464636e+02
1.039006578947368382e+02
1.030495356037151709e+02
1.018313325330132102e+02
1.036079545454545467e+02
1.033711340206185554e+02
1.037168560606060623e+02
1.037272135416666714e+02
1.035132962275819466e+02
1.071983552631578931e+02
1.052132161458333286e+02
1.040750000000000028e+02
1.034379881287097760e+02
1.029721961886910293e+02
1.016946428571428527e+02
1.015254289215686327e+02
1.011491813220133480e+02
1.010114874815905779e+02
1.040220394736842167e+02
1.020136446331109710e+02
1.004689248895434446e+02
1.034804687500000000e+02
1.033359375000000000e+02
1.035494791666666714e+02
1.028883572567783062e+02
1.041628289473684248e+02
1.054112903225806406e+02
1.024539141414141454e+02
1.022953748006379584e+02
1.005800595238095241e+02
1.019223771983020015e+02
1.018987816307403875e+02
1.044300130208333286e+02
1.026670838548185287e+02
1.038022328548644282e+02
1.027266479225242080e+02
1.046779605263157862e+02
1.041246744791666714e+02
1.039687400318979229e+02
1.042932942708333286e+02
1.036944078947368411e+02
1.020758513931888558e+02
1.036229665071770398e+02
1.030492424242424221e+02
1.018142414860681129e+02
1.014838905775075943e+02
9.930150462962963331e+01
1.017124849939976059e+02
1.028014520202020208e+02
1.038343098958333286e+02
1.051910807291666714e+02
1.028166035353535364e+02
1.020878169449597976e+02
1.038534946236559193e+02
1.007460972017672987e+02
1.045340871300299312e+02
1.016221952698605264e+02
1.026819743830053113e+02
1.028416119962511743e+02
1.031732954545454533e+02
1.021385309278350491e+02
1.020121836925960679e+02
1.018392396907216551e+02
1.032328629032258078e+02
1.010762360446570938e+02
1.017736742424242493e+02
1.014631578947368382e+02
1.024391276041666714e+02
1.021438596491228026e+02
1.053400673400673355e+02
1.050241486068111385e+02
1.022547619047619065e+02
1.035480545394080423e+02
1.012711309523809575e+02
1.027824561403508739e+02
1.031966145833333286e+02
1.028159950015620154e+02
1.022547928262214043e+02
1.031311211340206171e+02
1.028769531250000000e+02
1.019739583333333286e+02
1.024211184004998501e+02
1.032337878284003949e+02
1.025132087628865918e+02
1.035244140625000000e+02
1.036782255545142135e+02
1.037369260204081627e+02
1.058789062500000000e+02
1.027116427432216881e+02
1.021446331109763435e+02
1.029696969696969688e+02
1.018756127450980387e+02
1.017496936274509807e+02
1.031666666666666714e+02
1.014229102167182646e+02
1.019009684473601993e+02
1.021783459595959584e+02
1.020761718750000000e+02
1.026105263157894711e+02
1.021653645833333286e+02
1.026564682407715310e+02
1.009322086847860049e+02
1.026035916195543791e+02
1.018186211340206171e+02
1.028127702028599941e+02
1.014684244791666714e+02
1.010108452950558160e+02
1.020134868421052659e+02
1.013623737373737441e+02
1.008809974747474740e+02
1.021868489583333286e+02
1.050408689248895371e+02
1.026439862542955268e+02
9.956919712589815674e+01
9.965666979069041531e+01
1.000574820368634761e+02
1.027076612903225765e+02
1.005639553429027160e+02
1.002689393939393909e+02
1.010618489583333286e+02
1.009182449494949481e+02
9.992362399505256576e+01
1.062740660919540261e+02
1.036266801075268802e+02
1.012597402597402549e+02
1.030089790488859336e+02
1.022292763157894768e+02
1.030617996604414230e+02
1.016425781250000000e+02
1.011017625540405760e+02
1.029869415807560102e+02
1.029072368421052630e+02
1.011905654482974057e+02
1.067469758064516157e+02
1.055478515625000000e+02
1.019356617647058840e+02
1.016488597313339568e+02
1.009035779260157710e+02
1.017145135566188259e+02
9.990065604498593643e+01
9.818232695139911925e+01
9.882154882154881648e+01
9.932142857142856940e+01
9.979888084265964210e+01
9.890961021505376038e+01
9.963704427083332860e+01
9.833457019171305546e+01
1.010266666666666708e+02
9.788699494949494806e+01
9.878189432989690033e+01
9.956894329896907436e+01
9.871946266791627522e+01
9.923601053324556176e+01
9.962063172043011150e+01
9.661282798833819641e+01
9.900966494845360444e+01
1.025036184210526358e+02
9.978288034989066091e+01
9.944523195876288924e+01
9.888552295918367463e+01
1.019434974747474740e+02
1.058098901098901052e+02
1.051901709401709439e+02
1.054827401659084813e+02
1.057862857142857109e+02
1.056545968882602580e+02
1.030742607526881756e+02
1.005170259293970645e+02
9.958163265306122014e+01
9.855967841682127073e+01
9.767187500000000000e+01
9.814089347079037395e+01
9.650494743351886484e+01
9.718518518518519045e+01
1.000977819431427633e+02
