1.455470790378006996e+02
1.457121212121212182e+02
1.426621287128712936e+02
1.454743138634764250e+02
1.420162464985994291e+02
1.424292279411764639e+02
1.425013501350134959e+02
1.427128712871287064e+02
1.441553308823529278e+02
1.447338086749851414e+02
1.448491814698711266e+02
1.434429065743944705e+02
1.449122580645161236e+02
1.437002941176470472e+02
1.480792592592592598e+02
1.442241935483870918e+02
1.433690625000000125e+02
1.433512499999999932e+02
1.468823129251700550e+02
1.427804309842748864e+02
1.435547554755475517e+02
1.432280645161290238e+02
1.440073461891643660e+02
1.433172348484848442e+02
1.430021658415841443e+02
1.442079999999999984e+02
1.431313131313131350e+02
1.440889540566959965e+02
1.435256806930693187e+02
1.453328010220376996e+02
1.430600176522506501e+02
1.484681176021382214e+02
1.430091827364554717e+02
1.435809710003258317e+02
1.446433080808080831e+02
1.444312500000000057e+02
1.440673400673400693e+02
1.436003225806451553e+02
1.431015625000000000e+02
1.436521464646464779e+02
1.433976499690785431e+02
1.490334595959595845e+02
1.509176691729323352e+02
1.505915625000000091e+02
1.495853383458646704e+02
1.465193452380952408e+02
1.447669519420671520e+02
1.448676870748299450e+02
1.454848584595128500e+02
1.433169848584595059e+02
1.447718894009216513e+02
1.430072601010101039e+02
1.435499840306611361e+02
1.446246843434343532e+02
1.423153125000000045e+02
1.421353124999999977e+02
1.422315624999999955e+02
1.421241935483870975e+02
1.433374193548387154e+02
1.443962202671879993e+02
1.436432449696582694e+02
1.437512499999999989e+02
1.441846046673632884e+02
1.436115624999999909e+02
1.454285714285714164e+02
1.438147095959595845e+02
1.418369248689574817e+02
1.451532258064516157e+02
1.429780645161290238e+02
1.438003225806451724e+02
1.425519354838709774e+02
1.423060024752475385e+02
1.423023402909551010e+02
1.429626317470456627e+02
1.444875384090133252e+02
1.440148387096774059e+02
1.433364898989898961e+02
1.433522319973932895e+02
1.433453125000000057e+02
1.461994434137291421e+02
1.485336769759450135e+02
1.476827956989247355e+02
1.473404605263157805e+02
1.473200680272108798e+02
1.435177696078431495e+02
1.452284131638970450e+02
1.478954081632653015e+02
1.449976190476190538e+02
1.453688497882046136e+02
1.424457070707070727e+02
1.490851934523809632e+02
1.436113793103448302e+02
1.478779761904762040e+02
1.431688762626262701e+02
1.418046085858585741e+02
1.434709374999999909e+02
1.477747819191118026e+02
1.448400673400673497e+02
1.457925925925925981e+02
1.479102744546094357e+02
1.487120765832106031e+02
1.442187500000000000e+02
1.449215686274509665e+02
1.427230303030302991e+02
1.434521212121211988e+02
1.401781341107871697e+02
1.452256944444444571e+02
1.432680412371134082e+02
1.445396634615384528e+02
1.445707216494845397e+02
1.463482105263157962e+02
1.452879166666666606e+02
1.441359297441771616e+02
1.444631410256410220e+02
0.000000000000000000e+00
0.000000000000000000e+00
1.459533045977011625e+02
1.454552631578947341e+02
1.432529945553538937e+02
1.436980036297640595e+02
1.433984375000000000e+02
1.428852631578947410e+02
1.423573994252873547e+02
1.434855769230769340e+02
1.436815578465063084e+02
1.412478448275862206e+02
1.403246409674981123e+02
1.408606321839080522e+02
1.414705449189985131e+02
1.420675830469645007e+02
1.418738002132954250e+02
1.430565149136577645e+02
1.431235422740524825e+02
1.446979763268423085e+02
1.423518518518518476e+02
1.413272364482873229e+02
1.422743764172335545e+02
1.405013745704467283e+02
1.428159486016628819e+02
1.424188621611301926e+02
1.407733236151603364e+02
1.427854938271605079e+02
1.433805803571428612e+02
1.433353365384615472e+02
1.460559678416821328e+02
1.442619528619528637e+02
1.436721649484535988e+02
1.432150415721844183e+02
1.424386160714285836e+02
1.407827941699253529e+02
1.416720545977011625e+02
1.419432471264367734e+02
1.398810996563573781e+02
1.416899852724594950e+02
1.411851851851851904e+02
1.413727678571428612e+02
1.413187895847994469e+02
1.419145114942528778e+02
1.431163475699558205e+02
1.421450935471553976e+02
1.427338678885070635e+02
1.422227540500736325e+02
1.421494845360824684e+02
1.424019396551724128e+02
1.454762329174093907e+02
1.444364925854287662e+02
1.415170857511282918e+02
1.425964108438335245e+02
1.430000000000000000e+02
1.449673132183908137e+02
1.398554421768707527e+02
1.423494108983799720e+02
1.415003779289493480e+02
1.406928546036260173e+02
1.412223367697594369e+02
1.437480709876543301e+02
1.433125920471281347e+02
1.437430555555555429e+02
1.435898919753086318e+02
1.465287878787878810e+02
1.456385504529834520e+02
1.429592030360531396e+02
1.420024630541871886e+02
1.426354933726067884e+02
1.443953211736716753e+02
1.432882916053019073e+02
1.440801832760595573e+02
1.413283527696792987e+02
1.431290922619047592e+02
1.426111111111111143e+02
1.428690339824360365e+02
1.447404270986745303e+02
1.437082388510959845e+02
1.429588192419824964e+02
1.405160984848484986e+02
1.420866623711340253e+02
1.425236233300749404e+02
1.430325126262626156e+02
1.418552875695732780e+02
1.440431115276475964e+02
1.427294595438925455e+02
1.436663510101010104e+02
1.415245603395997591e+02
1.417040816326530717e+02
1.447112504353883651e+02
1.435618556701030855e+02
1.449044217687074934e+02
1.415342631898120089e+02
1.426494845360824684e+02
1.439721200980392268e+02
1.425036764705882320e+02
1.441131578947368439e+02
1.436240530303030312e+02
1.433720712277413440e+02
1.422046818727490916e+02
1.475421212121212022e+02
1.452596553773024368e+02
1.466823453608247405e+02
1.444732142857142776e+02
1.440389610389610482e+02
1.430198959289868412e+02
1.426276531231049205e+02
1.445257731958762975e+02
1.427470624613481789e+02
1.423521865889212847e+02
1.415229779411764639e+02
1.433051020408163367e+02
1.424606413994169145e+02
1.410386996904024670e+02
1.410582171012734989e+02
1.398988402061855538e+02
1.418860479797979792e+02
1.413585695876288639e+02
1.462908466104342438e+02
1.448668571428571568e+02
1.438582887700534627e+02
1.448765306122448919e+02
1.416836734693877418e+02
1.418479381443299019e+02
1.398189812007277055e+02
1.434158163265306030e+02
1.406675943104514488e+02
1.409526417525773070e+02
1.391733833177132169e+02
1.398973214285714164e+02
1.421565656565656468e+02
1.428061224489795791e+02
1.442183357879234222e+02
1.385000000000000000e+02
1.409650072150072049e+02
1.395533754572663838e+02
1.393943298969072089e+02
1.397628865979381487e+02
1.427055555555555486e+02
1.411639030612244881e+02
1.397215909090909065e+02
1.399297872340425499e+02
1.377714460784313815e+02
1.405421052631579073e+02
1.399912634408602230e+02
1.377225591267434766e+02
1.400655241935483843e+02
1.391022135416666572e+02
1.376721813725490335e+02
1.415533754572663838e+02
1.404190388735843271e+02
1.406813590449954177e+02
1.409678416821273856e+02
1.449414062500000000e+02
1.422572727272727207e+02
1.424048484848484861e+02
1.441221952698605264e+02
1.425953654188948292e+02
1.436956782713085374e+02
1.428279857397504315e+02
1.447529375386518211e+02
1.444289005924950686e+02
1.431351010101010104e+02
1.432630303030302912e+02
1.442474747474747403e+02
1.416391428571428435e+02
1.426821728691476494e+02
1.406893174165901428e+02
1.428775510204081627e+02
1.437418367346938908e+02
1.402127460168697155e+02
1.413821593153390381e+02
1.403049047172758605e+02
1.427861111111110972e+02
1.425829730628533412e+02
1.406173070915338883e+02
1.426012369791666572e+02
1.406441736957200987e+02
1.447442857142857235e+02
1.429515151515151388e+02
1.431570810142238770e+02
1.425732323232323324e+02
1.428613445378151141e+02
1.430396875000000136e+02
1.428175270108043264e+02
1.420071874999999864e+02
1.430030921459492959e+02
1.429406307977736503e+02
1.443398268398268272e+02
1.424575757575757677e+02
1.427405303030303116e+02
1.429853124999999920e+02
1.428937863483318154e+02
1.429031249999999886e+02
1.425423623995052651e+02
1.434336917562723954e+02
1.432470000000000141e+02
1.439367647058823536e+02
1.397797297297297234e+02
1.410643939393939377e+02
1.420959075288972144e+02
1.425895182291666572e+02
1.423952020202020208e+02
1.435872395833333428e+02
1.436085349462365457e+02
1.442873684210526335e+02
1.428534149484536044e+02
1.440538015463917532e+02
1.421777983920840995e+02
1.447249999999999943e+02
1.449340277777777715e+02
1.424501718213058439e+02
1.426491623711340253e+02
1.430793502030615514e+02
1.431145490454246101e+02
1.411621212121212068e+02
1.449811197916666572e+02
1.415105132962275718e+02
1.415543311906948247e+02
1.423322704081632537e+02
1.440271464646464779e+02
1.445885953608247405e+02
1.450934311224489761e+02
1.437617984693877418e+02
1.436291454081632537e+02
1.436320153061224403e+02
1.436817602040816269e+02
1.451639030612244881e+02
1.430213358070500931e+02
1.427138047138047057e+02
1.429639855942376983e+02
1.440208333333333428e+02
1.416285438144329873e+02
1.431933593750000000e+02
1.399862542955326319e+02
1.410119201030927911e+02
1.421222410865874224e+02
1.403733723958333428e+02
1.413319892473118387e+02
1.388800247371675880e+02
1.406929768041237025e+02
1.409868259803921546e+02
1.421346649484536044e+02
1.399792663476873997e+02
1.407751288659793829e+02
1.390959595959595845e+02
1.414755980861243927e+02
1.397332083723836433e+02
1.416005986032590727e+02
1.388068526379624075e+02
1.416216905901116547e+02
1.393347368421052579e+02
1.386431170406306990e+02
1.385172832019405575e+02
1.400533854166666572e+02
1.386723214285714221e+02
1.408177339901477865e+02
1.395303308823529278e+02
1.395064042486722826e+02
1.394466343238326260e+02
1.402976804123711361e+02
1.399131944444444571e+02
1.394086124401913764e+02
1.400975378787878753e+02
1.439298082869511575e+02
1.446881377551020478e+02
1.428933209647495346e+02
1.440239158163265358e+02
1.410127748068924518e+02
1.426402257872846064e+02
1.429069482705846212e+02
1.436156462585034035e+02
1.435876411170528684e+02
1.438392751039809809e+02
1.420042857142857144e+02
1.444885215794306816e+02
1.412633053221288435e+02
1.426731428571428637e+02
1.430197058823529517e+02
1.423168571428571454e+02
1.412775106082036700e+02
1.413159041394335418e+02
1.401282522191613111e+02
1.420833333333333428e+02
1.398864433811802144e+02
1.395379901960784252e+02
1.399358164283338795e+02
1.420069662138627677e+02
1.374471281296023619e+02
1.392063795853269426e+02
1.405719086021505291e+02
1.407204301075268802e+02
1.442680412371134082e+02
1.428578792341678820e+02
1.416035353535353636e+02
1.377222742892845986e+02
1.420573883161511901e+02
1.401824137931034500e+02
1.418413194444444514e+02
1.417468818782098197e+02
1.427780172413793025e+02
1.394008122461730750e+02
1.410315721649484431e+02
1.409732620320855574e+02
1.407139764996907729e+02
1.418660714285714164e+02
1.417424242424242493e+02
1.413158051099227634e+02
1.421088435374149697e+02
1.421611644657863280e+02
1.427094072164948386e+02
1.414967320261438033e+02
1.407353535353535392e+02
1.431709183673469283e+02
1.422268041237113323e+02
1.423450834879406273e+02
1.423886827458256050e+02
1.439087816944959854e+02
1.419599116161616053e+02
1.429332721150902898e+02
1.433139643861293280e+02
1.437201607915893646e+02
1.412859848484848442e+02
1.417424242424242493e+02
1.397692540933899465e+02
1.395501893939394051e+02
1.399409888357256762e+02
1.451549479166666572e+02
1.425994897959183731e+02
1.408796142334552712e+02
1.389326864766525205e+02
1.418261661807580083e+02
1.400952827241487171e+02
1.418787878787878753e+02
1.376311069882498543e+02
1.426825396825396695e+02
1.392230552952202345e+02
1.400767045454545325e+02
1.423448148148148107e+02
1.417313144329896772e+02
1.402717996289424889e+02
1.419922696351267746e+02
1.420637300843486344e+02
1.414298656669790830e+02
1.412414965986394577e+02
1.438465714285714228e+02
1.422430426716140914e+02
1.406925960637300932e+02
1.404896331738437141e+02
1.394582942830365653e+02
1.384329896907216551e+02
1.404647058823529449e+02
1.391288659793814304e+02
1.385853432282003723e+02
1.385281385281385269e+02
1.433264604810996445e+02
1.416978973407544800e+02
1.427755102040816269e+02
1.441870830806549293e+02
1.414606060606060680e+02
1.429023650697392327e+02
1.410516388373531242e+02
1.422274909963985579e+02
1.408135904499540914e+02
1.410312306740878228e+02
1.409071969696969688e+02
1.396672788490970447e+02
1.408572321149640629e+02
1.411256510416666572e+02
1.401932989690721740e+02
1.410677083333333428e+02
1.400852272727272805e+02
1.397179962894248604e+02
1.401929768041237025e+02
1.407324617346938851e+02
1.426841176470588266e+02
1.411969696969696884e+02
1.392383630115588744e+02
1.411331380208333428e+02
1.402001262626262701e+02
1.417649219467401167e+02
1.433852813852813881e+02
1.421737967914438627e+02
1.441134817563388992e+02
1.408449197860962556e+02
1.429854669140383407e+02
1.405819964349376221e+02
1.406946874999999864e+02
1.431747062461348037e+02
1.429053803339517685e+02
1.408457142857142799e+02
1.429222528313437408e+02
1.431484536082474222e+02
1.425294117647058840e+02
1.433516988062442579e+02
1.419519444444444503e+02
1.442304866850321332e+02
1.420290661719233185e+02
1.396491384432560778e+02
1.405815645845967197e+02
1.400265151515151558e+02
1.401829896907216551e+02
1.403063788659793829e+02
1.403415404040404155e+02
