1.250732421875000000e+02
1.269830220713073032e+02
1.256721649484536130e+02
1.243373945641986893e+02
1.260338273195876297e+02
1.240462254738942534e+02
1.246095328282828234e+02
1.252944587628865918e+02
1.269466145833333286e+02
1.261077473958333286e+02
1.267406572164948386e+02
1.273864583333333371e+02
1.265934278350515427e+02
1.258956576069978155e+02
1.249755154639175316e+02
1.253230075187969987e+02
1.266682027649769537e+02
1.267616792929292870e+02
1.275986842105263150e+02
1.335429687500000000e+02
1.297337372448979522e+02
1.290000000000000000e+02
1.284613402061855538e+02
1.292124368686868650e+02
1.276749999999999972e+02
1.278263888888888857e+02
1.267763199000312397e+02
1.318042385057471222e+02
1.274313269038909198e+02
1.273037109375000000e+02
1.269815188172043037e+02
1.275000000000000000e+02
1.261292517006802711e+02
1.257728834739144048e+02
1.268608247422680364e+02
1.305082614942528778e+02
1.272187500000000000e+02
1.275580312603924114e+02
1.260809948979591866e+02
1.278527777777777743e+02
1.279534505208333286e+02
1.269714776632302460e+02
1.265113636363636402e+02
1.276627604166666714e+02
1.285800687285223489e+02
1.329026442307692264e+02
1.274635849684070479e+02
1.285715725806451530e+02
1.275796474891918848e+02
1.283387096774193594e+02
1.295931034482758548e+02
1.277326697476004256e+02
1.279890256069171954e+02
1.269204252577319636e+02
1.276521464646464636e+02
1.268733891752577279e+02
1.279292096219931238e+02
1.286833333333333371e+02
1.270371758825367010e+02
1.284761597938144462e+02
1.286743221690590246e+02
1.270354381443299019e+02
1.251126893939393909e+02
1.286388530927835063e+02
1.256481237656352903e+02
1.291962365591397770e+02
1.279881944444444457e+02
1.271783459595959584e+02
1.281015625000000000e+02
1.267658796142334552e+02
1.298515625000000000e+02
1.285815972222222285e+02
1.294391752577319608e+02
1.310790378006872743e+02
1.339106691919191974e+02
1.338959407216494810e+02
1.303835051546391810e+02
1.308170103092783449e+02
1.303182123655913927e+02
1.310345859660791348e+02
1.293723684210526415e+02
1.297409722222222115e+02
1.291839561855670127e+02
1.305134408602150415e+02
1.294645182291666572e+02
1.299508463541666572e+02
1.292255154639175316e+02
1.292206829896907152e+02
1.290792525773195791e+02
1.284391276041666572e+02
1.292321908602150415e+02
1.292599871134020759e+02
1.304892921960072556e+02
1.276472293814432959e+02
1.293196181698485816e+02
1.291343427835051614e+02
1.303460101867572121e+02
1.283794479547721892e+02
1.291878289473684163e+02
1.274364919354838719e+02
1.290362903225806406e+02
1.274166666666666714e+02
1.270735930735930737e+02
1.274030927835051585e+02
1.280618556701030855e+02
1.282128906250000000e+02
1.280096441636182192e+02
1.277694470477975699e+02
1.296408821593153391e+02
1.340376932989690602e+02
1.313058712121212182e+02
1.300424499696785858e+02
1.336586021505376323e+02
1.318188131313131350e+02
1.329580977718656527e+02
1.318383736559139834e+02
1.324200339558573774e+02
1.345379310344827672e+02
1.319850046860356088e+02
1.319757965686274588e+02
1.313119975262832497e+02
1.330393041237113323e+02
1.325279106858054092e+02
1.330473484848484986e+02
1.320868478600437470e+02
1.295580174927113717e+02
1.337001953125000000e+02
1.332090053763440949e+02
1.323940789473684276e+02
1.301594065656565533e+02
1.325314091680814954e+02
1.331310696095076480e+02
1.315025252525252597e+02
1.302767885035926270e+02
1.330980263157894683e+02
1.323610026041666572e+02
1.293021907216494810e+02
1.295333333333333314e+02
1.301839561855670127e+02
1.311406250000000000e+02
1.325545138888888914e+02
1.309420572916666572e+02
1.308668930390492449e+02
1.312246093750000000e+02
1.284599268373794416e+02
1.302324575989358095e+02
1.332646484375000000e+02
1.334381720430107521e+02
1.323152482269503594e+02
1.292889093137254974e+02
1.281430802874101857e+02
1.303463541666666572e+02
1.273679846938775455e+02
1.273396045918367321e+02
1.271011597938144320e+02
1.287567478604345013e+02
1.277894736842105203e+02
1.280204081632653015e+02
1.272876932989690744e+02
1.264655803126039189e+02
1.274362113402061851e+02
1.263720703125000000e+02
1.304752244762221380e+02
1.324176819743830151e+02
1.288179768041237025e+02
1.272181186868686922e+02
1.275047348484848442e+02
1.265147058823529420e+02
1.269566532258064484e+02
1.281626205520452402e+02
1.295793010752688303e+02
1.303079427083333428e+02
1.305404057199866941e+02
1.309304435483871032e+02
1.320164650537634543e+02
1.329463497453310765e+02
1.327236328125000000e+02
1.312587890625000000e+02
1.329293619791666572e+02
1.338494736842105226e+02
1.304767260231177772e+02
1.323625672043010866e+02
1.307160262417994261e+02
1.330846774193548470e+02
1.316354066985645943e+02
1.324765547056867376e+02
1.307276740237691115e+02
1.360882352941176521e+02
1.355578947368421154e+02
1.315616893914200318e+02
1.315101973684210463e+02
1.317026315789473756e+02
1.304627016129032313e+02
1.315757087628865918e+02
1.299944078947368382e+02
1.309274088541666572e+02
1.317246425008313793e+02
1.297463815789473642e+02
1.315420026881720332e+02
1.300829346092504011e+02
1.317651209677419217e+02
1.312432795698924792e+02
1.316679687500000000e+02
1.296430921052631504e+02
1.301430802874101857e+02
1.308554292929293013e+02
1.319195963541666572e+02
1.307641752577319494e+02
1.309320231958762975e+02
1.310243421052631447e+02
1.318779296875000000e+02
1.304355670103092848e+02
1.319905598958333428e+02
1.303236111111111200e+02
1.313269038909211872e+02
1.312012987012986969e+02
1.340166369578134322e+02
1.306850984067478976e+02
1.305823180256169849e+02
1.333205741626794349e+02
1.303847688726305307e+02
1.326236559139784958e+02
1.313517361111111086e+02
1.300856854838709751e+02
1.299576612903225907e+02
1.292407715330894575e+02
1.308577249575551775e+02
1.301250415696707705e+02
1.300440188172042895e+02
1.307375672043010866e+02
1.278593750000000000e+02
1.304121527777777771e+02
1.279635738831615157e+02
1.288717447916666572e+02
1.269809434551702623e+02
1.263265713335550373e+02
1.257455357142857082e+02
1.321990740740740762e+02
1.335095457537853747e+02
1.330528368794326184e+02
1.314353140916808229e+02
1.305092158700406060e+02
1.314283338875956133e+02
1.329133064516128968e+02
1.297419458762886677e+02
1.321311848958333428e+02
1.292626953125000000e+02
1.322741935483871032e+02
1.359941580756013764e+02
1.333061084420041311e+02
1.325884210526315883e+02
1.319840407470288710e+02
1.309087752525252597e+02
1.318421052631578902e+02
1.320448217317487263e+02
1.317054036458333428e+02
1.315817057291666572e+02
1.341296052631578846e+02
1.300628255208333428e+02
1.285716145833333428e+02
1.285570231958762975e+02
1.297096774193548470e+02
1.291993127147766245e+02
1.303780241935483843e+02
1.304015456989247355e+02
1.294166666666666572e+02
1.273184974747474740e+02
1.287082236842105374e+02
1.292597623089982903e+02
1.278561403508771974e+02
1.328402061855670127e+02
1.305766544728965641e+02
1.298582474226804209e+02
1.311298828125000000e+02
1.293277994791666572e+02
1.302473684210526415e+02
1.294630376344086073e+02
1.306243279569892479e+02
1.313422750424448111e+02
1.295480475382003362e+02
1.284758376288659747e+02
1.311167763157894797e+02
1.312621710526315724e+02
1.313976973684210634e+02
1.302826156299840648e+02
1.300178571428571388e+02
1.326172715053763511e+02
1.319416666666666629e+02
1.318981119791666572e+02
1.321259868421052772e+02
1.321443298969072089e+02
1.310432449494949481e+02
1.346972582972582870e+02
1.321938775510204209e+02
1.308898379970544852e+02
1.313458026509572960e+02
1.313155637254901933e+02
1.324381313131313220e+02
1.309146620847651832e+02
1.338581693220868374e+02
1.331886209029066208e+02
1.346348684210526301e+02
1.384752941176470529e+02
1.344051324051324059e+02
1.344385026737967905e+02
1.348252937538651963e+02
1.331845738295318142e+02
1.404134615384615472e+02
1.421771978021978100e+02
1.421413641364136424e+02
1.378572607260726102e+02
1.369338993329290588e+02
1.350068728522336698e+02
1.373941923774954716e+02
1.356644496175590291e+02
1.347932080048514365e+02
1.336101804123711361e+02
1.317953352769679327e+02
1.342048969072164937e+02
1.309597293814433101e+02
1.311484375000000000e+02
1.303276515151515014e+02
1.299479166666666572e+02
1.320388157894736878e+02
1.285653994845360728e+02
1.291689453125000000e+02
1.310657552083333428e+02
1.295750644329896772e+02
1.336272551546391867e+02
1.319318181818181870e+02
1.301510416666666572e+02
1.322869970069837109e+02
1.313030303030303116e+02
1.307180989583333428e+02
1.306764322916666572e+02
1.315868421052631447e+02
1.304332682291666572e+02
1.298783602150537604e+02
1.279539270253555969e+02
1.283457236842105260e+02
1.299511961722488138e+02
1.319547016557325776e+02
1.327630208333333428e+02
1.294460227272727195e+02
1.304070175438596380e+02
1.303054123711340253e+02
1.313511035653650367e+02
1.296993681410043280e+02
1.294846938775510239e+02
1.306621093750000000e+02
1.312342069892472978e+02
1.315522572665429948e+02
1.328967524509803866e+02
1.300234093637454862e+02
1.331263157894736935e+02
1.325596940472231324e+02
1.329996710526315837e+02
1.303811274509803866e+02
1.320050505050504910e+02
1.319100281162136810e+02
1.337911714770797857e+02
1.313887358432812960e+02
1.323121778350515569e+02
1.352800565770862704e+02
1.334233241505968692e+02
1.333281250000000000e+02
1.306806640625000000e+02
1.300521907216494810e+02
1.302953947368420984e+02
1.309094098883572599e+02
1.283722943722943626e+02
1.311950657894736878e+02
1.337284149484536044e+02
1.326619806310527849e+02
1.320495510475556955e+02
1.309934210526315894e+02
1.294109848484848442e+02
1.290103092783505190e+02
1.300688844086021447e+02
1.291354359925788629e+02
1.295544458762886677e+02
1.306082474226804209e+02
1.293985776128633347e+02
1.303632392473118387e+02
1.313194078947368553e+02
1.345526147959183731e+02
1.356842447916666572e+02
1.323945312500000000e+02
1.314440191387559764e+02
1.311721938775510239e+02
1.318663015463917532e+02
1.301502655420181327e+02
1.334248046875000000e+02
1.310477663230240637e+02
1.309249355670103228e+02
1.318427843803056021e+02
1.316012369791666572e+02
1.314367385192127529e+02
1.314080478882607110e+02
1.308037800687285142e+02
1.309443923773820586e+02
1.316205808080808026e+02
1.300479282622139863e+02
1.315576987030262615e+02
1.315245235863792459e+02
1.311332236842105203e+02
1.302226475279106808e+02
1.331092069892472978e+02
1.312461340206185696e+02
1.320875651041666572e+02
1.320927734375000000e+02
1.306736842105263179e+02
1.315596491228070306e+02
1.315714776632302403e+02
1.322406249999999943e+02
1.296019570707070727e+02
1.288085937500000000e+02
1.354368622448979522e+02
1.345807560137457131e+02
1.308505402160864435e+02
1.330039906883937419e+02
1.314199218750000000e+02
1.330237691001697726e+02
1.337480063795853198e+02
1.329826839826839944e+02
1.319106691919191974e+02
1.325068359375000000e+02
1.311406698564593398e+02
1.323614035087719287e+02
1.296613520408163254e+02
1.332652777777777828e+02
1.335350694444444457e+02
1.317520833333333314e+02
1.302951388888888857e+02
1.313613281250000000e+02
1.317279040404040416e+02
1.309188660801563913e+02
1.325384103757898231e+02
1.318224561403508801e+02
1.328335526315789537e+02
1.314865979381443424e+02
1.313457661290322562e+02
1.305299744897959044e+02
1.294015625000000114e+02
1.322628289473684333e+02
1.306646262886598038e+02
1.306221301020408134e+02
1.307574097938144462e+02
1.329754901960784252e+02
1.370614919354838719e+02
1.309557823129251801e+02
1.333544921875000000e+02
1.309784149484536044e+02
1.319336734693877418e+02
1.309500156201187053e+02
1.323048406862745026e+02
1.310752889721961765e+02
1.325335286458333428e+02
1.316989247311827853e+02
1.308063151041666572e+02
1.315034722222222285e+02
1.297495451788963123e+02
1.322727864583333428e+02
1.313956185567010380e+02
1.318800403225806406e+02
1.312756900565347564e+02
1.318525883838383947e+02
1.330298611111111029e+02
1.315545785324439123e+02
1.323565188172042895e+02
1.316685606060605949e+02
1.304668560606060623e+02
1.305888480392156907e+02
1.319577594123048527e+02
1.327464561855670127e+02
1.322771009059668756e+02
1.326972656250000000e+02
1.296400742115027924e+02
1.329980468750000000e+02
1.320612113402061993e+02
1.309620446893174233e+02
1.321742600598603303e+02
1.317512886597938007e+02
1.313222446236559051e+02
1.324980670103092848e+02
1.298361344537815114e+02
1.332407894736842024e+02
1.329515789473684322e+02
1.330960286458333428e+02
1.322648556876061150e+02
1.324874003189792688e+02
1.301893158388003826e+02
1.319812558575445109e+02
