1.207490427098674530e+02
1.233151343705799121e+02
1.245986394557823189e+02
1.228458110516934028e+02
1.207916666666666714e+02
1.233339105339105402e+02
1.217324675324675383e+02
1.219738235294117601e+02
1.237824129651860687e+02
1.246183712121212182e+02
1.249032158317872643e+02
1.236069518716577562e+02
1.244259375000000034e+02
1.245168316831683200e+02
1.237944339025932976e+02
1.255705018777739781e+02
1.249122746185853003e+02
1.251978155339805880e+02
1.259600840336134411e+02
1.240361290322580601e+02
1.249156666666666666e+02
1.251975000000000051e+02
1.254811262376237693e+02
1.220066666666666606e+02
1.255309374999999932e+02
1.218645276292335069e+02
1.255787499999999994e+02
1.223659999999999997e+02
1.253246874999999960e+02
1.231067821067821058e+02
1.233731431966726149e+02
1.228131313131313078e+02
1.220458823529411774e+02
1.226280451574569241e+02
1.229472727272727326e+02
1.244892676767676818e+02
1.237095194367921636e+02
1.238500153045607561e+02
1.217942857142857207e+02
1.227297612114152656e+02
1.238076230492196856e+02
1.269555955595559595e+02
1.289607588357588384e+02
1.266170798898071581e+02
1.257997623291741007e+02
1.251657142857142873e+02
1.268221874999999983e+02
1.240168016801680153e+02
1.244309764309764290e+02
1.260148387096774201e+02
1.245475971839608178e+02
1.239350247524752433e+02
1.225693069306930738e+02
1.273026666666666671e+02
1.247925170068027256e+02
1.248515769944341400e+02
1.239325609031491382e+02
1.302492861222158638e+02
1.303348187759952452e+02
1.289264322916666572e+02
1.267263355201499593e+02
1.260071852546079327e+02
1.247903780068728565e+02
1.240056232427366467e+02
1.238951277480689299e+02
1.254206714944042176e+02
1.268517241379310292e+02
1.269613793103448245e+02
1.269306666666666672e+02
1.249244791666666714e+02
1.277441077441077510e+02
1.258292297979797922e+02
1.259497422680412342e+02
1.275000000000000000e+02
1.266520182291666714e+02
1.279266666666666623e+02
1.261099656357388312e+02
1.285048828125000000e+02
1.268444220430107521e+02
1.319554491899852735e+02
1.301375212224108679e+02
1.300723362658846440e+02
1.320946782178217802e+02
1.284981818181818198e+02
1.289956709956709915e+02
1.282118241235888263e+02
1.304719387755102105e+02
1.300954708374063102e+02
1.292034203420342067e+02
1.302574128380580021e+02
1.305722853535353636e+02
1.305196666666666658e+02
1.294030303030303060e+02
1.299396874999999909e+02
1.298562499999999886e+02
1.305581622678396911e+02
1.297025806451612766e+02
1.298887499999999875e+02
1.308603225806451746e+02
1.310232629323538447e+02
1.306833964646464779e+02
1.307661290322580783e+02
1.299996874999999932e+02
1.304635483870967789e+02
1.311846590909090935e+02
1.302419354838709751e+02
1.313774193548387075e+02
1.343140109890109954e+02
1.309334665905197141e+02
1.308470137336314281e+02
1.317034864776800305e+02
1.312900031938677614e+02
1.312727563078888409e+02
1.318244949494949481e+02
1.311542699724518002e+02
1.315757575757575637e+02
1.307932793279327939e+02
1.306274509803921546e+02
1.314043436601724579e+02
1.316924999999999955e+02
1.309822982298229874e+02
1.320508207070706987e+02
1.314234375000000057e+02
1.313774999999999977e+02
1.319675757575757586e+02
1.317500000000000000e+02
1.311666666666666572e+02
1.358263574660633424e+02
1.325277227722772295e+02
1.323235388054934560e+02
1.334454838709677347e+02
1.330677745193874273e+02
1.323612903225806576e+02
1.328555484693877418e+02
1.317762995049504866e+02
1.303765288293535320e+02
1.318431249999999864e+02
1.329993416721527240e+02
1.325135732323232389e+02
1.314011901033510696e+02
1.323538611925708608e+02
1.326609374999999886e+02
1.328258064516128911e+02
1.326404671717171766e+02
1.329400456174649605e+02
1.345340067340067378e+02
1.326348484848484759e+02
1.325096969696969609e+02
1.323462252475247567e+02
1.327872884062599894e+02
1.336875000000000000e+02
1.330059505167554050e+02
1.321349009900989984e+02
1.328668749999999932e+02
1.325123106060605949e+02
1.330140624999999943e+02
1.342961165048543819e+02
1.334971164936562786e+02
1.331699999999999875e+02
1.331256250000000136e+02
1.356670033670033604e+02
1.342429229756418749e+02
1.342484217171717091e+02
1.351000631313131350e+02
1.342560895325872252e+02
1.332396969696969791e+02
1.338740530303030312e+02
1.325755882352941057e+02
1.342179369452096864e+02
1.339936868686868650e+02
1.339886746250382714e+02
1.330846875000000011e+02
1.335858585858585741e+02
1.339799210006583223e+02
1.329287500000000080e+02
1.350974325213956604e+02
1.337572601010101039e+02
1.347393021724818993e+02
1.330277777777777715e+02
1.327455163883735452e+02
1.326160606060606142e+02
1.331428571428571388e+02
1.333398058252427063e+02
1.335388349514563231e+02
1.328173140223831581e+02
1.335895325872284332e+02
1.336636363636363569e+02
1.307630853994490394e+02
1.326568027210884395e+02
1.308754208754208719e+02
1.314892676767676676e+02
1.323202997719126870e+02
1.332017774851876197e+02
1.324180000000000064e+02
1.323857934180514917e+02
1.309501071319253072e+02
1.307988980716253309e+02
1.310835459183673493e+02
1.321463917525773297e+02
1.312270408163265358e+02
1.299406887755102105e+02
1.316867309610908023e+02
1.347371446822101575e+02
1.328413429888084352e+02
1.306601731601731728e+02
1.317465912869970168e+02
1.312397959183673493e+02
1.312172481895984220e+02
1.318090277777777715e+02
1.313113890717577306e+02
1.311545454545454561e+02
1.319371130661453151e+02
1.322039752362333047e+02
1.309960606060606096e+02
1.313777165595347469e+02
1.315855327468230769e+02
1.345645604395604380e+02
1.339229797979797922e+02
1.343180188986640644e+02
1.334236339697169171e+02
1.318677398989898961e+02
1.324802571166207485e+02
1.318738904193449741e+02
1.321658520690778857e+02
1.323558673469387656e+02
1.319292929292929273e+02
1.328194851743238871e+02
1.320526476890113372e+02
1.327666666666666799e+02
1.316653124999999989e+02
1.330328443877550910e+02
1.331382575757575637e+02
1.328292297979797922e+02
1.326112641567187040e+02
1.340521342456826233e+02
1.361573403554970412e+02
1.349663333333333242e+02
1.372783171521035683e+02
1.330274672628553105e+02
1.324304846938775597e+02
1.317831034482758525e+02
1.321547619047618980e+02
1.338121639784946240e+02
1.320051020408163254e+02
1.337273029597605500e+02
1.334891918856002633e+02
1.343059895833333428e+02
1.323632015306122582e+02
1.317949907235621652e+02
1.324861469072164937e+02
1.323690402476780150e+02
1.329708454810495653e+02
1.326934707903780009e+02
1.338409425625920335e+02
1.312983814215341170e+02
1.292287371134020759e+02
1.313688046647230294e+02
1.315928515928515878e+02
1.305296052631578902e+02
1.294501718213058439e+02
1.305921901528013507e+02
1.307447916666666572e+02
1.316599854227405331e+02
1.306762242268041234e+02
1.292532552083333428e+02
1.305541237113401962e+02
1.323619694397283411e+02
1.321854166666666686e+02
1.312368009996876026e+02
1.326720672067206692e+02
1.318726249120337854e+02
1.303301767676767611e+02
1.294672528805336640e+02
1.323126822157434503e+02
1.291362074351765159e+02
1.311424561403508733e+02
1.309204252577319494e+02
1.315332708528584931e+02
1.319797250859106441e+02
1.301104594330400914e+02
1.309307345360824684e+02
1.317039872408293490e+02
1.307027994791666572e+02
1.305723312271366865e+02
1.305895325872284332e+02
1.298995052566481263e+02
1.313920747422680506e+02
1.322457598935816350e+02
1.344712643678161044e+02
1.335119201030927911e+02
1.331819661458333428e+02
1.337216494845360728e+02
1.335848214285714164e+02
1.325291116446578599e+02
1.334046717171717091e+02
1.326118763391490631e+02
1.347927835051546310e+02
1.323991429445974859e+02
1.339895731508634640e+02
1.328725182863113901e+02
1.306847860043736205e+02
1.312075892857142776e+02
1.307988808426596563e+02
1.310460695876288639e+02
1.346336734693877588e+02
1.330029154518950349e+02
1.301880662293033311e+02
1.318443631526438367e+02
1.313233638282899278e+02
1.317293625914315669e+02
1.309990335051546424e+02
1.322454896907216551e+02
1.316109965635738774e+02
1.324087542087542033e+02
1.334489795918367463e+02
1.321420019953442022e+02
1.333987362820086560e+02
1.320034013605442169e+02
1.322613636363636260e+02
1.335656357388316167e+02
1.332214932833489627e+02
1.303103764921946777e+02
1.338576030927835063e+02
1.343580994897959044e+02
1.323311237373737299e+02
1.322523191094619790e+02
1.336530612244897895e+02
1.339054621848739544e+02
1.361897551546391867e+02
1.347727272727272805e+02
1.344981249999999875e+02
1.352059993878175703e+02
1.352650749923477065e+02
1.352360269360269456e+02
1.331190694827058394e+02
1.319582560296846054e+02
1.341149640737269522e+02
1.343892045454545325e+02
1.345192550505050519e+02
1.343109243697479087e+02
1.341995714722987429e+02
1.361929278642149939e+02
1.333043755988502141e+02
1.318756957328385795e+02
1.341336651261997872e+02
1.314968434343434467e+02
1.318791035353535221e+02
1.296363636363636260e+02
1.325358788676761037e+02
1.313052171196501092e+02
1.307789115646258438e+02
1.326306780776826884e+02
1.313411726804123703e+02
1.306049107142857224e+02
1.320512016718913344e+02
1.319687500000000000e+02
1.311956228956229040e+02
1.341019473081328783e+02
1.305269999999999868e+02
1.327482993197278915e+02
1.312662104920169384e+02
1.319000000000000057e+02
1.319853709508881821e+02
1.334343537414966079e+02
1.332656565656565704e+02
1.319951612903225850e+02
1.339127334465195247e+02
1.322538709677419320e+02
1.314698531708841074e+02
1.319288806431663659e+02
1.315882536707279087e+02
1.336945253348864355e+02
1.350761290322580521e+02
1.321891108247422721e+02
