0.000000000000000000e+00
0.000000000000000000e+00
0.000000000000000000e+00
0.000000000000000000e+00
0.000000000000000000e+00
0.000000000000000000e+00
0.000000000000000000e+00
0.000000000000000000e+00
0.000000000000000000e+00
0.000000000000000000e+00
0.000000000000000000e+00
0.000000000000000000e+00
0.000000000000000000e+00
0.000000000000000000e+00
0.000000000000000000e+00
0.000000000000000000e+00
0.000000000000000000e+00
0.000000000000000000e+00
0.000000000000000000e+00
0.000000000000000000e+00
0.000000000000000000e+00
0.000000000000000000e+00
0.000000000000000000e+00
0.000000000000000000e+00
0.000000000000000000e+00
0.000000000000000000e+00
0.000000000000000000e+00
0.000000000000000000e+00
0.000000000000000000e+00
0.000000000000000000e+00
0.000000000000000000e+00
0.000000000000000000e+00
0.000000000000000000e+00
0.000000000000000000e+00
0.000000000000000000e+00
0.000000000000000000e+00
0.000000000000000000e+00
0.000000000000000000e+00
0.000000000000000000e+00
0.000000000000000000e+00
0.000000000000000000e+00
6.817698317307691980e+01
6.813197815533980872e+01
6.838427810836203946e+01
6.865216121495326718e+01
6.900117924528301216e+01
6.918113425925925242e+01
6.990141612200436327e+01
6.912492853058890319e+01
7.020622347949080222e+01
6.863630952380952976e+01
6.771492346938775597e+01
6.742799125273351990e+01
6.753430531732418274e+01
6.776975361087509953e+01
6.743686224489795222e+01
6.740362386754139834e+01
6.674747474747475451e+01
6.645048422368010677e+01
6.608169934640523024e+01
6.585024009603841932e+01
6.595554123711340822e+01
6.588034989065917557e+01
6.580550401978973696e+01
6.608627087198516392e+01
6.609903961584633691e+01
6.627460168697281517e+01
6.618092691622103985e+01
6.613730158730159303e+01
6.598782214670065116e+01
6.633393939393938865e+01
6.621954842543077291e+01
6.676440879382056437e+01
6.689571428571429124e+01
6.653089720736780066e+01
6.655317884729649336e+01
6.647557204700062528e+01
6.656060606060606233e+01
6.705733808674985141e+01
6.691280148423005869e+01
6.695721925133689467e+01
6.842733457019171794e+01
6.814564007421149938e+01
6.761410018552875556e+01
6.714937251300887056e+01
6.726085598250546127e+01
6.692115027829314045e+01
6.689190877850671768e+01
6.743107546048722156e+01
6.690849673202613701e+01
6.695114409400123634e+01
6.721243361449546683e+01
6.695258103241296510e+01
6.702029639175258069e+01
6.751620648259303437e+01
6.785233380480904941e+01
6.794962143273150446e+01
6.821264705882353496e+01
6.839377652050919210e+01
6.897790404040404155e+01
6.879653679653679887e+01
6.869666360575450881e+01
6.787608760876086933e+01
6.754529411764706026e+01
6.791574344023324272e+01
6.762234794908061986e+01
6.738848484848485043e+01
6.636606903933636659e+01
6.653759700294354218e+01
6.629152915291528814e+01
6.663982683982683852e+01
6.614108910891089010e+01
6.629997324056729724e+01
6.736039603960395539e+01
6.710658124635993715e+01
6.733361344537814830e+01
6.727558823529412280e+01
6.740054005400540404e+01
6.753088235294117680e+01
6.773826500297089126e+01
6.743624362436243302e+01
6.824058823529411200e+01
6.878757269666360230e+01
6.856030897207368469e+01
6.858067602040816269e+01
6.833698453608246837e+01
6.812158884172225726e+01
6.743911082474227214e+01
6.715306122448978954e+01
6.751369661266568301e+01
6.765968882602545875e+01
6.764957983193276903e+01
7.148937908496732518e+01
7.071723937099592661e+01
6.925647249190939192e+01
6.727569444444444002e+01
6.716503906250000000e+01
6.787394957983192967e+01
6.763832265579499392e+01
6.676641414141414543e+01
6.733522727272726627e+01
6.693087121212121815e+01
6.798431372549019613e+01
6.708317214700193176e+01
6.758627450980392837e+01
6.741596638655461504e+01
6.890397923875433150e+01
6.943176914778857167e+01
6.895631916132789740e+01
6.795934139784945671e+01
6.790409247110278557e+01
6.819889341875364153e+01
6.795661036691905110e+01
6.811216839677047119e+01
6.829873125720877169e+01
6.825120226308345650e+01
6.828654630168898620e+01
6.849411764705882888e+01
6.835756718528995179e+01
6.850127298444130020e+01
6.820252025202520940e+01
6.865457142857142969e+01
6.840254596888260608e+01
6.851747233546883820e+01
6.847641234711706204e+01
6.879673849737915248e+01
6.876039603960396107e+01
6.879666666666666686e+01
6.874228305183459042e+01
6.876294200848656146e+01
6.850000000000000000e+01
6.891060820367751205e+01
6.884478741991846107e+01
6.849068142108328061e+01
6.876106442577031430e+01
6.895311589982527778e+01
6.842020966802562043e+01
6.921814320388349984e+01
7.016111611161116457e+01
6.882010279840091016e+01
6.870675596971462085e+01
6.873987398739873811e+01
6.866493656286043290e+01
6.860756302521008365e+01
6.876209335219236607e+01
6.826672433679354413e+01
6.858415841584158557e+01
6.742894969108562009e+01
6.749594959495949809e+01
6.903799019607842524e+01
6.948165404775771492e+01
