1.532165413533834624e+02
1.552036082474226930e+02
1.554262672811059929e+02
1.535950255102040956e+02
0.000000000000000000e+00
0.000000000000000000e+00
0.000000000000000000e+00
1.578890034364261226e+02
1.603916256157635587e+02
1.642897643593519774e+02
1.624289115646258495e+02
1.593228070175438518e+02
1.591187229797139935e+02
1.564539358600583228e+02
1.578506716651046418e+02
1.566913690476190482e+02
1.584873477038425449e+02
1.620350515463917418e+02
1.580082934609250458e+02
1.575757575757575637e+02
1.590108552631579073e+02
0.000000000000000000e+00
1.596697705354173706e+02
1.595576171875000000e+02
1.612024305555555657e+02
1.602229817708333428e+02
1.648339060710194701e+02
1.620829861111110972e+02
1.593105670103092848e+02
1.630703874866690342e+02
1.645148809523809632e+02
1.606073377804730171e+02
1.598872180451127747e+02
1.621165260855982524e+02
1.620781499202551856e+02
1.635779605263157919e+02
1.628746258729630938e+02
1.660101503759398440e+02
1.612572601010101039e+02
1.617677830940988883e+02
1.601398496240601617e+02
1.632111742424242493e+02
1.634142361111111086e+02
1.625699869791666572e+02
1.618296052631579016e+02
1.616539713541666572e+02
