8.520601045296167797e+01
8.563008687700045130e+01
8.495046854082998777e+01
8.517063492063492447e+01
8.474788041053101040e+01
8.469707401032702876e+01
8.482998661311914645e+01
8.468608852755194505e+01
8.474564459930313376e+01
8.462650602409638623e+01
8.418383017163505144e+01
8.442231255645889121e+01
8.368585452922802403e+01
8.400669344042837849e+01
8.387639446675591159e+01
8.330731922398588551e+01
8.420061728395062062e+01
8.439455782312924725e+01
8.374431057563587899e+01
8.382507809013833366e+01
8.409673202614379761e+01
8.407451499118165827e+01
8.390004462293619270e+01
8.292771084337348952e+01
8.321060037523452024e+01
8.393405600722674365e+01
8.386495031616982487e+01
8.330440900562851425e+01
8.322420262664165591e+01
8.405354752342704217e+01
8.354487179487179560e+01
8.319786839666357992e+01
8.314272809394761055e+01
8.387237840249888166e+01
8.353904506916555306e+01
8.322091932457786356e+01
8.375992860330210021e+01
8.357028112449799551e+01
8.408943089430894702e+01
8.422043730477464862e+01
8.438812392426849840e+01
8.396028558679161335e+01
8.304127579737335907e+01
8.404471544715447351e+01
8.315666041275797227e+01
8.324841915085816879e+01
8.361445783132529641e+01
8.382775546630968222e+01
8.360910307898259930e+01
8.364614011601963739e+01
8.398304328424809739e+01
8.379607318161535545e+01
8.406604194556001630e+01
8.350683593750000000e+01
8.343198874296435008e+01
8.334383688600556184e+01
8.392005420054201181e+01
8.439000446229361785e+01
8.431922398589065892e+01
8.364835164835164960e+01
8.364167782240070892e+01
8.382407407407407618e+01
8.465462239583332860e+01
8.409993489583332860e+01
8.351595744680851396e+01
8.471907894736841627e+01
8.401848118279569633e+01
8.426698564593301910e+01
8.463421052631578334e+01
8.521953578336557200e+01
8.477027925531915287e+01
8.321535326086956275e+01
8.369497282608695343e+01
8.427923387096774377e+01
8.392121010638297207e+01
8.428259408602150415e+01
8.431349734042552768e+01
8.324991854024112570e+01
8.394254032258064058e+01
8.431653225806451246e+01
8.459979838709676869e+01
8.417065390749601761e+01
8.400498670212765262e+01
8.454384268214054998e+01
8.394243421052631504e+01
8.413896276595744439e+01
8.385235332043842504e+01
8.403255963894261527e+01
8.379529335912314991e+01
8.414394946808511122e+01
8.384242424242424363e+01
8.390226063829787506e+01
8.348683344305463550e+01
8.409664948453608702e+01
8.403757898237445545e+01
8.498404947916667140e+01
8.356552706552706411e+01
8.314652014652014600e+01
8.689044289044288405e+01
8.616583416583416977e+01
8.548229813664596577e+01
8.047710622710623340e+01
8.395609318996416448e+01
8.065168539325843255e+01
