0.000000000000000000e+00
0.000000000000000000e+00
0.000000000000000000e+00
0.000000000000000000e+00
0.000000000000000000e+00
0.000000000000000000e+00
0.000000000000000000e+00
0.000000000000000000e+00
0.000000000000000000e+00
0.000000000000000000e+00
0.000000000000000000e+00
0.000000000000000000e+00
0.000000000000000000e+00
0.000000000000000000e+00
0.000000000000000000e+00
0.000000000000000000e+00
0.000000000000000000e+00
0.000000000000000000e+00
0.000000000000000000e+00
0.000000000000000000e+00
0.000000000000000000e+00
0.000000000000000000e+00
0.000000000000000000e+00
0.000000000000000000e+00
0.000000000000000000e+00
0.000000000000000000e+00
0.000000000000000000e+00
0.000000000000000000e+00
0.000000000000000000e+00
0.000000000000000000e+00
0.000000000000000000e+00
0.000000000000000000e+00
0.000000000000000000e+00
0.000000000000000000e+00
0.000000000000000000e+00
0.000000000000000000e+00
0.000000000000000000e+00
0.000000000000000000e+00
0.000000000000000000e+00
0.000000000000000000e+00
0.000000000000000000e+00
0.000000000000000000e+00
0.000000000000000000e+00
0.000000000000000000e+00
0.000000000000000000e+00
6.027129015808261414e+01
6.257549857549857819e+01
5.976791277258566737e+01
5.996198830409356617e+01
5.902335526315789593e+01
5.853063725490196134e+01
5.808070692194403506e+01
5.739872650090963901e+01
5.722164948453607991e+01
5.720029761904761756e+01
5.812170675830469690e+01
5.748777614138438707e+01
5.759156094870380826e+01
5.736734693877551194e+01
5.676931476931476794e+01
5.658673469387755262e+01
5.655756013745704536e+01
5.653337010479867786e+01
5.631531531531531698e+01
5.623809523809524080e+01
5.625056689342403615e+01
5.640873015873015817e+01
5.631405895691609942e+01
5.674103695532267011e+01
5.609523809523809490e+01
5.665774958632101743e+01
5.750544100801833025e+01
5.760452289023717753e+01
5.711166180758017674e+01
5.699074074074074048e+01
5.715915915915915946e+01
5.669557823129251517e+01
5.671380471380471278e+01
5.677777777777777857e+01
5.656811356811356717e+01
5.678586156111929029e+01
5.683647283647283643e+01
5.651823793490460446e+01
5.671207942636514332e+01
5.667873176206509811e+01
