1.455826612903225907e+02
1.446864433811802257e+02
1.450418435415403167e+02
1.447782579787234170e+02
1.453126286890871768e+02
1.441999999999999886e+02
1.462439471753484952e+02
1.457571929824561323e+02
1.464389473684210543e+02
1.468359643102265011e+02
1.470397849462365514e+02
1.471698581560283685e+02
1.475789650537634543e+02
1.491998697916666572e+02
1.493992369060006808e+02
1.477287719298245747e+02
1.468631578947368439e+02
1.471444749485243619e+02
1.464407470288624893e+02
1.445980861244019025e+02
1.455174731182795824e+02
1.464435571687840252e+02
1.454403508771929694e+02
1.452361403508772071e+02
1.449231578947368462e+02
1.445395585738539808e+02
1.445999999999999943e+02
1.435857638888888914e+02
1.407012867647058840e+02
1.435628289473684163e+02
1.444862478777589274e+02
1.439615648592999264e+02
1.448297872340425556e+02
1.448516129032257993e+02
1.454022606382978609e+02
1.424828947368420984e+02
1.461399999999999864e+02
1.432814940577249558e+02
1.456493236212278930e+02
1.439661508704061816e+02
1.433301435406698658e+02
1.431068548387096655e+02
1.447031571722718013e+02
1.423750000000000000e+02
1.451327953044754224e+02
1.446386410432395451e+02
1.421917317708333428e+02
1.441599290780141871e+02
1.433898421413864241e+02
1.453888481291269272e+02
1.442592198581560297e+02
1.440611205432937254e+02
1.447789473684210577e+02
1.440500907441016238e+02
1.427733552631578959e+02
1.448439716312056760e+02
1.446726149622512025e+02
1.471290322580645125e+02
1.457566918325325958e+02
1.451716961498439105e+02
1.468476702508960443e+02
1.466344086021505291e+02
1.466566308243727690e+02
1.494982456140350848e+02
1.475181663837011854e+02
1.457652925531915002e+02
1.467814776274713893e+02
1.470291695264241696e+02
1.452491228070175566e+02
1.434358552631578902e+02
1.487460106382978609e+02
1.440687943262411466e+02
1.453111111111111029e+02
1.448301754385964841e+02
1.459509265614275932e+02
1.484879807692307736e+02
1.442377109317681629e+02
1.466014568158168458e+02
1.456826852531181089e+02
1.477125448028673702e+02
1.455950110051357171e+02
1.471819515774027991e+02
1.490803118908382032e+02
1.502727659574468078e+02
1.473311827956989362e+02
1.451137521222410953e+02
1.457368794326241073e+02
1.475745192307692264e+02
1.443333333333333428e+02
1.479263157894736764e+02
1.474587500000000091e+02
1.419504244482173192e+02
1.462449392712550491e+02
1.438185483870967687e+02
1.446702886247877871e+02
1.459164912280701856e+02
1.458254654255319167e+02
1.454725463280713882e+02
1.462848684210526358e+02
1.473534804753820140e+02
1.469465949820788637e+02
1.448288721804511283e+02
1.453633276740237648e+02
1.456022649279341010e+02
1.476396491228070147e+02
1.470028985507246375e+02
1.450917553191489446e+02
1.448302631578947341e+02
1.474212765957446720e+02
1.459404255319148831e+02
1.457176552202566882e+02
1.461654526534859428e+02
1.447574468085106503e+02
1.429539007092198517e+02
1.459741935483870918e+02
1.453148271276595835e+02
1.444707236842105260e+02
1.471812056737588534e+02
1.463114583333333201e+02
1.461331069609507551e+02
1.474202127659574444e+02
1.449561403508772059e+02
1.466657515442690567e+02
1.465761839396019184e+02
1.459399450926561315e+02
1.459381578947368325e+02
1.455144312393887844e+02
1.453575551782682567e+02
1.471762411347517627e+02
1.462970430107527022e+02
1.434992025518341450e+02
1.440101010101010104e+02
1.435908203125000000e+02
1.438009868421052602e+02
1.431432845744680833e+02
1.431496225120109784e+02
1.410645161290322562e+02
1.431494140625000000e+02
1.422164473684210577e+02
1.429035653650254574e+02
1.421729166666666799e+02
1.420288624787775973e+02
1.428641447368420927e+02
1.430082236842105203e+02
1.411602716468590870e+02
1.426095076400679034e+02
1.412417763157894797e+02
1.420713795470144021e+02
1.449093750000000114e+02
1.432125636672325868e+02
1.436498207885304623e+02
1.448484210526315792e+02
1.431764112903225907e+02
1.413419354838709694e+02
1.419450657894736878e+02
1.423578947368420984e+02
1.425936856554564258e+02
1.443607353451266135e+02
1.439529855868222512e+02
1.436848404255319167e+02
1.439556018036767284e+02
1.465250896057347632e+02
1.448025265957446948e+02
1.454491848768643649e+02
1.456417295813315036e+02
1.444501953125000000e+02
1.452861842105263293e+02
1.443552631578947398e+02
1.463274047186932876e+02
1.434990026595744723e+02
1.465379928315412315e+02
1.464308510638297776e+02
1.442950657894736821e+02
1.445721561969439790e+02
1.453370295698924792e+02
1.452103494623655990e+02
1.461349288935136883e+02
1.461419237749546198e+02
1.465068594734890723e+02
1.468200716845878162e+02
1.459753989361702224e+02
1.468595430107527022e+02
1.454007017543859774e+02
1.470336307481125573e+02
1.467887617065556753e+02
1.462436835106383057e+02
1.458249327956989134e+02
1.475885304659498161e+02
1.469667124227865429e+02
1.467288949897048838e+02
1.446723684210526244e+02
1.463773521505376323e+02
1.476421370967742064e+02
1.480003584229390583e+02
1.470638297872340559e+02
1.465793010752688303e+02
1.473135080645161281e+02
1.470280141843971649e+02
1.475645161290322562e+02
1.464056737588652481e+02
1.467147606382978609e+02
1.465449553877831192e+02
1.477120796156486051e+02
1.458865131578947398e+02
1.470771059782608745e+02
1.448354192740926294e+02
1.471159574468085225e+02
1.455827263267429714e+02
1.457769736842105317e+02
1.455949066213921981e+02
1.478551818805765379e+02
1.481143369175627242e+02
1.439359133126934864e+02
1.473267429760665834e+02
1.480396213183730652e+02
1.474475382003395509e+02
1.462582538517975195e+02
1.477688172043010866e+02
1.460903225806451644e+02
1.464388297872340559e+02
1.458479752916952634e+02
1.459578947368420927e+02
1.470326241134751797e+02
1.465086436170212778e+02
1.466509337860780988e+02
1.452829122340425556e+02
1.473651338366506423e+02
1.465125448028673816e+02
1.452459677419354875e+02
1.466546099290780205e+02
1.458112280701754457e+02
1.456894736842105260e+02
1.450424448217317490e+02
1.446192115143929868e+02
1.465910394265233094e+02
1.460003431708991002e+02
1.451756578947368439e+02
1.466125600549073340e+02
1.467959183673469283e+02
1.456312499999999943e+02
1.457966044142614521e+02
1.449180921052631561e+02
1.467062457103637598e+02
1.467150877192982534e+02
1.451841755319148888e+02
1.453438596491228054e+02
1.460679117147707871e+02
1.466947368421052715e+02
1.473595744680850999e+02
1.453775438596491369e+02
1.476960992907801540e+02
1.463282930107527022e+02
1.459120543293718129e+02
1.461868794326241243e+02
1.457195246179965977e+02
1.450700068634179729e+02
1.476450354609929150e+02
1.455901528013582436e+02
1.454838709677419217e+02
1.449081560283688077e+02
1.465833333333333428e+02
1.466460014673514252e+02
1.448833218943033501e+02
1.446572916666666799e+02
1.428385416666666572e+02
1.436868279569892479e+02
1.432599681020733726e+02
1.460865874363327634e+02
1.452968428277281987e+02
1.458553590010405969e+02
1.458043010752688247e+02
1.457547368421052738e+02
1.445000000000000000e+02
1.454495967741935374e+02
1.459236559139785072e+02
1.441500651041666572e+02
1.455178947368420950e+02
1.465844606312868450e+02
1.436562500000000000e+02
1.446356382978723332e+02
1.455538778311599231e+02
1.426298811544991452e+02
1.425022566086395841e+02
1.416324869791666572e+02
1.429715168153740592e+02
1.426697368421052659e+02
1.436098471986417735e+02
1.427093413978494709e+02
1.438291223404255277e+02
1.414882812500000000e+02
1.436108771929824570e+02
1.434657894736841968e+02
1.454512660423170303e+02
1.438226950354609812e+02
1.434349745331069528e+02
1.419561969439728273e+02
1.430380919698009734e+02
1.408384868421052545e+02
1.417887945670628085e+02
1.417775891341256340e+02
1.404628183361629965e+02
1.404357256778309306e+02
1.426348661633493577e+02
1.411105510752688303e+02
1.421674023769100188e+02
1.404194587628865918e+02
1.430409722222222229e+02
1.420406250000000057e+02
1.422133333333333383e+02
1.420868421052631447e+02
1.416003395585738645e+02
1.430187500000000114e+02
1.429959252971137573e+02
1.439287719298245634e+02
1.430468750000000000e+02
1.420332661290322562e+02
1.438161403508771912e+02
1.436774425287356394e+02
1.420275042444821736e+02
1.435659649122806911e+02
1.429922807017543960e+02
1.419477079796264718e+02
1.436145833333333428e+02
1.431942204301075208e+02
1.451186155913978553e+02
1.438136582017844773e+02
1.452398764584763171e+02
1.438190152801358295e+02
1.452639627659574444e+02
1.454266324284666041e+02
1.446877144818119518e+02
1.448754385964912217e+02
1.456010638297872219e+02
1.449943859649122828e+02
1.453829401088929103e+02
1.457946808510638164e+02
1.445410526315789355e+02
1.448052631578947285e+02
1.447293718166383769e+02
1.433514431239388784e+02
1.438795470144131912e+02
1.461115789473684288e+02
1.455591397849462396e+02
1.446733013040494029e+02
1.454235087719298178e+02
1.470815123135622571e+02
1.446467105263157862e+02
1.456878251821019887e+02
1.463043925875085733e+02
1.471286853971557491e+02
1.467642415923129704e+02
1.464758865248226982e+02
1.465934790149150331e+02
1.448281833616298684e+02
1.455823610157858639e+02
1.451484210526315906e+02
1.463373369938229303e+02
1.462493279569892479e+02
1.445617464972303594e+02
1.448363327674023822e+02
1.454670250896057269e+02
1.442456140350877263e+02
1.453438572409059759e+02
1.453238596491227952e+02
1.462361702127659555e+02
1.461336879432624016e+02
1.458461799660441329e+02
1.433417338709677438e+02
1.433309811827957105e+02
1.453403508771929751e+02
1.430892972275950967e+02
1.465518188057652651e+02
1.452587508579272537e+02
1.463388831078737553e+02
1.461695478723404165e+02
1.457340425531915002e+02
1.442185007974481721e+02
1.452001934235976819e+02
1.435822368421052602e+02
1.473293906810035878e+02
1.450723684210526301e+02
1.452200339558573887e+02
1.457724014336917548e+02
1.466067375886524928e+02
1.451976664378860562e+02
1.451421985815602795e+02
1.440456417295813196e+02
1.435157894736842081e+02
1.449736385709330477e+02
1.466268602540834820e+02
1.456465339739190199e+02
1.450131205673758927e+02
1.439013539651837448e+02
1.456846259437199649e+02
1.459091224419007915e+02
1.463110785033015304e+02
1.448102670828997702e+02
1.456351501668520712e+02
1.440033602150537604e+02
1.454733212341197941e+02
1.455787912495365219e+02
1.437976973684210407e+02
1.451436170212765830e+02
1.447637877211238333e+02
1.470856507230255943e+02
1.455326315789473597e+02
1.440054329371816664e+02
1.443613352898019002e+02
1.451890989988876584e+02
1.432809139784946240e+02
1.450269503546099372e+02
1.444541666666666799e+02
1.450864790665751514e+02
1.448875886524822647e+02
1.445974069148936110e+02
1.456204301075268859e+02
1.463872958257713321e+02
1.432663120567375756e+02
1.449700460829492954e+02
1.432234295415959195e+02
1.431470288624787770e+02
1.441371929824561278e+02
1.440315789473684163e+02
1.441671242278654859e+02
1.436217785843920183e+02
1.440842105263157862e+02
1.437595744680851055e+02
1.437780141843971649e+02
1.434655348047538155e+02
1.436815602836879293e+02
1.438036684782608745e+02
1.425273026315789480e+02
1.434734042553191387e+02
1.424934210526315894e+02
1.417259762308998177e+02
1.417463497453310595e+02
1.426824629271437743e+02
1.458411458333333428e+02
1.417845052083333428e+02
1.435282894736841968e+02
1.434773507206588761e+02
1.417801418439716201e+02
1.440935483870967744e+02
1.439347368421052522e+02
1.447210526315789423e+02
1.436589095744680833e+02
1.438689087165408296e+02
1.436465195246179860e+02
1.437649601063829721e+02
1.432611530542210119e+02
1.417760416666666572e+02
1.423247809762202678e+02
1.432823984526112326e+02
1.432031571722718013e+02
1.433952153110047902e+02
1.439337860780984784e+02
1.439757313829787222e+02
1.439577792553191387e+02
1.442511272979535306e+02
1.443753324468084998e+02
1.440622009569378008e+02
1.446635449184876734e+02
1.444373916059660132e+02
1.427623005319148888e+02
1.433130730050933721e+02
1.454405133541449970e+02
1.439272477693891688e+02
1.445394646533974026e+02
1.443534660260809801e+02
1.449293718166383655e+02
1.443716540837336879e+02
1.445144131777625205e+02
1.430251436781609300e+02
1.445954015099519552e+02
1.434923537234042499e+02
1.434843750000000000e+02
1.441791888297872219e+02
1.451755319148936110e+02
1.449500848896434775e+02
1.452303156434269908e+02
1.441234929944607472e+02
1.449521222410865846e+02
1.458326241134751911e+02
1.486868686868686780e+02
1.446694782880349806e+02
1.454504654255319167e+02
1.460376910016977945e+02
1.446323138297872219e+02
1.446635638297872219e+02
1.426817426005985965e+02
1.446213921901527897e+02
1.439371639784946240e+02
1.449748726655348037e+02
1.432878989361702224e+02
1.459100892244337615e+02
1.431695478723404165e+02
1.440124327956989134e+02
1.470458929165280892e+02
1.458598681928546625e+02
1.442758865248226812e+02
1.430789650537634543e+02
1.423144736842105260e+02
1.421188151041666572e+02
1.435319078947368325e+02
1.421226478494623677e+02
1.422789473684210577e+02
1.413213383838383947e+02
1.422478468899521431e+02
1.426259664948453576e+02
