1.289727822580645125e+02
1.281614583333333428e+02
1.272036863480162481e+02
1.282828608247422721e+02
1.286275252525252597e+02
1.285584677419354875e+02
1.287288659793814531e+02
1.292132161458333428e+02
1.270223285486443388e+02
1.266916881443299019e+02
1.276967741935483929e+02
1.274075520833333286e+02
1.263766108247422721e+02
1.264845328282828234e+02
1.281216397849462396e+02
1.255492424242424221e+02
1.277564186965108632e+02
1.270452473958333286e+02
1.272184244791666714e+02
1.273577473958333286e+02
1.265235180412371108e+02
1.258867984693877560e+02
1.280666666666666629e+02
1.267085459183673493e+02
1.282496778350515569e+02
1.278302083333333314e+02
1.276802631578947427e+02
1.272416237113402104e+02
1.267432657133355463e+02
1.274720394736842053e+02
1.258875644329896915e+02
1.269914089347079056e+02
1.276587961423345519e+02
1.262219716494845301e+02
1.280583333333333371e+02
1.278972397738609885e+02
1.281952461799660341e+02
1.263960459183673493e+02
1.280211588541666572e+02
1.274673539518900327e+02
1.303081339712918520e+02
1.262989267676767611e+02
1.287470288624787713e+02
1.270366709183673493e+02
1.261478737113402104e+02
1.285524617996604491e+02
1.285856958762886677e+02
1.287722222222222115e+02
1.278033459595959584e+02
1.279890256069171954e+02
1.292395833333333428e+02
1.287171391752577279e+02
1.287284397630019726e+02
1.287708679747256326e+02
1.278144329896907152e+02
1.300184027777777658e+02
1.266591690096844758e+02
1.275170454545454533e+02
1.276196338383838338e+02
1.276613520408163254e+02
1.284235026041666572e+02
1.288698453608247405e+02
1.277643229166666714e+02
1.284454857856919716e+02
1.281145833333333428e+02
1.269877563513927186e+02
1.297963815789473756e+02
1.281599462365591364e+02
1.272071520618556661e+02
1.278034793814432959e+02
1.286426767676767611e+02
1.284371843434343532e+02
1.262126288659793829e+02
1.267532021243361413e+02
1.248865979381443339e+02
1.256035353535353494e+02
1.244907525510204067e+02
1.237292917166866744e+02
1.245903577926015799e+02
1.257567654639175316e+02
1.234528061224489761e+02
1.253642611683848855e+02
1.250864898989898961e+02
1.226490414347557163e+02
1.236065051020408134e+02
1.254870948379351745e+02
1.266119791666666714e+02
1.240088874259381129e+02
1.241293614219881505e+02
1.221999362244897895e+02
1.259194444444444514e+02
1.279232954545454533e+02
1.267801184990125023e+02
1.277220052083333286e+02
1.281675943104514488e+02
1.331082702020202078e+02
1.302410865874363424e+02
1.287168081494057787e+02
1.282953947368420984e+02
1.286041666666666572e+02
1.261952461799660483e+02
1.286260080645161281e+02
1.275850594227504189e+02
1.278340277777777771e+02
1.287659649122807082e+02
1.269648026315789480e+02
1.262457682291666714e+02
1.271578608247422721e+02
1.270823567708333286e+02
1.268526785714285694e+02
1.270149920255183389e+02
1.263188131313131350e+02
1.262274484536082468e+02
1.269483552631578931e+02
1.260857998004655798e+02
1.277413015463917532e+02
1.255016108247422721e+02
1.276045026881720474e+02
1.280796370967742064e+02
1.267255154639175316e+02
1.271756578947368439e+02
1.268030303030302974e+02
1.263971354166666714e+02
1.260047831632653015e+02
1.307084210526315928e+02
1.279753907549052201e+02
1.278527777777777743e+02
1.282758736559139834e+02
1.273079427083333286e+02
1.290615131578947228e+02
1.271579301075268802e+02
1.275735677083333286e+02
1.271965725806451672e+02
1.288079037800687274e+02
1.261622474747474740e+02
1.295351443123938964e+02
1.294796479647964702e+02
1.318326388888888800e+02
1.287021683673469283e+02
1.303975438596491188e+02
1.292248087795144613e+02
1.293288659793814475e+02
1.287029671717171766e+02
1.285207848353840916e+02
1.287685098406747954e+02
1.297830459770114828e+02
1.316302631578947455e+02
1.299511718750000000e+02
1.291493421052631447e+02
1.291117912371134082e+02
1.284805484693877418e+02
1.298797448165869355e+02
1.282297036082474335e+02
1.284567010309278317e+02
1.281518275538894045e+02
1.289623067010309398e+02
1.295758928571428612e+02
1.298629557291666572e+02
1.298500166278683139e+02
1.259510804321728727e+02
1.287825520833333428e+02
1.286422526041666572e+02
1.277916666666666714e+02
1.278450126262626299e+02
1.287106750914532824e+02
1.285009765625000000e+02
1.280662538699690458e+02
1.288332767402376930e+02
1.288447265625000000e+02
1.294630376344086073e+02
1.286777519122048545e+02
1.296404569892472978e+02
1.292220394736842195e+02
1.290654605263158032e+02
1.281084036238675310e+02
1.261698679471788722e+02
1.288542955326460344e+02
1.318119953863898388e+02
1.308014520202020208e+02
1.277003710575139195e+02
1.279606854838709609e+02
1.287718656468240681e+02
1.291314338235294201e+02
1.290227864583333428e+02
1.292251273344651850e+02
1.283639520202020208e+02
1.289615885416666572e+02
1.308662139219015330e+02
1.287023195876288639e+02
1.281235119047618980e+02
1.276400122549019613e+02
1.298320964749536301e+02
1.296479225242111966e+02
1.302802249297094761e+02
1.312798392084106354e+02
1.313577473958333428e+02
1.290412953060011887e+02
1.292551546391752595e+02
1.304953617810760704e+02
1.289322533136966058e+02
1.292433973589435823e+02
1.277799705449189958e+02
1.289830903790087575e+02
1.279828588919498031e+02
1.301944959802102630e+02
1.302707236842105374e+02
1.277988888888888823e+02
1.297241487035301475e+02
1.293163265306122582e+02
1.287599524658348287e+02
1.293999368686868650e+02
1.282976676384839720e+02
1.294149999999999920e+02
1.297931354359925820e+02
1.295165945165945232e+02
1.287034632034632011e+02
1.292767857142857224e+02
1.281374859708193128e+02
1.284123649459783962e+02
1.296985677083333428e+02
1.283727490996398615e+02
1.302483891752577279e+02
1.287210051546391867e+02
1.308798828125000000e+02
1.292994791666666572e+02
1.279195876288659832e+02
1.295746591286996932e+02
1.279874355670103085e+02
1.290322580645161281e+02
1.292301270417422927e+02
1.283646907216494810e+02
1.273463385354141622e+02
1.273758169934640563e+02
1.280205882352941273e+02
1.284708853238265078e+02
1.285414165666266513e+02
1.299636854741896741e+02
1.278440233236151613e+02
1.272157833430401865e+02
1.287682252388134714e+02
1.294900000000000091e+02
1.291855670103092848e+02
1.298403623867541512e+02
1.298681661980631077e+02
1.300605254406385143e+02
1.292662337662337677e+02
1.289015151515151558e+02
1.285994542146755748e+02
1.298229102167182702e+02
1.269976911976911964e+02
1.286202651515151558e+02
1.292534722222222285e+02
1.279727891156462647e+02
1.307658796142334552e+02
1.286789215686274588e+02
1.255661111111111126e+02
1.292430426716140914e+02
1.270178932178932172e+02
1.296460459183673493e+02
1.286764705882353041e+02
1.279898989898989896e+02
1.274925007652280442e+02
1.269810231023102318e+02
1.293357820630547792e+02
1.289081829896907152e+02
1.277605714285714242e+02
1.285593692022263497e+02
1.293339517625231849e+02
1.299312714776632163e+02
1.264944994499449962e+02
1.294629510309278260e+02
1.280918560606060623e+02
1.300476641414141454e+02
1.277104305639781643e+02
1.272052478134110771e+02
1.273284799068142092e+02
1.278365714285714319e+02
1.280475127551020478e+02
1.280982857142857085e+02
1.264411764705882320e+02
1.267848484848484816e+02
1.297332144979203861e+02
1.261394285714285672e+02
1.255681052953780181e+02
1.255157671315949131e+02
1.264499362244897895e+02
1.276294907841299562e+02
1.286078629032257936e+02
1.253693181818181870e+02
1.251714200831847847e+02
1.270763760049474342e+02
1.271392045454545467e+02
1.268950328022493039e+02
1.263803661616161662e+02
1.235471188475390107e+02
1.220698824984539215e+02
1.239638157894736850e+02
1.205348328647297649e+02
1.203784977908689200e+02
1.212194010416666714e+02
1.201029684601113132e+02
1.202544437129690635e+02
1.201357452071737839e+02
1.306109493302271289e+02
1.257597058823529466e+02
1.238885918003565081e+02
1.240975378787878753e+02
1.256146311600857075e+02
1.242825311942958990e+02
1.247145949288806435e+02
1.249213345576981880e+02
1.250740618828176451e+02
1.356346215266688091e+02
1.331708683473389385e+02
1.257465346534653463e+02
1.238799019607843093e+02
1.200273027302730213e+02
1.209248608534322784e+02
1.207181122448979522e+02
1.287562319601154570e+02
1.251332352941176538e+02
1.244732603092783449e+02
1.245214646464646506e+02
1.233722943722943768e+02
1.261205604431410876e+02
1.231122448979591866e+02
1.228169322086847899e+02
1.228737244897959187e+02
1.227147229874502585e+02
1.229431045145330899e+02
1.297640000000000100e+02
1.270303030303030312e+02
1.241173469387755119e+02
