9.824703557312253110e+01
9.867514642888365017e+01
9.806620553359684322e+01
9.842120571126388029e+01
9.871507483962936647e+01
9.852892561983470898e+01
9.845804688877137778e+01
9.845185052102047507e+01
9.903162865288666694e+01
9.891560622127960301e+01
9.868951418951418475e+01
9.862436100828486474e+01
9.846422101449275033e+01
9.893777542746342135e+01
9.868390651381854184e+01
9.878308006753754000e+01
9.879076326458664425e+01
9.892304274415711518e+01
9.871451670858785121e+01
9.882195472511678247e+01
9.894689950106914011e+01
9.877586814736470444e+01
9.881218050414243237e+01
9.922808898418654167e+01
9.900116780452748344e+01
9.875727128503437768e+01
9.858260019550341724e+01
9.901407697790449447e+01
9.784953287818900947e+01
9.784361093452002933e+01
9.844618674269422343e+01
9.848230326985267880e+01
9.850158646218932290e+01
9.878898670499461332e+01
9.827304777013925730e+01
9.898351746258018125e+01
9.872922776148583068e+01
9.877481560472762112e+01
9.876960085531004552e+01
9.857976379340736628e+01
9.872448439978846579e+01
9.873558963511369768e+01
9.857050943063634918e+01
9.888542217521593614e+01
9.899011047754811443e+01
9.889811387273047671e+01
9.907762916338840853e+01
0.000000000000000000e+00
0.000000000000000000e+00
9.856874669487044116e+01
9.860769096616672869e+01
9.862277263007840133e+01
9.868235501498325846e+01
9.896703492516037670e+01
9.897778952934955043e+01
9.893557273615924430e+01
9.883468834688346760e+01
9.899274412098959885e+01
9.894439453826805675e+01
9.869848040522526844e+01
9.912964419966780838e+01
9.923220474540121927e+01
9.870710032880120366e+01
9.898832381940840719e+01
9.825627833972794178e+01
9.865756888733868379e+01
9.883342147012163537e+01
9.860309635011243756e+01
9.904759386567953072e+01
9.922809800810858860e+01
9.921946060285563362e+01
9.881476823571685486e+01
9.894285968186261471e+01
9.892975497972854271e+01
9.927093065037729502e+01
9.924732715609408729e+01
9.872938280288377655e+01
9.905048508803449181e+01
9.919390093424995314e+01
9.908866331297161878e+01
9.942085316411069584e+01
9.934381682109764711e+01
9.922799195733892930e+01
9.938242552441388966e+01
9.940719196192490870e+01
9.930676665504010714e+01
9.950951392492648040e+01
9.921019217570349724e+01
9.911625242376167932e+01
9.902644103648863450e+01
9.854325655002637063e+01
9.887804878048780211e+01
9.948701809598740908e+01
9.894962194478635809e+01
9.920853164110700106e+01
9.932400248822536071e+01
9.896338754110014690e+01
9.943566014454432889e+01
9.912973735237088135e+01
9.927343063126429001e+01
9.918199591220118805e+01
9.929361059273082901e+01
9.905062724014337050e+01
