6.521885125184094534e+01
6.505892857142856656e+01
6.489427437641722918e+01
6.530162064825930202e+01
6.536938775510203925e+01
6.569602356406480226e+01
6.604818594104308715e+01
6.623269513991164104e+01
6.640145772594752316e+01
6.627849927849928235e+01
6.664956268221574476e+01
6.650000000000000000e+01
6.679650145772595238e+01
6.633217893217893391e+01
6.691749271137025801e+01
6.684868804664722575e+01
6.681298701298700848e+01
6.677346938775509955e+01
6.783811083811083620e+01
6.692186588921282464e+01
6.710233236151603364e+01
6.710681557846505996e+01
6.705990526609083702e+01
6.692915451895044043e+01
6.684712812960235340e+01
6.709793814432990189e+01
6.702777777777777146e+01
6.679195011337868948e+01
6.715435280641466420e+01
6.683894500561167717e+01
6.700953984287318121e+01
6.730204081632652446e+01
6.733790087463556517e+01
6.722335600907030084e+01
6.722938144329896204e+01
6.733078231292516591e+01
6.712390670553935479e+01
6.723781179138322273e+01
6.746597938144330442e+01
6.740845481049562693e+01
6.729564258135687282e+01
6.758417508417508657e+01
6.756746031746031633e+01
6.800791700791700123e+01
6.819557823129251517e+01
6.826317296678121238e+01
6.833497133497132836e+01
6.818322109988775992e+01
6.814277777777778056e+01
6.805274971941638285e+01
6.790179573512907041e+01
6.811720116618076304e+01
