9.895813204508856131e+01
9.889285714285713880e+01
9.728086419753086034e+01
9.650241545893719319e+01
9.567559523809524080e+01
9.518005952380951840e+01
9.486755952380951840e+01
9.471913580246913966e+01
9.383540372670807983e+01
9.359077380952381020e+01
9.326934523809524080e+01
9.297515527950309888e+01
9.275297619047618980e+01
9.342283950617283494e+01
9.290372670807452948e+01
9.303703703703703809e+01
9.283074534161490021e+01
9.294847020933977433e+01
9.285346215780998591e+01
9.315740740740740478e+01
9.288509316770186786e+01
9.290372670807452948e+01
9.314440993788819867e+01
9.292080745341614545e+01
9.297745571658614949e+01
9.314009661835748943e+01
9.344135802469135399e+01
9.347023809523810201e+01
9.352232142857143060e+01
9.353273809523810201e+01
9.348309178743961922e+01
9.378395061728394921e+01
9.377380952380951840e+01
9.393827160493826511e+01
9.394753086419753174e+01
9.383024691358025393e+01
9.390773809523810201e+01
9.396604938271605079e+01
9.401932367149758818e+01
9.406602254428341325e+01
9.433487654320987303e+01
9.384316770186335077e+01
9.378260869565217206e+01
9.402484472049690112e+01
9.421577380952381020e+01
9.407608695652173481e+01
9.449275362318840621e+01
9.439732142857143060e+01
9.426552795031055609e+01
9.464969135802469680e+01
9.464734299516908322e+01
9.496913580246913966e+01
9.506790123456789843e+01
9.492270531400966149e+01
