1.324790378006872800e+02
1.297238520408163254e+02
1.285380952380952522e+02
1.276626275510204067e+02
1.295423850574712503e+02
1.247343750000000000e+02
1.260162953109411319e+02
1.268887768817204318e+02
1.275412371134020617e+02
1.281262626262626156e+02
1.268375507653858136e+02
1.271425781250000000e+02
1.317022270114942444e+02
0.000000000000000000e+00
1.242315476190476176e+02
1.267431640625000000e+02
1.335744939271255021e+02
1.331945833333333269e+02
1.278630678077682745e+02
1.267428160919540261e+02
1.267010416666666686e+02
1.289862772695285003e+02
1.248942550505050519e+02
1.266795918367346871e+02
1.299729938271605079e+02
1.307101293103448256e+02
1.312645161290322449e+02
1.316138392857142776e+02
1.264324596774193594e+02
1.257855004988360434e+02
1.316357758620689538e+02
1.266171085858585883e+02
1.293635057471264247e+02
1.328074468085106332e+02
1.282891414141414259e+02
1.302927835051546310e+02
1.285295698924731198e+02
1.285869637512470831e+02
1.276797250859106470e+02
1.296838487972508460e+02
1.275766947828803524e+02
1.276372422680412342e+02
1.283983585858585741e+02
1.275934825543120468e+02
1.292639175257731949e+02
1.315427083333333371e+02
1.270418814432989620e+02
1.278034585966079106e+02
1.278936800526662267e+02
1.292903780068728565e+02
1.282557989690721740e+02
1.287076820751579760e+02
1.272072704081632679e+02
1.269827586206896513e+02
1.275956102427668810e+02
1.266166666666666600e+02
1.258081317204301115e+02
1.249428661616161662e+02
1.254176570458404143e+02
1.249917929292929273e+02
1.259118722979713993e+02
1.229752604166666714e+02
1.211887170675830419e+02
1.210398809523809547e+02
1.210186139747995355e+02
1.221286332714904148e+02
1.206028064146620835e+02
1.217810794420861100e+02
1.234102328431372513e+02
1.235420026881720474e+02
0.000000000000000000e+00
0.000000000000000000e+00
0.000000000000000000e+00
0.000000000000000000e+00
0.000000000000000000e+00
0.000000000000000000e+00
0.000000000000000000e+00
0.000000000000000000e+00
1.404334248455730858e+02
1.449467105263157976e+02
1.502364885973133255e+02
1.512907822922983598e+02
1.490745207173778510e+02
1.487236448287329438e+02
1.455123966942148854e+02
0.000000000000000000e+00
1.414560714285714198e+02
1.395161964472309251e+02
1.398058252427184414e+02
1.384511149228130478e+02
1.362363053613053694e+02
1.361125412541254036e+02
1.360510344827586096e+02
1.373403333333333194e+02
1.376457680250783824e+02
1.390157828282828234e+02
1.409578544061302807e+02
1.431782312925170118e+02
1.434920169436298352e+02
1.460741602926504754e+02
1.470937500000000000e+02
1.473173140223831581e+02
1.480494845360824741e+02
0.000000000000000000e+00
0.000000000000000000e+00
1.501155350159971533e+02
1.480180645161290443e+02
1.480000000000000000e+02
1.474082031250000000e+02
1.473762886597938007e+02
1.497440972222222229e+02
1.496485568760611216e+02
1.482693298969072089e+02
1.491271477663230201e+02
1.496920518789491155e+02
1.488209621993127030e+02
1.474129251700680356e+02
1.425613568340538677e+02
1.424045424621461393e+02
1.337702834799609093e+02
1.320217248189598536e+02
1.334143664782174881e+02
1.318440688775510239e+02
1.328413701363485302e+02
1.325447809278350633e+02
1.324658348187759884e+02
1.328636229749631923e+02
1.297425655976676353e+02
1.361731601731601700e+02
0.000000000000000000e+00
0.000000000000000000e+00
0.000000000000000000e+00
0.000000000000000000e+00
1.456532333645735662e+02
1.453964083804456209e+02
1.461193181818181870e+02
1.396978458049886740e+02
0.000000000000000000e+00
1.440686848958333428e+02
1.426773989898989896e+02
1.428644173695720099e+02
1.454863261093911149e+02
1.415120442708333428e+02
1.417281901041666572e+02
1.408234693877550967e+02
1.384126932989690602e+02
1.368411564625850474e+02
1.370195876288659917e+02
1.346697058823529289e+02
1.354251428571428448e+02
1.354753501400560083e+02
1.372106442577030805e+02
1.363468175388967438e+02
1.362350777934936445e+02
1.354215210355987153e+02
1.337344028520499251e+02
1.296494430693069262e+02
1.292205882352941160e+02
1.289719778429455914e+02
1.291479999999999961e+02
0.000000000000000000e+00
0.000000000000000000e+00
0.000000000000000000e+00
0.000000000000000000e+00
1.313921028466482994e+02
1.328333333333333428e+02
1.335124999999999886e+02
1.342670103092783620e+02
1.363355847849271356e+02
1.363571929824561266e+02
1.391102150537634543e+02
1.407582614942528778e+02
1.423595545977011625e+02
1.428617134731603358e+02
1.452651972982581015e+02
1.450142196942765622e+02
1.451763242090295023e+02
1.453060789193032463e+02
1.468893470790378046e+02
1.464947916666666572e+02
1.458013605442176868e+02
1.457579169598874103e+02
1.471138117283950635e+02
1.466181748759068455e+02
1.477474226804123703e+02
1.474428070175438563e+02
1.498716517857142776e+02
1.482598649129043622e+02
1.485284936479128817e+02
1.478140648011782048e+02
1.482349804479203783e+02
1.474602356406480226e+02
1.484810267857142776e+02
1.500992481203007571e+02
1.478642019196587398e+02
1.472539682539682531e+02
1.486576354679802989e+02
1.478105442176870667e+02
1.492609313899751271e+02
1.484838142153413116e+02
1.493597582651972857e+02
1.485979381443299019e+02
1.496224489795918373e+02
1.492300035549235702e+02
1.481278911564625957e+02
1.492411634756995511e+02
1.468247422680412342e+02
1.492235863095237960e+02
1.483872126436781684e+02
1.473690010664770682e+02
1.479829363668681026e+02
1.469121132323897427e+02
1.461082474226804209e+02
1.463996598639455726e+02
1.473684210526315894e+02
1.475964653902798318e+02
1.476237113402061993e+02
1.470698924731182728e+02
1.473563573883161553e+02
1.468794880910060385e+02
1.475897618201208559e+02
1.475734091717028207e+02
1.483056752873563084e+02
1.476815578465063084e+02
1.465844475721322908e+02
1.459232934553131713e+02
1.468689248895434503e+02
1.476354166666666572e+02
1.470246686303387378e+02
1.483455385709207235e+02
1.474935344827586334e+02
1.483437611091361532e+02
1.475237068965517153e+02
1.478877025036818793e+02
1.468421556122449090e+02
1.483220760753643788e+02
1.479743138634764250e+02
1.459510732323232389e+02
1.468329966329966396e+02
1.489065972222222172e+02
1.452453001819284282e+02
1.433532412965186040e+02
1.436495295698924792e+02
1.438448217317487376e+02
1.415819078947368439e+02
1.405834407216494810e+02
1.415256140350877274e+02
1.398760080645161281e+02
1.404604166666666742e+02
1.440201367781155000e+02
1.411282552083333428e+02
1.432337568058076158e+02
1.411801075268817272e+02
1.446705263157894876e+02
1.440649727767695083e+02
1.445936842105263054e+02
1.425494791666666572e+02
1.455317604355716981e+02
1.426045892916528146e+02
1.428155241935483843e+02
1.426923828125000000e+02
1.465245009074410234e+02
1.443589134125636804e+02
1.448091397849462396e+02
1.468836879432624016e+02
1.460472222222222172e+02
1.471642105263157987e+02
1.468863883847549801e+02
1.483491833030853115e+02
1.483477822580645125e+02
1.476594612570668517e+02
1.477229381443299019e+02
1.464007316262055269e+02
1.467318548387096655e+02
1.448969716919025643e+02
1.460000000000000000e+02
1.468524865591397770e+02
1.452727272727272805e+02
1.435342080599812675e+02
1.481101754385964853e+02
1.457076820751579760e+02
1.454729817708333428e+02
1.463355429292929273e+02
1.455235863792564714e+02
1.464412878787878753e+02
1.457263355201499451e+02
1.464526515151515014e+02
1.476180555555555429e+02
1.478582702020202078e+02
1.454745392064979796e+02
1.473607655502392220e+02
1.487375438596491222e+02
1.458707682291666572e+02
1.450547680412371108e+02
1.465574494949495090e+02
1.456238675413933095e+02
1.461170406306852669e+02
1.474990234375000000e+02
1.473740530303030312e+02
1.480185546875000000e+02
1.472623106060605949e+02
1.487049342105263179e+02
1.465785691971258871e+02
1.487307449494949481e+02
1.478659793814433101e+02
1.489609507640067818e+02
1.497944078947368496e+02
1.481726641414141454e+02
1.455192982456140385e+02
1.479076388888888971e+02
1.449713541666666572e+02
1.463738437001594832e+02
1.452714843750000000e+02
1.452021484375000000e+02
1.463617021276595835e+02
1.444023026315789480e+02
1.456284722222222285e+02
1.469915110356536445e+02
1.463852631578947410e+02
1.470732638888889028e+02
1.446525537634408636e+02
1.460552631578947285e+02
1.452495755517826694e+02
1.487716312056737706e+02
1.484265292553191387e+02
1.488902560691719259e+02
1.484217139175257785e+02
1.500621710526315837e+02
1.471548619447779060e+02
1.500538015463917532e+02
1.485730743910467311e+02
1.490318650421743314e+02
1.498992025518341222e+02
1.496223055295220377e+02
1.513719758064516157e+02
1.481795027289266216e+02
1.491304768041237025e+02
1.495882731958762975e+02
1.500661962365591364e+02
1.487625741955639000e+02
1.508600260416666572e+02
1.514103092783505247e+02
1.495051546391752595e+02
1.522573853989813131e+02
1.489570828331332564e+02
1.530772849462365457e+02
1.503237757731958766e+02
1.513440755208333428e+02
1.510867346938775597e+02
1.505608953258722806e+02
1.514164540816326507e+02
1.522409274193548470e+02
1.516188151041666572e+02
1.486510416666666572e+02
1.499120274914089350e+02
1.514655348047538155e+02
1.501961805555555429e+02
1.481113281250000000e+02
1.506396491228070147e+02
1.497845052083333428e+02
1.471527520098948685e+02
1.509171929824561289e+02
1.493501344086021447e+02
1.497721354166666572e+02
1.489378221649484431e+02
1.499397786458333428e+02
1.480677913152140093e+02
1.489881287097781808e+02
1.469042617046818862e+02
1.460132962275819466e+02
1.475950126262626156e+02
1.478015463917525665e+02
1.467841299593876840e+02
1.479024621212121247e+02
1.487036682615629957e+02
1.479958118556700981e+02
1.487884114583333428e+02
1.474674479166666572e+02
1.473828076685219628e+02
1.482686660418619056e+02
1.481807598039215748e+02
1.494434634974533083e+02
1.468730462519936282e+02
1.454508793208004818e+02
1.481182456140350894e+02
1.471918682795698885e+02
1.473888888888888857e+02
1.464461105904404974e+02
1.468313172043010866e+02
1.484831578947368484e+02
1.476118845500848806e+02
1.459318181818181870e+02
1.452572755417956785e+02
1.470992838541666572e+02
1.478497340425531945e+02
1.471592198581560353e+02
1.453289141414141454e+02
1.472661184210526244e+02
1.468782552083333428e+02
1.465129186602870845e+02
1.473964912280701753e+02
1.506906887755102105e+02
1.493927083333333314e+02
1.466717139175257785e+02
1.457835286458333428e+02
1.469405241935483843e+02
1.482770797962648430e+02
1.480175438596491233e+02
1.463837365591397770e+02
1.479199312714776511e+02
1.464920977011494188e+02
1.479070175438596380e+02
1.468343971631205704e+02
1.492061628760087899e+02
1.468711433756805889e+02
1.478767402376909956e+02
1.468557942708333428e+02
1.501898132427843677e+02
1.452192237719830246e+02
1.473260416666666686e+02
1.475042763157894683e+02
1.471335227272727195e+02
1.467938175270108161e+02
1.470388114008489993e+02
1.455045482110369903e+02
1.459668560606060623e+02
1.474978947368421132e+02
1.463821084137013600e+02
1.477483723958333428e+02
1.471993421052631561e+02
1.480349462365591364e+02
1.486059027777777715e+02
1.479129704301075208e+02
1.459816919191919169e+02
1.493305555555555486e+02
1.485890456989247355e+02
1.478985776128633347e+02
1.456752577319587658e+02
1.475472005208333428e+02
1.479282772820864693e+02
1.469433593750000000e+02
1.478958333333333428e+02
1.487623089983022169e+02
1.473002577319587658e+02
1.462905342080599951e+02
1.480919298245613902e+02
1.496378947368420995e+02
1.478846025939474487e+02
1.486316151202749154e+02
1.472671052631579016e+02
1.471575940860215042e+02
1.470032552083333428e+02
1.469983198924731198e+02
1.462967105263157919e+02
1.473242964996568389e+02
1.476858723958333428e+02
1.475582137161084404e+02
1.470899419729206841e+02
1.470187500000000114e+02
1.467306701030927911e+02
1.472684210526315667e+02
1.504677835051546424e+02
1.503304659498207911e+02
1.495308853809196989e+02
1.490017730496453794e+02
1.488668930390492449e+02
1.477056867309610766e+02
1.480753289473684333e+02
1.458187562354506213e+02
1.488848896434635094e+02
1.458630798969072089e+02
1.476286266924564927e+02
1.490527553763440949e+02
1.477224462365591364e+02
1.480999999999999943e+02
1.484098471986417564e+02
1.473067876344086073e+02
1.461848684210526415e+02
1.468994197292069543e+02
1.463337765957446948e+02
1.497926315789473790e+02
1.487506313131313220e+02
1.470309597523219907e+02
1.469805422647527848e+02
1.481201388888889028e+02
1.477291666666666572e+02
1.474278350515463956e+02
1.495297872340425442e+02
1.487833333333333314e+02
1.487164912280701685e+02
1.486145833333333428e+02
1.479149865591397770e+02
1.489179687500000000e+02
1.487882313829787222e+02
1.494757215619694364e+02
1.480184397163120593e+02
1.474612630208333428e+02
1.491651542649727844e+02
1.506163339382940194e+02
1.455738357843137294e+02
1.482567204301075208e+02
1.489976230899830227e+02
1.493199000312402234e+02
1.482673611111111143e+02
1.477042444821731806e+02
1.471743308167467319e+02
1.470414473684210463e+02
1.483113752122241067e+02
1.474467105263157976e+02
1.482118390422347716e+02
1.481324639670555996e+02
1.479740350877193009e+02
1.480362903225806406e+02
1.461401315789473756e+02
1.488696095076400638e+02
1.467083333333333428e+02
1.482315789473684333e+02
1.483860780984719838e+02
1.481738539898132387e+02
1.468742933155969297e+02
1.477382978723404392e+02
1.470329371816638400e+02
1.472038194444444343e+02
1.477477079796264832e+02
1.465904947916666572e+02
1.472410239361702224e+02
1.478494623655913927e+02
1.481406250000000000e+02
1.509157340355496899e+02
1.486823453608247405e+02
1.472806056701030855e+02
1.503553191489361609e+02
1.469845430107527022e+02
1.474475911458333428e+02
1.480201612903225907e+02
1.471012369791666572e+02
1.482974963181148667e+02
1.497103425340871183e+02
1.472416909620991134e+02
1.486017219387755119e+02
1.488694158075601308e+02
