1.069340097121054498e+02
1.070501792114695405e+02
1.068695578947368432e+02
1.069510123541523683e+02
1.069985415236787958e+02
1.069978377443348876e+02
1.070787925964365996e+02
1.072327677624602273e+02
1.071681965206748828e+02
1.071793863099921253e+02
1.073245538778311641e+02
1.073199210706932121e+02
1.073278140013726869e+02
1.073271489361702180e+02
1.073432118192149716e+02
1.074347407990208865e+02
1.072827783558792873e+02
1.074806364192674124e+02
1.072806104751994383e+02
1.072827789473684277e+02
1.074651630387271553e+02
1.074229390681003622e+02
1.074481811942347349e+02
1.074124056280027446e+02
1.072235731171901421e+02
1.073980425531914875e+02
1.073658723404255255e+02
1.074415595768860925e+02
1.074812483608707083e+02
1.073133888310787398e+02
1.074718943963633251e+02
1.074104323953328759e+02
1.074133617021276592e+02
1.072793097467915402e+02
1.075447838023335692e+02
1.075055765271105059e+02
1.075244509265614283e+02
1.075178774368388872e+02
1.075498732406678926e+02
1.073858329008822068e+02
1.073428472582598232e+02
1.072683789473684186e+02
1.076344967389388358e+02
1.074947984963720558e+02
1.074778389719381124e+02
1.073834111745372724e+02
1.077061519478230167e+02
1.075816942040388113e+02
1.074942127659574425e+02
1.075247659574468031e+02
1.075187234042553257e+02
1.075569361702127651e+02
1.076449897048730264e+02
1.076177113384037085e+02
1.075765106382978757e+02
1.076914987628137084e+02
1.078020291363163352e+02
1.077155113246396638e+02
1.077244337680164676e+02
1.075500425531914885e+02
1.076964301075268793e+02
1.076050102951269736e+02
1.077543578947368417e+02
1.077408814589665695e+02
1.078147762747138358e+02
1.076118297872340435e+02
1.078220603537981219e+02
1.076310054907343812e+02
1.076203140830800464e+02
1.076642580645161331e+02
1.076636559139784879e+02
1.075948085106383019e+02
1.077528616024974042e+02
1.076424086021505389e+02
1.075205957446808469e+02
1.075456417295813338e+02
1.074832340425531925e+02
1.075265957446808471e+02
1.076564342698577832e+02
1.075050266631698577e+02
1.075407515442690425e+02
1.075869938229238159e+02
1.075714653397391913e+02
1.076030370624571049e+02
1.077268470343392295e+02
1.075878297872340426e+02
1.076439601921756974e+02
1.076901166781056958e+02
1.076831674673987607e+02
1.076787920384351338e+02
1.076060844479412566e+02
1.075338753387533899e+02
1.077030713795470120e+02
1.075544190925780157e+02
1.077277263007840276e+02
1.075388641043239488e+02
1.074773507206588903e+02
1.076638917793964652e+02
1.075410038882997554e+02
1.074293207448203447e+02
1.075478723404255277e+02
1.075267234042553213e+02
1.073750000000000000e+02
1.074397313538352705e+02
1.075241251325556675e+02
1.073427234042553238e+02
1.073599999999999994e+02
1.073800851063829782e+02
1.075243651338366533e+02
1.074556451612903203e+02
1.074228516478713118e+02
1.072791039612523747e+02
1.074186554768773476e+02
1.074572952181134724e+02
1.074114893617021238e+02
1.073777872340425574e+02
1.073904680851063773e+02
1.074218900253518711e+02
1.073694862480539740e+02
1.073090305096599337e+02
1.073185050294831768e+02
1.073648920360171388e+02
1.074571036376115245e+02
1.073385785470757980e+02
1.074448352779684228e+02
1.074356554564172939e+02
1.074114870180959826e+02
1.074494273974997753e+02
1.074102978723404220e+02
1.074630649532301732e+02
1.073813617021276627e+02
1.074005106382978738e+02
1.074801702127659553e+02
1.075131262868908664e+02
1.074757408864411161e+02
1.074762553191489332e+02
1.075017046944662980e+02
1.074863829787233982e+02
1.075602553191489363e+02
1.075210212765957465e+02
1.075629862750240449e+02
1.075266194597429887e+02
1.075596643063204851e+02
1.076439374071160131e+02
1.075465531914893660e+02
1.075877446808510598e+02
1.075944680851063850e+02
1.076449039121482514e+02
1.076307234042553205e+02
1.076066963895445383e+02
1.076165748754261671e+02
1.076849374945362428e+02
1.075525901367592212e+02
1.075437538246350186e+02
1.074531063829787172e+02
1.074874042553191487e+02
1.075029787234042544e+02
1.075433191489361633e+02
1.074989704873026710e+02
1.075176170212765925e+02
1.074410336455081563e+02
1.075365106382978695e+02
1.074456295525494340e+02
1.075044255319148903e+02
1.076793425998776144e+02
1.076205673758865231e+02
1.076462765957446805e+02
1.075113752122241095e+02
