0.000000000000000000e+00
0.000000000000000000e+00
0.000000000000000000e+00
0.000000000000000000e+00
0.000000000000000000e+00
0.000000000000000000e+00
0.000000000000000000e+00
0.000000000000000000e+00
0.000000000000000000e+00
0.000000000000000000e+00
0.000000000000000000e+00
0.000000000000000000e+00
0.000000000000000000e+00
0.000000000000000000e+00
0.000000000000000000e+00
0.000000000000000000e+00
0.000000000000000000e+00
6.617813765182185648e+01
7.158563159686755739e+01
7.979012345679012697e+01
8.476244343891403332e+01
8.128377110694184182e+01
8.460147849462364888e+01
8.054263206672845854e+01
8.053590361445783685e+01
7.913142857142857167e+01
7.917809523809523853e+01
7.775853413654618862e+01
7.674341463414634745e+01
7.580195121951219051e+01
7.920819277108434164e+01
8.011295180722891018e+01
8.150714285714285268e+01
8.006199186991869965e+01
8.053915662650602769e+01
8.130170682730923204e+01
8.140662650602409656e+01
7.943518518518519045e+01
7.817709437963944197e+01
7.868875927889713751e+01
8.505197132616487465e+01
7.759104938271605079e+01
8.527659574468084713e+01
8.471651542649728128e+01
8.514399696048631938e+01
8.541960072595281872e+01
8.469251887439945392e+01
7.652777777777777146e+01
8.496956521739130608e+01
7.803811057434245413e+01
7.829320987654321584e+01
8.483978494623656275e+01
7.943674698795180689e+01
7.807977642276422614e+01
7.782716049382716506e+01
8.532801418439716201e+01
8.291971544715447351e+01
7.815534979423868833e+01
8.581981382978723616e+01
8.522409059711736745e+01
7.897560975609755474e+01
7.891666666666667140e+01
8.611873713109127948e+01
8.533131720430107237e+01
8.569080301990391035e+01
7.916563786008229897e+01
8.398874296435272413e+01
8.391135084427767765e+01
8.171392276422764667e+01
8.370585365853658288e+01
7.839300411522633283e+01
8.632841455044612644e+01
8.615921052631578902e+01
8.600271646859083319e+01
8.579718599862731310e+01
8.616403568977351313e+01
7.900592592592592212e+01
7.874022633744856137e+01
7.920061728395062062e+01
8.631708991077556448e+01
8.657214095744680549e+01
8.676355525051475581e+01
8.233333333333332860e+01
8.198975609756097072e+01
8.008292682926828832e+01
7.961280487804877737e+01
8.699759780370624185e+01
8.710260809883321542e+01
8.733277925531915287e+01
8.729135209334248202e+01
8.708353140916808854e+01
8.728723404255319451e+01
8.717079796264856384e+01
8.729405772495755400e+01
8.767368421052631788e+01
8.023493975903613773e+01
7.982201646090534553e+01
7.992901234567901270e+01
8.766112054329371972e+01
8.723546099290780376e+01
8.763645833333333712e+01
8.789403508771930262e+01
8.291414634146342166e+01
8.013109756097560421e+01
8.051422764227642404e+01
8.235493827160493652e+01
8.786307481125599850e+01
8.766912280701754412e+01
8.813340053763441517e+01
8.610518518518519215e+01
8.832762096774193594e+01
8.819252971137521513e+01
8.803472222222222854e+01
8.835212224108659029e+01
0.000000000000000000e+00
8.841423611111110858e+01
8.824583333333333712e+01
8.099691358024691112e+01
8.850000000000000000e+01
8.826418439716312037e+01
8.853684210526316178e+01
8.855443548387096087e+01
8.907256944444444002e+01
0.000000000000000000e+00
0.000000000000000000e+00
8.907069320521620170e+01
8.113014403292180532e+01
8.948842105263157976e+01
8.995894736842105033e+01
8.958982456140350337e+01
0.000000000000000000e+00
8.927247769389155962e+01
8.916879432624114088e+01
8.971034946236558483e+01
8.983964912280701753e+01
8.941966250917094783e+01
8.951312056737589273e+01
8.482981927710842740e+01
8.968166969147004863e+01
8.521761904761905271e+01
8.848457993619284423e+01
8.971496698459280594e+01
8.997021276595744155e+01
8.994290780141844266e+01
8.974148936170212210e+01
8.995614035087719174e+01
8.966272401433691641e+01
8.486506024096385659e+01
8.147228260869565020e+01
8.965923129718599682e+01
8.950982456140350507e+01
9.007157894736842252e+01
8.985638297872340274e+01
9.019508771929824320e+01
8.970780141843971478e+01
8.445450281425891603e+01
8.968687943262411011e+01
8.518795180722891303e+01
8.258024691358025393e+01
8.541902439024390503e+01
8.524144578313253362e+01
8.250254065040650175e+01
8.549571428571428555e+01
8.559136546184738847e+01
8.506072289156627164e+01
8.586795180722891985e+01
8.496435742971887350e+01
8.273594377510039521e+01
0.000000000000000000e+00
9.013514431239389069e+01
9.013617021276596120e+01
0.000000000000000000e+00
0.000000000000000000e+00
9.002569444444444002e+01
9.030828067841702023e+01
9.007087719298245077e+01
9.010526315789473983e+01
8.574146586345381138e+01
8.995314091680815238e+01
8.537927710843374030e+01
8.557927710843372893e+01
8.499648594377509880e+01
8.994125636672326607e+01
8.384437751004016093e+01
8.568373493975903443e+01
8.579066265060241392e+01
8.509806910569105298e+01
0.000000000000000000e+00
0.000000000000000000e+00
8.543022088353413324e+01
8.490843373493976287e+01
0.000000000000000000e+00
8.513855421686747604e+01
8.883949275362319042e+01
0.000000000000000000e+00
8.592068273092370134e+01
8.509375000000000000e+01
8.407469512195122263e+01
8.557228915662651048e+01
0.000000000000000000e+00
0.000000000000000000e+00
0.000000000000000000e+00
0.000000000000000000e+00
0.000000000000000000e+00
0.000000000000000000e+00
0.000000000000000000e+00
0.000000000000000000e+00
0.000000000000000000e+00
0.000000000000000000e+00
0.000000000000000000e+00
0.000000000000000000e+00
0.000000000000000000e+00
9.221113306982871904e+01
9.152730263157894797e+01
9.155248226950354251e+01
9.170496453900709355e+01
0.000000000000000000e+00
9.244109396914446108e+01
9.306284340659340160e+01
9.245451388888888289e+01
0.000000000000000000e+00
9.108322010869565588e+01
0.000000000000000000e+00
9.059490662139218387e+01
0.000000000000000000e+00
9.050319148936169711e+01
9.188009510869565588e+01
9.122105263157894228e+01
8.835823170731707421e+01
9.161805555555555713e+01
0.000000000000000000e+00
0.000000000000000000e+00
9.150390070921986307e+01
8.929367469879518637e+01
8.922740963855422081e+01
8.939365853658536309e+01
9.286263736263735780e+01
9.297699175824175200e+01
9.292626728110599288e+01
9.301612903225806406e+01
9.027710843373493788e+01
9.044578313253012425e+01
9.008926829268293091e+01
9.041445783132530778e+01
9.369123641304348382e+01
8.911897590361445509e+01
8.694878048780488200e+01
8.916451612903226476e+01
8.920560085076213852e+01
8.923557692307691980e+01
8.912300602623183465e+01
8.557999999999999829e+01
8.873691756272401676e+01
8.571900406504065018e+01
8.570020325203252298e+01
8.594097560975609440e+01
8.621756097560975718e+01
8.927399267399268012e+01
8.951025641025641733e+01
8.673086419753086318e+01
8.684146341463414842e+01
8.699598393574297006e+01
8.785024390243901848e+01
8.798526422764227561e+01
8.818851626016260070e+01
8.846097560975610463e+01
8.806910569105690456e+01
8.671849593495934982e+01
8.691680085882984486e+01
8.863152610441767365e+01
8.861596385542168264e+01
9.196455157745479880e+01
8.825101626016260070e+01
8.943853658536585272e+01
8.866260162601625439e+01
8.896586345381525973e+01
8.960144578313253305e+01
8.927794715447154772e+01
8.985831325301204231e+01
8.978409638554217054e+01
8.879471544715447351e+01
8.986941056910569614e+01
8.973902439024389821e+01
8.858785140562248728e+01
8.754769076305220210e+01
8.672626506024096216e+01
8.566717479674797175e+01
8.614939024390244526e+01
8.550101626016260070e+01
8.612195121951219789e+01
8.609552845528455123e+01
8.958383551931939337e+01
8.636941056910569614e+01
8.568574297188754940e+01
8.603765060240964146e+01
8.564075203252032509e+01
8.605371485943774701e+01
8.599949799196787126e+01
0.000000000000000000e+00
0.000000000000000000e+00
0.000000000000000000e+00
0.000000000000000000e+00
0.000000000000000000e+00
0.000000000000000000e+00
0.000000000000000000e+00
0.000000000000000000e+00
0.000000000000000000e+00
0.000000000000000000e+00
0.000000000000000000e+00
0.000000000000000000e+00
0.000000000000000000e+00
0.000000000000000000e+00
0.000000000000000000e+00
0.000000000000000000e+00
8.402173913043478137e+01
0.000000000000000000e+00
0.000000000000000000e+00
0.000000000000000000e+00
0.000000000000000000e+00
0.000000000000000000e+00
0.000000000000000000e+00
0.000000000000000000e+00
0.000000000000000000e+00
0.000000000000000000e+00
0.000000000000000000e+00
0.000000000000000000e+00
0.000000000000000000e+00
0.000000000000000000e+00
0.000000000000000000e+00
0.000000000000000000e+00
0.000000000000000000e+00
0.000000000000000000e+00
0.000000000000000000e+00
0.000000000000000000e+00
0.000000000000000000e+00
0.000000000000000000e+00
0.000000000000000000e+00
0.000000000000000000e+00
0.000000000000000000e+00
0.000000000000000000e+00
0.000000000000000000e+00
0.000000000000000000e+00
0.000000000000000000e+00
0.000000000000000000e+00
0.000000000000000000e+00
0.000000000000000000e+00
0.000000000000000000e+00
0.000000000000000000e+00
0.000000000000000000e+00
0.000000000000000000e+00
0.000000000000000000e+00
0.000000000000000000e+00
0.000000000000000000e+00
0.000000000000000000e+00
0.000000000000000000e+00
0.000000000000000000e+00
0.000000000000000000e+00
0.000000000000000000e+00
0.000000000000000000e+00
0.000000000000000000e+00
0.000000000000000000e+00
0.000000000000000000e+00
0.000000000000000000e+00
0.000000000000000000e+00
8.653438914027150020e+01
9.045367192862045158e+01
8.764412070759625806e+01
8.102701465201465680e+01
8.126987951807228683e+01
8.331788693234476284e+01
8.646923076923076223e+01
8.404731707317073131e+01
8.378843373493975832e+01
8.528144578313252566e+01
8.588523809523809405e+01
8.815759036144578431e+01
8.940952380952380452e+01
8.959952380952381645e+01
8.959036144578313099e+01
8.999684431977559029e+01
9.100245441795230761e+01
8.670833333333332860e+01
9.109134262655905445e+01
8.707058823529412450e+01
8.674460784313725981e+01
8.592184265010351396e+01
8.809362745098039227e+01
9.475833333333333997e+01
9.212282352941176100e+01
8.989825581395348308e+01
9.462564432989690033e+01
0.000000000000000000e+00
0.000000000000000000e+00
0.000000000000000000e+00
0.000000000000000000e+00
0.000000000000000000e+00
0.000000000000000000e+00
0.000000000000000000e+00
0.000000000000000000e+00
0.000000000000000000e+00
0.000000000000000000e+00
0.000000000000000000e+00
0.000000000000000000e+00
0.000000000000000000e+00
0.000000000000000000e+00
0.000000000000000000e+00
0.000000000000000000e+00
7.956675324675325101e+01
9.024244578741557632e+01
8.509161490683230511e+01
8.585882352941176521e+01
8.703881987577639734e+01
9.815521885521884826e+01
9.192303921568627345e+01
9.125301204819277245e+01
8.870572640509013240e+01
0.000000000000000000e+00
0.000000000000000000e+00
0.000000000000000000e+00
0.000000000000000000e+00
0.000000000000000000e+00
0.000000000000000000e+00
0.000000000000000000e+00
0.000000000000000000e+00
0.000000000000000000e+00
0.000000000000000000e+00
0.000000000000000000e+00
0.000000000000000000e+00
0.000000000000000000e+00
0.000000000000000000e+00
0.000000000000000000e+00
0.000000000000000000e+00
0.000000000000000000e+00
0.000000000000000000e+00
0.000000000000000000e+00
0.000000000000000000e+00
0.000000000000000000e+00
0.000000000000000000e+00
0.000000000000000000e+00
0.000000000000000000e+00
0.000000000000000000e+00
9.293701550387596910e+01
9.285852713178294948e+01
9.432471264367815422e+01
9.262841253791708596e+01
9.149342770475227837e+01
9.299166666666666003e+01
9.320000000000000284e+01
9.174974721941354971e+01
9.281782945736433987e+01
9.058970588235294485e+01
9.005735294117647527e+01
0.000000000000000000e+00
9.780950226244344492e+01
8.758702882483370900e+01
8.755869565217390971e+01
9.755233739837397877e+01
0.000000000000000000e+00
9.774305555555555713e+01
9.713973577235772439e+01
0.000000000000000000e+00
0.000000000000000000e+00
0.000000000000000000e+00
0.000000000000000000e+00
0.000000000000000000e+00
8.379272727272727650e+01
0.000000000000000000e+00
0.000000000000000000e+00
0.000000000000000000e+00
0.000000000000000000e+00
0.000000000000000000e+00
0.000000000000000000e+00
0.000000000000000000e+00
0.000000000000000000e+00
0.000000000000000000e+00
8.405627705627705382e+01
0.000000000000000000e+00
0.000000000000000000e+00
0.000000000000000000e+00
0.000000000000000000e+00
0.000000000000000000e+00
9.937301587301587347e+01
9.152950310559006653e+01
9.254754901960784252e+01
9.301278772378516635e+01
9.908680555555555713e+01
1.010794812105088170e+02
9.903676470588234793e+01
9.169852941176471006e+01
9.957104072398189487e+01
9.518750000000000000e+01
9.519137596899224718e+01
9.821619047619047649e+01
9.935851648351648180e+01
9.311206896551723844e+01
9.804141176470588448e+01
9.844093023255814501e+01
9.792141176470587993e+01
9.361240310077519666e+01
9.475938735177865624e+01
9.622159090909090651e+01
1.036819661458333286e+02
