0.000000000000000000e+00
0.000000000000000000e+00
6.284880050505050519e+01
6.288979591836734784e+01
6.409686914637410382e+01
6.426972972972973253e+01
6.386581552892130986e+01
6.203445378151260314e+01
6.268954344624447828e+01
6.334278350515464240e+01
6.414795918367346417e+01
6.520439560439560012e+01
6.494497354497354991e+01
6.522754182754182750e+01
6.602437641723355455e+01
6.486839826839826628e+01
6.482999999999999829e+01
6.589189189189188767e+01
6.458638888888889085e+01
6.647280701754385746e+01
6.566871794871795487e+01
6.654792243767313664e+01
0.000000000000000000e+00
0.000000000000000000e+00
0.000000000000000000e+00
0.000000000000000000e+00
0.000000000000000000e+00
0.000000000000000000e+00
0.000000000000000000e+00
0.000000000000000000e+00
0.000000000000000000e+00
0.000000000000000000e+00
0.000000000000000000e+00
0.000000000000000000e+00
0.000000000000000000e+00
0.000000000000000000e+00
0.000000000000000000e+00
0.000000000000000000e+00
0.000000000000000000e+00
0.000000000000000000e+00
0.000000000000000000e+00
0.000000000000000000e+00
0.000000000000000000e+00
0.000000000000000000e+00
0.000000000000000000e+00
0.000000000000000000e+00
0.000000000000000000e+00
0.000000000000000000e+00
0.000000000000000000e+00
0.000000000000000000e+00
