0.000000000000000000e+00
0.000000000000000000e+00
0.000000000000000000e+00
0.000000000000000000e+00
0.000000000000000000e+00
0.000000000000000000e+00
0.000000000000000000e+00
0.000000000000000000e+00
0.000000000000000000e+00
0.000000000000000000e+00
0.000000000000000000e+00
0.000000000000000000e+00
0.000000000000000000e+00
0.000000000000000000e+00
0.000000000000000000e+00
0.000000000000000000e+00
0.000000000000000000e+00
0.000000000000000000e+00
0.000000000000000000e+00
0.000000000000000000e+00
0.000000000000000000e+00
0.000000000000000000e+00
0.000000000000000000e+00
0.000000000000000000e+00
0.000000000000000000e+00
0.000000000000000000e+00
0.000000000000000000e+00
0.000000000000000000e+00
0.000000000000000000e+00
0.000000000000000000e+00
0.000000000000000000e+00
0.000000000000000000e+00
0.000000000000000000e+00
0.000000000000000000e+00
0.000000000000000000e+00
0.000000000000000000e+00
0.000000000000000000e+00
0.000000000000000000e+00
0.000000000000000000e+00
0.000000000000000000e+00
0.000000000000000000e+00
0.000000000000000000e+00
0.000000000000000000e+00
0.000000000000000000e+00
0.000000000000000000e+00
0.000000000000000000e+00
0.000000000000000000e+00
0.000000000000000000e+00
0.000000000000000000e+00
0.000000000000000000e+00
8.539743589743589780e+01
8.665838206627680051e+01
9.318783542039355439e+01
9.998779956427014781e+01
1.012705882352941131e+02
1.014525939177102032e+02
1.015297157622738951e+02
1.003278175313058966e+02
9.964651162790697470e+01
9.897860465116279727e+01
9.991511936339522038e+01
1.007515808491418312e+02
1.010673806336456977e+02
1.012896028558679120e+02
1.010214190093708169e+02
1.011941612604263270e+02
1.015060240963855449e+02
1.010591689250225897e+02
1.013645693886657710e+02
1.010243902439024453e+02
1.013092369477911632e+02
1.013016510486390018e+02
1.012481035252119597e+02
1.014417670682730943e+02
1.009518072289156692e+02
1.006345381526104461e+02
1.007050423917893767e+02
1.005479696564033958e+02
1.006131191432396292e+02
1.007104787714543761e+02
1.009453528399311466e+02
1.008420826161789989e+02
1.008618760757315016e+02
1.006432926829268268e+02
1.007547332185886404e+02
1.006122266845158464e+02
1.008317555938037913e+02
1.004426595269968772e+02
1.005006693440428336e+02
1.005090361445783174e+02
1.005225345827755490e+02
1.007465417224453432e+02
1.005387263339070500e+02
1.007037037037037095e+02
1.004033913431503748e+02
1.004774654172244510e+02
1.005567542213883740e+02
1.008433734939759034e+02
1.005814368585452883e+02
1.007954931972789154e+02
1.008942436412315971e+02
1.005296742525658118e+02
1.005314591700133917e+02
1.006159611992945315e+02
1.001887125220458614e+02
9.997278000892458749e+01
1.000898825654923172e+02
1.004608433734939723e+02
1.004970995091477022e+02
1.004939759036144551e+02
1.006345381526104461e+02
1.000885078776644974e+02
1.008995983935742942e+02
1.005890227576974496e+02
1.004638278388278394e+02
