8.999810606060606233e+01
9.011521317829456734e+01
8.906728101466508463e+01
8.956661639014579634e+01
8.958446827006665103e+01
8.974916943521594703e+01
8.941562313655336425e+01
8.974694521087899091e+01
8.979000788332676564e+01
8.992274339771383040e+01
9.015319767441860677e+01
9.014224137931034875e+01
9.058523928502786760e+01
9.025872093023255616e+01
9.030143678160919762e+01
9.028194726166329076e+01
9.018883415435139739e+01
9.060454070485418754e+01
9.056484674329502127e+01
9.023838500917608485e+01
9.074741379310344769e+01
9.066888824495315191e+01
9.049853886616014620e+01
9.038953488372092693e+01
8.965366880513231251e+01
8.974829591018443864e+01
8.365953964194373782e+01
8.176859335038362531e+01
8.087886382623224790e+01
8.003684210526316178e+01
7.946905965621840551e+01
7.943230134158926603e+01
7.966370070778563672e+01
7.925810741687979544e+01
7.927529411764706424e+01
7.922772378516623348e+01
7.913306370070777973e+01
7.950892494929006205e+01
7.867676458588331911e+01
7.919367277878335187e+01
7.894266936299291615e+01
7.977776663993584805e+01
8.146954474097331911e+01
8.515083672546359139e+01
9.108778966131907850e+01
9.206080291970802421e+01
9.169684750733138401e+01
9.193018181818182200e+01
9.263101160862355243e+01
