0.000000000000000000e+00
0.000000000000000000e+00
0.000000000000000000e+00
0.000000000000000000e+00
0.000000000000000000e+00
0.000000000000000000e+00
0.000000000000000000e+00
0.000000000000000000e+00
0.000000000000000000e+00
0.000000000000000000e+00
0.000000000000000000e+00
0.000000000000000000e+00
0.000000000000000000e+00
0.000000000000000000e+00
0.000000000000000000e+00
0.000000000000000000e+00
0.000000000000000000e+00
0.000000000000000000e+00
0.000000000000000000e+00
0.000000000000000000e+00
0.000000000000000000e+00
0.000000000000000000e+00
0.000000000000000000e+00
0.000000000000000000e+00
0.000000000000000000e+00
0.000000000000000000e+00
0.000000000000000000e+00
0.000000000000000000e+00
0.000000000000000000e+00
0.000000000000000000e+00
0.000000000000000000e+00
0.000000000000000000e+00
0.000000000000000000e+00
0.000000000000000000e+00
0.000000000000000000e+00
0.000000000000000000e+00
0.000000000000000000e+00
0.000000000000000000e+00
0.000000000000000000e+00
0.000000000000000000e+00
0.000000000000000000e+00
0.000000000000000000e+00
0.000000000000000000e+00
0.000000000000000000e+00
0.000000000000000000e+00
0.000000000000000000e+00
0.000000000000000000e+00
0.000000000000000000e+00
0.000000000000000000e+00
0.000000000000000000e+00
0.000000000000000000e+00
0.000000000000000000e+00
0.000000000000000000e+00
0.000000000000000000e+00
0.000000000000000000e+00
0.000000000000000000e+00
0.000000000000000000e+00
0.000000000000000000e+00
0.000000000000000000e+00
0.000000000000000000e+00
0.000000000000000000e+00
0.000000000000000000e+00
0.000000000000000000e+00
0.000000000000000000e+00
0.000000000000000000e+00
0.000000000000000000e+00
0.000000000000000000e+00
0.000000000000000000e+00
0.000000000000000000e+00
0.000000000000000000e+00
0.000000000000000000e+00
0.000000000000000000e+00
0.000000000000000000e+00
0.000000000000000000e+00
0.000000000000000000e+00
0.000000000000000000e+00
0.000000000000000000e+00
0.000000000000000000e+00
0.000000000000000000e+00
0.000000000000000000e+00
0.000000000000000000e+00
0.000000000000000000e+00
0.000000000000000000e+00
0.000000000000000000e+00
0.000000000000000000e+00
0.000000000000000000e+00
0.000000000000000000e+00
0.000000000000000000e+00
0.000000000000000000e+00
0.000000000000000000e+00
0.000000000000000000e+00
0.000000000000000000e+00
0.000000000000000000e+00
0.000000000000000000e+00
0.000000000000000000e+00
0.000000000000000000e+00
0.000000000000000000e+00
0.000000000000000000e+00
0.000000000000000000e+00
0.000000000000000000e+00
0.000000000000000000e+00
0.000000000000000000e+00
0.000000000000000000e+00
0.000000000000000000e+00
0.000000000000000000e+00
0.000000000000000000e+00
0.000000000000000000e+00
0.000000000000000000e+00
0.000000000000000000e+00
0.000000000000000000e+00
0.000000000000000000e+00
0.000000000000000000e+00
0.000000000000000000e+00
0.000000000000000000e+00
0.000000000000000000e+00
0.000000000000000000e+00
0.000000000000000000e+00
0.000000000000000000e+00
0.000000000000000000e+00
0.000000000000000000e+00
0.000000000000000000e+00
0.000000000000000000e+00
0.000000000000000000e+00
0.000000000000000000e+00
0.000000000000000000e+00
0.000000000000000000e+00
0.000000000000000000e+00
0.000000000000000000e+00
0.000000000000000000e+00
0.000000000000000000e+00
0.000000000000000000e+00
0.000000000000000000e+00
0.000000000000000000e+00
0.000000000000000000e+00
0.000000000000000000e+00
0.000000000000000000e+00
0.000000000000000000e+00
0.000000000000000000e+00
0.000000000000000000e+00
0.000000000000000000e+00
0.000000000000000000e+00
0.000000000000000000e+00
0.000000000000000000e+00
0.000000000000000000e+00
0.000000000000000000e+00
0.000000000000000000e+00
0.000000000000000000e+00
0.000000000000000000e+00
0.000000000000000000e+00
0.000000000000000000e+00
0.000000000000000000e+00
0.000000000000000000e+00
0.000000000000000000e+00
0.000000000000000000e+00
0.000000000000000000e+00
0.000000000000000000e+00
0.000000000000000000e+00
0.000000000000000000e+00
0.000000000000000000e+00
0.000000000000000000e+00
0.000000000000000000e+00
0.000000000000000000e+00
0.000000000000000000e+00
0.000000000000000000e+00
0.000000000000000000e+00
0.000000000000000000e+00
0.000000000000000000e+00
0.000000000000000000e+00
0.000000000000000000e+00
0.000000000000000000e+00
0.000000000000000000e+00
0.000000000000000000e+00
0.000000000000000000e+00
0.000000000000000000e+00
0.000000000000000000e+00
0.000000000000000000e+00
0.000000000000000000e+00
0.000000000000000000e+00
0.000000000000000000e+00
0.000000000000000000e+00
0.000000000000000000e+00
8.238860660543286940e+01
8.363082268970698863e+01
8.787603305785124519e+01
8.862253787878788103e+01
8.857479508196720985e+01
8.729891354814745341e+01
8.686835205992508691e+01
8.792383546205860512e+01
8.737357229083480092e+01
8.700073678393810894e+01
8.673181064652790440e+01
8.716634694436831410e+01
8.733508869179600254e+01
8.820042155425220187e+01
8.951298581690919320e+01
9.237999999999999545e+01
9.300531993497857286e+01
9.326770558969856495e+01
9.234906524926685734e+01
9.235987903225806406e+01
9.199542098869264350e+01
9.390958605664488346e+01
9.426150262085032239e+01
9.424598459845984166e+01
9.404529841133533807e+01
9.174535090178487451e+01
9.385672348484848726e+01
9.190995579473380417e+01
9.411770833333333997e+01
9.388799257567104917e+01
9.373002517080186635e+01
9.429319923371647860e+01
9.212982894483951668e+01
9.400765707742951349e+01
9.386334988540870938e+01
9.364091843242860591e+01
9.398774259448416046e+01
9.411363636363635976e+01
9.371020599250935845e+01
9.368219696969697452e+01
9.415641762452106889e+01
9.350098566308243164e+01
9.325336760014180015e+01
9.335665934065933413e+01
9.288762420957543497e+01
9.334384469696969688e+01
9.291456930166607719e+01
9.305555555555555713e+01
9.358117222380545286e+01
9.331723484848484418e+01
9.290213333333333878e+01
9.278646953405018394e+01
9.225054367524465704e+01
9.352328358208954739e+01
0.000000000000000000e+00
9.251042275472433118e+01
9.131823949246629013e+01
8.896206574232746789e+01
8.680958060027828083e+01
8.536800927267458405e+01
8.624446575561415784e+01
8.479696969696969688e+01
8.565959821428570820e+01
8.590755476962372938e+01
8.564461096938775597e+01
8.427949438202247734e+01
8.599464340373431526e+01
8.367295839753467135e+01
8.533396614459736895e+01
8.535714285714286120e+01
8.562447421716778706e+01
8.522929560860595188e+01
8.554451587765439058e+01
8.541507064364206769e+01
8.502284382284382502e+01
8.486255886970172924e+01
8.515251754183051958e+01
8.474339326063463318e+01
8.480408738548273107e+01
8.539873116574148071e+01
8.379923855511189856e+01
8.472207486000588972e+01
8.502221350078492890e+01
8.422878560719640006e+01
8.444807768529528857e+01
8.445679858934168749e+01
8.428533978624722067e+01
8.381916666666666060e+01
8.368701164676396331e+01
8.417142857142857792e+01
8.402970297029702351e+01
8.379697674418603981e+01
8.550725952813067465e+01
8.572645694696511498e+01
8.574192583732057926e+01
8.603043478260869392e+01
8.603468149646107577e+01
8.624682395644282451e+01
8.606190191387560162e+01
8.593385763258721965e+01
8.601723786209710454e+01
8.621798749747932789e+01
8.615992003998000826e+01
8.641330069359445076e+01
8.633549039433771100e+01
8.624031620553360256e+01
8.666565438871472793e+01
8.667549407114624671e+01
8.672463768115942173e+01
8.724098746081504885e+01
8.747705018359853568e+01
8.731034482758620641e+01
8.740018148820327326e+01
8.891300940438871692e+01
8.843104145601617461e+01
8.847426286856571664e+01
9.241115086463923944e+01
9.517463537138993956e+01
9.571344792719919781e+01
9.651616988116111884e+01
9.484526967285587773e+01
9.386560565870910011e+01
9.340804597701149703e+01
9.323980744670399190e+01
9.392478813559321793e+01
9.338206110619903200e+01
9.790774871185097084e+01
9.817048198589780839e+01
9.684242067000687371e+01
9.588417329796639876e+01
9.546882914474966242e+01
9.563536076326774094e+01
9.517046561465029697e+01
9.455308786284822986e+01
9.458556149732619645e+01
9.446271735926907809e+01
9.486960842774796276e+01
9.460003885003885671e+01
9.479575596816975747e+01
9.502878392736404578e+01
9.482473720404755113e+01
9.501371496720334164e+01
9.515994545100330981e+01
9.497847262809273161e+01
9.496799445105033044e+01
9.486441336441336603e+01
9.526397818040132393e+01
9.303300913645740877e+01
9.048867809057527722e+01
8.965557221389305198e+01
8.869595202398799927e+01
8.850394802598700039e+01
8.813506778309410095e+01
8.818381180223285298e+01
8.839735833837467283e+01
8.900683709869203142e+01
8.834986892518652724e+01
8.857934952978055776e+01
8.909760206103844382e+01
8.912485136741973690e+01
8.897972178683384925e+01
8.925733254062623701e+01
8.915824415378517642e+01
8.934225128814902916e+01
8.927016491754122285e+01
8.965408244153785233e+01
8.933263368315842001e+01
8.921620553359683470e+01
8.951330613830613459e+01
8.920180250783698739e+01
8.924265282131661081e+01
8.920519740129934405e+01
8.943367037411526610e+01
8.893678160919540687e+01
8.947619514106582983e+01
8.923674127848356363e+01
8.940070778564206933e+01
8.920049975012493348e+01
8.904693675889328119e+01
8.922413793103447688e+01
8.941139430284857781e+01
8.937269446672013373e+01
8.952497027348394454e+01
8.905763397371082135e+01
8.933422512881490718e+01
8.937311344327835627e+01
8.902718640679660211e+01
8.895512243878060588e+01
8.925671611868484945e+01
8.872588932806324635e+01
8.880919540229885456e+01
8.872608695652174049e+01
8.868595702148925852e+01
8.896271864067965396e+01
8.868400713436385274e+01
8.879690154922538170e+01
8.824894131881427484e+01
8.824571486186731306e+01
8.822164581426100938e+01
8.874312843578211130e+01
8.819883040935673080e+01
8.834872563718140270e+01
8.812519762845849414e+01
8.823998000999500846e+01
8.814892553723137780e+01
8.825166835187057757e+01
8.808529945553539164e+01
8.854230152365677498e+01
8.857235484821691784e+01
8.854009623095429049e+01
8.827745197168857771e+01
8.820954907161804215e+01
8.826812304075235716e+01
8.809679370840895274e+01
8.820059970014992246e+01
8.829931836407378398e+01
8.849887022300815431e+01
8.828117481956695656e+01
8.818670664667666870e+01
8.818861693861694562e+01
8.835523186682520702e+01
8.782678660669665760e+01
8.819748315497423619e+01
8.782446057672918016e+01
8.810393808777429570e+01
8.807362267142291046e+01
8.793349653202774618e+01
8.785692679975801411e+01
8.847076892588188457e+01
8.842818590704648329e+01
8.830881180223285298e+01
8.835198628755797756e+01
8.824787606196900924e+01
8.851363636363636545e+01
8.835536283891546816e+01
8.826255293405928626e+01
8.800209330143540853e+01
8.821092503987240718e+01
8.868906064209274120e+01
8.859999999999999432e+01
8.892063968015992259e+01
8.892789968652037658e+01
8.899764890282131091e+01
8.876936758893280910e+01
8.914724164724164268e+01
8.924222999222999420e+01
8.881449275362318474e+01
8.843388305847076936e+01
8.880836305984938406e+01
8.812353823088456295e+01
8.777687033676144779e+01
8.771659482758620641e+01
8.766567578279826023e+01
8.714982057416267480e+01
8.699266745937376299e+01
8.681729135432283329e+01
8.605507246376811281e+01
8.569116757410768059e+01
8.558297413793103203e+01
8.523687304075235716e+01
8.485039525691699680e+01
8.478900549725138092e+01
8.457771114442778071e+01
8.474382808595701988e+01
8.469975012493753752e+01
8.462558777429467227e+01
8.434766849529781041e+01
8.440759620189905377e+01
8.425276679841897476e+01
8.418299373040751732e+01
8.423583383746722575e+01
8.405363984674329458e+01
8.689605197401299108e+01
8.759889021006738119e+01
8.780955212049147462e+01
8.791737891737891175e+01
8.769787950852159497e+01
8.775223387723387702e+01
8.771066191042409343e+01
8.742138930534733277e+01
8.737641179410294967e+01
8.737551224387806315e+01
8.772060123784261521e+01
8.752804794184105219e+01
