9.363836772983114543e+01
9.357121951219512823e+01
9.368350324374421234e+01
9.398126951092612558e+01
9.160218253968254487e+01
9.233788235294117897e+01
9.213190476190476375e+01
9.334059314179796729e+01
9.213411764705882945e+01
9.355792400370714290e+01
9.338878591288229813e+01
9.297756097560976229e+01
9.326097560975610179e+01
9.316048192771084757e+01
9.256423529411765116e+01
9.430750350631136314e+01
9.239811764705882524e+01
9.237458823529411234e+01
9.218168604651162923e+01
9.363024390243901962e+01
9.356533827618164878e+01
9.525909402882635391e+01
9.159738372093023884e+01
9.347914735866542912e+01
9.359662288930582008e+01
9.359082483781278938e+01
9.330954587581094017e+01
9.315228915662650877e+01
9.332098765432098730e+01
9.334244670991658666e+01
9.305121951219511800e+01
9.308433734939758608e+01
9.329643527204503073e+01
9.334430027803522023e+01
9.322613531047265667e+01
9.300695088044486170e+01
9.325658536585365255e+01
9.335459662288930360e+01
9.351621872103800115e+01
9.168511627906977424e+01
9.297936210131332757e+01
9.288674698795180973e+01
9.299343339587241530e+01
9.265108433734940263e+01
9.318489341983317331e+01
9.306987951807228399e+01
9.381822344322344520e+01
9.286585365853657947e+01
9.233813953488372306e+01
9.335459662288930360e+01
9.333516483516483220e+01
9.365060240963855165e+01
9.358818011257035607e+01
9.389063948100093171e+01
9.372244533690316359e+01
9.360164835164835040e+01
9.357182576459685208e+01
9.328822984244671090e+01
9.362179487179487580e+01
9.303893058161351348e+01
9.330253283302063494e+01
9.376459684893420388e+01
9.380908248378128178e+01
9.334333958724202773e+01
9.244444444444444287e+01
9.335834896810506223e+01
9.320731707317072789e+01
9.320825515947467466e+01
9.343560975609756269e+01
9.345458758109360531e+01
9.319136960600374664e+01
9.330491195551437045e+01
9.331754221388368364e+01
9.330216802168021673e+01
9.254226020892687643e+01
9.237638554216867703e+01
9.104976744186046744e+01
9.199654320987654899e+01
9.257223264540337482e+01
9.248722891566265503e+01
9.267084337349398027e+01
9.268243902439024851e+01
9.310881801125704271e+01
9.315150093808630061e+01
9.312696941612604462e+01
9.318040293040293420e+01
9.363409192324854757e+01
9.324559777571825236e+01
9.280863039399625336e+01
9.318721037998146528e+01
9.297889305816134708e+01
9.321547729379054203e+01
9.315894346617238853e+01
9.318072289156626198e+01
9.294253938832251549e+01
9.337367021276595835e+01
9.293874643874643482e+01
9.282410881801125413e+01
9.306050656660413267e+01
9.323123262279888479e+01
9.306975609756096901e+01
9.322326454033770915e+01
9.326506024096386227e+01
9.260487804878049189e+01
9.302270620945320445e+01
9.253470919324577437e+01
9.295497185741088231e+01
9.300231696014829197e+01
9.353475440222428006e+01
9.199563953488372192e+01
9.447529411764705287e+01
9.541647058823529903e+01
9.433599999999999852e+01
9.428867469879517671e+01
9.479807692307691980e+01
9.476135310472659512e+01
9.511609756097560364e+01
9.397756097560976229e+01
9.481285178236397826e+01
9.535412757973733733e+01
9.490198735320686296e+01
9.452251407129456595e+01
9.520759962928637776e+01
9.603388278388278820e+01
9.409175162187210617e+01
9.409710930442638244e+01
9.407362784471217765e+01
9.416242748772869220e+01
9.419098616688978609e+01
9.532097069597070060e+01
9.691005291005291156e+01
9.776470588235294201e+01
9.810416666666667140e+01
9.820987654320987303e+01
9.811855203619909105e+01
9.848888888888889426e+01
9.843572984749455657e+01
9.871154684095860432e+01
9.870413943355120523e+01
9.871982570806100910e+01
9.857167755991285674e+01
9.876543209876543017e+01
9.849716775599128482e+01
9.873289760348583854e+01
9.963398692810457646e+01
9.979084967320261512e+01
9.951459694989107163e+01
9.927028218694884742e+01
9.895375457875458380e+01
9.879193697868396384e+01
9.895787545787545980e+01
9.857176360225140854e+01
9.863977485928705846e+01
9.956760374832664695e+01
9.896205962059620731e+01
9.876735459662289429e+01
9.946273984828201264e+01
9.938090824837813386e+01
9.861492122335495480e+01
9.932173136992413731e+01
9.911289602855867997e+01
9.929188712522045535e+01
9.984479717813050570e+01
9.976732026143790222e+01
9.917886932344764261e+01
9.901482854494902597e+01
9.929796107506950875e+01
9.897115384615383959e+01
9.939197530864197461e+01
9.918131868131868600e+01
9.940859728506787008e+01
9.988977072310404992e+01
9.919230769230769340e+01
9.906580166821130717e+01
9.956425339366515459e+01
9.983180827886710063e+01
9.976631393298059436e+01
9.914417989417989929e+01
9.946405228758169415e+01
9.942283950617283494e+01
9.965708061002177942e+01
9.836640211640211362e+01
9.912985274431058258e+01
9.910802469135802539e+01
9.995206971677559693e+01
9.951721132897603184e+01
9.938518518518517908e+01
9.996942291128337388e+01
1.001252100840336112e+02
9.849774164408310639e+01
9.883734939759035854e+01
9.886836233824185172e+01
9.893002780352178149e+01
9.902766622043731104e+01
9.885347985347985400e+01
9.967989417989417689e+01
9.975440917107583516e+01
1.002649237472766828e+02
9.883562271062271520e+01
9.932098765432098730e+01
9.993430335097001205e+01
9.930908289241622811e+01
9.915885765283356079e+01
9.908914027149320702e+01
9.923572984749455372e+01
9.869047619047618980e+01
9.801784917447568546e+01
9.844885361552027803e+01
9.882488687782804959e+01
9.828708791208791240e+01
9.832280219780220420e+01
9.828571428571429180e+01
9.812604263206672783e+01
9.735296742525657976e+01
9.776594746716698126e+01
9.850412087912087600e+01
9.885140562248996332e+01
9.837488415199258895e+01
9.919366354306113465e+01
9.961992945326278459e+01
9.855996472663139230e+01
9.811244979919678144e+01
9.860802469135802539e+01
9.869924141008478102e+01
9.827014652014652540e+01
9.810537918871251861e+01
9.756091030789825425e+01
9.801383311021865552e+01
9.788693234476366456e+01
9.836263736263735780e+01
9.792592592592592382e+01
9.880130718954248437e+01
9.863580246913579685e+01
9.817490842490842340e+01
9.751626016260162544e+01
9.815216421240518230e+01
9.846809460062472397e+01
9.816265060240964146e+01
9.817901234567901270e+01
9.874027149321267416e+01
9.794139194139194160e+01
9.826753812636165719e+01
9.807321594068582726e+01
9.813877733154841110e+01
9.863067655236329756e+01
9.847927689594355627e+01
9.835141093474426555e+01
9.942047930283224844e+01
9.844179894179893608e+01
9.905731922398588551e+01
9.821520146520146000e+01
9.748146431881372109e+01
9.769555143651528795e+01
9.798424467099165724e+01
9.819973544973545643e+01
9.814991181657848074e+01
9.843298059964726576e+01
9.827425044091710049e+01
9.851266968325792561e+01
9.852518315018315320e+01
9.819323447636701019e+01
9.712048192771084132e+01
9.793574297188754940e+01
9.865255731922398752e+01
9.783974358974359120e+01
9.886230936819171689e+01
9.818582020389249010e+01
9.888369963369963500e+01
9.837477954144620185e+01
9.744300278035217389e+01
9.826373626373626280e+01
9.786098239110287977e+01
9.884400871459695281e+01
9.872244008714596930e+01
9.879912854030500569e+01
9.842945326278659479e+01
9.755265567765567880e+01
9.752919369786839354e+01
9.862265795206971575e+01
9.830219780219779580e+01
9.864434389140271264e+01
9.893246187363834565e+01
9.851674208144795841e+01
9.889049773755655792e+01
9.827889335118250358e+01
9.874029982363315128e+01
9.880444856348471205e+01
9.886996336996337220e+01
9.871455050973123946e+01
9.850595238095237960e+01
9.890659340659340160e+01
9.892170329670329920e+01
9.965203619909502208e+01
9.949816849816849640e+01
1.001764705882352899e+02
9.993360805860805840e+01
9.966928104575163161e+01
9.972486772486772111e+01
9.973076923076922640e+01
9.894047619047618980e+01
9.875778388278388320e+01
9.916578483245149300e+01
9.938126361655773167e+01
9.899294532627865806e+01
9.913253012048193114e+01
1.000176366843033549e+02
9.995987654320987303e+01
9.863141454707719902e+01
9.902641334569045739e+01
9.894902687673771879e+01
9.876327838827839400e+01
9.893077601410934108e+01
9.930806100217864696e+01
9.934999999999999432e+01
9.917963800904976779e+01
9.885485347985347460e+01
9.833122171945701950e+01
9.771809523809524478e+01
9.791534883720930793e+01
9.739011764705882968e+01
9.695811764705882752e+01
9.748000000000000398e+01
9.698823529411764355e+01
9.809977011494252963e+01
9.755813953488372192e+01
9.639195736434108142e+01
9.614080459770114828e+01
9.627862068965517039e+01
9.668000000000000682e+01
9.367528735632184578e+01
9.952604166666667140e+01
9.823293172690763697e+01
9.795644114921223888e+01
9.750231696014829197e+01
9.808928571428570820e+01
9.757539682539682246e+01
9.917179830432841925e+01
1.000120481927710898e+02
1.001713520749665349e+02
1.001737540009144993e+02
1.004150858175248402e+02
1.009814974182444018e+02
1.009509466437177281e+02
1.013055077452667803e+02
1.010307898259705439e+02
1.009430894308943039e+02
1.008621151271753718e+02
1.009455600178491750e+02
1.011432396251673396e+02
1.006002710027100306e+02
1.007240289069557377e+02
1.010144534778681162e+02
1.004140550807217522e+02
1.008998628257887447e+02
1.010361225422953879e+02
1.008577235772357739e+02
1.010221318879855517e+02
1.012737127371273687e+02
1.017287371134020617e+02
1.021811201445347734e+02
1.013119136960600315e+02
1.012543269230769170e+02
1.018201695671575209e+02
1.007589118198874303e+02
1.001427160493827131e+02
9.646883720930232187e+01
1.002317073170731732e+02
9.643486590038314432e+01
9.583952941176470119e+01
1.020951114067176633e+02
1.010658436213991820e+02
1.016818384649709941e+02
1.010067750677506808e+02
1.012959558823529420e+02
9.949390243902439579e+01
