9.847529706066291055e+01
9.825459526334394411e+01
9.783602150537635112e+01
9.748343739160596044e+01
9.702608695652173765e+01
9.704157857646229957e+01
9.660503816793892895e+01
9.631853846153846632e+01
0.000000000000000000e+00
9.662099896138231259e+01
0.000000000000000000e+00
9.627376591662306282e+01
0.000000000000000000e+00
9.622773492286114561e+01
9.657935666313184697e+01
9.667541534110993950e+01
9.708356965615030276e+01
9.698059198865649932e+01
9.737052463665366986e+01
9.726069865094255817e+01
9.755698333924139831e+01
9.725891181988743028e+01
9.738779803646563948e+01
9.737403576437587560e+01
9.760149450549450023e+01
9.755899368863954635e+01
9.759773842917250875e+01
9.771991208791209260e+01
9.772072230014025251e+01
9.770704904851245942e+01
9.732246442082507087e+01
9.752730646871685849e+01
9.763321923977662209e+01
9.784383096578218897e+01
9.780728795438346879e+01
9.822164126196383904e+01
9.803738069989395854e+01
9.801643884570714249e+01
9.825558312655087434e+01
9.824193692486375085e+01
9.783021077283372335e+01
9.816497194950912331e+01
9.834405680224404023e+01
9.836344143661216322e+01
9.829652461359778215e+01
9.837088008415146589e+01
9.865052173913043987e+01
9.839140534262485005e+01
9.860781907433380411e+01
9.839758931668400521e+01
9.845545260156806933e+01
9.872421127259836737e+01
9.879280397022333204e+01
9.887628500531725706e+01
9.853936227706719819e+01
9.889516129032257652e+01
9.893229351293867069e+01
9.894558667139313002e+01
9.867220584293754371e+01
9.888009571074087489e+01
9.886432116270826498e+01
9.850369302828319462e+01
9.864612552594670092e+01
9.803314768235716770e+01
9.805372416250891376e+01
9.837535637918745124e+01
9.866878755744079399e+01
9.870538218793828378e+01
9.891288550159518422e+01
9.866993637327676936e+01
9.886362817510358525e+01
9.872127960410038838e+01
9.877575270258196838e+01
9.874346964510898772e+01
9.881035701661365067e+01
9.882266830294530280e+01
9.881756454927186439e+01
9.876238417676407266e+01
9.876274713839750063e+01
9.877349982656954808e+01
9.902901472650771098e+01
9.873647932131494542e+01
9.879498055850123706e+01
9.880355249204666279e+01
9.887587822014052108e+01
9.879303640862495683e+01
9.856458295802558212e+01
9.839934605867797757e+01
9.813176033934252018e+01
9.777965802926141237e+01
9.780254154447702319e+01
9.822656806842481103e+01
9.825677120456165881e+01
9.852730646871685849e+01
9.848779401282965296e+01
9.862610463061152188e+01
9.848702664796634565e+01
9.849824684431978028e+01
9.873083593479015008e+01
9.851901389981641444e+01
9.856212442559208853e+01
9.869687938288920748e+01
9.892566619915848491e+01
9.888800784034212654e+01
9.882183390380112087e+01
9.874028866714184005e+01
9.884128985768330722e+01
9.861037469070342354e+01
9.875041524608793964e+01
9.845928367783321278e+01
9.868879187455452495e+01
9.853879462707671166e+01
9.871863863150392149e+01
9.898594847775176220e+01
9.876482213438735869e+01
9.893633639088184850e+01
9.897765870493142870e+01
9.881386992454186213e+01
9.881449275362318474e+01
9.880452748832195198e+01
9.854492753623188150e+01
9.887473271560941157e+01
9.880390235210263938e+01
9.900018268176836500e+01
9.873921876442885548e+01
9.872071149189793005e+01
9.872047280450641438e+01
9.872594198969910906e+01
9.842425096271250595e+01
9.855315033161384974e+01
9.824572906085511192e+01
9.859572524662038973e+01
9.886295289855073065e+01
9.882995307404756602e+01
9.782904129393692472e+01
9.854007092198581574e+01
9.875060992138790539e+01
9.866485507246376585e+01
9.873189964157705845e+01
9.900394265232975499e+01
9.876190476190475920e+01
9.896481669590913555e+01
9.904230769230768772e+01
9.843709907341411736e+01
9.884180740208408622e+01
9.858152652917327430e+01
9.876443335709194571e+01
9.850694939415538443e+01
9.862393086243763207e+01
9.856527148316004627e+01
9.854635995064339227e+01
9.771509819603660674e+01
0.000000000000000000e+00
9.811658167751011206e+01
