1.111251612903225805e+02
1.110244755244755197e+02
1.110437500000000028e+02
1.115775000000000006e+02
1.117999999999999972e+02
1.116237500000000011e+02
1.120725000000000051e+02
1.123474999999999966e+02
1.120575000000000045e+02
1.122312500000000028e+02
1.117812500000000000e+02
1.120625000000000000e+02
1.119712499999999977e+02
1.120237500000000068e+02
1.118675000000000068e+02
1.120674999999999955e+02
1.117795698924731198e+02
1.118090322580645193e+02
1.119322916666666714e+02
1.118763020833333286e+02
1.118007812500000000e+02
1.115739247311827995e+02
1.117539062500000000e+02
1.117382812500000000e+02
1.114986979166666714e+02
1.117674999999999983e+02
1.116731770833333286e+02
1.115913978494623677e+02
1.114932795698924792e+02
1.117325268817204318e+02
1.115559895833333286e+02
1.117674731182795682e+02
1.118723118279569917e+02
1.121432258064516105e+02
1.116841397849462396e+02
1.117569444444444429e+02
1.118503225806451553e+02
1.118619354838709654e+02
1.120141935483870981e+02
1.118826666666666654e+02
1.117513440860215042e+02
1.117611111111111057e+02
1.120012903225806440e+02
1.120451612903225822e+02
1.119341397849462396e+02
1.118279569892473120e+02
1.118916129032258056e+02
1.119274193548387046e+02
1.121522580645161327e+02
1.118373655913978553e+02
1.119260752688172005e+02
1.121196236559139834e+02
1.120781250000000000e+02
1.121747311827956963e+02
1.122724999999999937e+02
1.119101562500000000e+02
1.119908854166666714e+02
1.118991935483871032e+02
1.119005376344086073e+02
1.121223118279569917e+02
1.119741935483870918e+02
1.118440860215053760e+02
1.121587096774193526e+02
1.121045161290322625e+02
1.119408602150537604e+02
1.121474999999999937e+02
1.120612500000000011e+02
1.121274999999999977e+02
1.121075000000000017e+02
1.119677419354838719e+02
1.120349462365591364e+02
1.120322580645161281e+02
1.120438709677419382e+02
1.118697916666666714e+02
1.119023437500000000e+02
1.119192708333333286e+02
1.119516129032258078e+02
1.117799479166666714e+02
1.117580645161290391e+02
1.120040322580645125e+02
1.117634408602150557e+02
1.120107526881720474e+02
1.120779569892473120e+02
1.120362903225806406e+02
1.119312500000000057e+02
1.117937500000000028e+02
1.119260752688172005e+02
1.117695312500000000e+02
1.119583333333333286e+02
1.119045698924731198e+02
1.120451612903225822e+02
1.121841397849462396e+02
1.120425806451612942e+02
1.119006451612903277e+02
1.116182795698924792e+02
1.117832258064516111e+02
1.118322580645161253e+02
1.120812903225806423e+02
1.119124999999999943e+02
1.117591145833333286e+02
1.117447916666666714e+02
1.117760416666666714e+02
1.117800000000000011e+02
1.119712499999999977e+02
1.119387499999999989e+02
1.119478787878787927e+02
1.119325000000000045e+02
1.117690322580645130e+02
1.115913978494623677e+02
1.117225806451612868e+02
1.117174193548387109e+02
1.115963636363636340e+02
1.117987878787878770e+02
1.118787499999999966e+02
1.113697916666666714e+02
1.112942708333333286e+02
1.113562500000000028e+02
1.116940104166666714e+02
1.113333333333333286e+02
1.115624242424242425e+02
1.114114583333333286e+02
1.115429292929292870e+02
1.117057291666666714e+02
1.115517676767676818e+02
1.116338383838383805e+02
1.118203125000000000e+02
1.120737500000000040e+02
1.117357575757575745e+02
1.116953125000000000e+02
1.116088709677419359e+02
1.117395833333333286e+02
1.117526041666666714e+02
1.114947916666666714e+02
1.114414062500000000e+02
1.117537499999999966e+02
1.114244791666666714e+02
1.115208333333333286e+02
1.114023437500000000e+02
1.113919270833333286e+02
1.115862500000000068e+02
1.116262499999999989e+02
1.116337500000000063e+02
