8.073291925465838403e+01
8.069404186795490830e+01
8.323333333333333428e+01
8.337842190016102961e+01
8.546875000000000000e+01
8.571960297766749193e+01
8.655831265508685135e+01
8.614640198511166602e+01
8.692307692307691980e+01
8.694168734491314865e+01
8.679900744416873692e+01
8.725925925925925242e+01
8.736658653846153300e+01
8.650277777777777999e+01
8.756947890818858582e+01
8.793070489844683379e+01
8.811223344556677262e+01
8.821759259259259522e+01
8.897453703703703809e+01
9.039551192145862046e+01
8.974305555555555713e+01
8.999048913043478137e+01
9.235618279569892763e+01
9.423422159887797989e+01
9.512500000000000000e+01
9.498521505376344010e+01
9.482031250000000000e+01
9.462833099579242457e+01
9.457880434782609314e+01
9.463037634408601662e+01
9.449228611500701902e+01
9.492987377279102645e+01
9.477840112201963052e+01
9.493828892005609532e+01
9.512092391304348382e+01
9.530241935483870463e+01
9.535343618513323349e+01
9.553776041666667140e+01
9.546875000000000000e+01
9.577553763440860735e+01
9.561424731182795256e+01
9.565322580645161565e+01
9.607500000000000284e+01
9.594086021505376038e+01
9.594531250000000000e+01
9.579242636746143091e+01
9.596102150537635112e+01
9.613333333333333997e+01
9.626881720430107237e+01
9.607744565217390686e+01
9.625525946704067337e+01
9.639650537634408067e+01
9.619915848527348601e+01
9.624403927068723874e+01
9.647849462365591933e+01
9.658203125000000000e+01
9.614726507713885439e+01
9.651747311827956821e+01
9.634005376344086358e+01
9.675972222222222285e+01
9.662768817204300831e+01
9.665217391304348382e+01
9.664796633941094228e+01
9.687222222222222001e+01
9.666760168302945999e+01
9.670687237026648120e+01
9.704973118279569633e+01
9.709946236559139265e+01
9.700972222222222285e+01
9.713844086021505575e+01
9.695564516129032029e+01
9.714726507713885439e+01
9.728333333333333144e+01
9.717110799438989943e+01
9.735752688172043179e+01
9.722499999999999432e+01
9.694249649368863686e+01
9.716970546984572366e+01
9.705645161290323131e+01
9.707222222222222285e+01
9.705163043478260931e+01
9.699462365591398338e+01
9.711693548387096087e+01
9.703888888888889142e+01
9.668145161290323131e+01
9.686388888888889426e+01
9.670126227208976388e+01
9.675362318840579690e+01
9.675407608695651618e+01
9.687231182795699169e+01
9.690725806451612812e+01
9.676209677419355160e+01
9.691666666666667140e+01
9.657223001402525142e+01
9.631657608695651618e+01
9.663978494623655990e+01
9.667204301075268802e+01
9.664247311827956821e+01
9.722610722610723144e+01
9.663844086021505575e+01
9.719230769230769340e+01
9.671639784946236773e+01
9.649368863955119480e+01
9.659166666666666856e+01
9.645301542776998360e+01
9.629172510518934303e+01
9.612635869565217206e+01
9.640277777777777146e+01
9.640456989247311981e+01
9.622177419354838435e+01
9.652553763440860735e+01
9.639710144927536817e+01
9.649305555555555713e+01
9.631594202898550350e+01
9.604488078541373852e+01
9.623252688172043179e+01
9.607293127629733931e+01
9.607526881720430367e+01
9.614866760168303017e+01
9.604488078541373852e+01
9.658055555555554861e+01
9.635483870967742348e+01
9.630715287517531920e+01
9.639247311827956821e+01
9.659861111111111143e+01
9.641234221598878662e+01
9.650537634408601662e+01
9.724466891133558022e+01
9.717187500000000000e+01
9.662096774193548754e+01
9.612903225806451246e+01
9.619220430107526454e+01
9.649305555555555713e+01
