9.171193798449611734e+01
9.207373687664042450e+01
9.279868217054263368e+01
9.408170542635659217e+01
9.514902705268153227e+01
9.590004144218815441e+01
9.608603398259428729e+01
9.591440901462479474e+01
9.550584615384615006e+01
9.646661184210526585e+01
9.642771381578947398e+01
9.650641447368421666e+01
9.678955656858681778e+01
9.665707236842105488e+01
9.671210629921259283e+01
9.647908528645832860e+01
9.687710944026733273e+01
9.687680921052631788e+01
9.688906249999999432e+01
9.616627906976744100e+01
9.616907692307692912e+01
9.647278991465037734e+01
9.702586699306405649e+01
9.699063307493540265e+01
9.720219638242893723e+01
9.674315384615384517e+01
9.660321969696970257e+01
9.727061748860339208e+01
9.664755244755244235e+01
9.671724941724941971e+01
9.652727272727273089e+01
9.656307692307692037e+01
9.755822113423091935e+01
9.609923664122136699e+01
9.784244758237055350e+01
9.752785622593067671e+01
9.730609965635738945e+01
9.756020066889631437e+01
9.878090461595616034e+01
9.950409500409500652e+01
9.987837837837837185e+01
1.005927933673469425e+02
1.013369856342829252e+02
1.015073621553884777e+02
1.025346300533943520e+02
1.034810831426392070e+02
1.034638157894736850e+02
1.037356567093409154e+02
1.037921798029556584e+02
1.046475422791212253e+02
1.046852484472049696e+02
1.049581950371424028e+02
1.053939168526324437e+02
1.045627444589308936e+02
1.045753931544865907e+02
1.041392579810181189e+02
1.031124031007751967e+02
1.033926153846153824e+02
1.040564967105263179e+02
1.040265545109681682e+02
1.035739664082687312e+02
1.034106870229007598e+02
1.026942748091603050e+02
1.031720114239086143e+02
1.025947258848022159e+02
1.024905876951331436e+02
1.030822368421052602e+02
1.026664885496183217e+02
1.025577311577311548e+02
1.036262749898000806e+02
1.027909867909867927e+02
1.035507955936352573e+02
1.021304713804713771e+02
1.017925192519251993e+02
1.031566569010416714e+02
1.019078563756329601e+02
1.020129097093382740e+02
1.020352155899954028e+02
1.017307663097136725e+02
1.020490730643402344e+02
1.030749898000815961e+02
1.016861851598693676e+02
1.017397459442913998e+02
1.018444291398836867e+02
1.032651471197679172e+02
1.022614925373134298e+02
1.034994089834515307e+02
1.024192684419957118e+02
1.025520300751879716e+02
1.020915789473684185e+02
1.020443511450381635e+02
1.030869492377282626e+02
1.032104863221884443e+02
1.020490151515151496e+02
1.020246212121212182e+02
8.090792540792540422e+01
8.093446601941747076e+01
8.286540841584158557e+01
8.086013349514563231e+01
8.097208436724565672e+01
8.049939903846153300e+01
8.048828125000000000e+01
8.050901442307691980e+01
8.048197115384616041e+01
8.154931669637551295e+01
8.054897836538461320e+01
8.047746394230769340e+01
8.045853365384616041e+01
8.045552884615383959e+01
8.132538982053544885e+01
8.041316105769230660e+01
8.357518564356435320e+01
8.147716346153846700e+01
8.160216346153846700e+01
8.123100490196078738e+01
8.124142156862744457e+01
8.036069432185936989e+01
8.084076054664289757e+01
8.094393986846226596e+01
8.094563279857398186e+01
8.240955091714104697e+01
8.254783125371361052e+01
8.069975490196078738e+01
8.058677184466019128e+01
8.068567961165048530e+01
8.075455097087377965e+01
8.341704170417041553e+01
8.254399271844660291e+01
8.186654016445287141e+01
8.329909090909090708e+01
8.301110111011101367e+01
8.269903225806451985e+01
8.341787878787879151e+01
8.287545454545454504e+01
8.301361386138613341e+01
8.317454545454545212e+01
8.313675742574257299e+01
8.248933102652826221e+01
8.357872884062599894e+01
8.450252525252524549e+01
8.323091664005110601e+01
8.437064516129032654e+01
8.465464895635673770e+01
8.338612903225806861e+01
8.358193548387096428e+01
8.339313725490195850e+01
8.285032679738561967e+01
8.278178368121442077e+01
8.292319231923193001e+01
8.276237623762376927e+01
8.325216584158415856e+01
8.195159313725490335e+01
8.356312499999999943e+01
8.334622524752475670e+01
8.207352941176471006e+01
8.194467093768200527e+01
8.269319492502883406e+01
8.179672029702970804e+01
8.134132281553398514e+01
8.123908918406071678e+01
8.093133184286170945e+01
8.015313531353135090e+01
7.944183168316831711e+01
7.848418415283433092e+01
7.909517725966145463e+01
7.911764705882353610e+01
7.764168689320388239e+01
7.866754079254079102e+01
7.866015625000000000e+01
7.710754604872252571e+01
7.777604617604617943e+01
7.829871323529411598e+01
7.697181334168493549e+01
7.699561540870654142e+01
7.817220279720280018e+01
8.054459951456310307e+01
8.151334951456310307e+01
8.152154126213592633e+01
8.074437443744373866e+01
8.084908490849085183e+01
8.122382238223822526e+01
8.528316498316497984e+01
8.597741935483871600e+01
8.524625000000000341e+01
8.464771638454168112e+01
8.389913366336634226e+01
8.395327970297029196e+01
8.411378490790255569e+01
8.423988970588234793e+01
8.315597147950089152e+01
8.577994251038006723e+01
8.581002475247524330e+01
8.537591823698498672e+01
8.449234068627451677e+01
8.345754575457546309e+01
8.290999099909990377e+01
8.273321449792038607e+01
8.233787128712870640e+01
8.369883578431372939e+01
8.262101715686274872e+01
8.255259900990098743e+01
8.212894417475727948e+01
8.244424019607842524e+01
8.211545454545453993e+01
8.210860148514851176e+01
8.182951732673267031e+01
8.257843137254901933e+01
8.440354838709677665e+01
8.377289603960396391e+01
8.375950175662727304e+01
8.377320544554454784e+01
8.326582658265826353e+01
8.307230723072306944e+01
8.274625000000000341e+01
8.286601307189542354e+01
8.142064950980392268e+01
8.286912128712870640e+01
8.307320732073206671e+01
8.325322580645160997e+01
8.154840686274509665e+01
8.242363636363636203e+01
8.250687499999999375e+01
8.276620887895241196e+01
8.160657811511701709e+01
8.339562499999999545e+01
8.456002475247524330e+01
8.364123774509803866e+01
8.244224422442243849e+01
8.279564950980392268e+01
8.281251996167358698e+01
8.311695544554454784e+01
8.259525952595259923e+01
8.337250000000000227e+01
8.264575757575757109e+01
8.324912168636218723e+01
8.313531249999999773e+01
8.377083333333332860e+01
8.446782178217821979e+01
8.406433823529411598e+01
8.320822082208221104e+01
8.264246323529411598e+01
8.349804980498049645e+01
8.205496137849078764e+01
8.226342634263426135e+01
8.312375000000000114e+01
8.347387096774193083e+01
8.351609848484848442e+01
8.313562500000000455e+01
8.197385620915032689e+01
8.203267973856209494e+01
8.265012254901961342e+01
8.318441176470588516e+01
8.363970588235294201e+01
8.423855198019802515e+01
8.335835196422867455e+01
8.281095297029702351e+01
8.346750000000000114e+01
8.311147058823529221e+01
8.407750000000000057e+01
8.399812500000000171e+01
8.393593476994757907e+01
8.307751225490196134e+01
8.397531250000000114e+01
8.372237526782981831e+01
8.246197266785502222e+01
8.324752475247524330e+01
8.365741935483870861e+01
8.394156250000000341e+01
8.342696969696969234e+01
8.221332133213321924e+01
8.317749999999999488e+01
8.361262376237623073e+01
8.325245098039215463e+01
8.287969696969696543e+01
8.324962496249625588e+01
8.386156250000000512e+01
8.250888480392157476e+01
8.223291740938799421e+01
8.282781862745098067e+01
8.280138013801379770e+01
8.325773514851485402e+01
8.397062499999999829e+01
8.461602722772276763e+01
8.423474928137974871e+01
8.416666666666667140e+01
8.399375000000000568e+01
8.278847296494355135e+01
8.248396587231538035e+01
8.340315594059406124e+01
8.342883663366336577e+01
8.239851485148514598e+01
8.265745692216280816e+01
8.342481435643564680e+01
8.529424504950495134e+01
8.309096534653465937e+01
8.247296494355317975e+01
8.303000300030002734e+01
8.332054455445545216e+01
8.283541295306001473e+01
8.381899752475247567e+01
8.134670231729054990e+01
8.333543354335434117e+01
8.310241336633663423e+01
8.273357335733572882e+01
8.274527452745275014e+01
8.328248762376237835e+01
8.286018601860186550e+01
8.529766847652507522e+01
8.384956882785053267e+01
8.337654702970297649e+01
8.305228960396038929e+01
8.263020833333332860e+01
8.260968137254901933e+01
8.220999367488930432e+01
8.296008663366336577e+01
8.251930147058823195e+01
8.360210396039603609e+01
8.300000000000000000e+01
8.274325980392157476e+01
8.276011029411765207e+01
8.384333333333333371e+01
8.374350247524752433e+01
8.255851715686274872e+01
8.259803921568627061e+01
8.281188118811881793e+01
8.266516651665166648e+01
8.315315594059406124e+01
8.280198019801980536e+01
8.242275698158050545e+01
8.392935483870967062e+01
8.378607860786078732e+01
8.366319444444444287e+01
8.348647768002606995e+01
8.118716577540106982e+01
8.244187499999999602e+01
8.293819381938193658e+01
8.308610861086108912e+01
8.226121212121212523e+01
8.240404040404040131e+01
8.289156250000000625e+01
8.140191831683168289e+01
8.231373762376237835e+01
8.201715686274509665e+01
8.156225622562256206e+01
8.269096909690969710e+01
8.299609960996099289e+01
8.268046804680467687e+01
8.277757352941176805e+01
8.295064516129032484e+01
8.344709158415841443e+01
8.403805693069307381e+01
8.365196519651965446e+01
8.349727272727272975e+01
8.330993099309931438e+01
8.341727272727273146e+01
8.293582887700534911e+01
8.216049757281552957e+01
8.243566176470588402e+01
8.392076417162543578e+01
8.375587871287129360e+01
8.403000594177065352e+01
8.276022359517504867e+01
8.317732724157623636e+01
8.361416141614161290e+01
8.407054455445545216e+01
8.350075007500750246e+01
8.371047794117646390e+01
8.472964943553178330e+01
8.419059405940593876e+01
8.352911467617350638e+01
8.354783125371361052e+01
8.277518203883495573e+01
8.446047794117646390e+01
8.442295792079207217e+01
8.396159615961596501e+01
8.395919591959196282e+01
8.416393939393938695e+01
8.351718750000000568e+01
8.422967741935484298e+01
8.452062499999999545e+01
8.494258064516128570e+01
8.402400240024002187e+01
8.362080961416825176e+01
8.379606060606060680e+01
8.330663066306630071e+01
8.376181818181818528e+01
8.401080108010800984e+01
8.346494355317884128e+01
8.346446078431372939e+01
8.423091664005110601e+01
8.479531249999999432e+01
8.360477941176471006e+01
8.369363636363635806e+01
8.352351485148514598e+01
8.337641117052881157e+01
8.321612903225806690e+01
8.386937500000000512e+01
8.288086873203450011e+01
8.274628639334521552e+01
8.306060606060606233e+01
8.509251237623762165e+01
8.455806451612903629e+01
8.328186274509803866e+01
8.361695544554454784e+01
8.709933993399340579e+01
8.819578409453848167e+01
8.469761029411765207e+01
8.366400511018844099e+01
8.505014372404981771e+01
8.380625000000000568e+01
8.321437500000000398e+01
8.310471047104709896e+01
8.256745049504949918e+01
