9.817663043478260931e+01
9.800701262272089309e+01
9.766397849462364888e+01
9.747395833333332860e+01
9.777553763440860735e+01
9.768682795698924792e+01
9.809244791666667140e+01
9.811962365591398338e+01
9.819010416666667140e+01
9.829166666666667140e+01
9.854301075268817556e+01
9.890053763440860735e+01
9.911693548387096087e+01
9.910799438990181898e+01
9.925525946704067337e+01
9.951472650771388828e+01
9.988541666666667140e+01
1.001718750000000000e+02
1.001222826086956559e+02
9.996195652173912549e+01
1.003239831697054711e+02
1.003604488078541408e+02
1.005680224403927099e+02
1.004008152173912976e+02
1.005429864253393646e+02
1.005394021739130466e+02
1.006997282608695627e+02
1.008491847826087024e+02
1.009062500000000000e+02
1.010516304347826093e+02
1.011862745098039227e+02
1.018899456521739069e+02
1.025000000000000000e+02
1.026339393939394000e+02
1.035352564102564088e+02
1.038456790123456841e+02
