1.537758608695652072e+02
1.530801542776998474e+02
1.529641709401709306e+02
1.527377049180327901e+02
1.516958515739003417e+02
1.513804171085189125e+02
1.514991446899501000e+02
1.517525302922309436e+02
1.519358517462580096e+02
1.522630140926085573e+02
1.527634176863181210e+02
1.520253217391304474e+02
1.521656381486675969e+02
1.532177476835352934e+02
1.526646859083191714e+02
1.529813568825343566e+02
1.527196164269334986e+02
1.530667601683029488e+02
1.525025391304347693e+02
1.529214092140921366e+02
1.527593969144460004e+02
1.524374956521739080e+02
1.537620735181710927e+02
1.524621171049064685e+02
1.529869638351555921e+02
1.529613647418525488e+02
1.532237874964956461e+02
1.532428922908693210e+02
1.527435897435897516e+02
1.521283407950074604e+02
1.529013877207737551e+02
1.523398620689655161e+02
1.524910238429172580e+02
1.524480701754386018e+02
1.529599251744729713e+02
1.516545893719806770e+02
1.507605614035087740e+02
1.512196937772158947e+02
1.507434341992577913e+02
1.501298615688859570e+02
1.496780040277467094e+02
1.488914779326364624e+02
1.481555413832199406e+02
1.480373983739837342e+02
1.476278245458573224e+02
1.469956739016931522e+02
1.466224144144144077e+02
1.468068232166592963e+02
1.458852459016393368e+02
1.457141819238593428e+02
1.461243163340724323e+02
1.485790239172592067e+02
1.484178048379134509e+02
1.463525770120086520e+02
1.464081507583882455e+02
1.466916363084395982e+02
1.465217423733870419e+02
1.468797643022301713e+02
1.464567652329749023e+02
1.469855039465695086e+02
1.467202574726250361e+02
1.471968037881029829e+02
1.468724095267553480e+02
1.467277037037036962e+02
1.464913761467889799e+02
1.466957037037037139e+02
1.466976206459312380e+02
1.466902211078185587e+02
1.466957138590203158e+02
1.467084851244687229e+02
1.464750091743119356e+02
1.469267473118279668e+02
1.467761454545454569e+02
1.469534678899082678e+02
1.470971679687500000e+02
1.476364713260400094e+02
1.473543208049718771e+02
1.473304954128440443e+02
1.488996527777777885e+02
1.520807722616233377e+02
1.504271685761047479e+02
1.446204146730462412e+02
1.430124401913875545e+02
1.439016927083333428e+02
1.439036682615629843e+02
1.448934811827957105e+02
1.446759868421052602e+02
1.444033955857385365e+02
1.492654970760233937e+02
1.441239388794567162e+02
1.443670138888888914e+02
1.438259408602150415e+02
1.481569010416666572e+02
1.493570075757575637e+02
1.470936856554564258e+02
1.436304755944931060e+02
1.450648745519713145e+02
1.436502659574468055e+02
1.478724696356275388e+02
1.452455197132616433e+02
1.445060283687943183e+02
1.441032258064516043e+02
1.457731397459165237e+02
1.448740350877193066e+02
1.458170598911070783e+02
1.445628070175438609e+02
1.449347368421052522e+02
1.463286290322580783e+02
1.446605263157894683e+02
1.445204973118279668e+02
1.442680921052631504e+02
1.454224108658743546e+02
1.462043286867204586e+02
1.437557123655913927e+02
1.459145504461221776e+02
1.456864919354838719e+02
1.442712280701754253e+02
1.448237691001697840e+02
1.452533602150537604e+02
1.442253821542836931e+02
1.454468590831918391e+02
1.470286751361161635e+02
1.474333333333333371e+02
1.472286195286195323e+02
1.506940371456500429e+02
1.472287371134020759e+02
1.488183015141540579e+02
1.495810996563573951e+02
1.479896907216494810e+02
1.489835418038182979e+02
1.484490979381443196e+02
1.462857142857142776e+02
1.465963273195876297e+02
1.445447662936142308e+02
1.446695402298850581e+02
1.444027491408934623e+02
1.456364636830520851e+02
1.495703060380479599e+02
1.435124327956989134e+02
1.455525051475634939e+02
1.459394736842105260e+02
1.465108771929824627e+02
1.457127016129032313e+02
1.446398625429553135e+02
1.460201612903225907e+02
1.455086805555555429e+02
1.445220959595959584e+02
1.436440266828380743e+02
1.457606314432989620e+02
1.454646464646464779e+02
1.475588815789473642e+02
1.450566406250000000e+02
1.463717447916666572e+02
1.471596491228070249e+02
1.466502546689303870e+02
1.455780141843971762e+02
1.455061211340206171e+02
1.474756348661633467e+02
1.438352272727272805e+02
1.487493279569892479e+02
1.469134339080459881e+02
1.449128787878787818e+02
1.450502161622879953e+02
1.454246323529411882e+02
1.471493055555555429e+02
1.461046052631579073e+02
1.444462890625000000e+02
1.461619623655913927e+02
1.469128472222222115e+02
1.458524365133836511e+02
1.426307123655913927e+02
1.448789062500000000e+02
1.475403508771929921e+02
1.457627688172042895e+02
1.462224561403508858e+02
1.460039906883937419e+02
1.452869623655913927e+02
1.456029605263157976e+02
1.440178091397849585e+02
1.469439716312056703e+02
1.475741249142072888e+02
1.466694736842105158e+02
1.459853989813242663e+02
1.466201388888889028e+02
1.427197265625000000e+02
1.455679478380233434e+02
1.450528590425531945e+02
1.495616298811544880e+02
1.459284598562949213e+02
1.471377037807839088e+02
1.497143859649122817e+02
1.503978494623655990e+02
1.474526534859521405e+02
1.496915322580645125e+02
1.483592529711375221e+02
1.468092447916666572e+02
1.496396705559368456e+02
1.481285486443381103e+02
1.514677192982456120e+02
1.457294117647058727e+02
1.495654416505480242e+02
1.484194577352472209e+02
1.517734998265695481e+02
1.482147368421052533e+02
1.505014354066985618e+02
1.503591706539074835e+02
1.489073842302878461e+02
1.493217105263157976e+02
1.469196428571428612e+02
1.484947368421052545e+02
1.492878289473684106e+02
1.470121212121212011e+02
1.479382587582379358e+02
1.471170212765957501e+02
1.456266276041666572e+02
1.453367686170212778e+02
1.490288018433179786e+02
1.491958646616541273e+02
1.480082706766917227e+02
1.429068343004513224e+02
1.462824651504035103e+02
1.482997720364741667e+02
1.478849487785657857e+02
1.474867527173913118e+02
1.488828914141414259e+02
1.505884079236977300e+02
1.472918660287081423e+02
1.481216755319148888e+02
1.476353058510638334e+02
1.473279671717171766e+02
1.474280303030303116e+02
1.464123774509803866e+02
1.483384868421052545e+02
1.524816919191919169e+02
1.499208931419457826e+02
1.480016801075268802e+02
1.472038596491228191e+02
1.490512733446519462e+02
1.480218413978494709e+02
1.492961887477314065e+02
1.450638578011849802e+02
1.469601848560255917e+02
1.445810324129651860e+02
1.422659505208333428e+02
1.434189857761286362e+02
1.455003289473684163e+02
1.448884134298880895e+02
1.437928479381443196e+02
1.477968750000000000e+02
1.508640456182473031e+02
1.485241623711340253e+02
1.475548266166822771e+02
1.493402061855670127e+02
1.475835676351140364e+02
1.556953050143723942e+02
1.573715880893300323e+02
1.557692854603625960e+02
1.512933786078098422e+02
1.481069587628865918e+02
1.488595430107527022e+02
1.488436426116838618e+02
1.479021464646464779e+02
1.462487529098769414e+02
1.452928479381443196e+02
1.462108658743633214e+02
1.467510080645161281e+02
1.490090725806451530e+02
1.482600694444444400e+02
1.471905553708014622e+02
1.440246797875663844e+02
1.456318359375000000e+02
1.439172133708216279e+02
1.466610526315789400e+02
1.455224476222148269e+02
1.453984037246424919e+02
1.473904569892472978e+02
1.448611205432937084e+02
1.456201098146877086e+02
1.431328175370728673e+02
1.448493479752916926e+02
1.443828070175438540e+02
1.450715725806451530e+02
1.434757215619694364e+02
1.445971929824561357e+02
1.439610215053763511e+02
1.450750424448217188e+02
1.450016977928692654e+02
1.447129824561403382e+02
1.454241592312971818e+02
1.441326388888888914e+02
1.443388794567062803e+02
1.468950843727072595e+02
1.436792982456140351e+02
1.445727767695099715e+02
1.424385724090597023e+02
1.447016996184530058e+02
1.439495538778311641e+02
1.435001594896331767e+02
1.451443298969072089e+02
1.466270871985157669e+02
1.446318359375000000e+02
1.421449363250454780e+02
1.463242964996568389e+02
1.463825431034482847e+02
1.471849462365591421e+02
1.452059025394646596e+02
1.461038151137197474e+02
1.477182795698924735e+02
1.457927247769389112e+02
1.459536842105263190e+02
1.464623655913978553e+02
1.445878517501715805e+02
1.453421413864104466e+02
1.453957446808510667e+02
1.456190803019903797e+02
1.459053763440860223e+02
1.439591626630061683e+02
1.484251650770359561e+02
1.444073365231259913e+02
1.460916808149405881e+02
1.443470494417862824e+02
1.450385101010101039e+02
1.447191850594227560e+02
1.446401913875598098e+02
