2.856485911749069473e+01
3.032880844645550411e+01
2.952069970845480995e+01
3.235793835793835882e+01
3.073270975056689380e+01
3.204002425712553048e+01
3.223181148748159330e+01
3.136007995431182138e+01
3.450812499999999972e+01
3.519028999674161184e+01
3.492588401697312861e+01
3.690625000000000000e+01
3.676940836940836732e+01
3.653960659223817231e+01
3.735998877665544171e+01
3.825000000000000000e+01
4.083968253968254203e+01
4.138592233009708821e+01
4.180527045769764527e+01
4.238541666666666430e+01
4.283845738942826387e+01
4.182211538461538680e+01
4.244993564993564661e+01
4.271451062713198610e+01
0.000000000000000000e+00
0.000000000000000000e+00
3.939748839748839515e+01
3.995847362514029300e+01
4.069334433443344068e+01
3.971368421052631703e+01
4.317278043593832848e+01
4.162400386380101480e+01
4.319643806485911597e+01
4.280533751962323663e+01
4.113312766967251832e+01
4.156950456950456640e+01
4.141877960434661787e+01
4.257219387755102247e+01
3.945400000000000063e+01
0.000000000000000000e+00
0.000000000000000000e+00
0.000000000000000000e+00
0.000000000000000000e+00
4.020034944670937449e+01
4.081356421356421293e+01
4.062312500000000171e+01
4.033363336333633242e+01
4.057603815937149250e+01
3.993030303030302974e+01
4.041484848484848413e+01
4.049617647058823877e+01
4.010242424242424164e+01
4.135384144475053603e+01
3.990851370851370916e+01
3.987676470588235134e+01
4.004857142857142804e+01
3.947194719471946911e+01
3.976209335219235896e+01
3.938935574229692094e+01
3.958532323820617194e+01
3.922521008403361265e+01
3.887156726768377268e+01
3.914878244581215228e+01
3.922622262226222745e+01
3.968722222222222484e+01
3.928540305010893263e+01
3.927184466019417641e+01
3.900052479664130090e+01
4.123023578363384445e+01
3.946666666666666856e+01
4.143170899107755645e+01
3.942492997198879578e+01
3.903937432578209155e+01
3.914285714285714590e+01
3.898474341192788017e+01
4.109175824175824232e+01
3.908707047175305860e+01
4.071825396825396837e+01
3.892704728950403847e+01
3.885854341736694550e+01
3.911444379732090937e+01
3.933749257278669376e+01
3.933523409363745316e+01
3.960448232323232531e+01
3.910108820160366605e+01
3.934119897959183731e+01
3.818314285714285461e+01
3.864971428571428902e+01
4.001692094313453651e+01
3.870204081632653015e+01
3.868225623582766559e+01
3.914930555555555713e+01
3.947395833333333570e+01
3.772472222222221916e+01
3.773961840628507503e+01
3.898042929292929415e+01
3.842905405405405617e+01
3.780746509129967592e+01
3.764568638090070607e+01
3.736293859649122595e+01
3.688806988806988585e+01
3.834891774891774929e+01
3.744384156266956154e+01
3.754693434617471581e+01
3.768750000000000000e+01
3.777192498621069916e+01
3.794186712485681312e+01
3.720472222222222314e+01
3.825007363770250635e+01
3.758539983282251029e+01
3.734774436090225436e+01
3.768484848484848726e+01
3.841085506367495128e+01
3.751793981481481666e+01
3.760204081632652873e+01
3.844642299281474607e+01
3.704864864864865126e+01
3.877084548104956241e+01
3.913695426195425853e+01
3.744057142857143106e+01
3.726644826644826480e+01
3.714294117647058613e+01
3.946098901098901024e+01
3.706559766763848529e+01
3.934828141783029309e+01
3.685194444444444173e+01
3.680631578947368610e+01
3.734382836444692089e+01
3.681289473684210378e+01
3.851428571428571246e+01
3.775168350168350173e+01
3.675970029435376318e+01
3.660672268907563165e+01
3.745916666666666828e+01
3.802239382239382337e+01
3.892884615384615188e+01
3.732554786620530507e+01
3.817426624737945673e+01
3.717483064095883094e+01
3.713283828382838436e+01
3.856003118503118543e+01
3.858039215686274304e+01
3.995616357752280123e+01
3.852884097035040156e+01
3.843315363881401936e+01
3.861713836477987627e+01
3.756736842105263463e+01
3.815991902834008442e+01
3.907087912087911974e+01
3.769054054054053893e+01
4.010463861920172945e+01
3.708548664944013495e+01
3.689206349206349245e+01
3.747382075471698215e+01
3.773410256410256380e+01
3.790319865319865045e+01
3.777320544554455495e+01
3.828455882352940876e+01
3.901094319958311729e+01
3.709439775910364290e+01
3.879807692307691980e+01
3.808100810081008092e+01
3.798697238144867327e+01
3.773153846153846303e+01
3.781590413943354889e+01
3.786754080813486922e+01
3.774131578947368126e+01
3.787347155768208751e+01
3.780167079207920722e+01
3.913677248677248599e+01
3.786470588235294343e+01
3.759560643564356752e+01
3.798252798252798357e+01
3.819275879653238093e+01
3.877218045112781653e+01
3.852479784366576610e+01
3.936698717948718240e+01
3.771166666666666600e+01
3.821997755331088342e+01
3.820638820638820476e+01
3.735851505711318765e+01
3.901959183673469056e+01
3.988349514563106624e+01
3.962619047619047308e+01
3.790701890701890875e+01
3.997168803418803407e+01
3.981758241758241468e+01
3.881239892183288731e+01
3.820881174899866295e+01
3.961333333333333684e+01
3.817998866213152098e+01
4.000228440890919757e+01
3.927564625850340008e+01
3.861824324324324209e+01
3.967890442890443126e+01
3.891730769230769482e+01
3.816638608305274971e+01
3.777671129072998468e+01
3.749264115600749392e+01
3.767490696438064646e+01
3.796194444444444116e+01
3.928681318681318402e+01
3.970245310245310577e+01
3.932005494505494170e+01
3.731226551226551180e+01
3.812014428412874878e+01
3.729861111111111427e+01
3.798384353741496255e+01
3.896366158113730904e+01
3.693270270270270572e+01
3.733615160349854278e+01
3.751674641148325406e+01
3.758333333333333570e+01
3.848624338624338748e+01
3.909268162393162527e+01
3.805345911949685700e+01
3.836704422869471642e+01
3.750177450177449856e+01
3.766081871345028986e+01
3.800183150183150360e+01
3.747538461538461263e+01
3.688260770458171578e+01
3.750644468313641511e+01
3.852352941176470580e+01
3.804853833425261911e+01
3.775072886297375874e+01
3.788235294117647101e+01
3.745002658160552755e+01
3.863573232323232531e+01
3.767290552584670138e+01
3.743054054054054092e+01
3.745111111111111057e+01
3.755443322109988458e+01
3.788168781025923693e+01
3.829690721649484431e+01
3.810714285714285410e+01
3.984950495049505292e+01
3.795218658892128616e+01
3.737820512820513130e+01
3.838104189044038606e+01
3.835132935431362000e+01
3.918460648148148096e+01
3.901476734466425000e+01
3.797517926089354745e+01
3.864809139035943275e+01
3.861285946825827153e+01
3.856140350877193157e+01
3.845246277205040286e+01
3.828269126424308411e+01
3.809902333152469112e+01
3.835474491144594111e+01
3.839704653106714716e+01
3.807389686337054968e+01
3.786514065085493996e+01
3.865844298245613686e+01
3.759728867623604742e+01
3.779585326953748137e+01
3.772815789473683878e+01
4.009194509194509237e+01
3.775141723356009038e+01
3.694816586921849932e+01
3.776282404853833441e+01
3.820804988662131763e+01
3.868860692572032889e+01
3.846717171717171624e+01
3.769972972972973224e+01
3.888252848616386359e+01
3.853401360544217624e+01
3.837642797436611630e+01
3.864514378730331146e+01
3.839663591969614487e+01
3.845198046663049496e+01
3.773524544953116333e+01
3.885252004581901275e+01
3.868286788399570497e+01
3.837670660351072627e+01
3.833830710797612795e+01
3.831901181525241640e+01
3.787459720730397095e+01
3.738052631578947427e+01
3.835366552119129580e+01
3.843787303309820658e+01
3.824402332361515988e+01
3.770112781954887282e+01
3.881832107843137436e+01
3.927542892156862564e+01
3.828599773242630278e+01
3.800233236151603222e+01
3.797488765530002297e+01
3.770628792057363654e+01
3.804235162998049447e+01
3.790667390124796299e+01
3.758714837286265720e+01
3.844329896907216693e+01
3.779453943739657973e+01
3.767126309983452614e+01
3.853894616265750273e+01
3.867836257309941317e+01
3.840179055887140436e+01
3.812930780559646848e+01
3.778490870032223370e+01
3.751844818231144529e+01
3.771134020618556804e+01
3.723095823095822965e+01
3.777716492002205939e+01
3.804956268221574334e+01
3.787103174603174693e+01
3.747938847938848284e+01
3.708638888888889085e+01
3.708974358974359120e+01
3.730418470418470633e+01
3.685918918918918763e+01
3.689633173843699865e+01
3.702921102921102658e+01
