9.542366522366522474e+01
9.453087557603686264e+01
9.543611638203668690e+01
9.504060017652250281e+01
9.486881188118812247e+01
9.507722355769230660e+01
9.484498381877023121e+01
9.509708737864077932e+01
9.521634615384616041e+01
9.504982517482517324e+01
9.500535714285713595e+01
9.541555977229602092e+01
9.499530222361416065e+01
9.405218446601941196e+01
9.539076479076479131e+01
9.564215686274509665e+01
9.536397058823528994e+01
9.503707107843136725e+01
9.519070208728652460e+01
9.522037687639731018e+01
9.536923543689320582e+01
9.533879950495050082e+01
9.520115291262135315e+01
9.627392739273926736e+01
9.531158998252766423e+01
9.531119544592030479e+01
9.531523058252426495e+01
9.525349969567864150e+01
9.534408602150537604e+01
9.496723300970873538e+01
9.550214460784313530e+01
9.557549019607843377e+01
9.520400943396226978e+01
9.578273809523810201e+01
9.506432038834951470e+01
9.519114219114219111e+01
9.585983009708738223e+01
9.536607142857143060e+01
9.453853155339805880e+01
9.575526695526696130e+01
9.568677156177156462e+01
9.542758413461538680e+01
9.558210678210677713e+01
9.456760817307691980e+01
9.516947115384616041e+01
9.570909090909090366e+01
9.621662621359223522e+01
9.576730347635452745e+01
9.562803398058252924e+01
9.526344086021505575e+01
9.566084142394821299e+01
9.562083333333333712e+01
9.617233009708738223e+01
9.604632867132866636e+01
9.581087919038583323e+01
9.585281385281385269e+01
9.583420745920746242e+01
9.561843317972349610e+01
9.502593295382669680e+01
9.555074257425742701e+01
9.529766847652507522e+01
9.547334558823528994e+01
9.529086538461538680e+01
9.577777777777777146e+01
9.574908088235294201e+01
9.544748455428067757e+01
9.577444253859347612e+01
9.602943722943723515e+01
9.586559466019417641e+01
9.518325242718447043e+01
9.570483682983683593e+01
9.335355392156863275e+01
9.095945578231292927e+01
9.082783018867924341e+01
9.096499503475669712e+01
9.118181818181818699e+01
8.968167107972932683e+01
9.091657239819004133e+01
9.202441894674903722e+01
9.056982670744139341e+01
9.081497668997668882e+01
9.087773058252426495e+01
9.007663170163169752e+01
9.078342245989304615e+01
9.038713592233010274e+01
9.007932692307691980e+01
9.139393939393939092e+01
9.226886512180630007e+01
0.000000000000000000e+00
9.160429538099441515e+01
9.056504854368931490e+01
9.124172794117646390e+01
9.115418894830659724e+01
9.136452762923350690e+01
9.218476941747573505e+01
9.207812500000000000e+01
9.162985436893204394e+01
9.077544628875665467e+01
9.218589743589743080e+01
9.143424536628420185e+01
9.179788172992056161e+01
0.000000000000000000e+00
9.170070721357849663e+01
9.100291375291375573e+01
9.211939102564102200e+01
9.153896615061663056e+01
8.964032451923077360e+01
9.141983852364475638e+01
9.076317401960784537e+01
9.157129854368932342e+01
9.117885659533695275e+01
9.383776091081594473e+01
9.295940594059405271e+01
9.298496732026143263e+01
9.497930614729153831e+01
9.553695836873407643e+01
9.733492063492063551e+01
9.661015873015873012e+01
9.529906542056075125e+01
9.682251521298174168e+01
9.624702380952381020e+01
9.605754716981131480e+01
9.619317040508872196e+01
9.623870103783059449e+01
9.697464503042596107e+01
9.709967637540452756e+01
9.726514897890859856e+01
9.845378151260504751e+01
9.811015873015873012e+01
9.838618381010347491e+01
9.788158750813272491e+01
9.818817733990147190e+01
9.892944983818770766e+01
9.854646962233168495e+01
9.788847352024922088e+01
9.846206896551724697e+01
9.848965307364576915e+01
9.882091503267973565e+01
9.799833110814418546e+01
9.818867924528301216e+01
9.896412698412697750e+01
9.847586206896551175e+01
9.976148867313915503e+01
9.957378640776698830e+01
9.972686084142394236e+01
9.970582524271844704e+01
9.960097087378640879e+01
9.999320388349514133e+01
9.898926480156148955e+01
9.925536759921925523e+01
9.934449178332319264e+01
9.862028301886792292e+01
9.477183600713011913e+01
8.521419902912622035e+01
7.412623762376237835e+01
0.000000000000000000e+00
0.000000000000000000e+00
9.078552515445718996e+01
9.815433545363241308e+01
1.000744301994301964e+02
1.001242048878473412e+02
9.646320075164422292e+01
9.646247464503042579e+01
9.572063298843578139e+01
9.646395998823183504e+01
0.000000000000000000e+00
0.000000000000000000e+00
0.000000000000000000e+00
0.000000000000000000e+00
0.000000000000000000e+00
0.000000000000000000e+00
0.000000000000000000e+00
0.000000000000000000e+00
0.000000000000000000e+00
0.000000000000000000e+00
0.000000000000000000e+00
0.000000000000000000e+00
0.000000000000000000e+00
0.000000000000000000e+00
0.000000000000000000e+00
0.000000000000000000e+00
0.000000000000000000e+00
0.000000000000000000e+00
0.000000000000000000e+00
4.496180555555555713e+01
4.723530982905982967e+01
4.811878081577767574e+01
4.542626096491228083e+01
4.680732860520094363e+01
4.872429004687069209e+01
4.537221920781334461e+01
4.999403122130394905e+01
4.551600609756097526e+01
4.886986140474512297e+01
4.563516609392898005e+01
4.698978723404255220e+01
nan
4.522442505947660862e+01
4.548882113821138518e+01
4.490386597938144320e+01
4.784022222222222354e+01
4.815328798185941395e+01
4.478290816326530432e+01
4.468901846452866522e+01
4.335742035742035938e+01
4.357757103344228966e+01
4.337233445566779011e+01
nan
4.386120495495495675e+01
nan
nan
nan
nan
nan
nan
4.716813543599258196e+01
