6.517384370015949457e+01
6.488738059326294660e+01
6.624752186588921177e+01
6.664439264439263866e+01
6.723242630385487928e+01
6.959520921770770485e+01
6.912400589101619630e+01
6.879668760708166531e+01
7.194312499999999488e+01
7.254121863799282721e+01
7.029702970297029196e+01
7.145659722222222854e+01
7.101933621933622476e+01
7.002286018075491825e+01
7.063411896745229512e+01
7.095286195286195152e+01
7.272195767195766791e+01
7.284978425026969262e+01
7.331484049930651281e+01
7.295619658119657913e+01
7.318176914778857167e+01
7.109134615384616041e+01
7.213848133848134125e+01
7.232721070585148482e+01
0.000000000000000000e+00
0.000000000000000000e+00
7.007917007917008334e+01
7.046801346801346710e+01
7.100577557755775615e+01
6.961157894736841456e+01
7.182775119617224391e+01
6.904467519922724250e+01
7.189340776182881143e+01
7.093746729461015832e+01
6.877954437588988412e+01
6.902645502645502518e+01
7.126358317079966298e+01
7.081913265306123151e+01
7.030485714285714494e+01
0.000000000000000000e+00
0.000000000000000000e+00
0.000000000000000000e+00
0.000000000000000000e+00
7.192050087361677413e+01
7.261875901875902173e+01
7.231656250000000341e+01
7.176207620762076544e+01
7.118546576879910504e+01
7.115999999999999659e+01
7.203727272727272180e+01
7.174676470588235588e+01
7.152181818181817619e+01
7.313529231711049761e+01
7.126147186147186119e+01
7.144558823529412450e+01
7.162399999999999523e+01
7.054702970297029196e+01
7.107779349363508459e+01
7.072661064425770405e+01
7.137186953989517235e+01
7.059243697478991919e+01
7.026490984743412582e+01
6.984533047899384428e+01
7.083438343834383488e+01
7.067638888888889426e+01
7.015849673202613701e+01
7.048737864077669713e+01
6.951193912358961313e+01
7.119972260748960480e+01
7.073193277310924998e+01
7.445367192862045158e+01
7.029691876750700885e+01
6.974487594390507184e+01
7.016722689075629660e+01
6.987406380027739772e+01
7.103379120879121444e+01
7.050378567268491281e+01
7.024470899470900065e+01
7.045415224913494967e+01
7.005602240896358524e+01
7.066860803727431062e+01
7.095513963161022275e+01
7.099369747899159222e+01
7.172979797979797922e+01
7.035710194730813782e+01
7.140975765306122014e+01
6.925600000000000023e+01
7.011799999999999500e+01
7.048543689320388239e+01
7.030787172011662278e+01
6.885714285714286120e+01
6.954253472222222854e+01
6.997656250000000000e+01
6.781499999999999773e+01
6.820594837261504040e+01
7.069318181818181301e+01
6.863766891891891930e+01
6.754108485499462233e+01
6.759956592512207862e+01
6.783278508771930149e+01
6.714905814905814907e+01
6.923434343434342964e+01
6.736462289744980581e+01
6.721595225176342581e+01
6.818693693693693092e+01
6.751213458356315300e+01
6.832474226804123418e+01
6.717749999999999488e+01
6.871840942562592147e+01
6.803092783505154273e+01
6.701235230934479148e+01
6.851399711399712089e+01
6.979381443298969145e+01
6.834924768518519045e+01
6.784410430839002970e+01
7.011121524523586857e+01
6.834972972972973082e+01
6.973206997084548675e+01
6.928404365904366102e+01
6.921771428571427975e+01
6.880016380016380140e+01
6.921823529411764753e+01
7.028049450549450228e+01
6.843848396501458353e+01
6.902013963480128211e+01
6.752194444444444343e+01
6.723763157894737219e+01
6.829311786012816299e+01
6.704552631578947341e+01
6.958763736263736632e+01
6.952020202020202078e+01
6.754107572919454583e+01
6.777787114845938277e+01
6.918861111111111484e+01
6.878172458172457482e+01
7.025741758241758816e+01
6.923673587081891867e+01
6.862080712788259973e+01
6.817352787910370182e+01
6.898404840484047895e+01
6.920608108108108070e+01
7.007955182072829814e+01
7.149279199764636417e+01
6.959838274932614866e+01
6.950485175202156540e+01
6.933621593291404395e+01
6.874815789473684902e+01
6.820015182186234881e+01
7.006648351648351536e+01
6.908945945945946221e+01
7.077400215749730705e+01
6.664448751076658084e+01
6.654467120181405448e+01
6.723066037735848965e+01
6.894076923076923435e+01
6.974326599326599307e+01
7.037283415841584144e+01
6.767352941176470438e+01
6.879885356956748410e+01
6.895434173669467270e+01
6.947248931623931867e+01
7.041494149414941717e+01
6.950859822824388345e+01
6.903538461538461490e+01
6.992401960784313530e+01
6.953385068236553934e+01
6.912368421052632073e+01
6.939633173843699865e+01
7.028650990099009732e+01
6.941005291005291156e+01
6.999058823529411200e+01
7.007827970297029196e+01
6.958503958503958131e+01
6.855762366139724406e+01
6.881127819548872537e+01
6.901832884097035503e+01
6.960256410256410220e+01
6.930305555555555941e+01
6.998063973063973719e+01
6.985203385203385551e+01
6.784527518172377825e+01
6.948380952380952635e+01
7.008063646170442951e+01
6.962195767195767360e+01
6.874825174825174656e+01
6.964583333333332860e+01
6.994313186813187144e+01
6.918032345013476458e+01
6.859999999999999432e+01
6.955863945578231267e+01
6.951303854875283150e+01
7.075271273557966367e+01
6.981578231292516534e+01
6.863903326403325877e+01
7.063141025641026260e+01
6.946538461538462172e+01
6.972502805836138862e+01
6.757565041677190720e+01
6.851056997591651054e+01
6.866427432216906368e+01
6.939333333333333087e+01
6.975604395604395336e+01
7.059220779220778752e+01
6.969148351648351536e+01
6.798326118326117751e+01
6.909100998890122014e+01
6.811777777777777487e+01
6.939965986394557262e+01
6.983162274618585741e+01
6.725837837837838151e+01
6.894169096209913050e+01
6.848112706007442796e+01
6.911763038548753002e+01
6.910291005291004751e+01
6.936965811965812634e+01
6.874397274633123800e+01
6.891100323624596058e+01
6.887933387933388474e+01
6.854439128123338776e+01
6.884981684981684680e+01
6.832743589743589041e+01
6.622863004330977788e+01
6.880692803437163718e+01
6.763088235294117112e+01
6.958769994484279664e+01
6.954489795918367179e+01
6.995360824742267880e+01
6.890005316321105511e+01
7.148232323232323893e+01
6.963368983957219882e+01
6.778972972972972855e+01
6.903000000000000114e+01
6.856116722783389150e+01
6.841919470490898902e+01
6.985655375552282464e+01
6.901615646258503034e+01
7.048967468175388262e+01
6.957988338192420485e+01
6.779666666666666686e+01
6.888963480128893480e+01
6.852794357026587591e+01
7.010677083333332860e+01
6.901643911953190980e+01
6.877027027027027373e+01
6.920841460016717406e+01
6.877102550189907504e+01
6.898848684210526017e+01
6.966294387170675861e+01
6.859902333152469112e+01
6.896527400976668787e+01
6.835236584721120323e+01
6.902368347729172626e+01
6.846145667198298668e+01
6.876282404853833441e+01
6.919380482456139703e+01
6.820069112174375903e+01
6.808080808080808310e+01
6.795631578947367757e+01
6.945402745402745381e+01
6.913605442176870497e+01
6.782296650717702846e+01
6.870766685052399225e+01
6.902182539682539186e+01
6.853423209093311641e+01
6.910521885521885110e+01
6.787837837837837185e+01
6.858437330439501523e+01
6.935345804988662621e+01
6.868709947060462184e+01
6.846066196418881589e+01
6.851627780792186684e+01
6.834861638632663983e+01
6.819194704908990445e+01
6.950085910652920518e+01
6.817078410311492576e+01
6.871691278907773892e+01
6.822571893651654307e+01
6.798845327604726663e+01
6.793931256713212008e+01
6.712578947368420756e+01
6.916666666666667140e+01
6.843000542593597402e+01
6.960728862973761011e+01
6.799516648764769400e+01
7.040655637254901933e+01
7.083517156862744457e+01
6.856944444444444287e+01
6.926530612244897611e+01
6.783214380121596321e+01
6.800386100386100452e+01
6.852438005015324052e+01
6.781036353771025915e+01
6.810700496414781924e+01
6.871050431875174525e+01
6.849751792608935830e+01
6.821924986210700581e+01
6.941093928980527039e+01
6.972456140350877263e+01
6.831985892566467555e+01
6.916877761413843473e+01
6.774624060150375726e+01
6.792430819316332702e+01
6.772720063441713023e+01
6.779115479115479559e+01
6.830529509100936991e+01
6.909941690962098448e+01
6.874376417233560232e+01
6.768386568386569024e+01
6.761777777777777487e+01
6.652538461538460979e+01
6.830389610389610766e+01
6.714513513513513487e+01
6.751302498670919761e+01
6.749358449358449263e+01
