7.334921059673534671e+01
7.654517889630078287e+01
7.820019531250000000e+01
7.676273148148148096e+01
7.724761186525891787e+01
7.686711045364891959e+01
7.793359073359073363e+01
7.882156914195749664e+01
7.799682539682540039e+01
7.870659124446630983e+01
7.909855769230769340e+01
7.899108818011256972e+01
7.979494047619047592e+01
7.906142857142857849e+01
7.847405405405405077e+01
7.949168152109328389e+01
7.747905559786748597e+01
8.014945978391357073e+01
8.034904270986744734e+01
7.897675736961451776e+01
8.223403554970374785e+01
7.659471480900052143e+01
7.759264232008592899e+01
7.794556677890011542e+01
7.797631652270827374e+01
7.639898989898989612e+01
7.754420030659171914e+01
7.896764032073311057e+01
7.896477115117892254e+01
7.587710526315790105e+01
7.741818181818182154e+01
7.722086824067021382e+01
7.593099999999999739e+01
7.757085714285713607e+01
7.724103695532267011e+01
7.742750257997936103e+01
7.657302757302757357e+01
7.689965986394557262e+01
7.772682215743439826e+01
7.571313888145571980e+01
7.641628959276017952e+01
7.865553494124922906e+01
7.751800000000000068e+01
7.749803591470258368e+01
7.817738023044269369e+01
7.845168067226890685e+01
7.581263616557734508e+01
7.700224466891133090e+01
7.825409338993328845e+01
7.742488662131519561e+01
7.787785114045618684e+01
7.899845392702535207e+01
7.891758578431372939e+01
7.932922979797979224e+01
7.646683046683047280e+01
7.684101838755303504e+01
7.774263038548753002e+01
7.674416666666667197e+01
7.729408369408369595e+01
7.898979591836734926e+01
7.766005830903790752e+01
7.586936193619361291e+01
7.878661464585835006e+01
7.903652430044182609e+01
7.671400282885431920e+01
7.814264705882352757e+01
7.715291806958474297e+01
7.815160349854227206e+01
7.870770163735596725e+01
8.019823232323231821e+01
7.779475218658892288e+01
7.903577926015766764e+01
7.947203998750390497e+01
8.019065656565656752e+01
7.868777614138438992e+01
7.929147141518275532e+01
7.936488597313339710e+01
7.812740524781341378e+01
8.062871287128713504e+01
7.787700534759358106e+01
8.019706164164803397e+01
7.908095815645846471e+01
7.868512518409426093e+01
7.956201187129022401e+01
7.748540965207631359e+01
7.776048752834466882e+01
7.883433373349339490e+01
7.954044117647059409e+01
7.986432637571157045e+01
7.736648648648647963e+01
7.735942760942761254e+01
8.070808048546790303e+01
8.113729372937294215e+01
7.797460317460317469e+01
7.824454545454545951e+01
7.828163265306122298e+01
7.709024045261668334e+01
8.079483870967742121e+01
7.504135338345864170e+01
7.688461538461538680e+01
7.732271241830065378e+01
7.746440129449838707e+01
7.951202749140892934e+01
8.127182130584192521e+01
8.041508838383838054e+01
7.982394801980197485e+01
