1.148199134199134193e+02
1.146242703533026059e+02
1.153747628083491463e+02
1.145586937334510083e+02
1.147580445544554522e+02
1.151162860576923066e+02
1.154084142394821981e+02
1.154224866896335726e+02
1.152968750000000000e+02
1.144848484848484844e+02
1.147815476190476147e+02
1.153304870335230845e+02
1.152207954901346625e+02
1.139514563106796174e+02
1.145639249639249613e+02
1.152233455882352899e+02
1.148915441176470580e+02
1.149059436274509807e+02
1.155161290322580641e+02
1.156470776109869121e+02
1.147412014563106766e+02
1.147741336633663423e+02
1.145716019417475735e+02
1.159848184818481798e+02
1.142146185206756002e+02
1.146122707147375053e+02
1.146304611650485441e+02
1.149446135118685390e+02
1.151391705069124356e+02
1.142736650485436911e+02
1.146182598039215748e+02
1.156107843137254889e+02
1.144563679245283083e+02
1.146139880952380992e+02
1.141601941747572795e+02
1.141101398601398671e+02
1.150512742718446617e+02
1.147208333333333314e+02
1.141155946601941764e+02
1.146886002886002842e+02
1.149076340326340357e+02
1.149209735576923066e+02
1.147477633477633532e+02
1.140207331730769198e+02
1.147701322115384670e+02
1.148020202020202021e+02
1.153373786407767057e+02
1.154747886000626380e+02
1.153155339805825292e+02
1.151122707147375053e+02
1.156883495145631002e+02
1.148839285714285694e+02
1.152842839805825292e+02
1.149443473193473153e+02
1.153972169512966417e+02
1.146066378066378064e+02
1.146925990675990619e+02
1.153382488479262662e+02
1.154104996837444617e+02
1.153821163366336577e+02
1.154155221973810228e+02
1.152331495098039227e+02
1.147839543269230802e+02
1.147974025974025949e+02
1.155291053921568647e+02
1.143959988231832909e+02
1.147321326472269902e+02
1.149264069264069263e+02
1.155782766990291321e+02
1.146738470873786468e+02
1.149364801864801819e+02
1.128639705882352899e+02
1.096484353741496562e+02
1.087224842767295598e+02
1.084185700099304910e+02
1.093706293706293735e+02
1.097237422771403317e+02
1.097514140271493233e+02
1.100005884083553980e+02
1.089706931702344548e+02
1.098677156177156178e+02
1.098094660194174708e+02
1.099469696969697026e+02
1.100522875816993462e+02
1.105540048543689267e+02
1.102268629807692264e+02
1.106484260076493058e+02
1.111173499702911442e+02
0.000000000000000000e+00
1.103580464842600719e+02
1.102499306518724040e+02
1.112230392156862706e+02
1.107237076648841310e+02
1.109423648247177709e+02
1.110946601941747502e+02
1.104718137254901933e+02
1.105655339805825292e+02
1.108152207954901343e+02
1.098770396270396219e+02
1.104160047072668362e+02
1.106825536922624309e+02
0.000000000000000000e+00
1.103674681753889644e+02
1.099653263403263423e+02
1.091757478632478637e+02
1.089826817108370562e+02
1.096409254807692264e+02
1.104763552479815445e+02
1.105937500000000000e+02
1.115382281553398087e+02
1.120613222612583826e+02
1.126189120809614224e+02
1.129930693069306926e+02
1.136843137254901990e+02
1.145200852099817439e+02
1.144426508071367863e+02
1.158958730158730219e+02
1.160292063492063477e+02
1.148999095568284616e+02
1.163580121703853933e+02
1.155446428571428612e+02
1.158213836477987400e+02
1.164301975225979220e+02
1.164529628389688583e+02
1.169898580121703873e+02
1.169598705501618099e+02
1.173334449280214216e+02
1.189047619047618980e+02
1.180104761904761972e+02
1.177352404138770510e+02
1.182872478854912117e+02
1.183490968801313699e+02
1.191012944983818755e+02
1.189507389162561566e+02
1.178595015576323988e+02
1.186663382594417016e+02
1.178895313451004228e+02
1.190071895424836583e+02
1.189359145527369890e+02
1.186594014313597967e+02
1.189885714285714329e+02
1.192009852216748698e+02
1.193132686084142335e+02
1.194737864077669940e+02
1.195718446601941736e+02
1.197200647249190979e+02
1.197944983818770197e+02
1.198278317152103511e+02
1.194134677944046814e+02
1.192986337020169145e+02
1.188597078514911800e+02
1.175486438679245254e+02
1.136939988116458693e+02
1.051347087378640737e+02
9.330253025302529579e+01
0.000000000000000000e+00
0.000000000000000000e+00
1.101626949102677315e+02
1.185349849347171016e+02
1.206260683760683747e+02
1.197529293605624332e+02
1.161760100219229628e+02
1.168982420554428643e+02
1.153107121119902558e+02
1.145586937334510083e+02
0.000000000000000000e+00
0.000000000000000000e+00
0.000000000000000000e+00
0.000000000000000000e+00
0.000000000000000000e+00
0.000000000000000000e+00
0.000000000000000000e+00
0.000000000000000000e+00
0.000000000000000000e+00
0.000000000000000000e+00
0.000000000000000000e+00
0.000000000000000000e+00
0.000000000000000000e+00
0.000000000000000000e+00
0.000000000000000000e+00
0.000000000000000000e+00
0.000000000000000000e+00
0.000000000000000000e+00
0.000000000000000000e+00
6.522836538461538680e+01
6.775614316239315826e+01
6.729560735096369228e+01
6.919216008771930149e+01
7.148492907801418994e+01
7.219134270747173332e+01
7.085919696147585967e+01
7.323415977961433043e+01
7.041692073170732158e+01
7.274254169603007369e+01
7.310882016036654818e+01
7.103297872340425556e+01
nan
7.198598995506212361e+01
7.193343495934959719e+01
7.175670103092782881e+01
7.175177777777777521e+01
7.195260770975056630e+01
7.121326530612245165e+01
7.048712342079689108e+01
7.057264957264956706e+01
7.039426703545386488e+01
7.167873176206509811e+01
nan
7.236739864864864558e+01
nan
nan
nan
nan
nan
nan
7.204220779220779036e+01
