7.896162988115449366e+01
7.808428030303029743e+01
7.798079427083332860e+01
7.773111979166667140e+01
7.856888440860214473e+01
7.698021026592455485e+01
7.698812870977819500e+01
7.736519837550765999e+01
7.739084293511218959e+01
7.740768509840674483e+01
7.887500000000000000e+01
7.697159090909090651e+01
7.858561197916667140e+01
7.849106529209622352e+01
7.882955326460481160e+01
7.821419270833332860e+01
7.734119897959183731e+01
7.749567099567099149e+01
7.822285353535353636e+01
7.778962628865978957e+01
7.786887886597938291e+01
7.746985988921473165e+01
7.773883928571429180e+01
7.838085937500000000e+01
7.730573453608246837e+01
7.729241071428570820e+01
7.789180107526881613e+01
7.631772268135904369e+01
7.881909722222222570e+01
7.882207130730050437e+01
7.931681034482758719e+01
0.000000000000000000e+00
7.844965277777777146e+01
7.871418439716312321e+01
7.835080645161289681e+01
7.970077864293659786e+01
7.805534804753820310e+01
7.836162988115449934e+01
7.822395833333332860e+01
7.696188691034052454e+01
7.767842741935483275e+01
7.772039473684210975e+01
7.770207336523125718e+01
7.687627551020408134e+01
0.000000000000000000e+00
7.727527910685805068e+01
7.736742424242424931e+01
7.828854166666666003e+01
7.720439084724799272e+01
7.727739938080495108e+01
7.813964843750000000e+01
7.760258838383838054e+01
7.763759052007900152e+01
7.790887928167609289e+01
7.703411989795918657e+01
7.759461257066844553e+01
7.760839843750000000e+01
7.644212076583210091e+01
7.760290404040404155e+01
7.706894329896907436e+01
7.885192982456140953e+01
7.699613402061855538e+01
7.751063144329896204e+01
7.869473684210525732e+01
7.776363636363636545e+01
7.680412371134021043e+01
7.683411433926897871e+01
7.778938802083332860e+01
7.789173967459323933e+01
7.735384114583332860e+01
7.664229928147453563e+01
7.847508771929824434e+01
7.697875663855045048e+01
7.856922043010752077e+01
7.861697792869270529e+01
7.711372422680412342e+01
7.676256127450980671e+01
7.692582070707071296e+01
7.896385964912280997e+01
7.815630196208846314e+01
7.692953431372548323e+01
7.730802874101843258e+01
7.846743421052632073e+01
7.682199754901961342e+01
7.649598021026592676e+01
7.818213716108452616e+01
7.629791666666666572e+01
7.832389322916667140e+01
7.902993421052632073e+01
7.794087009803921262e+01
7.770071852546080038e+01
7.764276960784313530e+01
7.784036238675413699e+01
7.838113089659481147e+01
7.926504822081808754e+01
7.972508591065292194e+01
7.899043062200956911e+01
7.858544204935957112e+01
7.896386718750000000e+01
7.967434210526316463e+01
7.819025304592314285e+01
7.729970845481049935e+01
7.800848999393572569e+01
7.798969072164948102e+01
7.886357526881720048e+01
