6.938416988416987863e+01
7.056684027777777146e+01
7.015664375715921608e+01
6.905736348593491414e+01
6.919683136412459135e+01
6.983121897407612266e+01
6.934271384786848103e+01
7.109346064814815236e+01
7.167769607843136725e+01
6.983276059564718707e+01
6.943103928670939240e+01
6.857957957957957262e+01
6.823710792131845437e+01
6.763842105263158544e+01
6.781054054054054347e+01
6.736036036036036023e+01
6.776608187134502259e+01
6.753781053781054311e+01
6.760792131844763730e+01
6.695000000000000284e+01
6.830168204015193112e+01
6.731080031080031745e+01
6.739238539238539261e+01
6.749158249158249134e+01
6.922565597667637860e+01
6.841202426916711943e+01
6.850729729729729911e+01
6.891064533921677082e+01
6.780102040816326792e+01
6.964196154917804904e+01
7.051782032400589628e+01
6.874655267512410717e+01
6.918787878787878753e+01
6.752395752395752027e+01
7.022077546296296191e+01
6.778362573099414590e+01
6.907584114726971336e+01
6.853410311493017559e+01
6.976048752834466882e+01
6.914616657473800387e+01
7.160324754901961342e+01
6.912934362934362298e+01
6.880330982094410786e+01
7.201762917933130836e+01
6.955920869322930855e+01
6.873985042735043294e+01
7.070819014891179677e+01
6.859514059514059170e+01
7.178184523809524364e+01
7.028522336769759704e+01
6.966062970186681014e+01
6.984011544011544004e+01
7.286644736842104919e+01
7.035714285714286120e+01
6.821903242955875157e+01
6.992332175925925242e+01
6.896138996138995481e+01
6.982851473922902130e+01
7.137523219814241315e+01
6.825671321160042737e+01
6.981462585034013557e+01
6.881122448979591866e+01
6.847666666666667368e+01
6.849162742019885286e+01
6.911167800453515042e+01
6.816560340244551242e+01
6.794457394457394628e+01
6.933017553636109653e+01
6.863775510204081343e+01
6.781067081067081403e+01
7.035337915234822503e+01
6.877723177723177628e+01
6.750000000000000000e+01
6.874167561761547063e+01
7.112340812613705054e+01
6.921088435374149128e+01
6.782310282310282901e+01
6.943215380328781805e+01
6.789665096807954114e+01
6.833944710260499278e+01
6.986712485681557894e+01
6.914473684210526017e+01
7.135327380952381304e+01
6.819059011164274864e+01
6.820408163265305745e+01
6.930342713847868197e+01
6.928956228956228358e+01
6.833253588516745936e+01
6.928202947845805681e+01
6.906563706563706262e+01
6.906370656370656036e+01
6.881453423120089496e+01
6.884848484848484418e+01
6.868939393939393767e+01
7.025154639175258353e+01
6.818447634237108446e+01
6.951145475372280202e+01
6.738447368421053341e+01
6.862871962871962239e+01
6.909523809523810201e+01
6.982803121248498712e+01
6.823095823095823675e+01
6.741487179487180015e+01
6.996354166666667140e+01
6.888833819241982326e+01
6.812052631578947626e+01
7.102470238095237676e+01
6.857973684210526244e+01
6.854927654927655567e+01
6.920578231292516591e+01
7.067559523809524080e+01
7.098437988128709719e+01
6.863185024416712565e+01
7.011904761904762040e+01
6.970675830469645007e+01
6.938562273613820253e+01
7.046126656848306880e+01
6.968849261632766456e+01
6.918509070294784635e+01
6.786627282491943447e+01
6.809664209664209977e+01
6.745933014354066870e+01
6.842360728075013299e+01
6.980594299575500372e+01
6.946961805555555713e+01
6.802123552123552486e+01
6.769019296854348511e+01
6.973460972017673498e+01
6.648799999999999955e+01
6.788963480128893480e+01
6.758995703544576372e+01
6.819277440706012783e+01
6.845833333333332860e+01
6.826044492674986941e+01
6.794485394485394636e+01
6.807469431153641892e+01
6.899178004535147579e+01
7.039257369614512072e+01
6.776605263157894399e+01
6.779500000000000171e+01
6.821321321321320852e+01
6.960127314814815236e+01
6.884495464852608393e+01
6.853419746276888702e+01
6.942020202020202646e+01
6.923396334478808001e+01
6.850330943188086508e+01
6.878681742967457069e+01
6.826835926835926216e+01
6.791148325358851423e+01
6.982769679300291443e+01
6.733851333851333720e+01
6.763081081081081436e+01
6.882790954219525759e+01
6.883232211803640155e+01
6.993226381461676056e+01
7.056579745300182083e+01
6.897727272727273373e+01
7.006686303387334647e+01
6.910649350649350708e+01
6.826555555555555088e+01
6.964935064935065157e+01
6.820864864864864785e+01
7.054727540500736893e+01
6.993934240362811749e+01
6.952871572871572425e+01
6.805289473684210577e+01
6.788439925073588199e+01
7.011319073083778619e+01
6.824738003309431633e+01
7.022133095662506719e+01
6.828828828828828534e+01
6.837046137046137062e+01
6.939163059163058733e+01
6.943829160530191302e+01
6.850614250614250977e+01
6.776638176638176958e+01
6.830754917597022313e+01
6.811432432432432904e+01
6.868501611170783860e+01
6.952055180180180116e+01
6.883791523482244656e+01
7.001069518716577988e+01
6.915391156462584377e+01
7.010583090379009263e+01
6.833933933933933247e+01
6.776447368421052886e+01
6.950255102040816269e+01
6.958786848072561781e+01
6.792716640085060931e+01
6.814699627857523012e+01
6.756605263157894115e+01
6.993519882179676017e+01
6.825206839492554423e+01
6.909778911564626469e+01
6.893083900226757521e+01
6.790510366826156030e+01
6.863609063609064265e+01
6.846745725317154552e+01
6.967076830732293047e+01
6.850937672366244158e+01
6.853249194414607359e+01
6.811509835194046047e+01
6.760315789473683878e+01
6.798405405405405588e+01
6.969988545246276601e+01
7.036330827067669702e+01
7.035051546391753163e+01
6.890532879818593415e+01
6.807004964147820658e+01
6.939919816723940471e+01
6.785578947368421154e+01
6.928741496598640026e+01
6.947987528344671659e+01
6.875620518477661847e+01
6.916850523993380762e+01
7.047113702623906306e+01
6.989465786314525531e+01
6.947590702947846353e+01
6.991869212962963331e+01
6.791941391941391259e+01
6.892967457253170949e+01
6.981782713085233638e+01
7.050075187969925139e+01
7.143907828282827666e+01
6.951080432172868484e+01
7.062613705275924758e+01
6.991899852724594666e+01
7.062109375000000000e+01
6.988011782032400276e+01
6.968499427262314327e+01
7.017647058823528994e+01
6.906180758017492849e+01
7.252335526315789593e+01
6.912623906705539412e+01
6.864194444444444798e+01
6.829111111111110688e+01
7.218229166666667140e+01
6.983915145005370562e+01
7.105852340936374389e+01
6.862701396348012395e+01
6.918441558441558925e+01
6.989602356406480510e+01
6.897880870561283473e+01
7.073984232868404831e+01
6.861643461643461706e+01
6.872697186982901485e+01
7.044416386083052828e+01
6.846737646737646799e+01
7.052361516034984845e+01
7.187467783505154273e+01
6.903226696083838476e+01
6.816815789473683651e+01
6.954517396184063216e+01
6.937131519274376501e+01
7.119931271477663870e+01
6.991783783783783690e+01
6.761106879918760626e+01
6.840458640458641071e+01
6.942318594104308715e+01
6.902451936472554905e+01
6.709266311246508963e+01
6.899359152967400632e+01
6.973585957091111709e+01
6.835714285714286120e+01
6.849576849576850179e+01
7.044144144144144093e+01
6.843801215966163909e+01
6.942602396210644145e+01
6.945089527943569863e+01
6.910824742268040666e+01
7.002806414662084933e+01
7.145768307322929047e+01
6.955502925606018039e+01
6.848706577974870413e+01
7.023442534908700452e+01
7.152122498483929292e+01
7.034234234234234862e+01
6.788117200217037350e+01
7.004153627311522712e+01
6.759362859362859410e+01
6.701450401450401273e+01
6.821269669017905812e+01
6.941947049089905875e+01
6.779940923737916592e+01
6.824543501611171337e+01
7.021556712962963331e+01
6.946698244636388608e+01
6.876722734671730564e+01
6.839848246991104475e+01
6.822029300054259693e+01
6.791729323308270239e+01
6.802224633749321470e+01
6.912246621621621046e+01
6.917776539426023419e+01
6.769152276295133674e+01
7.008132875143184037e+01
6.904806659505908328e+01
6.909389802173306805e+01
7.011516034985422152e+01
7.002004581901489644e+01
6.813453276047260943e+01
6.863510101010101039e+01
6.768394199785177534e+01
6.947353603603603744e+01
6.996706081081080697e+01
6.818286788399569787e+01
6.760243460243459879e+01
7.106433823529411598e+01
6.772663802363049967e+01
6.820146520146519720e+01
6.903204235162998259e+01
6.803595030399154098e+01
6.812925170068027114e+01
6.775292682926829002e+01
6.836082474226803640e+01
6.913706563706563202e+01
7.001210585585585022e+01
6.976295045045044674e+01
7.066257309941519793e+01
6.747323232323232389e+01
6.744974358974359063e+01
6.923459595959596413e+01
6.752979797979797638e+01
6.918417386458624208e+01
7.048039215686274872e+01
6.901727500696573259e+01
7.005095729013254413e+01
6.863916666666666799e+01
6.934234234234234862e+01
6.904109211252068690e+01
6.816613503455609191e+01
6.841520467836257069e+01
6.909516214779372945e+01
6.907169021454735969e+01
7.270804953560372041e+01
6.982864307606575949e+01
7.121547619047619548e+01
7.011763038548753002e+01
6.999365692222835378e+01
6.986017650303364235e+01
7.184141904184353677e+01
6.890117390117390528e+01
7.056002400960383625e+01
7.040000000000000568e+01
7.097886029411765207e+01
6.883625730994151581e+01
6.872587893206450360e+01
6.901654715940429696e+01
6.984227405247813181e+01
7.240498737373737015e+01
7.031758304696448647e+01
7.190656565656566102e+01
6.943905895691609942e+01
6.824720893141946476e+01
7.082873690016546675e+01
7.083092783505153989e+01
6.955011454753723399e+01
6.937018140589569271e+01
7.073019145802651053e+01
6.883811362382790833e+01
6.982565597667638713e+01
6.913931457230425792e+01
6.893447993447993838e+01
6.761435897435897857e+01
6.948833819241983178e+01
7.030102040816326792e+01
6.900752298690443354e+01
6.940721500721500092e+01
6.907907647907647686e+01
6.783447368421052204e+01
6.903336950623982204e+01
7.069854227405247116e+01
6.800051800051799944e+01
6.831621621621621898e+01
6.836243243243242773e+01
6.812432867883995868e+01
6.876999448428020401e+01
7.164425505050505194e+01
7.032595512431777252e+01
6.866277807921866838e+01
6.807868421052631902e+01
7.132625833838690710e+01
6.893932708218422079e+01
6.884059569773855003e+01
7.224278438030560778e+01
6.893440315315315559e+01
7.015267857142856656e+01
7.060762261793189509e+01
6.897600661886376372e+01
6.771613571613571025e+01
6.797820308346624074e+01
7.040066026410563893e+01
6.904024943310658102e+01
6.957230320699709125e+01
6.791710526315789309e+01
6.971315192743763589e+01
6.891174848317704971e+01
7.018071558520315989e+01
7.115160703456641045e+01
6.857948442534909361e+01
6.936500417943716457e+01
6.908627238198589282e+01
7.010337915234822503e+01
6.852197652197652644e+01
6.814566719829878139e+01
6.957397959183673208e+01
7.021796759941089761e+01
6.978350515463917247e+01
7.121743205248360198e+01
6.967725947521866203e+01
6.982650957290132965e+01
7.081787260358689196e+01
7.098863636363635976e+01
6.981720116618075167e+01
6.865235690235689958e+01
6.970073637702503788e+01
7.097969384567322493e+01
7.088226010101010388e+01
6.956062424969988456e+01
7.062385861561119782e+01
6.938354129530600289e+01
6.959722222222222854e+01
6.754552631578947341e+01
6.951251840942562410e+01
6.823577884104200564e+01
7.062142857142856656e+01
7.112867647058823195e+01
6.862998049595988448e+01
6.999387755102040387e+01
6.892255892255892036e+01
6.950773195876288924e+01
6.938803854875283150e+01
6.932871572871573562e+01
6.875841147269719045e+01
6.884031991174848031e+01
6.892452300785633668e+01
6.930274170274169876e+01
7.039469808541973350e+01
6.812162162162162815e+01
6.963328424153166907e+01
6.956774376417233441e+01
6.938175876411170862e+01
6.758666666666667311e+01
6.758131578947367757e+01
6.871156004489337477e+01
6.975714285714285268e+01
7.007713085234094308e+01
6.867861111111110972e+01
6.939047619047619264e+01
6.979766763848397204e+01
6.952390670553936047e+01
7.160511363636364024e+01
7.066751126126126792e+01
6.833142233142233124e+01
6.954954180985109247e+01
6.814687414687413991e+01
7.035567010309277691e+01
6.976023564064800553e+01
7.005860058309038152e+01
6.840494092373791091e+01
6.849861111111111711e+01
6.959608843537415623e+01
6.963318903318902642e+01
7.164898989898989612e+01
6.892801985659129116e+01
6.896156004489337477e+01
6.888123582766439768e+01
6.857138957138957380e+01
6.912131519274376501e+01
7.067586416009703498e+01
6.865432098765431590e+01
6.967346938775510523e+01
6.928802308802308119e+01
7.014007421150277821e+01
6.833415233415233558e+01
6.968836524300441226e+01
6.943650793650793673e+01
6.958367346938776166e+01
6.802750275027503335e+01
7.021934523809524364e+01
6.899716553287981924e+01
7.009035779260157994e+01
6.988685474189675517e+01
7.033717404487568103e+01
6.930583090379008127e+01
6.822805555555555657e+01
6.832800224466890882e+01
6.972388955582232484e+01
6.875093795093795279e+01
6.866629895201323563e+01
6.811902811902811550e+01
6.981413843888070403e+01
6.893441176470588516e+01
6.910158730158730123e+01
6.844528619528620084e+01
6.792320085929108586e+01
6.970338733431516687e+01
6.876402918069584302e+01
7.012492419648272346e+01
7.021528198908428919e+01
6.982202380952381304e+01
6.908560090702947321e+01
7.030012004801920966e+01
6.964705882352940591e+01
6.858571428571428896e+01
7.108372383630116076e+01
6.979591836734694255e+01
7.043660714285714164e+01
6.948134110787171380e+01
6.920174927113703234e+01
6.844842801985659264e+01
6.969297719087634846e+01
6.854627354627353952e+01
6.937201166180757639e+01
6.790749601275916802e+01
6.946995464852608393e+01
7.017046818727490631e+01
7.028542274052477978e+01
6.953513513513513544e+01
6.832250000000000512e+01
6.947521865889213188e+01
6.982128279883382049e+01
6.998726500909641857e+01
7.105145202020202078e+01
6.893850698174006197e+01
6.943792517006802711e+01
6.964956268221574476e+01
7.057606997813184080e+01
6.971564126109581139e+01
6.939824263038548224e+01
6.946067746686303224e+01
6.869490108665365824e+01
6.880171428571428294e+01
6.890860964056840032e+01
6.964344023323614863e+01
6.917517006802721369e+01
6.822386022386022830e+01
6.793284193284193861e+01
7.112621055920024560e+01
6.777591706539074323e+01
6.854399999999999693e+01
6.789393939393939092e+01
6.813249999999999318e+01
6.832104832104832326e+01
6.872147058823529164e+01
6.915864833906070430e+01
7.062346813725490335e+01
6.786759486759487459e+01
6.849200220628792124e+01
6.815195808052951065e+01
7.047331716191631301e+01
6.924956268221573907e+01
7.051182534869617768e+01
6.939737609329445434e+01
6.912265512265511802e+01
7.250050933786077678e+01
6.918990929705215365e+01
6.973991163475699295e+01
6.985918367346938851e+01
7.003980986333927206e+01
7.013226010101010388e+01
6.791081081081081550e+01
6.932040816326531285e+01
6.795495495495495675e+01
6.787360087360087846e+01
7.050870348139255839e+01
6.812906784335355326e+01
7.042156862745098067e+01
6.866326530612245449e+01
6.929067055393585406e+01
6.992915451895044043e+01
6.846240179573513274e+01
6.996229749631811501e+01
6.824326599326599307e+01
6.935568513119532952e+01
6.898585858585857977e+01
6.867970521541950291e+01
6.811680988184747321e+01
6.916056422569027973e+01
7.093533270852859118e+01
6.852207792207792636e+01
6.993696612665684142e+01
6.959125364431487526e+01
7.031594906003638812e+01
6.953819241982506583e+01
6.861503928170594691e+01
6.778973684210525619e+01
6.855864197530864601e+01
6.973682703321878762e+01
6.998268398268398016e+01
7.140495356037150998e+01
7.105238095238095752e+01
6.861070161070161078e+01
6.914172335600906649e+01
7.045148574893875093e+01
6.885774410774411081e+01
6.962973760932945311e+01
6.998469387755102389e+01
7.034202546998180594e+01
7.073289597000936624e+01
6.831695331695331674e+01
6.865278543849971982e+01
7.059494047619047308e+01
7.054639175257732120e+01
6.867199775533109118e+01
6.959096209912536324e+01
7.015696278511404671e+01
7.088265615524559848e+01
7.000570228091235947e+01
7.002821128451380162e+01
7.047990105132961958e+01
6.847083333333333144e+01
7.041926770708283811e+01
7.051075110456554285e+01
6.951572871572871293e+01
7.072312223858615710e+01
6.968367346938775597e+01
6.778367346938775029e+01
7.021068427370948939e+01
6.900202020202020492e+01
7.156372549019607732e+01
6.754973684210526130e+01
6.965014577259475459e+01
6.907738095238094900e+01
7.045072886297376158e+01
7.114523953911461263e+01
6.969642857142856940e+01
6.853108108108108354e+01
6.816230936819171404e+01
6.932409812409812844e+01
7.140972222222222854e+01
6.812728249194414332e+01
6.788083333333332803e+01
7.098484848484848442e+01
6.723263157894736253e+01
6.759994683678894489e+01
6.810493827160493652e+01
6.851832611832611519e+01
6.839534231200897807e+01
7.009309590752889108e+01
6.923529411764705799e+01
6.758324324324324550e+01
6.909350935093509349e+01
6.850995670995671105e+01
6.689483542948889294e+01
6.802156702156702295e+01
6.746355446355445906e+01
6.702657894736842081e+01
6.915096038415366309e+01
6.858874458874458924e+01
6.759159159159159458e+01
6.927988338192419349e+01
7.261867572156197070e+01
6.862205387205386842e+01
6.906156930126002180e+01
6.819708454810495368e+01
6.885419734904270683e+01
6.925478645066273486e+01
6.857884399551066679e+01
6.849064625850340349e+01
6.947559523809523796e+01
6.897107674684994549e+01
6.928235967926688943e+01
6.958944815039417620e+01
6.887580174927113319e+01
6.874140893470790559e+01
6.888029782359679132e+01
6.809495387954422085e+01
6.922973760932944742e+01
6.844608526051824526e+01
6.899284077892325229e+01
6.950898379970544738e+01
6.860459183673469852e+01
6.929455081001472649e+01
6.973539518900344092e+01
6.952332361516035064e+01
6.890986394557823758e+01
6.964771723122238711e+01
6.976822916666667140e+01
6.945390279823268997e+01
6.931643757159221764e+01
6.840870032223415365e+01
6.895861678004534667e+01
6.955475062691557753e+01
6.930899198167239206e+01
7.068981200727714054e+01
6.911897464474783703e+01
6.974226804123711076e+01
7.040842105263158146e+01
7.116191631291691522e+01
6.854274682846111943e+01
6.969845360824741931e+01
7.133293233082706308e+01
6.871703743895821503e+01
6.968565759637188251e+01
6.932850376149345095e+01
6.905628308721092878e+01
6.909835608804681328e+01
