1.030118845500848863e+02
1.030741792929292870e+02
1.027386067708333286e+02
1.023691406250000000e+02
1.026975806451612954e+02
1.018361162646876892e+02
1.016069978131833835e+02
1.022933458294283042e+02
1.038859915100060647e+02
1.026997813183380259e+02
1.037177419354838719e+02
1.017013888888888857e+02
1.036865234375000000e+02
1.029601374570446666e+02
1.034054982817869472e+02
1.031145833333333286e+02
1.021084183673469425e+02
1.033011750154607284e+02
1.034845328282828234e+02
1.027873711340206171e+02
1.030689432989690744e+02
1.023607038123167143e+02
1.035102040816326507e+02
1.036861979166666714e+02
1.021175902061855680e+02
1.020510204081632679e+02
1.023551747311827995e+02
1.011864095500459086e+02
1.029579861111111114e+02
1.033623089983022112e+02
1.038573994252873547e+02
0.000000000000000000e+00
1.031927083333333286e+02
1.031507092198581574e+02
1.035497311827956963e+02
1.038921023359288114e+02
1.027382003395585741e+02
1.035541595925297145e+02
1.027999999999999972e+02
1.025841924398625480e+02
1.021263440860215042e+02
1.024891447368421069e+02
1.032006379585326954e+02
1.016355229591836746e+02
0.000000000000000000e+00
1.020586921850079705e+02
1.028418560606060623e+02
1.027482638888888857e+02
1.025312306740878228e+02
1.028390092879256912e+02
1.038346354166666714e+02
1.032020202020202078e+02
1.022188940092165836e+02
1.027479215164615880e+02
1.018073979591836746e+02
1.022331227136681093e+02
1.022021484375000000e+02
1.020771723122238654e+02
1.037973484848484844e+02
1.017290592783505190e+02
1.025070175438596465e+02
1.013579252577319636e+02
1.019307345360824684e+02
1.032699490662139254e+02
1.029767145135566153e+02
1.012335695876288639e+02
1.019547016557325776e+02
1.025517578125000000e+02
1.038110137672090048e+02
1.013854166666666714e+02
1.011674476726023073e+02
1.023161403508771912e+02
1.011936894720399920e+02
1.027244623655913927e+02
1.032050933786078133e+02
1.014967783505154699e+02
1.018296568627450966e+02
1.010498737373737441e+02
1.027740350877192981e+02
1.026730961090788128e+02
1.012699142156862706e+02
1.015210871602624110e+02
1.027842105263157890e+02
1.009782475490196134e+02
1.000757575757575779e+02
1.028650717703349216e+02
1.014065476190476147e+02
1.025533854166666714e+02
1.036101973684210549e+02
1.030238970588235361e+02
1.017116526085598309e+02
1.023480392156862706e+02
1.028203686348016248e+02
1.031230865354576736e+02
1.033704689058862698e+02
1.036295532646048088e+02
1.036019138755980862e+02
1.032393002186816631e+02
1.030872395833333286e+02
1.045980263157894683e+02
1.031874414245548337e+02
1.021991253644314810e+02
1.030206185567010380e+02
1.023730084348641043e+02
1.026700268817204318e+02
