0.000000000000000000e+00
9.304242749731471918e+01
0.000000000000000000e+00
0.000000000000000000e+00
0.000000000000000000e+00
0.000000000000000000e+00
0.000000000000000000e+00
0.000000000000000000e+00
0.000000000000000000e+00
0.000000000000000000e+00
0.000000000000000000e+00
0.000000000000000000e+00
7.859489795918366895e+01
0.000000000000000000e+00
0.000000000000000000e+00
0.000000000000000000e+00
0.000000000000000000e+00
0.000000000000000000e+00
0.000000000000000000e+00
0.000000000000000000e+00
0.000000000000000000e+00
0.000000000000000000e+00
0.000000000000000000e+00
0.000000000000000000e+00
0.000000000000000000e+00
0.000000000000000000e+00
0.000000000000000000e+00
0.000000000000000000e+00
0.000000000000000000e+00
0.000000000000000000e+00
7.711891032014317204e+01
0.000000000000000000e+00
0.000000000000000000e+00
0.000000000000000000e+00
0.000000000000000000e+00
0.000000000000000000e+00
0.000000000000000000e+00
0.000000000000000000e+00
0.000000000000000000e+00
0.000000000000000000e+00
0.000000000000000000e+00
0.000000000000000000e+00
0.000000000000000000e+00
0.000000000000000000e+00
0.000000000000000000e+00
0.000000000000000000e+00
0.000000000000000000e+00
0.000000000000000000e+00
0.000000000000000000e+00
0.000000000000000000e+00
0.000000000000000000e+00
0.000000000000000000e+00
8.626480836236933669e+01
0.000000000000000000e+00
0.000000000000000000e+00
0.000000000000000000e+00
0.000000000000000000e+00
0.000000000000000000e+00
0.000000000000000000e+00
0.000000000000000000e+00
0.000000000000000000e+00
0.000000000000000000e+00
0.000000000000000000e+00
0.000000000000000000e+00
0.000000000000000000e+00
0.000000000000000000e+00
8.605417881438289385e+01
8.391836734693877986e+01
8.335413308772737651e+01
8.383190819081907819e+01
8.575121129134190312e+01
8.641468502294534915e+01
8.589836810576326798e+01
8.519387755102040671e+01
8.472593718338399071e+01
0.000000000000000000e+00
0.000000000000000000e+00
0.000000000000000000e+00
0.000000000000000000e+00
0.000000000000000000e+00
0.000000000000000000e+00
0.000000000000000000e+00
0.000000000000000000e+00
8.357526205450733414e+01
8.265211200759372900e+01
8.115942028985507761e+01
8.197275405007363247e+01
8.170300000000000296e+01
8.313711583924349213e+01
8.853897435897435741e+01
8.887615965480043201e+01
9.285858585858585457e+01
9.837081565299386909e+01
1.022944250871080101e+02
1.025841924398625480e+02
0.000000000000000000e+00
1.046512755102040870e+02
1.033746532963516103e+02
1.036693343743900044e+02
1.037339380196522995e+02
1.044045002616431219e+02
1.031015175300889553e+02
1.047101117886178798e+02
1.040287700791177201e+02
1.041759211209133298e+02
1.033305921052631646e+02
1.034831730769230802e+02
1.033851091142490333e+02
1.019456614509246037e+02
1.023160593792172790e+02
1.016022127231581607e+02
1.016130193905817123e+02
1.017972972972972912e+02
1.002780612244897895e+02
1.013444807643952714e+02
1.020430372807017534e+02
1.006496598639455726e+02
1.007780612244897895e+02
1.018492476851851904e+02
1.019265202702702737e+02
1.005971242539337993e+02
1.011196675900277029e+02
1.025129504504504467e+02
1.012231359649122737e+02
1.017373846988605521e+02
0.000000000000000000e+00
0.000000000000000000e+00
0.000000000000000000e+00
0.000000000000000000e+00
1.012187670485542839e+02
1.025535092085614792e+02
nan
1.012824969400244868e+02
nan
1.012573684210526324e+02
nan
1.012017276422764240e+02
1.019196820175438631e+02
1.018149584487534582e+02
1.023991894630192547e+02
1.018025095471903967e+02
1.016642105263157845e+02
1.015497474747474769e+02
1.019551066217732824e+02
1.012365165759524928e+02
1.011448979591836803e+02
1.009670147128618822e+02
1.009792880258899714e+02
1.013042494342469269e+02
9.977152477152476706e+01
1.018152947154471519e+02
1.011219512195121979e+02
1.012131443298969060e+02
1.014442708333333343e+02
1.010351562500000000e+02
1.018714430894308975e+02
1.023117794486215502e+02
1.007585470085470121e+02
1.023835807050092797e+02
1.008041666666666600e+02
1.006744438415626632e+02
1.017497258771929864e+02
1.012486311597809845e+02
1.009064211050273769e+02
1.013507669097309503e+02
9.936212121212120962e+01
1.002255050505050491e+02
1.020427835051546452e+02
9.991136363636363171e+01
1.024985119047618980e+02
1.038144430844553199e+02
1.004879644165358457e+02
1.007755749405233985e+02
1.013991130820399178e+02
1.003128947368421109e+02
1.002053030303030283e+02
1.025484234234234293e+02
9.956122448979591866e+01
1.029530088707743971e+02
1.010398860398860421e+02
1.013579277864992179e+02
1.026126656848306311e+02
1.019795454545454589e+02
1.028742559523809490e+02
1.010566326530612287e+02
1.018670367433254000e+02
1.030548899414878861e+02
1.034129283923098370e+02
1.028508771929824519e+02
1.022454954954954900e+02
1.017834743653559002e+02
1.018183760683760681e+02
1.025778357854769780e+02
1.022306140744060912e+02
1.017264254385964932e+02
1.014307266784008021e+02
1.022413265306122412e+02
1.019839650145772652e+02
1.005486547648981599e+02
1.019556025369978869e+02
1.013208149239077045e+02
9.958647959183673493e+01
1.015121025154247718e+02
1.014899250234301746e+02
1.021076480460321250e+02
9.940965816603363692e+01
1.017655238551906081e+02
1.009382812500000028e+02
1.010014932802389183e+02
1.016110590440487300e+02
1.021610538373424930e+02
1.022078785002372996e+02
1.021792408622305572e+02
1.019961639894509773e+02
1.018640246796393001e+02
1.016511627906976685e+02
1.006414656771799656e+02
1.017507029053420808e+02
1.018963443963443893e+02
1.015148202137998084e+02
1.027607288420043119e+02
1.026827553889409614e+02
1.022740575396825449e+02
1.031459335624284108e+02
1.022530179847253038e+02
1.014050792054312353e+02
1.003260101010100982e+02
9.999722222222222001e+01
1.001449999999999960e+02
1.003693027839369307e+02
9.852022727272726854e+01
9.697486671744097464e+01
9.821005475360875892e+01
9.708746556473829514e+01
9.975048449612403090e+01
9.907560296846011738e+01
9.877672497570456756e+01
9.685606060606060908e+01
9.675113224637681242e+01
9.693270165208940625e+01
9.674666666666666970e+01
9.941641337386018051e+01
9.775263157894737276e+01
9.758677685950412695e+01
9.746277939747326968e+01
9.697912109763372257e+01
9.631245043616178236e+01
9.764359351988217384e+01
9.689582496989160632e+01
9.705885167464114716e+01
9.680645933014353943e+01
9.767331042382588180e+01
9.603682487725041028e+01
9.630150631681243567e+01
9.674687830687830115e+01
9.852882751937984551e+01
9.734337921214996925e+01
9.895620265151515582e+01
9.650687056737588421e+01
9.669074074074073621e+01
9.677169590643275399e+01
9.825654069767442422e+01
9.566689576174111664e+01
9.627156007751938205e+01
9.835640648011782616e+01
9.872910592808551655e+01
9.810204081632653583e+01
9.652150000000000318e+01
9.849459990181640023e+01
9.810774410774411081e+01
9.475328798185941537e+01
9.790557638238050231e+01
9.593863224637681242e+01
9.826358950328022956e+01
9.872577519379845512e+01
9.809302896416298267e+01
9.792562592047127623e+01
9.754780361757106277e+01
9.822378677395020929e+01
9.576122448979592150e+01
9.564968837309262994e+01
9.488257575757575069e+01
9.759499514091351102e+01
9.560980479148180677e+01
9.892684659090909349e+01
9.685328014184396750e+01
9.647568710359408328e+01
9.877966914409014976e+01
9.865398886827458114e+01
9.840305493964029893e+01
9.874684159378037407e+01
9.687878787878787534e+01
9.590202020202019639e+01
9.589849999999999852e+01
9.602741702741703023e+01
9.590480368501864916e+01
9.690089034676663005e+01
