9.139603960396038929e+01
9.365221346270466540e+01
9.498925781250000000e+01
9.409924768518519045e+01
9.538310708898944767e+01
9.475419132149900747e+01
9.605122265122264480e+01
9.753293098924166316e+01
9.637728937728937240e+01
9.789006394490900220e+01
9.879302884615384528e+01
9.816862101313320466e+01
9.956101190476189799e+01
9.969057142857143106e+01
1.000427027027026980e+02
9.970855614973261538e+01
1.011216044681391253e+02
1.010972388955582204e+02
1.013902798232695091e+02
9.974773242630385539e+01
1.013587886767610229e+02
9.772527472527472980e+01
9.998093447905478115e+01
9.946296296296296191e+01
9.889328503761493039e+01
1.002128787878787932e+02
9.805058763413387624e+01
1.017170675830469690e+02
9.877919556171983118e+01
9.784526315789473472e+01
9.843867243867244099e+01
9.779944148260979375e+01
9.995374999999999943e+01
9.896399999999999864e+01
9.890568119139547321e+01
9.773168214654282338e+01
9.872727272727273373e+01
9.804166666666667140e+01
9.846938775510204778e+01
9.803371688520203975e+01
9.643338360985420366e+01
9.933828076685219344e+01
9.871085714285713664e+01
9.919837261503927550e+01
9.890812613705276135e+01
9.938325330132052216e+01
9.731072984749455657e+01
9.854349046015713043e+01
9.940630685263796806e+01
9.925992063492063266e+01
9.880402160864345262e+01
9.995980210265923915e+01
1.001939338235294059e+02
1.006527777777777715e+02
9.790253890253890745e+01
9.843422913719943779e+01
1.018177437641723344e+02
9.900333333333333030e+01
9.922222222222222854e+01
1.013085961657390186e+02
1.005364431486880505e+02
9.743674367436743466e+01
1.006401560624249640e+02
1.014989690721649538e+02
9.899660537482319000e+01
9.831117647058823650e+01
9.959427609427609696e+01
1.012192419825072847e+02
1.003341419041843494e+02
1.019551767676767611e+02
9.928804664723031692e+01
1.008626440266828439e+02
1.018197438300531132e+02
1.020129419191919169e+02
1.012279823269514054e+02
1.012339893783192792e+02
1.018003748828491126e+02
1.010486880466472286e+02
1.007716171617161649e+02
1.001556743909685139e+02
1.003580325774512971e+02
1.015415403274711963e+02
1.013243004418262103e+02
1.022936582318025671e+02
1.006635802469135825e+02
1.002624716553287954e+02
1.015555222088835592e+02
9.985324754901961342e+01
9.979664769133459856e+01
1.018316216216216219e+02
1.008566217732884382e+02
1.012686042797828208e+02
1.016825082508250802e+02
1.019483405483405534e+02
1.004812121212121241e+02
1.023516034985422749e+02
1.004888260254596872e+02
1.018729032258064535e+02
9.856015037593985539e+01
1.000596153846153840e+02
9.882952069716775156e+01
9.933818770226537254e+01
1.025179631365198389e+02
1.034415807560137495e+02
1.030208333333333286e+02
1.005232054455445478e+02
