81.51517027863777
81.51517027863777
81.51517027863777
81.51517027863777
76.82946486137976
76.82946486137976
76.82946486137976
76.82946486137976
67.51971214017522
67.51971214017522
67.51971214017522
67.51971214017522
67.3238423028786
67.3238423028786
67.3238423028786
67.3238423028786
66.50091185410335
66.50091185410335
66.50091185410335
66.50091185410335
67.79608585858585
67.79608585858585
67.79608585858585
67.79608585858585
67.30444305381727
67.30444305381727
67.30444305381727
67.30444305381727
66.66192283364958
66.66192283364958
66.66192283364958
66.66192283364958
66.9471853257432
66.9471853257432
66.9471853257432
66.9471853257432
67.7550514002127
67.7550514002127
67.7550514002127
67.7550514002127
67.05652173913043
67.05652173913043
67.05652173913043
67.05652173913043
67.22826086956522
67.22826086956522
67.22826086956522
67.22826086956522
67.30392156862744
67.30392156862744
67.30392156862744
67.30392156862744
67.38979266347687
67.38979266347687
67.38979266347687
67.38979266347687
69.76679841897233
69.76679841897233
69.76679841897233
69.76679841897233
70.17053513862024
70.17053513862024
70.17053513862024
70.17053513862024
69.92154255319149
69.92154255319149
69.92154255319149
69.92154255319149
68.8643543956044
68.8643543956044
68.8643543956044
68.8643543956044
69.23188405797102
69.23188405797102
69.23188405797102
69.23188405797102
67.84615384615384
67.84615384615384
67.84615384615384
67.84615384615384
67.18610013175231
67.18610013175231
67.18610013175231
67.18610013175231
66.48978919631094
66.48978919631094
66.48978919631094
66.48978919631094
66.1334918478261
66.1334918478261
66.1334918478261
66.1334918478261
64.02953296703296
64.02953296703296
64.02953296703296
64.02953296703296
63.74962962962963
63.74962962962963
63.74962962962963
63.74962962962963
64.60942028985507
64.60942028985507
64.60942028985507
64.60942028985507
65.0203366058906
65.0203366058906
65.0203366058906
65.0203366058906
66.47440392706872
66.47440392706872
66.47440392706872
66.47440392706872
66.65203761755485
66.65203761755485
66.65203761755485
66.65203761755485
68.14583333333333
68.14583333333333
68.14583333333333
68.14583333333333
68.73057184750733
68.73057184750733
68.73057184750733
68.73057184750733
69.22311022311023
69.22311022311023
69.22311022311023
69.22311022311023
69.61254480286739
69.61254480286739
69.61254480286739
69.61254480286739
69.05001812250815
69.05001812250815
69.05001812250815
69.05001812250815
69.58321629213484
69.58321629213484
69.58321629213484
69.58321629213484
70.11899641577061
70.11899641577061
70.11899641577061
70.11899641577061
70.25299021384559
70.25299021384559
70.25299021384559
70.25299021384559
70.36572890025576
70.36572890025576
70.36572890025576
70.36572890025576
70.88579474342929
70.88579474342929
70.88579474342929
70.88579474342929
71.01612903225806
71.01612903225806
71.01612903225806
71.01612903225806
71.26408010012516
71.26408010012516
71.26408010012516
71.26408010012516
72.32599681020734
72.32599681020734
72.32599681020734
72.32599681020734
71.50577507598784
71.50577507598784
71.50577507598784
71.50577507598784
70.08517578832911
70.08517578832911
70.08517578832911
70.08517578832911
69.35900621118013
69.35900621118013
69.35900621118013
69.35900621118013
69.13857677902622
69.13857677902622
69.13857677902622
69.13857677902622
69.16308243727599
69.16308243727599
69.16308243727599
69.16308243727599
68.80306905370844
68.80306905370844
68.80306905370844
68.80306905370844
69.57992026096412
69.57992026096412
69.57992026096412
69.57992026096412
69.59087643678161
69.59087643678161
69.59087643678161
69.59087643678161
69.3231534090909
69.3231534090909
69.3231534090909
69.3231534090909
69.20405944182674
69.20405944182674
69.20405944182674
69.20405944182674
68.4088888888889
68.4088888888889
68.4088888888889
68.4088888888889
67.32608695652173
67.32608695652173
67.32608695652173
67.32608695652173
67.24936571221457
67.24936571221457
67.24936571221457
67.24936571221457
64.54377880184332
64.54377880184332
64.54377880184332
64.54377880184332
64.26648351648352
64.26648351648352
64.26648351648352
64.26648351648352
64.94993412384717
64.94993412384717
64.94993412384717
64.94993412384717
66.79891304347827
66.79891304347827
66.79891304347827
66.79891304347827
66.85748626373626
66.85748626373626
66.85748626373626
66.85748626373626
66.53879453879453
66.53879453879453
66.53879453879453
66.53879453879453
65.55311355311355
65.55311355311355
65.55311355311355
65.55311355311355
