9.075105001909125235e+01
9.061530172413793593e+01
9.264941690962099585e+01
9.185257731958762406e+01
8.915800000000000125e+01
8.848659793814432817e+01
8.931271477663230485e+01
8.801368523949169287e+01
8.839866666666667072e+01
8.932479443390259632e+01
8.987065455684309256e+01
9.195206896551724185e+01
9.052833333333333599e+01
8.801874999999999716e+01
9.083088954056695741e+01
8.903333333333333144e+01
8.869326599326599592e+01
8.962376237623762165e+01
9.019599999999999795e+01
9.004612794612795312e+01
9.085907590759076413e+01
8.884455445544554664e+01
8.815876027830486805e+01
8.764047029702970804e+01
8.735506580961126133e+01
8.539669421487603529e+01
8.463728191000917889e+01
8.455631188118812247e+01
8.419891989198919191e+01
8.421687500000000171e+01
8.406260920209668086e+01
8.280911764705882661e+01
8.278945835760046634e+01
8.420787878787878356e+01
8.511147058823529221e+01
8.686908863138114612e+01
8.529233511586453176e+01
8.847899999999999920e+01
9.147943722943722378e+01
9.211147186147185550e+01
9.275245653817081859e+01
9.430007558578986959e+01
9.278896551724137964e+01
9.164275862068966205e+01
9.140774193548386961e+01
9.117929292929292728e+01
9.226195286195286371e+01
9.206766666666666765e+01
9.208268824771288052e+01
9.191071428571429180e+01
9.052236652236652503e+01
9.027056277056277622e+01
8.801699999999999591e+01
8.810066179031696265e+01
8.586979166666667140e+01
8.188435550935551532e+01
7.552885714285714869e+01
7.144425770308123447e+01
7.137765205091938014e+01
7.225441176470587834e+01
7.199264497878358782e+01
7.102995049504950487e+01
7.229537802265075186e+01
7.258799999999999386e+01
7.315676470588235247e+01
7.282545968882602949e+01
7.286716171617162274e+01
7.437310606060606233e+01
7.693459345934593330e+01
7.789100346020761378e+01
7.878450786255096716e+01
7.803245324532453253e+01
7.880052417006406529e+01
7.940686881188118207e+01
7.793709959231216544e+01
7.836121212121211954e+01
7.837852941176470267e+01
8.034746287128713504e+01
8.064142857142857679e+01
8.374116161616161946e+01
8.583221288515406400e+01
8.806341911764705799e+01
8.854869281045750995e+01
8.733274492497793062e+01
8.781075460487225826e+01
8.773756987349220537e+01
8.770172413793103772e+01
8.842171717171717660e+01
8.809586206896551630e+01
8.789217687074830110e+01
8.813164983164983823e+01
8.939466089466088761e+01
8.894752186588921461e+01
8.714493996569468948e+01
8.531512027491409356e+01
8.393673469387755404e+01
8.393420126671358616e+01
8.238909313725490335e+01
8.212691269126912630e+01
8.331961633663365774e+01
8.241030867792662207e+01
8.243256090314913820e+01
8.311322580645160940e+01
8.269299051117232580e+01
8.285875000000000057e+01
8.227152715271526517e+01
8.305878712871286496e+01
8.497786211258697620e+01
8.660117302052785249e+01
8.741648035771319769e+01
8.935200000000000387e+01
9.056799999999999784e+01
9.005154965211890783e+01
8.972776967930029457e+01
8.975052779732583019e+01
8.899085151301899543e+01
8.845986394557823473e+01
8.914895129754710013e+01
8.829326599326599023e+01
