0.000000000000000000e+00
0.000000000000000000e+00
0.000000000000000000e+00
0.000000000000000000e+00
0.000000000000000000e+00
0.000000000000000000e+00
0.000000000000000000e+00
0.000000000000000000e+00
0.000000000000000000e+00
0.000000000000000000e+00
0.000000000000000000e+00
0.000000000000000000e+00
0.000000000000000000e+00
0.000000000000000000e+00
0.000000000000000000e+00
0.000000000000000000e+00
0.000000000000000000e+00
0.000000000000000000e+00
0.000000000000000000e+00
0.000000000000000000e+00
0.000000000000000000e+00
0.000000000000000000e+00
0.000000000000000000e+00
0.000000000000000000e+00
0.000000000000000000e+00
0.000000000000000000e+00
0.000000000000000000e+00
0.000000000000000000e+00
0.000000000000000000e+00
0.000000000000000000e+00
0.000000000000000000e+00
0.000000000000000000e+00
0.000000000000000000e+00
0.000000000000000000e+00
0.000000000000000000e+00
0.000000000000000000e+00
0.000000000000000000e+00
0.000000000000000000e+00
0.000000000000000000e+00
0.000000000000000000e+00
0.000000000000000000e+00
1.453055555555555429e+02
0.000000000000000000e+00
0.000000000000000000e+00
0.000000000000000000e+00
0.000000000000000000e+00
0.000000000000000000e+00
0.000000000000000000e+00
0.000000000000000000e+00
0.000000000000000000e+00
0.000000000000000000e+00
0.000000000000000000e+00
0.000000000000000000e+00
0.000000000000000000e+00
0.000000000000000000e+00
0.000000000000000000e+00
0.000000000000000000e+00
0.000000000000000000e+00
0.000000000000000000e+00
0.000000000000000000e+00
0.000000000000000000e+00
0.000000000000000000e+00
0.000000000000000000e+00
0.000000000000000000e+00
0.000000000000000000e+00
0.000000000000000000e+00
0.000000000000000000e+00
0.000000000000000000e+00
9.918405103668261802e+01
9.716090629800306999e+01
9.709356725146199096e+01
9.635106382978723616e+01
9.744750158127767747e+01
9.858392857142857224e+01
9.865086206896552312e+01
9.809872922776148130e+01
9.412871287128713504e+01
9.333549783549783285e+01
9.353335336538461320e+01
9.275970873786407367e+01
9.305419580419579972e+01
9.466899766899767599e+01
9.965965346534653690e+01
1.002655809583463764e+02
1.007419554455445478e+02
1.009775883838383805e+02
1.010541460396039639e+02
1.009550342130987275e+02
1.006384374999999949e+02
9.924416909620991589e+01
9.849225897255453788e+01
9.792676857447564487e+01
9.850067340067340638e+01
9.778310344827586675e+01
9.847923997185080225e+01
9.932864180154820133e+01
9.961224489795918657e+01
9.903231292517007489e+01
9.916386083052749711e+01
9.886833855799372373e+01
9.885788923719958632e+01
9.911569940476189799e+01
9.920865587614356684e+01
9.928645066273932684e+01
9.994345238095237960e+01
9.967614646285105096e+01
9.912983814215341738e+01
9.917673048600883590e+01
9.957738095238094900e+01
9.964507140369209992e+01
9.932723434201267310e+01
9.942565597667638144e+01
9.973961840628507503e+01
9.941059367223604681e+01
9.922230320699708273e+01
9.942063492063492447e+01
1.001956228956228898e+02
1.007422613229064865e+02
1.006573403554970412e+02
1.002922975641869670e+02
1.017192615813305423e+02
1.011068965517241338e+02
1.009244165795889927e+02
1.000333333333333314e+02
9.993032258064516782e+01
1.002348387096774189e+02
9.983002438174851534e+01
1.008811447811447835e+02
9.965298142717497853e+01
9.946399478657542659e+01
9.925545780384490513e+01
9.896290322580645693e+01
9.981231671554252216e+01
1.008537414965986443e+02
1.002206451612903209e+02
1.006443333333333356e+02
1.020574829931972829e+02
1.016970000000000027e+02
1.029108843537414941e+02
1.025210000000000008e+02
1.024291300097751645e+02
1.032034233048057956e+02
1.032067741935483838e+02
1.032341105078249797e+02
1.022237787356321803e+02
1.025786637931034448e+02
1.022712406683256319e+02
1.030515426497277645e+02
1.029491833030853059e+02
1.035368541033434582e+02
1.039315789473684220e+02
1.042758077226162357e+02
1.046308787128712936e+02
1.029733796296296333e+02
1.037559523809523796e+02
1.032023809523809490e+02
1.030817378497790884e+02
1.021246527777777828e+02
1.023413107511045723e+02
1.028788778877887751e+02
1.030117241379310400e+02
1.018821163366336577e+02
1.016662500000000051e+02
1.023628233791121005e+02
1.015813333333333333e+02
1.010216584158415856e+02
1.015078125000000000e+02
1.011941964285714306e+02
1.009265625000000028e+02
1.010418038183015170e+02
1.014326571333555052e+02
1.009628543499511295e+02
1.009959183673469454e+02
1.012147279244053379e+02
1.003687096774193606e+02
1.014435483870967687e+02
1.007403062886933895e+02
1.040659863945578252e+02
1.069117647058823479e+02
1.067021604938271651e+02
1.030185244330884728e+02
1.013262387761888874e+02
1.032238095238095212e+02
1.051821664925113140e+02
1.056131313131313192e+02
1.050279349363507748e+02
1.024583768721699784e+02
1.006677442528735611e+02
9.928712174524982004e+01
9.760620915032679079e+01
9.791503267973855884e+01
9.929533333333333189e+01
9.943104575163398806e+01
9.757385620915032121e+01
9.919801980198019464e+01
1.001763015011178481e+02
9.691212121212120678e+01
9.602727272727273089e+01
9.785121790651744789e+01
9.945275297619048160e+01
1.010697855750487264e+02
1.052231292517006835e+02
1.054733377221856472e+02
1.054993265993265936e+02
1.050306451612903231e+02
1.048167741935483832e+02
1.049536746778126144e+02
1.035265517241379314e+02
1.040660714285714334e+02
1.038046647230320758e+02
1.035575757575757621e+02
1.021034482758620641e+02
1.020381944444444429e+02
1.020736922489499818e+02
1.025019801980198082e+02
1.020744107744107794e+02
1.006982553528945346e+02
1.018644012944983785e+02
9.938422229319705536e+01
9.926766666666667049e+01
1.001012456084318103e+02
9.915220795490134265e+01
9.712527403695584383e+01
9.709709044908285591e+01
9.777862112586970511e+01
9.744882133995037066e+01
9.886251174444096534e+01
9.949295333542123387e+01
9.810714285714286120e+01
9.776421282798834511e+01
9.958154959300573239e+01
9.809062049062049482e+01
9.768005952380951840e+01
9.798058252427183845e+01
9.910178515502661867e+01
9.767383381924197749e+01
1.010025300442757725e+02
9.957034482758621152e+01
9.959107142857142492e+01
1.022303767660910552e+02
1.037983333333333320e+02
1.048261290322580663e+02
1.057136054421768705e+02
1.048103333333333325e+02
1.051756666666666717e+02
1.047143333333333288e+02
1.037099936748893043e+02
1.026264516129032245e+02
1.016942501942501877e+02
1.033779310344827564e+02
1.043888888888888857e+02
1.065555555555555571e+02
1.046787524366471729e+02
1.046424951267056542e+02
1.050973207249802925e+02
1.057202020202020236e+02
1.034950000000000045e+02
1.030397074190177591e+02
1.030376495425756502e+02
1.022289655172413774e+02
1.016148275862068999e+02
1.014334482758620624e+02
9.960033333333333871e+01
1.008540816326530631e+02
1.009131313131313163e+02
1.012013468013468014e+02
1.021462585034013557e+02
1.018738095238095269e+02
1.015954838709677404e+02
1.017303030303030340e+02
1.007129032258064569e+02
1.009306861720654780e+02
1.007304147465437723e+02
1.012818688118811821e+02
1.012571257125712521e+02
9.896510989010988624e+01
9.954603626022040430e+01
9.705830074653394490e+01
9.691374570446735959e+01
9.706798679867986834e+01
9.655521885521885395e+01
9.759562289562289550e+01
9.869616336633663423e+01
1.006162616261626113e+02
1.014529702970297080e+02
1.011653465346534659e+02
1.004425625920471248e+02
1.017906666666666666e+02
1.010204081632653015e+02
1.003396501457725947e+02
1.001851851851851904e+02
9.931958762886597469e+01
9.891870748299319871e+01
9.934421768707483125e+01
1.000113757554212555e+02
9.950206185567010664e+01
9.951745926172264944e+01
9.898956228956228642e+01
9.939491691104593940e+01
9.986195286195285803e+01
9.998687499999999773e+01
1.002189638318670575e+02
9.955653307266210561e+01
1.000025510204081627e+02
9.976830808080808310e+01
9.912021683673469852e+01
9.866129032258064058e+01
9.819420006516780575e+01
9.832733333333332837e+01
9.824545454545454959e+01
9.794558488106875416e+01
9.883400673400673497e+01
9.648222514812376005e+01
9.485245310245309724e+01
9.796484375000000000e+01
9.595833333333332860e+01
9.695358910891089010e+01
9.923499999999999943e+01
9.932112211221122777e+01
9.923206896551724299e+01
9.970666666666666345e+01
9.810068728522337267e+01
1.001547735418703127e+02
1.000406250000000057e+02
9.781976537504444025e+01
9.656667775191220926e+01
9.831237113402062278e+01
9.728759331674369548e+01
9.707812500000000000e+01
9.740239441303624801e+01
9.395250368188511914e+01
9.352466863033873778e+01
9.503525108081143458e+01
1.014537931034482767e+02
1.030547409579667715e+02
1.039023333333333312e+02
1.047259109311740843e+02
1.073018094912939517e+02
1.067317241379310389e+02
1.045708285605192884e+02
1.034314868804664655e+02
1.035281635802469111e+02
1.054300000000000068e+02
1.060743333333333283e+02
1.056068348770360927e+02
1.047517924206213706e+02
1.045860544217687078e+02
1.028944281524926652e+02
1.006223749522718549e+02
1.038903333333333308e+02
1.038752577319587687e+02
1.028767676767676704e+02
1.037636424506193435e+02
1.034465687948105170e+02
1.025605661619486568e+02
1.021848560255954510e+02
1.037505277973258302e+02
1.051402107952730773e+02
1.014881249999999966e+02
1.003278186274509807e+02
9.954031249999999886e+01
9.942721330956625536e+01
9.883957219251337278e+01
1.000937500000000000e+02
1.001194444444444400e+02
1.019314124647666802e+02
1.025164452877925356e+02
1.036428571428571388e+02
1.015295566502463060e+02
1.003040404040404070e+02
9.987823129251700038e+01
9.986483870967741439e+01
9.919225589225588635e+01
9.904040404040404155e+01
9.943670033670034059e+01
9.907559465623981509e+01
9.926938775510204493e+01
9.827781249999999602e+01
9.955085508550854456e+01
9.829298303957432381e+01
1.001077097505668974e+02
9.834007551240560474e+01
1.014885626493683901e+02
1.041565365025466861e+02
9.983666237113402531e+01
9.805656565656565249e+01
9.928350168350168303e+01
9.817388316151202332e+01
9.595578231292516591e+01
9.581406480117820479e+01
9.915068069306930454e+01
1.009726666666666688e+02
1.041406015037593988e+02
9.913863476425052568e+01
9.755303970223324939e+01
9.498014888337469586e+01
9.841176470588234793e+01
9.654382535027696122e+01
9.881853012887495424e+01
1.024346938775510267e+02
9.967276565798732690e+01
1.022311616954474118e+02
1.046836734693877560e+02
1.030611192930780504e+02
1.035567669172932312e+02
1.024189143052236233e+02
1.016526143790849659e+02
9.946498316498316683e+01
9.746666666666666856e+01
9.720983711274352856e+01
9.443003300330032346e+01
9.372029702970297649e+01
9.375525990099009732e+01
9.365839460784313530e+01
9.334304207119741648e+01
9.515655940594059814e+01
9.446070544554454784e+01
9.462066831683168289e+01
9.442840166369578014e+01
9.457982673267326845e+01
9.452011138613860908e+01
9.550838709677420013e+01
9.616563695204472140e+01
9.702079207920792214e+01
9.597722960151803306e+01
9.638296568627451677e+01
9.574540441176471006e+01
9.529013480392157476e+01
9.526485148514851176e+01
9.482700822264389728e+01
9.557361865218780395e+01
9.583168316831682887e+01
9.661609709358032205e+01
9.668112864077670565e+01
9.373945578231293041e+01
9.712228937077853175e+01
9.711073318216175210e+01
