5.744055944055943552e-01
6.300275482093663504e-01
6.363140676117775563e-01
6.671730324074074403e-01
4.566967383761276755e-01
2.857967754030746210e+00
3.252083333333333215e+00
5.827073317307692513e+00
7.355542095699576066e+00
9.002288667404945599e+00
1.089750495049504941e+01
1.354989400363416152e+01
1.520678847182937155e+01
1.906159855769230660e+01
2.405484834197705624e+01
3.135434173669467839e+01
3.271829607887408997e+01
3.575972611266728762e+01
3.696436352318705332e+01
3.971487378640776456e+01
4.168020541549953606e+01
4.401937441643323723e+01
4.583796078431372223e+01
4.662908496732026009e+01
4.732175389840976010e+01
4.817330479321152836e+01
4.893630622904809968e+01
5.078463366336633555e+01
5.107546581429796362e+01
5.192860457920792072e+01
5.285864000000000118e+01
5.395532860372651385e+01
5.509240389069013588e+01
5.576173227078805184e+01
5.643757631257631147e+01
5.619188084112149539e+01
5.659018664333625281e+01
5.798150943396226609e+01
5.824366105612945432e+01
6.137340952380952075e+01
6.309731853906610866e+01
6.363030724100664060e+01
6.516443548387097451e+01
6.557166430928806733e+01
6.621723577235772495e+01
6.624735156442473283e+01
6.628054740957966828e+01
6.637630270963603607e+01
6.644619047619048047e+01
