0.000000000000000000e+00
0.000000000000000000e+00
0.000000000000000000e+00
0.000000000000000000e+00
0.000000000000000000e+00
0.000000000000000000e+00
0.000000000000000000e+00
0.000000000000000000e+00
0.000000000000000000e+00
0.000000000000000000e+00
0.000000000000000000e+00
0.000000000000000000e+00
0.000000000000000000e+00
0.000000000000000000e+00
0.000000000000000000e+00
0.000000000000000000e+00
0.000000000000000000e+00
0.000000000000000000e+00
0.000000000000000000e+00
0.000000000000000000e+00
0.000000000000000000e+00
0.000000000000000000e+00
0.000000000000000000e+00
0.000000000000000000e+00
0.000000000000000000e+00
0.000000000000000000e+00
0.000000000000000000e+00
0.000000000000000000e+00
0.000000000000000000e+00
0.000000000000000000e+00
0.000000000000000000e+00
0.000000000000000000e+00
0.000000000000000000e+00
0.000000000000000000e+00
0.000000000000000000e+00
0.000000000000000000e+00
0.000000000000000000e+00
0.000000000000000000e+00
0.000000000000000000e+00
0.000000000000000000e+00
0.000000000000000000e+00
0.000000000000000000e+00
0.000000000000000000e+00
0.000000000000000000e+00
0.000000000000000000e+00
0.000000000000000000e+00
0.000000000000000000e+00
0.000000000000000000e+00
0.000000000000000000e+00
0.000000000000000000e+00
0.000000000000000000e+00
0.000000000000000000e+00
0.000000000000000000e+00
0.000000000000000000e+00
0.000000000000000000e+00
0.000000000000000000e+00
0.000000000000000000e+00
0.000000000000000000e+00
0.000000000000000000e+00
0.000000000000000000e+00
0.000000000000000000e+00
0.000000000000000000e+00
0.000000000000000000e+00
0.000000000000000000e+00
0.000000000000000000e+00
0.000000000000000000e+00
0.000000000000000000e+00
0.000000000000000000e+00
0.000000000000000000e+00
0.000000000000000000e+00
0.000000000000000000e+00
0.000000000000000000e+00
0.000000000000000000e+00
0.000000000000000000e+00
0.000000000000000000e+00
0.000000000000000000e+00
0.000000000000000000e+00
0.000000000000000000e+00
0.000000000000000000e+00
0.000000000000000000e+00
0.000000000000000000e+00
0.000000000000000000e+00
0.000000000000000000e+00
0.000000000000000000e+00
0.000000000000000000e+00
0.000000000000000000e+00
0.000000000000000000e+00
0.000000000000000000e+00
0.000000000000000000e+00
0.000000000000000000e+00
0.000000000000000000e+00
0.000000000000000000e+00
0.000000000000000000e+00
0.000000000000000000e+00
0.000000000000000000e+00
0.000000000000000000e+00
0.000000000000000000e+00
0.000000000000000000e+00
0.000000000000000000e+00
0.000000000000000000e+00
0.000000000000000000e+00
0.000000000000000000e+00
0.000000000000000000e+00
0.000000000000000000e+00
0.000000000000000000e+00
0.000000000000000000e+00
0.000000000000000000e+00
0.000000000000000000e+00
0.000000000000000000e+00
0.000000000000000000e+00
0.000000000000000000e+00
0.000000000000000000e+00
0.000000000000000000e+00
0.000000000000000000e+00
0.000000000000000000e+00
0.000000000000000000e+00
0.000000000000000000e+00
8.861074940207281259e+01
6.716366420464781584e+01
6.978992424242424875e+01
6.984559977837288614e+01
7.041621863799282721e+01
7.048284615384615392e+01
7.252250358337315106e+01
6.926556587547300126e+01
7.097849133537206967e+01
7.026594594594594412e+01
7.064000000000000057e+01
7.156991260923845743e+01
6.997704770477047020e+01
7.090936891854323676e+01
7.045270092226614622e+01
7.142428159490901862e+01
7.585228593568383815e+01
7.414580123266563305e+01
7.402253628724217549e+01
7.030524344569288075e+01
6.915340328721329399e+01
6.970447420917639647e+01
6.940130693830482755e+01
6.908971450179618046e+01
6.789582436504520047e+01
6.861795092552733877e+01
6.901232281501530963e+01
6.868656294200849288e+01
6.921982877658105338e+01
6.819950000000000045e+01
6.645634037819799289e+01
6.581890331890332391e+01
6.686583908045976443e+01
6.547634885439762797e+01
6.639816091954023136e+01
6.593594208211143837e+01
6.620374490174268090e+01
6.550763143018654944e+01
6.547282360464053852e+01
6.691210200156706378e+01
6.652942028985506795e+01
6.712217061122170492e+01
6.732124161321242184e+01
6.760724637681158811e+01
6.753309352517985076e+01
6.796416058394160586e+01
6.743344334433443521e+01
6.770041152263374329e+01
6.864370889643709006e+01
6.648081597222221717e+01
6.837862468931234616e+01
6.816805146073438948e+01
6.822168740350558380e+01
6.817890953716690206e+01
6.813445161290322005e+01
6.897598019536999914e+01
6.887133078846913747e+01
6.923906934187307627e+01
6.845686596867699336e+01
6.874273657996680242e+01
6.827053898482469663e+01
6.820476190476190936e+01
6.902338461538461445e+01
6.972473428211132784e+01
7.534660854145116105e+01
7.640725436179981500e+01
7.649487179487179844e+01
7.775037664783427260e+01
7.753760683760684458e+01
7.697921245421245828e+01
7.745400054490963271e+01
7.653734827264239016e+01
7.717863954227590284e+01
7.628349964362081437e+01
7.712916635174967439e+01
7.711500380807311217e+01
7.735628448341017815e+01
7.757265803503426582e+01
7.720115384615384357e+01
7.666969696969697168e+01
7.742115814634898641e+01
7.649704545454545723e+01
7.671212121212121815e+01
7.638230792776246858e+01
7.577574936224489477e+01
7.511029810298103371e+01
7.446498521803400195e+01
7.466826748822036564e+01
7.330578512396694180e+01
7.366169895678092416e+01
7.396962323969623299e+01
7.275810357675111106e+01
7.272187034277197881e+01
7.260093939952109565e+01
7.250794573643410956e+01
7.335088691796008220e+01
7.379569416795693826e+01
7.254683908045977603e+01
7.248680867695915708e+01
7.188082268970698863e+01
7.311510513296227032e+01
7.315417409503139368e+01
7.230607622617931440e+01
7.224874493927126196e+01
7.027795174065205686e+01
7.063972453787604877e+01
7.020300546448088141e+01
7.284884401521803454e+01
7.365085005574135835e+01
7.565166083916084006e+01
7.575129027758404732e+01
7.592171985815602397e+01
7.596066308243727860e+01
7.625530003593244999e+01
7.594849552724315345e+01
7.592806353310554357e+01
7.496213870163450110e+01
7.482211311490888761e+01
7.441194444444444400e+01
7.446703703703703070e+01
7.527188552188552251e+01
7.294150537634408238e+01
7.375335708413264513e+01
7.386079999999999757e+01
7.416026666666667211e+01
7.428724175425878684e+01
7.461700594487479066e+01
7.518968282252316726e+01
7.482509057971014954e+01
7.483767517067911967e+01
7.485156806842481103e+01
7.492587312900926122e+01
7.541875447387258191e+01
7.485150916277397926e+01
7.448333333333333428e+01
7.495858785483291342e+01
7.488497861724874838e+01
7.469809782608695059e+01
7.573167445203017678e+01
7.481003584229391379e+01
7.465955745134630206e+01
7.540833555496311646e+01
7.522998188405797748e+01
7.542545289855073065e+01
7.524955084441251074e+01
7.544551971326164619e+01
7.536317135549872148e+01
7.537669954678752049e+01
7.566949452103216345e+01
7.492133699633698996e+01
7.514642472152353037e+01
7.552694556083302757e+01
7.653050817654299465e+01
7.607888316616968893e+01
7.738905775075987492e+01
7.941750811395600351e+01
7.941891650277132442e+01
7.874396135265700991e+01
8.021532258064516441e+01
7.926604609929077583e+01
7.999551971326164335e+01
7.924813194824129425e+01
7.975322580645160997e+01
7.916393293238563444e+01
7.874977218880991359e+01
7.782796872158574786e+01
7.820074722070347661e+01
7.880158437730287346e+01
7.829032258064516725e+01
7.843475487515947009e+01
7.749861827560795291e+01
7.822589681033703357e+01
7.852987348785667621e+01
7.843239908337740474e+01
7.801920289855073065e+01
7.837281861448968812e+01
7.769874700079978425e+01
7.902573643410852355e+01
7.700696280627533952e+01
7.900822543792840236e+01
7.860603033330306744e+01
7.914276632458449967e+01
7.862146943965126411e+01
7.851486013986013290e+01
7.890943264271352575e+01
7.920517427236795527e+01
7.990789705623127759e+01
8.022693810096153300e+01
8.022785141262643549e+01
8.050138050043140936e+01
7.984565217391303804e+01
8.012687248812568441e+01
7.967921146953405298e+01
7.981429578706152483e+01
7.947304189435337207e+01
7.868231768231768797e+01
7.866286528866714889e+01
7.841781450872359471e+01
8.620408163265305745e+01
8.632594752186588494e+01
8.555723905723905887e+01
8.542027777777778397e+01
8.552637485970819853e+01
8.555613275613275448e+01
8.681065759637188251e+01
8.645103092783504906e+01
8.644956268221574192e+01
8.700736961451246998e+01
8.737199312714776056e+01
8.702653061224489761e+01
8.760660660660660426e+01
8.795257731958763259e+01
8.645310245310245989e+01
8.695861678004534667e+01
8.529783549783549290e+01
8.444242424242423795e+01
8.376916221033867771e+01
8.320393939393939320e+01
8.336883991429445473e+01
8.329818181818181699e+01
8.318151815181518316e+01
8.370515151515151331e+01
8.352088235294117169e+01
8.347272727272726911e+01
8.287908790879087917e+01
8.289048904890489666e+01
8.312848484848484532e+01
8.314661769207224040e+01
8.337832874196510602e+01
8.275547554755475232e+01
8.273878787878787477e+01
8.347696969696970370e+01
8.346941176470588175e+01
8.318515151515151729e+01
8.339141414141414543e+01
8.302196782178218371e+01
8.285454545454545894e+01
8.336093609360936796e+01
8.397582993593476886e+01
8.399849984998499508e+01
8.409735294117646731e+01
8.526890756302520913e+01
8.605171428571428294e+01
8.593206820682068781e+01
9.145112179487179560e+01
8.703861111111110915e+01
8.481171428571428805e+01
8.413205882352940534e+01
8.390028571428571524e+01
8.393389633080954582e+01
8.346151515151515810e+01
8.353171856978084975e+01
8.330496858937749494e+01
8.289678967896789175e+01
8.298349834983498852e+01
8.319951995199519956e+01
8.268496849684969163e+01
8.291479147914790815e+01
8.332500000000000284e+01
8.334176470588235475e+01
8.308545454545453879e+01
8.324942329873125857e+01
8.402333333333332632e+01
8.350960978450785888e+01
8.367705882352940705e+01
8.320380273321450204e+01
8.382796717171717660e+01
8.491969696969697168e+01
8.681463146314631274e+01
8.775028571428570956e+01
8.782057142857142651e+01
8.751565426812950932e+01
8.761357850070722009e+01
8.887333333333333485e+01
8.873092031425365178e+01
8.809773409773410435e+01
8.792222222222221717e+01
8.930444444444444230e+01
8.843127250900360536e+01
8.846015712682378762e+01
9.166809851088201810e+01
8.851611111111111541e+01
8.880102040816326792e+01
8.915572390572390304e+01
8.793805555555555031e+01
8.762513513513513885e+01
8.807631874298540708e+01
8.787852206273258560e+01
8.770622895622895498e+01
8.848483177054605164e+01
8.726150392817059753e+01
8.718574635241301962e+01
8.680599999999999739e+01
8.748367346938775313e+01
8.701666666666666572e+01
8.612794612794613158e+01
8.497558823529411143e+01
8.431999999999999318e+01
8.481038103810381301e+01
8.421757575757575864e+01
8.473762376237623073e+01
8.476701268742790774e+01
8.487281249999999488e+01
8.508446782178218371e+01
8.661484848484847987e+01
8.642124212421242646e+01
8.737470588235294144e+01
8.651515151515151558e+01
8.654093749999999829e+01
8.676499708794408150e+01
8.643502475247524330e+01
8.630423042304229853e+01
8.616021602160216730e+01
8.952586470768288507e+01
9.094139941690961848e+01
9.192340067340067833e+01
9.154170274170273558e+01
9.306151603498541647e+01
9.125656565656565533e+01
9.272222222222222854e+01
9.250742721330956897e+01
9.010231023102309678e+01
9.116653016653016550e+01
9.032457142857143140e+01
9.109119769119769217e+01
9.147696793002916138e+01
9.220647653000594346e+01
9.170855614973261538e+01
9.145945165945165911e+01
8.839548546691403885e+01
8.605352722772276763e+01
8.578836633663365774e+01
8.600398284313725128e+01
8.535502079619726601e+01
