6.521141215106732147e+01
6.556732348111658837e+01
6.555229591836734926e+01
6.493029259896729855e+01
6.548899044453676765e+01
6.326270456503014827e+01
6.322179650915283133e+01
6.387080103359173222e+01
6.405357142857143060e+01
6.336950904392764983e+01
6.469148020654044728e+01
6.490776900706273977e+01
6.511869918699187565e+01
6.537407407407407334e+01
6.518124474348191200e+01
6.517071094082588445e+01
6.471934156378600278e+01
6.461944329040299806e+01
6.494593495934960004e+01
6.442911877394635667e+01
6.446317581949766407e+01
6.463984674329502411e+01
6.464634146341462895e+01
6.443072289156626198e+01
6.424558452481076642e+01
6.392772108843537637e+01
6.413252032520324519e+01
6.483861788617886646e+01
6.473000000000000398e+01
6.474349593495935551e+01
6.486910569105691593e+01
6.465172413793104056e+01
6.520650406504064733e+01
6.470215517241379644e+01
6.594636015325670542e+01
6.494833333333333769e+01
6.524010217113665533e+01
6.546189868028947956e+01
6.439842127129206517e+01
6.477301587301587915e+01
6.457106812447435118e+01
6.460098522167487545e+01
6.466748768472906761e+01
6.344817073170731447e+01
6.481855500821018268e+01
6.490517241379311031e+01
6.390319900290818111e+01
6.485079365079364777e+01
6.477791461412151364e+01
6.486083743842364413e+01
6.430791075050710504e+01
6.412561576354680426e+01
6.492189447444951611e+01
6.368545611015490238e+01
6.426215205650187556e+01
6.409041211101765612e+01
6.390444536767761008e+01
6.492168674698795883e+01
6.394836488812392616e+01
6.441005400914001200e+01
6.432799671592775326e+01
6.422226890756301998e+01
6.485016420361247924e+01
6.397773109243697576e+01
6.465476673427991727e+01
6.461106655974337798e+01
6.574950455806579441e+01
6.651826298701298867e+01
6.635592532467532578e+01
6.620689655172414234e+01
6.533360389610389518e+01
6.644074514466905157e+01
6.600078369905956777e+01
6.626920062695924685e+01
6.597404106935296397e+01
6.539161129568105935e+01
6.395206971677559693e+01
6.557748711850970835e+01
6.583503134796238498e+01
6.532142857142856940e+01
6.539901477832512455e+01
6.595805647840531094e+01
6.628095611285266386e+01
6.533720930232557578e+01
6.461386554621849143e+01
6.448029556650246263e+01
6.450977891156462363e+01
6.451615646258503034e+01
6.524308216262238602e+01
6.477460050462573804e+01
6.436499999999999488e+01
6.565650406504065018e+01
6.466326096211153640e+01
6.572601626016259502e+01
6.490675381263616828e+01
6.514036511156186293e+01
6.685795454545454675e+01
6.670180250783698739e+01
6.693141233766233711e+01
6.659862012987012747e+01
6.661607142857143060e+01
6.643637110016420877e+01
6.509748829289058847e+01
6.748483589530536619e+01
6.642168674698795883e+01
6.552305774823432216e+01
6.610370370370370097e+01
6.546173254835996147e+01
6.573044575273338808e+01
6.561522287636670114e+01
6.638138761944328792e+01
6.541253153910849960e+01
6.601121728292480384e+01
6.564769422517656494e+01
6.455550883095037307e+01
6.497232865048957251e+01
6.513744855967078706e+01
6.483089430894308691e+01
6.476576955424727089e+01
6.545500420521446472e+01
6.443337590464027187e+01
6.553833333333332689e+01
6.637416666666666742e+01
6.443252447850149167e+01
6.483780332056194595e+01
6.496849723286504741e+01
6.465304384844614560e+01
6.467083333333333428e+01
6.440953597275436948e+01
6.437325102880657823e+01
6.403374485596707189e+01
6.501749999999999829e+01
6.457804878048780495e+01
6.485786375105129764e+01
6.514268292682926642e+01
7.087856071964017701e+01
7.106490384615383959e+01
7.085817307692308020e+01
7.038530734632684016e+01
7.055472263868065852e+01
7.120163170163169752e+01
7.094591346153846700e+01
7.043333333333333712e+01
7.113464235624122978e+01
7.120258620689655515e+01
7.195612244897958476e+01
7.118279569892473546e+01
7.165993265993266448e+01
7.112361111111111711e+01
7.100268817204300831e+01
7.119027777777777999e+01
7.101014492753623131e+01
7.115442278860570013e+01
7.144677661169414762e+01
7.152011494252873547e+01
7.128611111111111143e+01
7.145977011494252906e+01
7.143472222222222001e+01
7.145416666666666572e+01
7.203050397877984778e+01
7.171944444444444855e+01
7.100899550224887946e+01
7.100599700149925297e+01
7.119940029985006902e+01
7.129985007496252081e+01
7.123388305847076651e+01
7.103298350824587715e+01
7.111394302848576388e+01
7.133913043478260363e+01
7.152898550724637516e+01
7.170164917541229954e+01
7.125337331334333157e+01
7.138530734632684016e+01
7.159820089955022127e+01
7.151874062968515489e+01
7.155022488755622589e+01
7.119640179910045674e+01
7.160119940029984775e+01
7.147526236881559214e+01
7.157608695652173481e+01
7.149025487256372458e+01
7.154022988505747094e+01
7.123824451410658298e+01
7.135232383808096301e+01
7.143043478260869961e+01
7.155022488755622589e+01
7.136881559220390159e+01
7.106896551724138078e+01
7.131334332833583289e+01
7.114692653673164102e+01
7.109895052473763144e+01
7.155322338830585238e+01
7.123688155922039300e+01
7.137931034482758719e+01
7.147355769230769340e+01
7.125487256371813771e+01
7.116491754122938573e+01
7.134782608695651618e+01
7.241105769230769340e+01
7.121139430284857497e+01
7.191582491582491343e+01
7.097601199400300231e+01
7.127736131934032926e+01
7.116144200626959559e+01
7.135797101449274749e+01
7.125507246376811565e+01
7.157763975155279468e+01
7.214783653846153300e+01
7.209855769230769340e+01
7.255528846153846700e+01
7.273776223776224015e+01
7.211994002998500264e+01
7.229282407407407618e+01
7.231761786600496578e+01
7.238100961538461320e+01
7.190993788819875476e+01
7.172463768115942173e+01
7.175412293853072754e+01
7.265617715617715078e+01
7.208995502248875198e+01
7.230584707646177378e+01
7.235403726708074146e+01
7.287593052109181713e+01
7.278245192307691980e+01
7.192946708463949790e+01
7.232211538461538680e+01
7.274759615384616041e+01
7.277403846153846700e+01
7.286247086247085747e+01
7.293509615384616041e+01
7.281730769230769340e+01
7.268750000000000000e+01
7.284615384615383959e+01
7.240289855072464320e+01
7.232327586206896797e+01
7.253623188405796895e+01
7.266379310344827047e+01
7.240517241379311031e+01
7.207763975155279468e+01
7.249137931034482563e+01
7.207346326836581341e+01
7.263936781609194782e+01
7.260057471264367734e+01
7.231034482758620641e+01
7.241379310344827047e+01
7.205697151424287483e+01
7.228785607196401486e+01
7.185007496251874670e+01
7.206465517241379359e+01
7.185307346326835898e+01
7.194602698650675165e+01
7.178560719640179855e+01
7.192318840579710582e+01
7.185757121439280581e+01
7.188985507246377438e+01
7.218140929535232431e+01
7.233583208395802444e+01
7.230434782608695343e+01
7.269409937888198669e+01
7.346551724137931672e+01
7.384827586206895944e+01
7.364942528735632266e+01
7.408266666666666822e+01
7.392827586206897195e+01
7.365229885057470938e+01
7.346695402298850297e+01
7.386206896551723844e+01
7.406620689655171930e+01
7.392000000000000171e+01
7.348850574712643891e+01
7.334339080459770344e+01
7.314224137931034875e+01
7.307614942528735469e+01
7.313819875776397339e+01
7.249689440993789447e+01
7.201499250374813244e+01
7.233133433283357761e+01
7.254741379310344485e+01
7.272981366459627850e+01
7.242878560719640291e+01
7.213362068965517437e+01
7.196101949025486988e+01
7.212577639751552283e+01
7.258055555555554861e+01
7.239166666666666572e+01
7.249281609195402609e+01
7.232983508245877147e+01
7.236637931034482563e+01
7.195258620689655515e+01
7.165993788819875476e+01
7.189732142857143060e+01
7.195952023988006374e+01
7.171364317841079128e+01
7.147226386806596565e+01
7.160869565217390686e+01
7.153571428571429180e+01
7.116235632183908422e+01
7.128017241379311031e+01
7.153223388305846697e+01
7.247909199522102597e+01
7.205952380952381020e+01
7.226636904761905100e+01
7.165378421900160788e+01
7.180515297906602257e+01
7.143981481481480955e+01
7.183482142857143060e+01
7.170684523809524080e+01
7.149691358024691112e+01
7.194135802469135399e+01
7.169404186795490830e+01
7.104012345679012697e+01
7.086312399355877290e+01
7.113526570048308884e+01
7.056327160493826511e+01
7.084541062801932298e+01
7.095684523809524080e+01
7.118981481481480955e+01
7.079938271604937938e+01
7.080555555555555713e+01
7.057809983896940764e+01
7.087946428571429180e+01
7.109226190476189799e+01
7.099851190476189799e+01
7.077160493827160792e+01
7.077083333333332860e+01
7.075000000000000000e+01
7.012345679012345556e+01
7.041049382716049365e+01
6.971130952380951840e+01
7.030709876543210157e+01
7.015619967793881528e+01
7.003549382716049365e+01
7.030917874396135403e+01
7.017261904761905100e+01
6.986151368760064884e+01
6.956360708534622006e+01
7.010089399744572347e+01
6.955952380952381020e+01
7.041534391534391091e+01
7.090038314176244683e+01
7.011024844720496674e+01
7.055555555555555713e+01
7.079259259259259807e+01
6.972023809523810201e+01
6.916149068322981464e+01
6.989285714285713880e+01
6.987202380952381020e+01
6.983779761904762040e+01
6.971273291925466253e+01
6.948363095238094900e+01
