6.634682539682539471e+01
6.638530465949820325e+01
6.656600000000000250e+01
6.627333333333332632e+01
6.641169762137504051e+01
6.643232000000000426e+01
6.607493069306930522e+01
6.682134493141518305e+01
6.669822580645161736e+01
6.649312800132472034e+01
6.628991999999999507e+01
6.620776363350620386e+01
6.629431999999999903e+01
6.615024898848427881e+01
6.607552845528455521e+01
6.565349019607843672e+01
6.565717900063251022e+01
6.555727762803233816e+01
6.502862609463537069e+01
6.522142023913677633e+01
6.597104454685100450e+01
6.580327635327635960e+01
6.568937718484697541e+01
6.596712604076945752e+01
6.618551136363636545e+01
6.706853310002915691e+01
6.775443373316653606e+01
6.939308737864077159e+01
6.895826007185995365e+01
6.933499367488930432e+01
6.890260194174757657e+01
6.814297206377065663e+01
6.753683981743098741e+01
6.717778265321047115e+01
6.874974838245866238e+01
6.906956845238094900e+01
6.867361111111111427e+01
6.783605442176870781e+01
6.777257834757834587e+01
6.832489483173077360e+01
6.968790627362055545e+01
6.964563106796116188e+01
6.942148250886114624e+01
6.933246395711077525e+01
6.892246153846153334e+01
6.863169230769230467e+01
6.951891307704184442e+01
7.121444133208838423e+01
7.210772277227722782e+01
7.166400000000000148e+01
7.140298626636857193e+01
7.032036685641999441e+01
6.964704950495050184e+01
6.975466476913345559e+01
6.921710891089108486e+01
6.878539805825242581e+01
6.799747031129224695e+01
6.751401869158878810e+01
6.679888507718696644e+01
6.699339470170754396e+01
6.645694424741097350e+01
6.700184083828943926e+01
6.684315137548610153e+01
6.721225544481357872e+01
6.717084696474009320e+01
6.824053603876438956e+01
7.107666854407209200e+01
7.293470149253731449e+01
6.926406249999999432e+01
6.886994047619047876e+01
7.231135477224225383e+01
7.190314196162373150e+01
7.093780048076922640e+01
7.413054938956715034e+01
7.232932038834951527e+01
6.996162014563107334e+01
6.698199888796219170e+01
6.627145608903474283e+01
6.614772079772079394e+01
6.654411221853082736e+01
6.640213675213675515e+01
6.551175213675213627e+01
6.549341715976331102e+01
6.543091575091574441e+01
6.500776419841839981e+01
6.521949891067538374e+01
6.563039999999999452e+01
6.563158735228361707e+01
6.519078440437664312e+01
6.513120760894986461e+01
6.532095049504950168e+01
6.494177350427349893e+01
6.548573935936813939e+01
6.600178571428571672e+01
6.591627906976744100e+01
6.622465577513020207e+01
6.833276788238620725e+01
6.729238165680473571e+01
6.787713479181368825e+01
6.990253991291727687e+01
7.033475825471698784e+01
7.097349505840071515e+01
6.937551109813084338e+01
6.986943919344675180e+01
6.949167302313755101e+01
6.900624355943504895e+01
6.792389853137517264e+01
6.811656095842141667e+01
6.875079805690492663e+01
6.848231132075471805e+01
6.858740157480315247e+01
6.855801753836517776e+01
6.803363567649282118e+01
6.789448476052250214e+01
6.826615594660194120e+01
6.736460790094339757e+01
6.721146844660194120e+01
6.725389194139194160e+01
6.712410554561716935e+01
6.697003287210458211e+01
6.726510416666666003e+01
6.706511018646941125e+01
6.751417475728155182e+01
6.733381284070260620e+01
6.733745449029126462e+01
6.695098858256753260e+01
6.781851907934584744e+01
6.778410198725158864e+01
6.731362747228862986e+01
6.713746995192308020e+01
6.736585190510423615e+01
6.740644660194175231e+01
6.951612903225806406e+01
6.844487464297048973e+01
6.762846877150064984e+01
6.794738037552998833e+01
6.915467509317777228e+01
6.944849030357580943e+01
6.981217320261437465e+01
7.103589108910891525e+01
6.796221959858323203e+01
6.848984809745826396e+01
6.856151351351351764e+01
6.891197029270423968e+01
7.014084170253467221e+01
7.048383333333333667e+01
6.953879611650485515e+01
6.910452552458502851e+01
6.958860142482190270e+01
6.984337068160597539e+01
6.912459405940593626e+01
6.885764227642276580e+01
6.875898127846180330e+01
6.844881826892365950e+01
6.846639344262294458e+01
6.865475328020606582e+01
6.848844262295081364e+01
6.822588551549651470e+01
6.786154583200254820e+01
6.812784313725489937e+01
6.702143396226415462e+01
6.767872530084682126e+01
6.806681664791901198e+01
6.775306451612902947e+01
6.742106440071556506e+01
6.700924838520258220e+01
6.686798534798535343e+01
6.701082251082250707e+01
6.749953682260306209e+01
6.701872086247085747e+01
6.630889780154485891e+01
6.675716440422323217e+01
6.698192401960784537e+01
6.695700169831712856e+01
6.671938159879336183e+01
6.665315348699326137e+01
6.680612628885376125e+01
6.668657822574668614e+01
6.772258585858585889e+01
6.696064227035100203e+01
6.722042475526795613e+01
6.599656973571373442e+01
6.655267716535432498e+01
6.698003848003847338e+01
6.687730414746543772e+01
6.636566929133857684e+01
6.667388167388168085e+01
6.667471462593414344e+01
6.634057106498050871e+01
6.672324874763899061e+01
6.645900371287129360e+01
6.696063999999999794e+01
6.649826771653543744e+01
6.670840992647059409e+01
6.683297306285334116e+01
6.695148437500000682e+01
7.012169230769231376e+01
7.481662210338680552e+01
7.608687146790320810e+01
7.479775761725436212e+01
7.405298300381546994e+01
7.221401985111663180e+01
7.279162248144220371e+01
7.175959595959595561e+01
7.391322314049587305e+01
7.348904206433368813e+01
7.416776550249466027e+01
7.582488479262673309e+01
7.678770491803278730e+01
7.669134790528232770e+01
7.713419717288873301e+01
7.667296002947135491e+01
7.675853658536586011e+01
7.601192411924118630e+01
7.546684733514001664e+01
7.457570454964081819e+01
7.478757532789791185e+01
7.439873711579534188e+01
7.421790404717233969e+01
7.351214208046393139e+01
7.289926739926740140e+01
7.383329099991533440e+01
7.394185463659147217e+01
7.443457865639135207e+01
7.220809108527132025e+01
6.740935905612245449e+01
6.519717557251908602e+01
6.546487956487956694e+01
6.565701761015796478e+01
6.596639131843213022e+01
6.645383475971033249e+01
6.542970297029702920e+01
6.562607230392157476e+01
6.557639385985842750e+01
6.577260981912144189e+01
6.519523437499999829e+01
6.503495098826932974e+01
6.521632653061224971e+01
6.540236220472441175e+01
6.524931858265190954e+01
6.552132221096125875e+01
6.498955754950495134e+01
6.531280940594059814e+01
6.539377952755906165e+01
6.492643764002987439e+01
6.641579365079364550e+01
6.633222060957909605e+01
6.664601898138086256e+01
6.661712128216981910e+01
6.663052771226415416e+01
6.732846068660022354e+01
6.677291165865383959e+01
6.705314851485148608e+01
6.730881037567084491e+01
6.694778106508876192e+01
6.703003875968991565e+01
6.742054693274205590e+01
6.704032191837069377e+01
6.665135223199739301e+01
6.649700254578303316e+01
6.617672000000000310e+01
6.592629921259842263e+01
6.614203125000000227e+01
6.690119949494949481e+01
6.665068002863279162e+01
6.629493877551020375e+01
6.549575114991813507e+01
6.543766233766233142e+01
6.667730879086003881e+01
7.006709558823528994e+01
7.586830484330484126e+01
7.646498921639108914e+01
7.023946608946609160e+01
6.885827597509013742e+01
6.534984520123839502e+01
6.577860696517413430e+01
6.747281449893390004e+01
6.405411590992986248e+01
6.558176000000000272e+01
6.406440299697113971e+01
6.447149021420865722e+01
6.511512000000000455e+01
6.493791136463360658e+01
6.510261367704977431e+01
6.421736273364486181e+01
6.476717202970297649e+01
6.442240477968633172e+01
6.496637795275590577e+01
6.487919999999999732e+01
6.480808080808080263e+01
6.474249211879873656e+01
6.463406252619226677e+01
6.505911207183238787e+01
6.458889795918366872e+01
6.419632653061223948e+01
6.415864917395529687e+01
6.479829305391245953e+01
6.454212244897959749e+01
6.453789867175693473e+01
6.445723711340205853e+01
6.495825587290856618e+01
6.556041464204729152e+01
6.578475068306011053e+01
6.510285714285714675e+01
6.353415810768751726e+01
6.598727108483205939e+01
6.503730856956663331e+01
6.488720538720538400e+01
6.482726530612245597e+01
6.711329770003239048e+01
6.728528000000000020e+01
6.540564373897707640e+01
6.538972452256210488e+01
6.419514532098371262e+01
6.398354512870641742e+01
6.366006842619745498e+01
6.426900149031295939e+01
6.427160493827160792e+01
6.382928571428571729e+01
6.450507013689369273e+01
6.417000000000000171e+01
6.439778688524590677e+01
6.399975409836065410e+01
6.392298039215686600e+01
6.442015330565314457e+01
6.444327219607207269e+01
6.464538830932274038e+01
6.462831363781539551e+01
6.451597273548493661e+01
6.429183999999999344e+01
6.378988800519395852e+01
6.515786810592005907e+01
6.438952000000000453e+01
6.433608774038461320e+01
6.473378684807256889e+01
6.471951219512195053e+01
6.510061795710650756e+01
6.420005621530461326e+01
6.404062049062049766e+01
6.519785898855666062e+01
6.486272189349112693e+01
6.509492507774950809e+01
6.559532007589065472e+01
6.590018203883495573e+01
6.608800370541916891e+01
6.587775297619047876e+01
6.646366450471698784e+01
6.529250286697248384e+01
6.673802954065898518e+01
6.590467898243488776e+01
6.470187640368035886e+01
6.531560439560439590e+01
6.485957881502436351e+01
6.548062015503876410e+01
6.523601479426721994e+01
6.568505421970768055e+01
6.592913131313130748e+01
6.587968503937007370e+01
6.606245885450954347e+01
6.583628282828283318e+01
6.551741414141413600e+01
6.593277777777777260e+01
6.566042154566744671e+01
6.586593661854985271e+01
6.545729611935294656e+01
6.530355068856810874e+01
6.553914352626296136e+01
6.562345265975243080e+01
6.549101133168612421e+01
6.577360212377634241e+01
6.568067774519387569e+01
6.508599407504937062e+01
6.612077617932419571e+01
6.584821054396111606e+01
6.558458678384316443e+01
6.546388888888888857e+01
6.533404081632653515e+01
6.548369792976279768e+01
6.539574864498645468e+01
6.548473469387755586e+01
6.485333333333333883e+01
6.547448031096840282e+01
6.488716535433070476e+01
6.505229958479718277e+01
6.580254391278013770e+01
6.623417822413517797e+01
6.642141126589945088e+01
6.604838217338217987e+01
6.637646601941747804e+01
6.556893491124260720e+01
6.601389723557691980e+01
6.649218750000000000e+01
6.675226847184214307e+01
6.681824611032531891e+01
6.662058864555726245e+01
6.697125932426503425e+01
6.797344322344322620e+01
6.826549245147376155e+01
6.832817293286723270e+01
6.840654481132075659e+01
6.800169516509433265e+01
6.678967383355272602e+01
6.389620535714285410e+01
6.493967941507311536e+01
