0.000000000000000000e+00
0.000000000000000000e+00
0.000000000000000000e+00
0.000000000000000000e+00
0.000000000000000000e+00
0.000000000000000000e+00
0.000000000000000000e+00
0.000000000000000000e+00
0.000000000000000000e+00
0.000000000000000000e+00
0.000000000000000000e+00
0.000000000000000000e+00
0.000000000000000000e+00
0.000000000000000000e+00
0.000000000000000000e+00
0.000000000000000000e+00
0.000000000000000000e+00
0.000000000000000000e+00
0.000000000000000000e+00
0.000000000000000000e+00
0.000000000000000000e+00
0.000000000000000000e+00
0.000000000000000000e+00
0.000000000000000000e+00
0.000000000000000000e+00
0.000000000000000000e+00
0.000000000000000000e+00
0.000000000000000000e+00
0.000000000000000000e+00
0.000000000000000000e+00
0.000000000000000000e+00
0.000000000000000000e+00
0.000000000000000000e+00
0.000000000000000000e+00
0.000000000000000000e+00
0.000000000000000000e+00
0.000000000000000000e+00
0.000000000000000000e+00
0.000000000000000000e+00
0.000000000000000000e+00
0.000000000000000000e+00
0.000000000000000000e+00
0.000000000000000000e+00
0.000000000000000000e+00
0.000000000000000000e+00
0.000000000000000000e+00
0.000000000000000000e+00
0.000000000000000000e+00
0.000000000000000000e+00
0.000000000000000000e+00
0.000000000000000000e+00
0.000000000000000000e+00
0.000000000000000000e+00
0.000000000000000000e+00
0.000000000000000000e+00
0.000000000000000000e+00
0.000000000000000000e+00
0.000000000000000000e+00
0.000000000000000000e+00
0.000000000000000000e+00
0.000000000000000000e+00
0.000000000000000000e+00
0.000000000000000000e+00
0.000000000000000000e+00
0.000000000000000000e+00
0.000000000000000000e+00
0.000000000000000000e+00
0.000000000000000000e+00
0.000000000000000000e+00
0.000000000000000000e+00
0.000000000000000000e+00
0.000000000000000000e+00
0.000000000000000000e+00
0.000000000000000000e+00
0.000000000000000000e+00
0.000000000000000000e+00
0.000000000000000000e+00
0.000000000000000000e+00
0.000000000000000000e+00
0.000000000000000000e+00
0.000000000000000000e+00
0.000000000000000000e+00
0.000000000000000000e+00
0.000000000000000000e+00
0.000000000000000000e+00
0.000000000000000000e+00
0.000000000000000000e+00
0.000000000000000000e+00
0.000000000000000000e+00
0.000000000000000000e+00
0.000000000000000000e+00
0.000000000000000000e+00
0.000000000000000000e+00
0.000000000000000000e+00
0.000000000000000000e+00
0.000000000000000000e+00
0.000000000000000000e+00
0.000000000000000000e+00
0.000000000000000000e+00
0.000000000000000000e+00
0.000000000000000000e+00
0.000000000000000000e+00
0.000000000000000000e+00
0.000000000000000000e+00
0.000000000000000000e+00
0.000000000000000000e+00
0.000000000000000000e+00
0.000000000000000000e+00
0.000000000000000000e+00
0.000000000000000000e+00
0.000000000000000000e+00
0.000000000000000000e+00
0.000000000000000000e+00
0.000000000000000000e+00
0.000000000000000000e+00
0.000000000000000000e+00
0.000000000000000000e+00
9.505992559128354458e+01
7.832678796613222971e+01
8.118681818181818244e+01
8.101920768307323328e+01
8.188189964157706413e+01
8.140076923076922810e+01
8.396550406115623844e+01
8.132292741658066859e+01
8.262915392456676500e+01
8.249126126126125769e+01
8.286309090909091424e+01
8.357428214731585570e+01
8.170171017101709765e+01
8.246223704939301058e+01
8.258893280632410949e+01
8.359809088197275173e+01
8.698934521503292672e+01
8.560092449922957769e+01
8.545769671504965004e+01
8.239307116104869522e+01
8.142789488346178928e+01
8.228384155029922908e+01
8.193263501825869355e+01
8.172527888069578239e+01
8.031697517577845247e+01
8.097072750753336834e+01
8.134368544768145171e+01
8.098818953323903713e+01
8.139623032311516226e+01
8.060807142857143504e+01
7.945912124582869751e+01
7.893353174603174693e+01
7.988386206896551300e+01
7.857899113082039833e+01
7.961894252873563005e+01
7.938984604105571918e+01
7.944086021505376038e+01
7.888307895232711076e+01
7.898839864803142063e+01
7.996374385640002913e+01
7.965043478260869847e+01
8.012836393128364421e+01
8.055245889552459460e+01
8.075115942028985216e+01
8.069489208633093824e+01
8.109007299270072622e+01
8.038591859185918054e+01
8.084781144781145201e+01
8.178398496783985649e+01
7.966223958333333144e+01
8.096734327533830822e+01
8.124702939337085184e+01
8.140813731722822411e+01
8.146090462833099366e+01
8.153445161290322574e+01
8.195068914759801260e+01
8.184072660260629561e+01
8.233612182210312369e+01
8.146742234143809469e+01
8.144777255118981429e+01
8.083917669631955505e+01
8.084682539682539471e+01
8.152290109890110159e+01
8.203891190776437270e+01
8.635747007536573960e+01
8.760229568411386936e+01
8.785357142857142776e+01
8.865508474576270714e+01
8.846448243114909360e+01
8.808672161172161452e+01
8.841213332122423196e+01
8.787049486461251036e+01
8.837262737262737744e+01
8.763524590163935102e+01
8.847796840752776859e+01
8.883092155369382681e+01
8.920776963192501796e+01
8.950502665651180223e+01
8.926161538461538214e+01
8.865159285159285218e+01
8.902043334104402561e+01
8.850257575757575523e+01
8.865437538651823957e+01
8.810391796755433802e+01
8.807892219387754551e+01
8.686711833785004444e+01
8.673438654841093864e+01
8.684324030445813491e+01
8.556949661908339522e+01
8.593330849478390121e+01
8.601349259013493054e+01
8.534882637853949916e+01
8.532041728763040567e+01
8.518226192669000341e+01
8.505484496124030613e+01
8.580256836659275166e+01
8.619678537196784873e+01
8.535795019157087893e+01
8.515223763924174705e+01
8.424126596543952417e+01
8.584547000618428569e+01
8.587334315169366050e+01
8.517408622305529775e+01
8.511975708502023963e+01
8.313252901086755742e+01
8.353479521565785149e+01
8.307887067395263614e+01
8.517676324261047682e+01
8.596153846153846700e+01
8.711604020979021357e+01
8.715336867066535831e+01
8.776693262411347973e+01
8.754399641577060720e+01
8.774964067553000291e+01
8.722300533116472820e+01
8.701939237233355584e+01
8.635783544186905658e+01
8.629251251062223105e+01
8.609157407407407447e+01
8.610259259259258613e+01
8.673002754820936389e+01
8.481660215053763352e+01
8.567653238330136389e+01
8.551253333333333728e+01
8.596248888888888473e+01
8.599429140993113663e+01
8.587984147000540247e+01
8.616509265858873334e+01
8.576874999999999716e+01
8.588914840100611059e+01
8.575650392017105617e+01
8.575044547398431405e+01
8.649160900342002378e+01
8.559279554437657112e+01
8.545989010989011092e+01
8.584270571325907895e+01
8.561074483250177991e+01
8.554048913043477853e+01
8.636004311893640306e+01
8.568001792114695547e+01
8.548289345063538747e+01
8.608664356171686904e+01
8.595507246376811850e+01
8.612753623188406493e+01
8.609638878907654203e+01
8.628942652329749308e+01
8.631265984654731938e+01
8.623798098284902380e+01
8.656442205726405348e+01
8.596382783882783940e+01
8.601778656126482758e+01
8.643341249543296101e+01
8.737480218041146429e+01
8.691144845034787636e+01
8.796164848918290602e+01
8.967796610169492055e+01
8.975183264795279570e+01
8.919175027870680594e+01
9.061102150537634259e+01
8.940186170212766115e+01
9.003826164874551807e+01
8.940176781483506829e+01
8.983736559139785527e+01
8.932649899763076462e+01
8.914971751412429057e+01
8.806719403527914380e+01
8.848341534536176312e+01
8.910989314664701055e+01
8.863586659376709065e+01
8.870001822489520293e+01
8.780167649226234516e+01
8.826520285533568710e+01
8.868658232523779361e+01
8.859606909924202967e+01
8.830434782608695343e+01
8.870509430636347759e+01
8.816768861636896304e+01
8.926527131782945901e+01
8.721540631059404802e+01
8.948560548362529232e+01
8.903705385523566918e+01
8.964017800381436984e+01
8.907828535101262446e+01
8.900189393939393767e+01
8.939068100358423408e+01
8.940945023356090360e+01
8.997373523708796483e+01
9.092427884615383959e+01
9.043896058597837850e+01
9.072372735116479703e+01
9.001947463768115654e+01
9.019218122031421103e+01
8.966953405017920886e+01
8.981253305129561681e+01
8.960819672131147229e+01
8.897575152120606390e+01
8.886787241625088996e+01
8.863425160697887861e+01
9.044246031746031633e+01
9.065743440233235617e+01
9.011700336700336322e+01
8.972361111111111143e+01
8.979713804713804848e+01
8.993593073593073939e+01
9.102465986394557262e+01
9.080612829324169866e+01
9.102594752186588778e+01
9.151984126984126533e+01
9.154639175257732120e+01
9.143527696793002235e+01
9.131749931749931193e+01
9.235198821796760171e+01
9.111226551226550896e+01
9.136734693877551194e+01
9.014343434343435035e+01
8.956998556998557603e+01
8.917231134878193188e+01
8.895575757575757336e+01
8.902265074992347138e+01
8.882818181818181813e+01
8.882088208820881903e+01
8.913515151515152013e+01
8.889970588235294713e+01
8.890060606060606574e+01
8.840804080408041443e+01
8.843714371437143029e+01
8.861636363636363001e+01
8.898377716559534178e+01
8.910009182736455102e+01
8.848994899489949262e+01
8.849212121212120508e+01
8.897636363636362944e+01
8.899676470588235588e+01
8.885212121212121872e+01
8.916887626262625588e+01
8.876237623762376927e+01
8.858363636363635862e+01
8.915541554155414872e+01
8.955037856726849554e+01
8.976987698769876545e+01
8.960882352941176521e+01
9.045294117647058840e+01
9.120428571428571729e+01
9.096039603960396391e+01
9.520432692307691980e+01
9.177805555555555372e+01
9.001171428571429090e+01
8.969352941176470040e+01
8.942914285714286393e+01
8.962114152591729521e+01
8.940666666666666629e+01
8.924971164936562218e+01
8.886778983438036050e+01
8.890579057905790705e+01
8.890489048904890979e+01
8.907380738073807436e+01
8.878517851785179005e+01
8.908520852085209185e+01
8.917058823529411882e+01
8.910176470588235986e+01
8.914515151515151103e+01
8.908592848904267214e+01
8.981818181818181301e+01
8.928654630168898620e+01
8.926323529411764923e+01
8.914616755793225877e+01
9.016729797979797922e+01
9.090545454545454618e+01
9.168371837183718753e+01
9.283628571428570808e+01
9.279828571428571138e+01
9.195022745517795215e+01
9.260424328147099970e+01
9.325000000000000000e+01
9.319753086419753174e+01
9.251351351351351582e+01
9.271333333333333826e+01
9.342194444444444912e+01
9.359543817527010390e+01
9.293911335578002308e+01
9.581242840778922698e+01
9.293861111111111484e+01
9.317063492063492447e+01
9.323849607182940247e+01
9.233222222222222797e+01
9.195405405405405475e+01
9.242536475869809465e+01
9.193062200956937602e+01
9.203619528619528012e+01
9.241119691119691026e+01
9.154320987654321584e+01
9.152890011223344402e+01
9.130057142857143049e+01
9.199125364431486673e+01
9.150222222222221546e+01
9.073148148148148096e+01
9.022617647058822854e+01
9.005727272727273203e+01
9.029162916291629415e+01
8.988484848484849010e+01
9.023907979033197080e+01
9.023587081891579942e+01
9.114281250000000512e+01
9.139108910891089010e+01
9.244757575757576262e+01
9.230243024302430399e+01
9.278705882352940648e+01
9.226402640264026900e+01
9.256593750000000398e+01
9.225393127548048255e+01
9.243657178217821979e+01
9.206900690069006998e+01
9.193159315931593767e+01
9.475206611570247617e+01
9.535539358600583171e+01
9.565824915824916275e+01
9.551515151515151558e+01
9.670787172011661426e+01
9.548975468975469028e+01
9.620804988662131052e+01
9.660873440285205049e+01
9.443399339933993986e+01
9.487387387387387605e+01
9.486571428571429010e+01
9.541500721500722193e+01
9.586093294460641800e+01
9.654812834224598816e+01
9.603119429590017830e+01
9.538787878787879038e+01
9.375788497217068596e+01
9.195730198019802515e+01
9.185396039603961071e+01
9.191390931372548323e+01
9.117855020796197607e+01
