8.451067323481116489e+01
8.464614121510673783e+01
8.521598639455781665e+01
8.480335628227194888e+01
8.495803905276277135e+01
8.305081826012057888e+01
8.279012345679012697e+01
8.353919035314383734e+01
8.342694805194804530e+01
8.270499569336779189e+01
8.430249569707400781e+01
8.419651017864561027e+01
8.399512195121951663e+01
8.434897119341563609e+01
8.436248948696383820e+01
8.446104725415069936e+01
8.369259259259258954e+01
8.384503531366846119e+01
8.390243902439024737e+01
8.377096636866751567e+01
8.396892294593443751e+01
8.422137079608343413e+01
8.373455284552845512e+01
8.413468158347676251e+01
8.328343145500420519e+01
8.311649659863945772e+01
8.306097560975609895e+01
8.398943089430893849e+01
8.344291666666666174e+01
8.371585365853658800e+01
8.374837398373983888e+01
8.392456896551723844e+01
8.410487804878049189e+01
8.376163793103448540e+01
8.515581098339718835e+01
8.385375000000000512e+01
8.421966794380587373e+01
8.414985100042571275e+01
8.380432073120066150e+01
8.333769841269841550e+01
8.341463414634147000e+01
8.352996715927750415e+01
8.324137931034482563e+01
8.254790940766550023e+01
8.346510673234811861e+01
8.354967159277504152e+01
8.257955961778147014e+01
8.341706349206349103e+01
8.353981937602627283e+01
8.349014778325123132e+01
8.323691683569980171e+01
8.280788177339901779e+01
8.409763190693809065e+01
8.323063683304647498e+01
8.347029497299543266e+01
8.338898233809923966e+01
8.262733693394267220e+01
8.366265060240964146e+01
8.316351118760756833e+01
8.353095139177399631e+01
8.342364532019703915e+01
8.352647058823529846e+01
8.398070607553366074e+01
8.320966386554621863e+01
8.371561866125760787e+01
8.336166800320769710e+01
8.475980975029726494e+01
8.555397727272726627e+01
8.547605519480519831e+01
8.538998357963875208e+01
8.452435064935065157e+01
8.580578676179152353e+01
8.521590909090909349e+01
8.552625391849529990e+01
8.485509492444788293e+01
8.481852159468438401e+01
8.332200435729846788e+01
8.431232659532302876e+01
8.475940438871472793e+01
8.441029900332226532e+01
8.450779967159277817e+01
8.470265780730896665e+01
8.469474921630093434e+01
8.424792358803986758e+01
8.331554621848739828e+01
8.317159277504104864e+01
8.346343537414965397e+01
8.362925170068027114e+01
8.420902511707109284e+01
8.409924306139613748e+01
8.330666666666667197e+01
8.433536585365853000e+01
8.385312899106003215e+01
8.463699186991870249e+01
8.449716775599128482e+01
8.418661257606490267e+01
8.543143939393939945e+01
8.569318181818181301e+01
8.598579545454545325e+01
8.584659090909090651e+01
8.575243506493507084e+01
8.576313628899835351e+01
8.466411238825031660e+01
8.698545907769006647e+01
8.553095139177399631e+01
8.464810968009970793e+01
8.521934156378600278e+01
8.502943650126157138e+01
8.508031959629941809e+01
8.466526492851134833e+01
8.533444121312837183e+01
8.426913372582001216e+01
8.478562525965932650e+01
8.487868716244287270e+01
8.367073170731707421e+01
8.415368241805023786e+01
8.393456790123457267e+01
8.339715447154470951e+01
8.379310344827585766e+01
8.443439865433137470e+01
8.352532992762877484e+01
8.430291666666666117e+01
8.492916666666666003e+01
8.335589612601107490e+01
8.391443167305236273e+01
8.382673478075777496e+01
8.379736057896977286e+01
8.308958333333333712e+01
8.346232439335886966e+01
8.314814814814815236e+01
8.271646090534979123e+01
8.381499999999999773e+01
8.330365853658535968e+01
8.400126156433978508e+01
8.389308943089430670e+01
9.302398800599699769e+01
9.117067307692308020e+01
9.115625000000000000e+01
9.254422788605697292e+01
9.245277361319340059e+01
9.124708624708624427e+01
9.132211538461538680e+01
9.255797101449275033e+01
9.258765778401121338e+01
9.267959770114941875e+01
9.069591836734693402e+01
9.235349462365591933e+01
9.170707070707071296e+01
9.297777777777777430e+01
9.262903225806451246e+01
9.292777777777777715e+01
9.272028985507246546e+01
9.319940029985006902e+01
9.319040479760120377e+01
9.308620689655172953e+01
9.277361111111110858e+01
9.338505747126437484e+01
9.298888888888889426e+01
9.300416666666666288e+01
9.293899204244031864e+01
9.311111111111111427e+01
9.308695652173912549e+01
9.301199400299850595e+01
9.318740629685157728e+01
9.302548725637181803e+01
9.304797601199400958e+01
9.311244377811094353e+01
9.305997001499250132e+01
9.306521739130434412e+01
9.300579710144927503e+01
9.334782608695651618e+01
9.293703148425787219e+01
9.309445277361319881e+01
9.334632683658171004e+01
9.324137931034482563e+01
9.331784107946026552e+01
9.329085457271364135e+01
9.315442278860570013e+01
9.314392803598201453e+01
9.355590062111801331e+01
9.333433283358320409e+01
9.314367816091953500e+01
9.396708463949843804e+01
9.373613193403298283e+01
9.327826086956521578e+01
9.366116941529234907e+01
9.360569715142429459e+01
9.344527736131934148e+01
9.331934032983508587e+01
9.300749625187405911e+01
9.304947526236881572e+01
9.335682158920539564e+01
9.331634182908545938e+01
9.360569715142429459e+01
9.207932692307691980e+01
9.335232383808096301e+01
9.363118440779609841e+01
9.366866566716642239e+01
9.292427884615383959e+01
9.366716641679160205e+01
9.200224466891133090e+01
9.361319340329835370e+01
9.389355322338830945e+01
9.435893416927899580e+01
9.395652173913043725e+01
9.369855072463768408e+01
9.442546583850931086e+01
9.304326923076922640e+01
9.277524038461538680e+01
9.326682692307691980e+01
9.313986013986013290e+01
9.476311844077960700e+01
9.282523148148148096e+01
9.342059553349875500e+01
9.303725961538461320e+01
9.469409937888198669e+01
9.392608695652174333e+01
9.436731634182908124e+01
9.298484848484848442e+01
9.449175412293853071e+01
9.429835082458770046e+01
9.468167701863353614e+01
9.324069478908188557e+01
9.338461538461538680e+01
9.481818181818181301e+01
9.311177884615383959e+01
9.348557692307691980e+01
9.355408653846153300e+01
9.329487179487179560e+01
9.366947115384616041e+01
9.353125000000000000e+01
9.352524038461538680e+01
9.333653846153846700e+01
9.445507246376811850e+01
9.424856321839079953e+01
9.462463768115941321e+01
9.437931034482758719e+01
9.451436781609194782e+01
9.511801242236025189e+01
9.470114942528735469e+01
9.500000000000000000e+01
9.500718390804597391e+01
9.504310344827585766e+01
9.499856321839079953e+01
9.520258620689655515e+01
9.554572713643177906e+01
9.529835082458770046e+01
9.520389805097451585e+01
9.479885057471264531e+01
9.494752623688155779e+01
9.525037481259370509e+01
9.524737631184407860e+01
9.478405797101449082e+01
9.497451274362818197e+01
9.483188405797100984e+01
9.517991004497751817e+01
9.532233883058471235e+01
9.544637681159420595e+01
9.632453416149068914e+01
9.641810344827585766e+01
9.631999999999999318e+01
9.659195402298850297e+01
9.638133333333333042e+01
9.658758620689654606e+01
9.669252873563218031e+01
9.670833333333332860e+01
9.629931034482758889e+01
9.642896551724138021e+01
9.650206896551723901e+01
9.646408045977011625e+01
9.655172413793103203e+01
9.637787356321838672e+01
9.595977011494252906e+01
9.611490683229813214e+01
9.588043478260870245e+01
9.510494752623688441e+01
9.516641679160419187e+01
9.479741379310344485e+01
9.537732919254658270e+01
9.465517241379311031e+01
9.446839080459770344e+01
9.458170914542728269e+01
9.513664596273291352e+01
9.456527777777777999e+01
9.416388888888889142e+01
9.456034482758620641e+01
9.466566716641679591e+01
9.464080459770114828e+01
9.444540229885058125e+01
9.489285714285713880e+01
9.442261904761905100e+01
9.424737631184407860e+01
9.426686656671664366e+01
9.390404797601199505e+01
9.422670807453415875e+01
9.444409937888198669e+01
9.355316091954023250e+01
9.355028735632184578e+01
9.403298350824587715e+01
9.306690561529271122e+01
9.483184523809524080e+01
9.491220238095237960e+01
9.547987117552334269e+01
9.552173913043478137e+01
9.479475308641974607e+01
9.468303571428570820e+01
9.448214285714286120e+01
9.458333333333332860e+01
9.435185185185184764e+01
9.444283413848631881e+01
9.390123456790124123e+01
9.410950080515297600e+01
9.425603864734299009e+01
9.373611111111111427e+01
9.402737520128825111e+01
9.338095238095237960e+01
9.348302469135802539e+01
9.369598765432098730e+01
9.359567901234568410e+01
9.407729468599033851e+01
9.334523809523810201e+01
9.325892857142856940e+01
9.302827380952381020e+01
9.349691358024691112e+01
9.267410714285713880e+01
9.274553571428570820e+01
9.271141975308641747e+01
9.269444444444444287e+01
9.229166666666667140e+01
9.238425925925925242e+01
9.255394524959741887e+01
9.200000000000000000e+01
9.264895330112720728e+01
9.184821428571429180e+01
9.216586151368760227e+01
9.228663446054750352e+01
9.102426564495530670e+01
9.166369047619048160e+01
9.148809523809524080e+01
9.171136653895274549e+01
9.233850931677018536e+01
9.148677248677248031e+01
9.135308641975308319e+01
9.172023809523810201e+01
9.179503105590062262e+01
9.174378881987577472e+01
9.133333333333332860e+01
9.156547619047618980e+01
9.154037267080745721e+01
9.101190476190475920e+01
