9.271715927750410913e+01
9.284811165845648873e+01
9.288222789115646094e+01
9.245611015490533191e+01
9.346364769422517327e+01
9.106072351421188671e+01
9.068922945934440349e+01
9.157062876830318032e+01
9.181939935064934843e+01
9.091989664082687739e+01
9.265963855421686901e+01
9.287951807228915868e+01
9.320650406504064733e+01
9.341028806584361632e+01
9.313624894869637671e+01
9.318859088974031124e+01
9.314197530864197461e+01
9.277357706688823669e+01
9.319878048780488200e+01
9.276926351638995527e+01
9.284376330353342155e+01
9.303490847169008759e+01
9.311016260162601554e+01
9.252624784853701101e+01
9.227165685449958232e+01
9.156972789115646094e+01
9.264024390243902474e+01
9.333943089430894702e+01
9.290083333333333826e+01
9.301788617886178656e+01
9.305040650406503744e+01
9.317284482758620356e+01
9.346260162601626575e+01
9.292198275862068613e+01
9.360664112388249691e+01
9.313041666666666174e+01
9.296381438910174211e+01
9.261387824606215702e+01
9.238221852928957389e+01
9.247936507936508121e+01
9.241673675357442619e+01
9.210632183908046500e+01
9.216666666666667140e+01
9.109973867595819286e+01
9.208579638752053143e+01
9.204597701149425859e+01
9.162359783963439952e+01
9.253611111111111143e+01
9.218308702791460973e+01
9.212725779967159667e+01
9.184868154158215248e+01
9.167610837438424198e+01
9.249231408392189735e+01
9.125602409638554491e+01
9.237847943498130121e+01
9.224390243902439579e+01
9.165392604902368134e+01
9.272971887550200165e+01
9.162822719449225417e+01
9.216950560864145814e+01
9.228078817733990036e+01
9.183067226890756274e+01
9.272660098522167971e+01
9.160966386554622432e+01
9.244259634888437915e+01
9.207738572574177738e+01
9.325881886642885377e+01
9.322443181818181301e+01
9.345048701298701133e+01
9.341461412151066668e+01
9.255275974025974506e+01
9.378517637732858248e+01
9.324059561128527207e+01
9.353605015673981882e+01
9.323672994963192195e+01
9.287541528239202648e+01
9.128758169934640421e+01
9.283313515655964920e+01
9.284090909090909349e+01
9.253654485049834477e+01
9.251477832512314592e+01
9.319975083056478127e+01
9.323824451410658298e+01
9.239202657807308583e+01
9.204999999999999716e+01
9.213587848932677105e+01
9.165476190476189799e+01
9.179081632653061718e+01
9.281396338867602935e+01
9.271530698065600973e+01
9.245916666666666117e+01
9.340934959349593214e+01
9.260110685398041142e+01
9.370487804878048621e+01
9.248801742919390279e+01
9.274847870182556164e+01
9.427045454545454106e+01
9.382601880877743383e+01
9.397240259740259205e+01
9.409821428571429180e+01
9.401745129870130313e+01
9.401354679802955161e+01
9.279182630906768736e+01
9.533610303282094378e+01
9.419526381387619551e+01
9.332654756958869768e+01
9.450658436213991820e+01
9.402943650126157138e+01
9.380866274179983577e+01
9.390243902439024737e+01
9.448899044453676765e+01
9.368460891505466748e+01
9.368923971749065061e+01
9.378977980889074217e+01
9.295248107653490877e+01
9.300212856534695050e+01
9.351769547325102394e+01
9.314146341463414558e+01
9.301808242220353407e+01
9.386164844407065289e+01
9.285440613026820245e+01
9.369833333333333769e+01
9.405041666666666345e+01
9.296168582375479161e+01
9.349638143891017705e+01
9.281055768412090856e+01
9.306513409961685568e+01
9.300083333333333258e+01
9.284759472115794665e+01
9.301399176954733150e+01
9.257983539094649927e+01
9.344916666666667027e+01
9.311260162601625723e+01
9.298612279226240673e+01
9.360243902439025021e+01
8.647376311844078600e+01
8.680288461538461320e+01
8.621394230769230660e+01
8.621139430284857497e+01
8.607646176911543989e+01
8.623776223776224015e+01
8.662139423076922640e+01
8.609999999999999432e+01
8.639130434782609314e+01
8.616954022988505812e+01
8.709285714285714164e+01
8.663575268817204744e+01
8.680134680134679570e+01
8.672777777777777430e+01
8.684811827956988850e+01
8.684722222222222854e+01
8.641449275362319327e+01
8.638980509745127279e+01
8.659670164917541513e+01
8.675718390804597391e+01
8.652500000000000568e+01
8.653591954022988375e+01
8.645972222222222570e+01
8.643888888888888289e+01
8.625729442970822447e+01
8.678194444444444855e+01
8.629385307346326783e+01
8.618440779610195079e+01
8.623838080959519914e+01
8.655172413793103203e+01
8.662368815592203930e+01
8.647826086956521863e+01
8.637331334332833421e+01
8.672463768115942173e+01
8.675942028985507193e+01
8.704647676161918923e+01
8.654722638680659941e+01
8.648575712143927774e+01
8.711094452773613739e+01
8.682908545727136129e+01
8.687556221889055053e+01
8.699700149925037351e+01
8.660419790104947424e+01
8.635682158920539564e+01
8.694254658385092682e+01
8.689055472263868296e+01
8.708189655172414234e+01
8.660031347962382142e+01
8.657271364317841744e+01
8.671014492753623415e+01
8.668065967016491413e+01
8.701199400299850595e+01
8.679160419790105152e+01
8.675712143928035402e+01
8.641979010494752345e+01
8.655022488755622589e+01
8.681559220389804921e+01
8.663568215892054525e+01
8.696851574212892899e+01
8.653485576923077360e+01
8.664317841079460436e+01
8.671364317841079128e+01
8.664017991004497787e+01
8.751923076923077360e+01
8.675862068965517437e+01
8.697081930415264139e+01
8.663568215892054525e+01
8.732083958020989201e+01
8.680094043887147848e+01
8.708115942028985046e+01
8.687826086956522431e+01
8.694720496894410644e+01
8.728605769230769340e+01
8.696754807692308020e+01
8.755408653846153300e+01
8.779836829836830248e+01
8.744227886056971499e+01
8.738078703703703809e+01
8.755583126550868656e+01
8.761418269230769340e+01
8.713354037267080798e+01
8.746521739130434980e+01
8.738530734632684016e+01
8.778904428904428414e+01
8.768215892053973448e+01
8.737631184407796070e+01
8.753105590062111219e+01
8.763151364764267726e+01
8.749879807692308020e+01
8.708150470219435135e+01
8.725360576923077360e+01
8.763581730769230660e+01
8.741947115384616041e+01
8.750582750582751146e+01
8.777524038461538680e+01
8.763822115384616041e+01
8.743750000000000000e+01
8.767307692307691980e+01
8.717101449275362768e+01
8.721982758620688969e+01
8.728405797101449082e+01
8.745545977011494188e+01
8.719683908045976750e+01
8.723136645962732416e+01
8.775143678160920047e+01
8.751724137931034875e+01
8.816522988505747094e+01
8.820402298850574141e+01
8.795545977011494188e+01
8.804885057471264531e+01
8.758620689655172953e+01
8.767916041979010799e+01
8.795802098950524339e+01
8.790948275862068328e+01
8.773463268365817669e+01
8.759220389805096829e+01
8.768365817091454062e+01
8.746666666666666856e+01
8.755472263868065852e+01
8.765072463768116506e+01
8.800149925037480614e+01
8.781709145427286956e+01
8.755652173913043157e+01
8.778881987577639734e+01
8.824281609195402609e+01
8.802206896551723503e+01
8.819252873563218031e+01
8.860666666666666913e+01
8.855724137931034079e+01
8.866091954022988375e+01
8.847270114942529062e+01
8.839862068965517494e+01
8.841379310344827047e+01
8.861655172413793480e+01
8.855459770114941875e+01
8.802298850574712219e+01
8.802298850574712219e+01
8.816522988505747094e+01
8.790993788819875476e+01
8.781211180124223858e+01
8.783058470764618164e+01
8.778560719640179855e+01
8.801293103448276156e+01
8.806677018633540399e+01
8.767766116941528765e+01
8.787931034482758719e+01
8.768965517241379359e+01
8.765217391304348382e+01
8.800694444444444287e+01
8.813055555555555998e+01
8.788362068965517437e+01
8.764767616191903699e+01
8.765229885057470938e+01
8.753879310344827047e+01
8.728260869565217206e+01
8.769196428571429180e+01
8.773913043478260931e+01
8.745577211394302708e+01
8.754722638680659941e+01
8.770807453416149713e+01
8.741770186335403992e+01
8.740086206896552312e+01
8.754597701149425859e+01
8.703898050974513012e+01
8.778494623655913642e+01
8.764880952380951840e+01
8.755952380952381020e+01
8.723188405797101552e+01
8.701127214170692525e+01
8.671450617283950635e+01
8.644642857142856940e+01
8.643898809523810201e+01
8.613734567901234129e+01
8.632253086419753174e+01
8.588083735909822281e+01
8.617283950617283494e+01
8.602898550724637516e+01
8.578421900161031033e+01
8.578549382716049365e+01
8.604347826086956275e+01
8.570386904761905100e+01
8.576234567901234129e+01
8.568209876543210157e+01
8.592438271604937938e+01
8.564251207729468263e+01
8.586755952380951840e+01
8.588244047619048160e+01
8.586755952380951840e+01
8.601234567901234129e+01
8.562946428571429180e+01
8.589434523809524080e+01
8.554320987654321584e+01
8.520987654320987303e+01
8.536755952380951840e+01
8.545370370370370949e+01
8.514492753623189003e+01
8.505555555555555713e+01
8.520450885668276442e+01
8.525892857142856940e+01
8.482930756843799713e+01
8.445732689210950639e+01
8.521711366538953314e+01
8.485714285714286120e+01
8.530820105820106392e+01
8.565900383141762120e+01
8.494099378881988116e+01
8.542989417989417689e+01
8.587160493827160224e+01
8.531994047619048160e+01
8.536490683229813214e+01
8.535093167701863592e+01
8.500446428571429180e+01
8.529166666666667140e+01
8.497670807453415875e+01
8.458482142857143060e+01
