0.000000000000000000e+00
0.000000000000000000e+00
0.000000000000000000e+00
0.000000000000000000e+00
0.000000000000000000e+00
0.000000000000000000e+00
0.000000000000000000e+00
0.000000000000000000e+00
0.000000000000000000e+00
0.000000000000000000e+00
0.000000000000000000e+00
0.000000000000000000e+00
0.000000000000000000e+00
0.000000000000000000e+00
0.000000000000000000e+00
0.000000000000000000e+00
0.000000000000000000e+00
0.000000000000000000e+00
0.000000000000000000e+00
0.000000000000000000e+00
0.000000000000000000e+00
0.000000000000000000e+00
0.000000000000000000e+00
0.000000000000000000e+00
0.000000000000000000e+00
0.000000000000000000e+00
0.000000000000000000e+00
0.000000000000000000e+00
0.000000000000000000e+00
0.000000000000000000e+00
0.000000000000000000e+00
0.000000000000000000e+00
0.000000000000000000e+00
0.000000000000000000e+00
0.000000000000000000e+00
0.000000000000000000e+00
0.000000000000000000e+00
0.000000000000000000e+00
0.000000000000000000e+00
0.000000000000000000e+00
0.000000000000000000e+00
0.000000000000000000e+00
0.000000000000000000e+00
0.000000000000000000e+00
0.000000000000000000e+00
0.000000000000000000e+00
0.000000000000000000e+00
0.000000000000000000e+00
0.000000000000000000e+00
0.000000000000000000e+00
0.000000000000000000e+00
0.000000000000000000e+00
0.000000000000000000e+00
0.000000000000000000e+00
0.000000000000000000e+00
0.000000000000000000e+00
0.000000000000000000e+00
0.000000000000000000e+00
0.000000000000000000e+00
0.000000000000000000e+00
0.000000000000000000e+00
0.000000000000000000e+00
0.000000000000000000e+00
0.000000000000000000e+00
0.000000000000000000e+00
0.000000000000000000e+00
0.000000000000000000e+00
0.000000000000000000e+00
0.000000000000000000e+00
0.000000000000000000e+00
0.000000000000000000e+00
0.000000000000000000e+00
0.000000000000000000e+00
0.000000000000000000e+00
0.000000000000000000e+00
0.000000000000000000e+00
0.000000000000000000e+00
0.000000000000000000e+00
0.000000000000000000e+00
0.000000000000000000e+00
0.000000000000000000e+00
0.000000000000000000e+00
0.000000000000000000e+00
0.000000000000000000e+00
0.000000000000000000e+00
0.000000000000000000e+00
0.000000000000000000e+00
0.000000000000000000e+00
0.000000000000000000e+00
0.000000000000000000e+00
0.000000000000000000e+00
0.000000000000000000e+00
0.000000000000000000e+00
0.000000000000000000e+00
0.000000000000000000e+00
0.000000000000000000e+00
0.000000000000000000e+00
0.000000000000000000e+00
0.000000000000000000e+00
0.000000000000000000e+00
0.000000000000000000e+00
0.000000000000000000e+00
0.000000000000000000e+00
0.000000000000000000e+00
0.000000000000000000e+00
0.000000000000000000e+00
0.000000000000000000e+00
0.000000000000000000e+00
0.000000000000000000e+00
0.000000000000000000e+00
0.000000000000000000e+00
0.000000000000000000e+00
0.000000000000000000e+00
0.000000000000000000e+00
0.000000000000000000e+00
0.000000000000000000e+00
0.000000000000000000e+00
1.020225219239968055e+02
9.261250225184650731e+01
9.495886363636363114e+01
9.515116815957152596e+01
9.605896057347669625e+01
9.553984615384615608e+01
9.850673674151934733e+01
9.538888888888888573e+01
9.787410805300713434e+01
9.741585585585585250e+01
9.778581818181818619e+01
9.893591344153142586e+01
9.680459045904591164e+01
9.738383838383838054e+01
9.658155467720685294e+01
9.815869543601471037e+01
1.013647810925997703e+02
9.985044298921417294e+01
9.965317035905270870e+01
9.693258426966292518e+01
9.608942334478595626e+01
9.674636648617840251e+01
9.642235248894868960e+01
9.616260162601625439e+01
9.457820347252116733e+01
9.505474243076481855e+01
9.522152574969727823e+01
9.481966053748232071e+01
9.513159348246340130e+01
9.449485714285714266e+01
9.390396737115312931e+01
9.342604617604617090e+01
9.418675862068965898e+01
9.324288617886179509e+01
9.411871264367816536e+01
9.383852639296188158e+01
9.383064516129032029e+01
9.347757678537780635e+01
9.352708504613136142e+01
9.386224090034902190e+01
9.357775362318839996e+01
9.386241981862420403e+01
9.422052643220526136e+01
9.438340579710144596e+01
9.428625899280575595e+01
9.463401459854014774e+01
9.394976164283094988e+01
9.436947250280583432e+01
9.505152851051528273e+01
9.384852430555555713e+01
9.436412593206296151e+01
9.507093719288840816e+01
9.512487512487513186e+01
9.528655329593267709e+01
9.548533333333332962e+01
9.549357687675632178e+01
9.543063051204423175e+01
9.582229919613097024e+01
9.545946179804447240e+01
9.495337576092971688e+01
9.461390197104482525e+01
9.478192239858906021e+01
9.521758241758242036e+01
9.573968654296523084e+01
9.927804049061622038e+01
1.011548209366391120e+02
1.012445054945054892e+02
1.016964218455743918e+02
1.015304843304843274e+02
1.011945970695970658e+02
1.013931523022432089e+02
1.010116713352007451e+02
1.013254018708564104e+02
1.007048289379900154e+02
1.009927443125991999e+02
1.012637471439451673e+02
1.017050865391882724e+02
1.019060929169840080e+02
1.018471538461538444e+02
1.014455322455322488e+02
1.017593492173644876e+02
1.014378030303030300e+02
1.015994124922696358e+02
1.011287113559840805e+02
1.010451211734693828e+02
1.004114724480578076e+02
1.003968957871396839e+02
1.003790322580645125e+02
9.937283996994740676e+01
9.968871087928465613e+01
9.941627958416279398e+01
9.921404619970194005e+01
9.916477272727273373e+01
9.891987474673052816e+01
9.900687984496124727e+01
9.955792682926829684e+01
9.958379414583794187e+01
9.927873563218390984e+01
9.921946452999804933e+01
9.839894815927873140e+01
9.927697897340755162e+01
9.933012944732966787e+01
9.872453920649796544e+01
9.858194331983806080e+01
9.737732547430465502e+01
9.760782892352301587e+01
9.723724954462659298e+01
9.842998244073748992e+01
9.901525919732441139e+01
9.960693473193472869e+01
9.958243827591016384e+01
1.004773936170212778e+02
1.002436379928315375e+02
1.004736794825727628e+02
9.991542423420980867e+01
1.000212392649367388e+02
9.949755286730076875e+01
9.968926446983287804e+01
9.949898148148147925e+01
9.947981481481481580e+01
9.969872972145699919e+01
9.850486021505376755e+01
9.920297798483602492e+01
9.903662222222222056e+01
9.939804444444445153e+01
9.949782529902138606e+01
9.922581516843811755e+01
9.952806486101211192e+01
9.925634057971014101e+01
9.939435860582105420e+01
9.941571632216678722e+01
9.942988239486814450e+01
9.962395609639703764e+01
9.925323392022997382e+01
9.921098901098901024e+01
9.940415019762845361e+01
9.920064148253742076e+01
9.912065217391304373e+01
9.966654689184333904e+01
9.918745519713262127e+01
9.905518528392428834e+01
9.952981427174975693e+01
9.953614130434782226e+01
9.958260869565216922e+01
9.961731943945382284e+01
9.972741935483871600e+01
9.976671538180490018e+01
9.976921709766284607e+01
1.001195652173912976e+02
9.972234432234432688e+01
9.972170319798777882e+01
9.994026306174643537e+01
1.003458765605767553e+02
1.001522544501671632e+02
1.008958519578043962e+02
1.018965019834114685e+02
1.019728231718219149e+02
1.016143626904496529e+02
1.026959677419354904e+02
1.017867021276595807e+02
1.022969534050179163e+02
1.018505558593038103e+02
1.021968637992831503e+02
1.018046291233825400e+02
1.016981046108984827e+02
1.007904164393526116e+02
1.012181519956260303e+02
1.018411016949152526e+02
1.013347913249498760e+02
1.014395844723892850e+02
1.009469417833456220e+02
1.012939369296105525e+02
1.016364391910610436e+02
1.016741582936717805e+02
1.013253623188405754e+02
1.017528644456196076e+02
1.012768150715364754e+02
1.017689922480620197e+02
1.006017098536929382e+02
1.018445544554455466e+02
1.019695758786667881e+02
1.023252202343111463e+02
1.018654073199527801e+02
1.014547639860139867e+02
1.021132091966080964e+02
1.019393639956881117e+02
1.021121099947117870e+02
1.023786808894230802e+02
1.024521276595744723e+02
1.025762726488352001e+02
1.024164855072463780e+02
1.025711545487760361e+02
1.022512544802867325e+02
1.023766084963863960e+02
1.024093806921675736e+02
1.018953773499228106e+02
1.018221667854597285e+02
1.017274563820018329e+02
8.292261904761905100e+01
8.272419825072886113e+01
8.254797979797979224e+01
8.232861111111111541e+01
8.228984287317621238e+01
8.230937950937951086e+01
8.329365079365079794e+01
8.327577319587628324e+01
8.312769679300291159e+01
8.365787981859411104e+01
8.353636884306988009e+01
8.333440233236152039e+01
8.369833469833470474e+01
8.408129602356406451e+01
8.310707070707070443e+01
8.357171201814058747e+01
8.271457431457432108e+01
8.250505050505050519e+01
8.207486631016043077e+01
8.164757575757575125e+01
8.188276706458525211e+01
8.153090909090909122e+01
8.141914191419141389e+01
8.185818181818181927e+01
8.187735294117646845e+01
8.162272727272727479e+01
8.121842184218421323e+01
8.124662466246624604e+01
8.134333333333333371e+01
8.200091827364555286e+01
8.197061524334252169e+01
8.147314731473147731e+01
8.124151515151514502e+01
8.176787878787878583e+01
8.226294117647059068e+01
8.175181818181818016e+01
8.159438131313130782e+01
8.132827970297029196e+01
8.141666666666667140e+01
8.179477947794779880e+01
8.235527082119976683e+01
8.203870387038703882e+01
8.249294117647059466e+01
8.299607843137255259e+01
8.353257142857142981e+01
8.347772277227723237e+01
8.683894230769230660e+01
8.383916666666667084e+01
8.266514285714285393e+01
8.243617647058823650e+01
8.247428571428571331e+01
8.218695398951659570e+01
8.208393939393938865e+01
8.184457900807382202e+01
8.146316390633923277e+01
8.154215421542154729e+01
8.151995199519951996e+01
8.156225622562256206e+01
8.137833783378337671e+01
8.155895589558956260e+01
8.189705882352940591e+01
8.174705882352941444e+01
8.141969696969697168e+01
8.183592848904267214e+01
8.216303030303029686e+01
8.198543972044262773e+01
8.195705882352940819e+01
8.164973262032086154e+01
8.213289141414141170e+01
8.295212121212121303e+01
8.399394939493949153e+01
8.454000000000000625e+01
8.455857142857142605e+01
8.429970564624029805e+01
8.447977369165488426e+01
8.479583333333333428e+01
8.511335578002244517e+01
8.491782691782691472e+01
8.470944444444444343e+01
8.492777777777777715e+01
8.502190876350540805e+01
8.484118967452300808e+01
8.713402061855670411e+01
8.479388888888888687e+01
8.528826530612245449e+01
8.510157126823793305e+01
8.430666666666667197e+01
8.468351351351351752e+01
8.475813692480359407e+01
8.524189261031366982e+01
8.428984287317621238e+01
8.498786541643684700e+01
8.387177328843995383e+01
8.387850729517396076e+01
8.344257142857142640e+01
8.414956268221574476e+01
8.396222222222222342e+01
8.366245791245790997e+01
8.271470588235294485e+01
8.249393939393939945e+01
8.250885088508850629e+01
8.232272727272727764e+01
8.272364589400116586e+01
8.278662053056517323e+01
8.312406249999999375e+01
8.344863861386139092e+01
8.417181818181818187e+01
8.405730573057306287e+01
8.479999999999999716e+01
8.388358835883587972e+01
8.388156250000000114e+01
8.412813046010482765e+01
8.389944306930692619e+01
8.402730273027302133e+01
8.382238223822382395e+01
8.559840832568104929e+01
8.642011661807579515e+01
8.670987654320987303e+01
8.662279942279941736e+01
8.745276967930028889e+01
8.660952380952380736e+01
8.709722222222222854e+01
8.705347593582887100e+01
8.617216721672167523e+01
8.664864864864864558e+01
8.613971428571429101e+01
8.652929292929293581e+01
8.695597667638483586e+01
8.717736185383243708e+01
8.677866904337493281e+01
8.637979797979798491e+01
8.488775510204081343e+01
8.370761138613860908e+01
8.344771039603961071e+01
8.362653186274509665e+01
8.352317290552583984e+01
