1.126969841269841339e+02
1.127378624959270184e+02
1.132344800000000049e+02
1.126360317460317475e+02
1.130948191593352874e+02
1.129602399999999989e+02
1.123060594059405872e+02
1.134769153563064634e+02
1.130236290322580714e+02
1.130150687199867576e+02
1.127548800000000000e+02
1.121852899575671785e+02
1.122280800000000056e+02
1.121515717398070393e+02
1.124681300813008136e+02
1.114793725490196010e+02
1.111160657811511641e+02
1.104228062294099999e+02
1.100134667745971058e+02
1.102599154272382549e+02
1.119927035330261162e+02
1.118766381766381812e+02
1.119312263679817363e+02
1.128097904105656113e+02
1.130396306818181813e+02
1.141297754447360688e+02
1.163948782103171737e+02
1.184473786407767051e+02
1.177620212521978402e+02
1.193048703352308735e+02
1.185764660194174809e+02
1.165166008483252824e+02
1.162801564877200633e+02
1.165044610209156133e+02
1.173687275341480927e+02
1.181212053571428555e+02
1.183547008547008517e+02
1.167707482993197345e+02
1.162068376068376097e+02
1.173591496394230802e+02
1.188551020408163197e+02
1.184495600728155296e+02
1.182425643396517216e+02
1.173105122074911293e+02
1.179336153846153792e+02
1.175046923076923093e+02
1.179301374092944314e+02
1.195008558979147182e+02
1.199217425742574221e+02
1.197862745098039170e+02
1.197934366017246930e+02
1.192726913345983490e+02
1.184028514851485170e+02
1.189934376976597150e+02
1.183012277227722819e+02
1.183799611650485417e+02
1.169902325908228562e+02
1.162504391820673249e+02
1.156241423670668951e+02
1.162850818635373429e+02
1.155256064690026960e+02
1.161556216369300500e+02
1.156437418983148433e+02
1.167334809892949465e+02
1.162336604870956052e+02
1.176390066626287165e+02
1.177160658969304450e+02
1.198741708126036514e+02
1.169033482142857139e+02
1.171618303571428612e+02
1.190913974538229496e+02
1.204803914073847579e+02
1.193583984375000000e+02
1.194963928967813587e+02
1.186232233009708779e+02
1.171149878640776762e+02
1.144868640533778148e+02
1.140428765070985264e+02
1.134032763532763539e+02
1.147746770025839851e+02
1.145496438746438770e+02
1.128528490028489983e+02
1.134871301775147998e+02
1.132878388278388258e+02
1.123757728253055319e+02
1.138087457205104300e+02
1.143602400000000046e+02
1.143454966464388320e+02
1.130622592078902784e+02
1.134726748265377694e+02
1.144678019801980184e+02
1.130657051282051242e+02
1.141379991224221158e+02
1.154116815476190538e+02
1.147108157991878983e+02
1.148902760933152649e+02
1.161822872490811420e+02
1.150117603550295797e+02
1.160403669724770594e+02
1.191140058055152338e+02
1.195957399764150892e+02
1.202139862234201786e+02
1.186188668224299079e+02
1.178015122873345888e+02
1.167262267988812567e+02
1.170914711765775564e+02
1.163670820353063391e+02
1.160116983791402419e+02
1.167070784177654446e+02
1.175082547169811278e+02
1.177172103487064163e+02
1.177481991857187609e+02
1.162990929705215422e+02
1.158500725689404902e+02
1.163503489077669855e+02
1.154737617924528337e+02
1.153313106796116472e+02
1.155618894993894941e+02
1.149714519976147926e+02
1.149014601330173520e+02
1.148151041666666714e+02
1.147700724302666089e+02
1.149396504854368999e+02
1.149899303452453125e+02
1.144122421116504853e+02
1.137820941241993893e+02
1.157658237431859476e+02
1.153737532808398925e+02
1.146292110410780225e+02
1.143278245192307736e+02
1.140197699496764869e+02
1.157081941747572813e+02
1.185637406947890753e+02
1.165169152649952338e+02
1.161213209999235545e+02
1.167985311932162347e+02
1.175958515637660042e+02
1.180933638818427340e+02
1.178928921568627430e+02
1.177727722772277161e+02
1.164255804801259302e+02
1.154617987667318459e+02
1.146353873873873823e+02
1.146930246104558080e+02
1.171557468515861586e+02
1.172718333333333334e+02
1.165186796116504837e+02
1.161254306295020342e+02
1.165734533183352113e+02
1.158162153750389081e+02
1.159823366336633654e+02
1.158361788617886248e+02
1.156743970315398826e+02
1.154805174065793665e+02
1.155957377049180366e+02
1.155821460194799926e+02
1.155207377049180337e+02
1.147968848829854522e+02
1.145163685723411078e+02
1.143553725490196058e+02
1.123351698113207533e+02
1.129373792898529132e+02
1.134830896137982705e+02
1.139835483870967749e+02
1.134867322599880737e+02
1.131702143276570780e+02
1.129652747252747247e+02
1.132520923520923475e+02
1.140627605372857829e+02
1.133597756410256352e+02
1.122592840166369541e+02
1.130969079939668234e+02
1.130374540441176521e+02
1.132199320673151135e+02
1.126838612368024144e+02
1.123590009634625346e+02
1.129833672010235546e+02
1.123209071370340126e+02
1.140972121212121237e+02
1.127304705003734142e+02
1.141516509042641445e+02
1.121658220940204274e+02
1.128470866141732216e+02
1.136596119929453295e+02
1.133791968400263386e+02
1.127520472440944843e+02
1.132377745711079058e+02
1.134959349593495972e+02
1.123008828441899283e+02
1.133028660589636161e+02
1.123597617574257441e+02
1.131679199999999952e+02
1.125329133858267738e+02
1.128255974264705941e+02
1.131564682407715310e+02
1.135783593750000051e+02
1.177831538461538514e+02
1.232494058229352305e+02
1.237408346616432340e+02
1.243420917494008933e+02
1.228471210544571619e+02
1.212024104927330796e+02
1.226624248851184120e+02
1.186044289044289002e+02
1.232262845849802346e+02
1.223484446800989787e+02
1.235597826086956559e+02
1.258760191421481807e+02
1.278300546448087402e+02
1.277776867030965349e+02
1.283432403044581349e+02
1.275318659053232579e+02
1.271867208672086775e+02
1.264007226738934122e+02
1.255611562782294470e+02
1.243503407625713777e+02
1.247863346331088223e+02
1.243190639799424275e+02
1.241805592781202563e+02
1.232599673794853175e+02
1.223697889412175073e+02
1.235902125137583596e+02
1.232887218045112832e+02
1.237297704808175638e+02
1.210589470284237734e+02
1.148196747448979522e+02
1.103071755725190854e+02
1.110389277389277396e+02
1.101694505328395479e+02
1.119550534499514072e+02
1.120030447662936126e+02
1.104971058644325979e+02
1.109273131127450966e+02
1.112474349797184487e+02
1.114153942526035479e+02
1.106685937499999994e+02
1.106107183030692624e+02
1.113573877551020388e+02
1.109605511811023604e+02
1.106267436267436324e+02
1.111135885242067474e+02
1.106082147277227676e+02
1.108501701732673297e+02
1.105101574803149589e+02
1.095532486930545133e+02
1.124061904761904742e+02
1.123707547169811392e+02
1.125330000724480186e+02
1.132162891046386193e+02
1.133806014150943327e+02
1.132078257659652962e+02
1.127243088942307736e+02
1.134540198019801949e+02
1.137628950506857421e+02
1.132196745562130218e+02
1.126129994036970743e+02
1.134882976102488357e+02
1.129765130984643235e+02
1.125829260345389429e+02
1.127715365032438228e+02
1.126957600000000070e+02
1.121009448818897596e+02
1.117506249999999994e+02
1.122043087121212182e+02
1.122091783981547763e+02
1.120196734693877545e+02
1.107631558431433660e+02
1.101816017316017309e+02
1.116236750238019653e+02
1.174581144957983128e+02
1.245353988603988569e+02
1.236353702372393997e+02
1.168497113997113956e+02
1.138325139298590614e+02
1.101782765737874143e+02
1.100005378512841219e+02
1.125994136460554387e+02
1.076654854189737875e+02
1.103200800000000044e+02
1.080239120038259273e+02
1.085998613037448024e+02
1.104622399999999942e+02
1.097297791428989342e+02
1.101571070533476586e+02
1.084234813084112119e+02
1.092349938118811821e+02
1.091930545182972310e+02
1.099822047244094421e+02
1.098200800000000044e+02
1.097004724666014965e+02
1.101517338642774178e+02
1.096729528120023502e+02
1.101976222148320517e+02
1.093226938775510177e+02
1.088932244897959123e+02
1.084353741496598644e+02
1.097748014196383366e+02
1.092853061224489863e+02
1.088231130199634151e+02
1.092584742268041254e+02
1.096293729930708167e+02
1.094038710722384167e+02
1.105792349726775967e+02
1.091689795918367309e+02
1.067216775599128482e+02
1.097719471134105333e+02
1.091208048224177247e+02
1.094325797659131041e+02
1.089627755102040823e+02
1.104028182701652128e+02
1.101896799999999956e+02
1.088471220137886775e+02
1.089710157174243648e+02
1.076746247205365705e+02
1.075629683936135592e+02
1.075328282828282767e+02
1.086869514820334501e+02
1.084292127625461006e+02
1.078488095238095212e+02
1.087371134020618513e+02
1.076452032520325162e+02
1.089024590163934363e+02
1.090601639344262281e+02
1.079797647058823600e+02
1.082312360268284834e+02
1.089896120759616878e+02
1.093850803113098209e+02
1.088620249121686356e+02
1.097244805781391079e+02
1.088277599999999978e+02
1.080271871449440084e+02
1.101297014673638017e+02
1.091552800000000047e+02
1.077423377403846132e+02
1.085957671957671948e+02
1.096177267655029510e+02
1.100577244638313346e+02
1.088872883142435484e+02
1.086230880230880160e+02
1.100468069398301907e+02
1.100176775147928936e+02
1.106316087079445794e+02
1.115960227671983631e+02
1.124927942961165002e+02
1.123334877257989746e+02
1.120320684523809547e+02
1.126046580188679229e+02
1.103761467889908232e+02
1.149249310176919323e+02
1.140526953361598999e+02
1.103753531840904145e+02
1.115095238095238130e+02
1.110584629891560553e+02
1.109002887976896119e+02
1.106071813838804161e+02
1.116916548797736937e+02
1.119402020202020225e+02
1.119136220472440897e+02
1.125466589861751174e+02
1.122018585858585880e+02
1.118847676767676802e+02
1.117633333333333354e+02
1.119651221144195432e+02
1.118521652563464386e+02
1.114934205012153257e+02
1.115482827277252369e+02
1.118836567413850815e+02
1.117364503178320518e+02
1.114795092442702611e+02
1.113520822963331653e+02
1.116175464320625679e+02
1.109382817643186314e+02
1.120886584141853461e+02
1.113238622076942477e+02
1.113900625316883577e+02
1.119532118055555543e+02
1.107770612244897990e+02
1.109324448914592267e+02
1.108749153116531119e+02
1.106278367346938722e+02
1.099016666666666708e+02
1.109034138921750952e+02
1.101029921259842581e+02
1.097176620887895240e+02
1.111366596002422824e+02
1.124090546787820841e+02
1.129422319806178052e+02
1.119449786324786373e+02
1.120543689320388410e+02
1.107901627218934948e+02
1.122989032451923066e+02
1.129899553571428612e+02
1.130396802534927332e+02
1.131384567028131443e+02
1.124833310085088556e+02
1.136194968553459148e+02
1.149040750915750948e+02
1.147487419122933119e+02
1.150102732396375842e+02
1.150093602594339615e+02
1.142820607311320771e+02
1.130943396226415132e+02
1.084327380952380935e+02
1.095275590551181040e+02
