6.633226860793344315e+01
6.817272079772079962e+01
6.947928013260715829e+01
7.090425363693864824e+01
7.051437003724264230e+01
7.012165163081193953e+01
6.884347826086955990e+01
6.793177915731078542e+01
6.878710161229845710e+01
6.963393421884883594e+01
6.898720912313144993e+01
6.917083333333333428e+01
6.834912854030501705e+01
6.865680382185236397e+01
6.801749019607842683e+01
6.822244660194174060e+01
6.906730769230769340e+01
6.976498782714546110e+01
7.437236533957845097e+01
7.090276497695852242e+01
7.111092870544089806e+01
6.975705404112864016e+01
6.794555555555555770e+01
6.865974104185485771e+01
6.828174486803519017e+01
6.886259004071406764e+01
7.315518321327904516e+01
7.257449968730456646e+01
6.962987687286752703e+01
6.977667289719626353e+01
6.828625263792584121e+01
6.832814814814814497e+01
6.743826456956158211e+01
6.845071806500378386e+01
6.792716190476190263e+01
6.817068587535233348e+01
6.873619180099828441e+01
6.795343137254901933e+01
6.799338879809835134e+01
6.769680504238209551e+01
6.756067632160947767e+01
6.740005674563768423e+01
6.730644367929168936e+01
6.701120879120878726e+01
6.723442158616576592e+01
6.726476190476191164e+01
6.778222656250000000e+01
6.713957975986278370e+01
6.696086237980769340e+01
6.696712880143113011e+01
6.606420944858855648e+01
6.653650793650793105e+01
6.662003281729329274e+01
6.692599770312948237e+01
6.715749123831776046e+01
6.742601022480566542e+01
6.699992307692308202e+01
6.686947228773584584e+01
6.711635220125786816e+01
6.743815938970946888e+01
6.639700281503560575e+01
6.774373629815221420e+01
6.690389753261040084e+01
6.645238095238094900e+01
6.686040179556994190e+01
6.720563809523810050e+01
6.738032981726340154e+01
6.617480762796921567e+01
6.530664600550964849e+01
6.320940465918895512e+01
6.234305590478584946e+01
6.249185319289006202e+01
6.239689578713969098e+01
6.233720000000000283e+01
6.221290737564322626e+01
6.282486151840990374e+01
6.263696844993141610e+01
6.309576901086334999e+01
6.239817489495798242e+01
6.260234001569522633e+01
6.273674627074725407e+01
6.251083144212915244e+01
6.193903638151425639e+01
6.338528564401658372e+01
6.343131259078052153e+01
6.313370297029702982e+01
6.357024857186969058e+01
6.528720667342324191e+01
6.564356435643564680e+01
6.592582524271844591e+01
6.502240896358543409e+01
6.510978835978835377e+01
6.508355654761905384e+01
6.538110953952538296e+01
6.459554334554334787e+01
6.527739251040222257e+01
6.529586385836385887e+01
6.579230769230768772e+01
6.546100427350427253e+01
6.548187052598817104e+01
6.536989907854322723e+01
6.486912705031970461e+01
6.545119047619047592e+01
6.562998921251347895e+01
6.536286452565522609e+01
6.546033653846153300e+01
6.552396668238252175e+01
6.504887412329273388e+01
6.542804636697766796e+01
6.784939989297454588e+01
6.764244244244244442e+01
6.683113006396588673e+01
6.644914806498481141e+01
6.626212121212121531e+01
6.587176814011677095e+01
6.695176132278936620e+01
6.651669316375198093e+01
6.615641653463920591e+01
6.622757619738752055e+01
6.579027576197387361e+01
6.590877066858375599e+01
6.552321958994421891e+01
6.552851959361393597e+01
