6.521141215106732147e+01
6.556732348111658837e+01
6.555229591836734926e+01
6.493029259896729855e+01
6.548899044453676765e+01
6.326270456503014827e+01
6.322179650915283133e+01
6.387080103359173222e+01
6.405357142857143060e+01
6.336950904392764983e+01
6.469148020654044728e+01
6.490776900706273977e+01
6.511869918699187565e+01
6.537407407407407334e+01
6.518124474348191200e+01
6.517071094082588445e+01
6.471934156378600278e+01
6.461944329040299806e+01
6.494593495934960004e+01
6.442911877394635667e+01
6.446317581949766407e+01
6.463984674329502411e+01
6.464634146341462895e+01
6.443072289156626198e+01
6.424558452481076642e+01
6.392772108843537637e+01
6.413252032520324519e+01
6.483861788617886646e+01
6.473000000000000398e+01
6.474349593495935551e+01
6.486910569105691593e+01
6.465172413793104056e+01
6.520650406504064733e+01
6.470215517241379644e+01
6.594636015325670542e+01
6.494833333333333769e+01
6.524010217113665533e+01
6.546189868028947956e+01
6.439842127129206517e+01
6.477301587301587915e+01
6.457106812447435118e+01
6.460098522167487545e+01
6.466748768472906761e+01
6.344817073170731447e+01
6.481855500821018268e+01
6.490517241379311031e+01
6.390319900290818111e+01
6.485079365079364777e+01
6.477791461412151364e+01
6.486083743842364413e+01
6.430791075050710504e+01
6.412561576354680426e+01
6.492189447444951611e+01
6.368545611015490238e+01
6.426215205650187556e+01
6.409041211101765612e+01
6.390444536767761008e+01
6.492168674698795883e+01
6.394836488812392616e+01
6.441005400914001200e+01
6.432799671592775326e+01
6.422226890756301998e+01
6.485016420361247924e+01
6.397773109243697576e+01
6.465476673427991727e+01
6.461106655974337798e+01
6.574950455806579441e+01
6.651826298701298867e+01
6.635592532467532578e+01
6.620689655172414234e+01
6.533360389610389518e+01
6.644074514466905157e+01
6.600078369905956777e+01
6.626920062695924685e+01
6.597404106935296397e+01
6.539161129568105935e+01
6.395206971677559693e+01
6.557748711850970835e+01
6.583503134796238498e+01
6.532142857142856940e+01
6.539901477832512455e+01
6.595805647840531094e+01
6.628095611285266386e+01
6.533720930232557578e+01
6.461386554621849143e+01
6.448029556650246263e+01
6.450977891156462363e+01
6.451615646258503034e+01
6.524308216262238602e+01
6.477460050462573804e+01
6.436499999999999488e+01
6.565650406504065018e+01
6.466326096211153640e+01
6.572601626016259502e+01
6.490675381263616828e+01
6.514036511156186293e+01
6.685795454545454675e+01
6.670180250783698739e+01
6.693141233766233711e+01
6.659862012987012747e+01
6.661607142857143060e+01
6.643637110016420877e+01
6.509748829289058847e+01
6.748483589530536619e+01
6.642168674698795883e+01
6.552305774823432216e+01
6.610370370370370097e+01
6.546173254835996147e+01
6.573044575273338808e+01
6.561522287636670114e+01
6.638138761944328792e+01
6.541253153910849960e+01
6.601121728292480384e+01
6.564769422517656494e+01
6.455550883095037307e+01
6.497232865048957251e+01
6.513744855967078706e+01
6.483089430894308691e+01
6.476576955424727089e+01
6.545500420521446472e+01
6.443337590464027187e+01
6.553833333333332689e+01
6.637416666666666742e+01
6.443252447850149167e+01
6.483780332056194595e+01
6.496849723286504741e+01
6.465304384844614560e+01
6.467083333333333428e+01
6.440953597275436948e+01
6.437325102880657823e+01
6.403374485596707189e+01
6.501749999999999829e+01
6.457804878048780495e+01
6.485786375105129764e+01
6.514268292682926642e+01
8.085403726708074146e+01
8.395285359801488312e+01
8.495920745920746242e+01
8.112560386473430185e+01
8.105434782608695343e+01
8.414903846153846700e+01
8.418362282878412373e+01
8.082441471571905822e+01
8.041384863123992943e+01
8.176488095238094900e+01
8.287121212121212466e+01
8.090224358974359120e+01
8.490442054958184315e+01
8.079320987654321584e+01
8.044290123456789843e+01
8.033333333333332860e+01
8.050724637681159379e+01
8.152012882447665731e+01
8.142673107890499296e+01
8.132407407407407618e+01
8.174537037037036669e+01
8.143209876543210157e+01
8.161882716049382225e+01
8.164969135802469680e+01
8.690446650124069095e+01
8.145833333333332860e+01
8.108373590982286316e+01
8.207729468599033851e+01
8.146054750402576872e+01
8.130434782608695343e+01
8.128663446054750352e+01
8.175201288244765863e+01
8.187439613526569815e+01
8.128502415458936525e+01
8.164412238325282090e+01
8.109017713365538782e+01
8.158132045088566997e+01
8.166988727858293373e+01
8.083110367892976456e+01
8.183252818035427367e+01
8.192753623188406209e+01
8.250241545893719319e+01
8.147665056360708036e+01
8.163768115942029624e+01
8.123349436392913958e+01
8.128726708074533747e+01
8.232142857142856940e+01
8.083333333333332860e+01
8.166827697262479546e+01
8.162801932367149504e+01
8.171336553945249648e+01
8.111801242236025189e+01
8.189440993788819867e+01
8.164906832298136408e+01
8.176708074534161597e+01
8.131723027375201696e+01
8.190338164251207331e+01
8.207568438003220024e+01
8.171739130434782794e+01
8.509553349875930905e+01
8.122544283413849087e+01
8.124315619967794078e+01
8.131723027375201696e+01
8.510697115384616041e+01
8.159259259259259522e+01
8.525806451612903913e+01
8.240527950310558936e+01
8.179227053140097325e+01
8.170707070707071296e+01
8.134782608695651618e+01
8.267546583850931086e+01
8.259420289855071928e+01
8.609134615384616041e+01
8.535235732009925869e+01
8.538213399503722201e+01
8.487096774193548754e+01
8.233011272141706627e+01
8.569097222222222854e+01
8.557816377171215549e+01
8.523697270471464549e+01
8.165056360708534555e+01
8.105797101449275033e+01
8.181832298136646386e+01
8.506370192307691980e+01
8.145571658615136812e+01
8.127053140096617767e+01
8.182763975155279468e+01
8.568149038461538680e+01
8.540942928039702053e+01
8.147306397306397230e+01
8.530397022332506651e+01
8.576802884615383959e+01
8.556129807692308020e+01
8.469354838709676869e+01
8.416153846153845564e+01
8.418486352357319902e+01
8.461290322580644840e+01
8.441315136476427483e+01
8.246376811594203105e+01
8.268898809523810201e+01
8.201771336553944991e+01
8.203273809523810201e+01
8.190123456790124123e+01
8.209627329192547052e+01
8.240178571428570820e+01
8.168438003220612131e+01
8.180654761904762040e+01
8.154166666666667140e+01
8.164434523809524080e+01
8.211160714285713880e+01
8.268944099378882129e+01
8.149275362318840621e+01
8.195807453416149713e+01
8.212500000000000000e+01
8.178571428571429180e+01
8.191614906832298004e+01
8.240838509316769489e+01
8.273602484472050378e+01
8.203105590062111219e+01
8.234472049689441064e+01
8.138647342995169254e+01
8.200155279503105987e+01
8.292431561996779976e+01
8.317713365539452752e+01
8.462654320987654444e+01
8.620000000000000284e+01
8.607407407407407618e+01
8.613925925925926208e+01
8.607259259259259920e+01
8.485897435897436480e+01
8.488117283950617775e+01
8.553777777777777658e+01
8.494666666666667254e+01
8.490370370370369812e+01
8.393154761904762040e+01
8.443364197530864601e+01
8.436111111111111427e+01
8.360030864197530320e+01
8.338164251207729194e+01
8.267471819645732012e+01
8.257809983896940764e+01
8.271739130434782794e+01
8.262037037037036669e+01
8.078762541806020181e+01
8.139291465378421719e+01
8.104938271604937938e+01
8.120186335403727185e+01
8.102415458937197457e+01
8.071604938271605079e+01
8.078703703703703809e+01
8.161698717948718240e+01
8.201337792642139846e+01
8.198878205128205821e+01
8.185416666666667140e+01
8.169887278582930890e+01
8.169135802469135399e+01
8.104508856682770102e+01
8.160200668896321474e+01
8.147826086956521863e+01
8.072946859903382233e+01
8.139935587761674185e+01
8.115895061728394921e+01
8.140586419753086034e+01
8.257004830917874472e+01
8.520023148148148096e+01
8.193898809523810201e+01
8.288505747126437484e+01
8.254813664596272815e+01
8.147515527950309888e+01
8.152678571428570820e+01
8.159970238095237960e+01
8.118247126436781969e+01
8.226527777777778283e+01
8.157614942528735469e+01
8.211304347826086314e+01
8.147701149425287781e+01
8.087556221889055053e+01
8.104192546583850287e+01
8.112931034482758719e+01
8.108095952023988673e+01
8.049568965517241281e+01
8.115555555555555145e+01
8.153017241379311031e+01
8.074137931034482563e+01
8.041529235382309082e+01
8.096264367816091578e+01
8.036925287356321235e+01
7.997557471264367734e+01
8.086607142857143060e+01
8.038055555555555998e+01
8.075277777777777999e+01
8.040922619047618980e+01
8.031388888888888289e+01
8.062931034482758719e+01
7.992385057471264531e+01
7.979610194902548415e+01
7.941071428571429180e+01
7.986056971514243230e+01
7.988888888888888573e+01
7.970579710144927787e+01
7.912463768115941321e+01
8.296184062850728935e+01
7.981666666666666288e+01
8.278002244668911658e+01
8.353198653198653290e+01
7.952608695652173765e+01
8.379124579124578531e+01
8.304398148148148096e+01
8.012916666666666288e+01
7.916941529235381836e+01
7.963043478260870245e+01
7.923055555555555429e+01
7.909770114942529062e+01
7.919275362318840905e+01
7.947638888888889142e+01
