8.451067323481116489e+01
8.464614121510673783e+01
8.521598639455781665e+01
8.480335628227194888e+01
8.495803905276277135e+01
8.305081826012057888e+01
8.279012345679012697e+01
8.353919035314383734e+01
8.342694805194804530e+01
8.270499569336779189e+01
8.430249569707400781e+01
8.419651017864561027e+01
8.399512195121951663e+01
8.434897119341563609e+01
8.436248948696383820e+01
8.446104725415069936e+01
8.369259259259258954e+01
8.384503531366846119e+01
8.390243902439024737e+01
8.377096636866751567e+01
8.396892294593443751e+01
8.422137079608343413e+01
8.373455284552845512e+01
8.413468158347676251e+01
8.328343145500420519e+01
8.311649659863945772e+01
8.306097560975609895e+01
8.398943089430893849e+01
8.344291666666666174e+01
8.371585365853658800e+01
8.374837398373983888e+01
8.392456896551723844e+01
8.410487804878049189e+01
8.376163793103448540e+01
8.515581098339718835e+01
8.385375000000000512e+01
8.421966794380587373e+01
8.414985100042571275e+01
8.380432073120066150e+01
8.333769841269841550e+01
8.341463414634147000e+01
8.352996715927750415e+01
8.324137931034482563e+01
8.254790940766550023e+01
8.346510673234811861e+01
8.354967159277504152e+01
8.257955961778147014e+01
8.341706349206349103e+01
8.353981937602627283e+01
8.349014778325123132e+01
8.323691683569980171e+01
8.280788177339901779e+01
8.409763190693809065e+01
8.323063683304647498e+01
8.347029497299543266e+01
8.338898233809923966e+01
8.262733693394267220e+01
8.366265060240964146e+01
8.316351118760756833e+01
8.353095139177399631e+01
8.342364532019703915e+01
8.352647058823529846e+01
8.398070607553366074e+01
8.320966386554621863e+01
8.371561866125760787e+01
8.336166800320769710e+01
8.475980975029726494e+01
8.555397727272726627e+01
8.547605519480519831e+01
8.538998357963875208e+01
8.452435064935065157e+01
8.580578676179152353e+01
8.521590909090909349e+01
8.552625391849529990e+01
8.485509492444788293e+01
8.481852159468438401e+01
8.332200435729846788e+01
8.431232659532302876e+01
8.475940438871472793e+01
8.441029900332226532e+01
8.450779967159277817e+01
8.470265780730896665e+01
8.469474921630093434e+01
8.424792358803986758e+01
8.331554621848739828e+01
8.317159277504104864e+01
8.346343537414965397e+01
8.362925170068027114e+01
8.420902511707109284e+01
8.409924306139613748e+01
8.330666666666667197e+01
8.433536585365853000e+01
8.385312899106003215e+01
8.463699186991870249e+01
8.449716775599128482e+01
8.418661257606490267e+01
8.543143939393939945e+01
8.569318181818181301e+01
8.598579545454545325e+01
8.584659090909090651e+01
8.575243506493507084e+01
8.576313628899835351e+01
8.466411238825031660e+01
8.698545907769006647e+01
8.553095139177399631e+01
8.464810968009970793e+01
8.521934156378600278e+01
8.502943650126157138e+01
8.508031959629941809e+01
8.466526492851134833e+01
8.533444121312837183e+01
8.426913372582001216e+01
8.478562525965932650e+01
8.487868716244287270e+01
8.367073170731707421e+01
8.415368241805023786e+01
8.393456790123457267e+01
8.339715447154470951e+01
8.379310344827585766e+01
8.443439865433137470e+01
8.352532992762877484e+01
8.430291666666666117e+01
8.492916666666666003e+01
8.335589612601107490e+01
8.391443167305236273e+01
8.382673478075777496e+01
8.379736057896977286e+01
8.308958333333333712e+01
8.346232439335886966e+01
8.314814814814815236e+01
8.271646090534979123e+01
8.381499999999999773e+01
8.330365853658535968e+01
8.400126156433978508e+01
8.389308943089430670e+01
1.065978260869565162e+02
1.081526054590570709e+02
1.084836829836829821e+02
1.072528180354267278e+02
1.064782608695652186e+02
1.073930288461538396e+02
1.075843672456575746e+02
1.066739130434782652e+02
1.057600644122383216e+02
1.067217261904761898e+02
1.048744588744588810e+02
1.064791666666666714e+02
1.085029868578255616e+02
1.063148148148148096e+02
1.059243827160493794e+02
1.055694444444444429e+02
1.063880837359098166e+02
1.073027375201288294e+02
1.071239935587761636e+02
1.065817901234567842e+02
1.068966049382716079e+02
1.068009259259259238e+02
1.069984567901234556e+02
1.068024691358024683e+02
1.103858560794044621e+02
1.069519230769230802e+02
1.065893719806763329e+02
1.077133655394524965e+02
1.070563607085346263e+02
1.071980676328502398e+02
1.069581320450885613e+02
1.073301127214170663e+02
1.077713365539452468e+02
1.071497584541062764e+02
1.073558776167471791e+02
1.066086956521739069e+02
1.071787439613526516e+02
1.074186795491143300e+02
1.069949832775919702e+02
1.074363929146537799e+02
1.074524959742351058e+02
1.081964573268921157e+02
1.073816425120772919e+02
1.074685990338164316e+02
1.067004830917874330e+02
1.064161490683229800e+02
1.073303571428571388e+02
1.071262626262626299e+02
1.073156199677938787e+02
1.072576489533011284e+02
1.073784219001610296e+02
1.065279503105590067e+02
1.076273291925465827e+02
1.076024844720496958e+02
1.075481366459627282e+02
1.068840579710144993e+02
1.073832528180354302e+02
1.076103059581320451e+02
1.066304347826087024e+02
1.087183622828784166e+02
1.071384863123993512e+02
1.067954911433172356e+02
1.069017713365539493e+02
1.079098557692307736e+02
1.068824476650563611e+02
1.080752688172043037e+02
1.076723602484472053e+02
1.071610305958132017e+02
1.077104377104377164e+02
1.069806763285024118e+02
1.079037267080745295e+02
1.081046698872785896e+02
1.090817307692307736e+02
1.088263027295285355e+02
1.094578163771712127e+02
1.086364764267990068e+02
1.080756843800322002e+02
1.089722222222222285e+02
1.096054590570719540e+02
1.091253101736972724e+02
1.074347826086956559e+02
1.069597423510466996e+02
1.073913043478260931e+02
1.087716346153846132e+02
1.075539452495974189e+02
1.071755233494363893e+02
1.073074534161490732e+02
1.089206730769230802e+02
1.086997518610421878e+02
1.072037037037037095e+02
1.086377171215880963e+02
1.086959134615384670e+02
1.087596153846153868e+02
1.080657568238213457e+02
1.080525641025641050e+02
1.081054590570719540e+02
1.084751861042183663e+02
1.084057071960297804e+02
1.080257648953301128e+02
1.075729166666666714e+02
1.078341384863123977e+02
1.075327380952381020e+02
1.076712962962962905e+02
1.078835403726708080e+02
1.075773809523809490e+02
1.078647342995169112e+02
1.074389880952381020e+02
1.069137931034482705e+02
1.069151785714285694e+02
1.071696428571428612e+02
1.080326086956521721e+02
1.072028985507246404e+02
1.073167701863354040e+02
1.070308641975308603e+02
1.075916149068323051e+02
1.075170807453416160e+02
1.077996894409937880e+02
1.081692546583850998e+02
1.075854037267080798e+02
1.077422360248447148e+02
1.073011272141706911e+02
1.078447204968944106e+02
1.083510466988727927e+02
1.087149758454106347e+02
1.099259259259259238e+02
1.099557142857142793e+02
1.104598765432098730e+02
1.105407407407407447e+02
1.103244444444444383e+02
1.100000000000000000e+02
1.099506172839506206e+02
1.099851851851851876e+02
1.096696296296296254e+02
1.090740740740740762e+02
1.087306547619047592e+02
1.091697530864197461e+02
1.093117283950617349e+02
1.082299382716049365e+02
1.085684380032206064e+02
1.080805152979066008e+02
1.081400966183574894e+02
1.077267080745341588e+02
1.075509259259259238e+02
1.066404682274247477e+02
1.064798711755233427e+02
1.063472222222222285e+02
1.064285714285714306e+02
1.070869565217391255e+02
1.063703703703703667e+02
1.062253086419753032e+02
1.071810897435897374e+02
1.073377926421404709e+02
1.071346153846153868e+02
1.072964743589743648e+02
1.072930756843800282e+02
1.073009259259259238e+02
1.066215780998389704e+02
1.073795986622073571e+02
1.071867954911433145e+02
1.061980676328502398e+02
1.069275362318840621e+02
1.067793209876543159e+02
1.064459876543209873e+02
1.076344605475040197e+02
1.077152777777777715e+02
1.067708333333333286e+02
1.075316091954022966e+02
1.082282608695652186e+02
1.068586956521739069e+02
1.067142857142857082e+02
1.066026785714285694e+02
1.060071839080459739e+02
1.065791666666666657e+02
1.060301724137931103e+02
1.067246376811594217e+02
1.067787356321839098e+02
1.063703148425787077e+02
1.065714285714285694e+02
1.061264367816092005e+02
1.067901049475262312e+02
1.053951149425287355e+02
1.060263888888888886e+02
1.060344827586206833e+02
1.056896551724137936e+02
1.058110944527736166e+02
1.054942528735632123e+02
1.053074712643678197e+02
1.047227011494252906e+02
1.061517857142857082e+02
1.047416666666666600e+02
1.045611111111111171e+02
1.055669642857142918e+02
1.050291666666666686e+02
1.053563218390804650e+02
1.046695402298850581e+02
1.049415292353823048e+02
1.048720238095238102e+02
1.050164917541229386e+02
1.042680555555555486e+02
1.045057971014492750e+02
1.039449275362318872e+02
1.063456790123456841e+02
1.038319444444444457e+02
1.064702581369247980e+02
1.069786756453423067e+02
1.041463768115942088e+02
1.071694725028058315e+02
1.061875000000000000e+02
1.041236111111111171e+02
1.047856071964017985e+02
1.041623188405797151e+02
1.035819444444444457e+02
1.044813218390804650e+02
1.043956521739130494e+02
1.041263888888888829e+02
