8.416936507936507894e+01
8.409522645812968733e+01
8.449791999999999348e+01
8.403753968253968765e+01
8.443198110133593559e+01
8.430039999999999623e+01
8.383041584158415560e+01
8.465222482435596874e+01
8.435774193548387245e+01
8.442589832753766643e+01
8.411552000000000362e+01
8.379498664152129095e+01
8.372856000000000165e+01
8.375988173046997076e+01
8.395585365853658288e+01
8.306015686274510301e+01
8.271007273877292221e+01
8.229589697514225577e+01
8.200691735962911366e+01
8.207093904928549932e+01
8.329523809523809064e+01
8.327628205128205252e+01
8.330234714988941391e+01
8.391616422624174731e+01
8.415234375000000000e+01
8.510126859142607714e+01
8.677099124291706289e+01
8.783067961165048132e+01
8.723117498662182356e+01
8.818500948766603642e+01
8.750392233009708320e+01
8.604058797718298024e+01
8.577845395928420658e+01
8.606633026181073376e+01
8.654097771387490923e+01
8.741897321428571388e+01
8.774900793650793673e+01
8.670340136054421976e+01
8.621616809116808611e+01
8.745124699519230660e+01
8.792622826908541356e+01
8.767468143203883812e+01
8.731815379873631855e+01
8.663667318698833242e+01
8.701476923076923242e+01
8.676207692307691843e+01
8.782221707580670511e+01
8.969288826641768253e+01
9.032863366336633248e+01
8.997568627450979761e+01
9.004104120089428420e+01
8.935570841239722029e+01
8.843461386138613989e+01
8.888425047438330751e+01
8.809908910891088851e+01
8.799627184466019969e+01
8.675911741971751212e+01
8.599191904996135349e+01
8.556875357347055910e+01
8.606633405944768356e+01
8.530046815151085582e+01
8.572613990370999204e+01
8.522389457007056990e+01
8.615902547065337558e+01
8.584340239912758364e+01
8.710841913991519903e+01
8.825168966488313060e+01
9.041563018242122496e+01
8.713244047619048160e+01
8.721063988095238528e+01
8.946670100816837135e+01
8.995306169253115058e+01
8.873730468750000000e+01
9.099618479467258680e+01
8.939386407766990317e+01
8.758737864077670565e+01
8.438170697803725773e+01
8.381750731254905418e+01
8.300562678062678401e+01
8.395193798449612643e+01
8.374586894586894914e+01
8.240484330484331110e+01
8.265029585798816925e+01
8.236952380952381247e+01
8.169209202012940807e+01
8.280088702147526192e+01
8.302479999999999905e+01
8.307226125838390374e+01
8.199907535829865424e+01
8.243416231386918014e+01
8.312221782178217211e+01
8.214705433455434047e+01
8.294383501535760672e+01
8.392008928571428328e+01
8.368349944629014203e+01
8.382242990654205528e+01
8.595455188012439862e+01
8.448949704142012251e+01
8.536111503175723669e+01
8.805239477503629075e+01
8.857834610849056389e+01
8.899985025456723520e+01
8.794750292056075125e+01
8.816477630749842831e+01
8.725781845919145496e+01
8.707158877371642802e+01
8.630789200415368612e+01
8.621007751937985120e+01
8.659111727966690353e+01
8.728125000000000000e+01
8.737075365579302400e+01
8.734090197306608161e+01
8.626870748299319303e+01
8.594963715529753756e+01
8.633889563106795606e+01
8.564644752358491075e+01
8.554687500000000000e+01
8.581150793650793673e+01
8.540608228980322281e+01
8.548956501796499197e+01
8.527247023809523796e+01
8.524063800277392033e+01
8.547130097087378431e+01
8.551173531193215638e+01
8.506477548543689693e+01
8.486974380395433570e+01
8.627907328891581074e+01
8.590618672665917188e+01
8.539998551039629149e+01
8.508015324519230660e+01
8.499539899352983241e+01
8.575906796116504438e+01
8.826923076923077360e+01
8.644284354173278473e+01
8.609609357082791803e+01
8.651521804966687057e+01
8.915832117971154958e+01
8.965551100564601938e+01
8.941772875816992894e+01
8.879026402640263882e+01
8.750216450216450426e+01
8.671732591367123177e+01
8.653607207207207352e+01
8.662669287898646076e+01
8.841989478718316775e+01
8.821216666666666129e+01
8.760916504854368725e+01
8.713740995928593236e+01
8.742504686914135448e+01
8.702155306567071591e+01
8.709908910891088851e+01
8.710569105691057246e+01
8.702884128858154611e+01
8.692845736186521322e+01
8.715959016393442482e+01
8.714143121629236077e+01
8.703663934426229787e+01
8.641271347248576262e+01
8.634685404024273225e+01
8.618015686274509335e+01
8.439577358490565473e+01
8.487401574803149629e+01
8.533153355830521036e+01
8.558153225806451303e+01
8.523255813953488769e+01
8.483367586611861100e+01
8.466322344322344406e+01
8.488701298701298015e+01
8.548834336884360141e+01
8.488039044289044455e+01
8.404508318478906403e+01
8.464713423831071282e+01
8.451861213235294201e+01
8.462706499922803971e+01
8.424509803921569073e+01
8.395990513599643634e+01
8.444419357266501436e+01
8.394552731045727967e+01
8.531846464646464767e+01
8.433719193427931771e+01
8.546665007466401676e+01
8.392889997661183088e+01
8.433062992125984181e+01
8.504898188231521772e+01
8.483278472679394611e+01
8.427606299212598628e+01
8.463115279781946754e+01
8.484659604171798719e+01
8.386757337151037461e+01
8.463201116859653439e+01
8.389828279702970804e+01
8.454359999999999786e+01
8.396409448818897658e+01
8.427611825980392268e+01
8.445768207515796178e+01
8.480203124999999886e+01
8.814638461538461911e+01
9.311890968508615174e+01
9.331488190117374870e+01
9.408028072577884870e+01
9.205211585154353315e+01
9.057621410847217192e+01
9.199637681159420310e+01
8.898896658896659062e+01
9.269852676967300908e+01
9.225945563803463756e+01
9.339843193157518897e+01
9.560412974122651519e+01
9.733014571948997684e+01
9.743196721311475983e+01
9.798785791953606861e+01
9.731948793516301066e+01
9.692032520325203393e+01
9.630352303523035573e+01
9.547317073170731305e+01
9.455590348130411371e+01
9.481593406593407281e+01
9.418191104095087951e+01
9.392888412400607479e+01
9.307973903588256803e+01
9.237179487179487580e+01
9.337651341969350938e+01
9.314335839598997779e+01
9.328028145417992789e+01
9.111450258397933055e+01
8.523014987244897611e+01
8.148259541984732834e+01
8.232276612276612582e+01
8.183682261355906462e+01
8.325680272108843383e+01
8.307776497695851958e+01
8.219466869763898842e+01
8.260056678921569073e+01
8.286757337151037461e+01
8.289985122543262719e+01
8.245250000000000057e+01
8.232387915796239497e+01
8.289093877551020739e+01
8.261007874015747632e+01
8.247811447811447749e+01
8.278022920402275986e+01
8.231219059405940186e+01
8.246704826732673155e+01
8.216771653543307252e+01
8.145922330097087638e+01
8.374015873015872558e+01
8.388505079825834798e+01
8.423683257262914026e+01
8.469294190167975955e+01
8.484411851415094930e+01
8.418840900701366081e+01
8.408849158653846700e+01
8.466819801980197724e+01
8.444215861657721689e+01
8.412071005917159994e+01
8.338998211091234225e+01
8.412252607374558977e+01
8.403605157263693570e+01
8.374837080482241447e+01
8.399778270509978029e+01
8.371263999999999328e+01
8.333157480314960708e+01
8.326874999999999716e+01
8.321796085858585457e+01
8.359166467827884617e+01
8.334285714285714164e+01
8.233928432213299686e+01
8.210923520923520869e+01
8.250625198349730738e+01
8.733790703781512832e+01
9.390206552706553111e+01
9.428605319913731364e+01
8.798787878787878469e+01
8.467610619469026290e+01
8.187886996904025239e+01
8.212236116713728507e+01
8.337926439232408882e+01
7.988859357696567542e+01
8.220976000000000283e+01
8.004973696795791227e+01
8.060355987055015703e+01
8.178687999999999647e+01
8.156713470820535861e+01
8.179957035445757185e+01
8.047546728971963148e+01
8.118370977722771897e+01
8.121292008961911790e+01
8.179062992125983556e+01
8.154967999999999506e+01
8.156647116324535318e+01
8.186228637796581609e+01
8.163062610007543185e+01
8.213510142999668062e+01
8.143346938775509614e+01
8.125722448979591661e+01
8.083252348558471567e+01
8.191608923440932699e+01
8.153697959183674016e+01
8.124242424242424931e+01
8.156107216494845602e+01
8.180843332769984499e+01
8.200712666018787900e+01
8.281079234972678194e+01
8.159346938775510694e+01
7.950568004979770365e+01
8.203375215570336820e+01
8.130971000325838816e+01
8.160189193522526807e+01
8.116579591836735119e+01
8.291877227081309343e+01
8.304999999999999716e+01
8.140091390091390622e+01
8.149864796349501717e+01
8.015298626636857193e+01
7.977818507657217140e+01
7.962381883349625866e+01
8.060664017221394317e+01
8.043562610229277254e+01
7.981119047619047535e+01
8.044304546222747376e+01
7.963268292682926131e+01
8.039721311475409493e+01
8.046122950819672326e+01
7.959286274509804571e+01
7.991097093580326316e+01
8.048198344424606887e+01
8.072760390793177976e+01
8.012951133823059990e+01
8.090309600065697282e+01
8.020600000000000307e+01
7.944603148839473761e+01
8.107471749030190722e+01
8.038527999999999452e+01
7.961621093750000000e+01
8.016228269085411284e+01
8.085278176311175002e+01
8.096415848782261548e+01
7.990647178694399599e+01
7.977582972582972332e+01
8.091701734957548808e+01
8.080665680473373413e+01
8.118695221939496776e+01
8.200639449090014921e+01
8.271859830097086785e+01
8.277690288713910149e+01
8.241212797619047592e+01
8.294221698113207708e+01
8.126870699541284182e+01
8.453668235676026654e+01
8.383843125378558625e+01
8.124798956748533385e+01
8.240080586080586045e+01
8.185069935564985144e+01
8.205631554947559891e+01
8.172414855910001563e+01
8.251540154015401640e+01
8.280783838383838713e+01
8.278559055118110166e+01
8.324613232389729944e+01
8.306020202020202703e+01
8.280072727272727207e+01
8.268293650793650329e+01
8.284141853462696758e+01
8.280263812842210314e+01
8.262819545721229986e+01
8.271760411481665187e+01
8.300694212111073966e+01
8.293099698895952088e+01
8.271219221266080979e+01
8.263895802223328246e+01
8.288033561420658657e+01
8.239442067149440163e+01
8.325117096018735197e+01
8.257128488810661793e+01
8.272291701875950309e+01
8.326631944444444855e+01
8.226375510204081820e+01
8.237507333836225598e+01
8.226160230352303415e+01
8.211453061224489147e+01
8.162587301587301170e+01
8.226136555687003238e+01
8.161858267716534954e+01
8.128936442031299237e+01
8.238620533010296754e+01
8.306033795632073691e+01
8.337568140520896520e+01
8.273168498168497820e+01
8.264155339805824951e+01
8.174149408284023366e+01
8.328823617788461320e+01
8.392529761904762609e+01
8.387310960679820937e+01
8.380771648593430712e+01
8.317903473287766758e+01
8.413024718443762140e+01
8.512103174603174693e+01
8.468569374550682483e+01
8.497474495255761440e+01
8.522272995283019270e+01
8.455660377358491075e+01
8.375479011262250140e+01
8.013608630952380452e+01
8.122145669291339232e+01
