3.882601398601398301e+01
3.912699724517906219e+01
4.612840785169029090e+01
5.056322337962962621e+01
5.282949340735600430e+01
6.094023247094113316e+01
6.344263392857143202e+01
6.861395733173077360e+01
7.020858570563295586e+01
7.067847914359542472e+01
7.289005940594059041e+01
7.349825863113264290e+01
7.355500344010397384e+01
7.444606370192308020e+01
7.674453873958825056e+01
7.433068783068783603e+01
7.453044329043426330e+01
7.583185496420790628e+01
7.597261126672891862e+01
7.758345631067960824e+01
7.800762527233115406e+01
7.917763772175537440e+01
8.045458823529411063e+01
8.054209461562402339e+01
8.082183109464257598e+01
8.071401269016129731e+01
8.091330786621969651e+01
8.196293069306931045e+01
8.119638263038902437e+01
8.133910891089108475e+01
8.187095999999999663e+01
8.088664535744912598e+01
8.013169677319746143e+01
7.973444417612492430e+01
7.848862942612942106e+01
7.856892523364486181e+01
7.890077282006416226e+01
7.898528301886791780e+01
7.887589395362276434e+01
8.080563809523809482e+01
8.250624133148404837e+01
8.287455612166125718e+01
8.392096774193548470e+01
8.397532610403897024e+01
8.451813008130081073e+01
8.440855711587418853e+01
8.428315412186380229e+01
8.416458233124899380e+01
8.413357142857142890e+01
