8.372262665280047145e+01
8.552321937321937639e+01
8.839963690899044479e+01
8.962958570524983770e+01
8.842280935984821610e+01
8.852963219986121146e+01
8.640679960771494450e+01
8.628886540747589606e+01
8.794188226471690939e+01
8.925774826059455336e+01
8.810594852827863122e+01
8.712083333333333712e+01
8.670463741051976569e+01
8.706803821852365388e+01
8.631984313725490665e+01
8.665833009708737222e+01
8.689561538461538248e+01
8.850395617772367984e+01
9.191358313817330838e+01
8.923087557603686548e+01
8.961014696685428760e+01
8.870771560656783095e+01
8.652833333333333599e+01
8.732249322493224497e+01
8.715975073313782673e+01
8.827544628875665467e+01
9.176456310679611761e+01
9.141221075672295626e+01
8.819448153093013332e+01
8.795992523364485294e+01
8.620462767561049588e+01
8.621303703703704002e+01
8.529131524960109800e+01
8.698208616780046043e+01
8.627794285714286104e+01
8.678484184152834757e+01
8.752041567793142463e+01
8.676241302972802316e+01
8.603439310652206018e+01
8.565971165688618782e+01
8.543861025897125216e+01
8.526677542913888885e+01
8.550769446981941257e+01
8.591201465201464771e+01
8.537939773404889365e+01
8.554036630036630129e+01
8.569065504807691980e+01
8.497648656375071141e+01
8.518742487980769340e+01
8.468105247465712182e+01
8.357503290917068739e+01
8.426304909560722933e+01
8.445929942213027175e+01
8.476557565317254728e+01
8.482425525700934088e+01
8.499047552349604473e+01
8.513253846153845927e+01
8.505299233490566735e+01
8.604567235699310856e+01
8.667781204349942925e+01
8.418993210796489279e+01
8.599632007516441945e+01
8.467413169888416746e+01
8.376553923750185504e+01
8.521936860696150973e+01
8.547329523809523266e+01
8.572351805080968745e+01
8.431942121110739663e+01
8.235804063360880889e+01
7.969370146678170386e+01
7.934372642695498712e+01
7.943210994075049314e+01
7.944313049191097775e+01
7.918431999999999960e+01
7.901843910806175586e+01
8.007535027696317798e+01
7.910589849108367844e+01
7.980667524299599336e+01
7.895463497899159222e+01
7.959777413141185320e+01
7.943770572168919841e+01
7.890784677807577907e+01
7.860478531628973542e+01
8.042210666854050771e+01
8.105450653619753609e+01
8.090685148514852187e+01
8.145669291338582241e+01
8.316628985733218826e+01
8.333529781549583504e+01
8.334337864077670588e+01
8.327995642701525014e+01
8.304614067849361447e+01
8.292098214285714164e+01
8.339242495678139733e+01
8.216758241758242320e+01
8.270126367699182879e+01
8.294116300366300720e+01
8.368869230769230683e+01
8.354525335775335293e+01
8.373389355742297369e+01
8.267712446979669494e+01
8.212037809285516232e+01
8.304680059523809632e+01
8.340745877639081129e+01
8.335887781469176616e+01
8.345072115384616041e+01
8.360898947037560447e+01
8.297718715393133948e+01
8.316030534351145320e+01
8.635800015289350995e+01
8.302696029362695640e+01
8.411186922530205834e+01
8.405362567692510822e+01
8.437045454545454959e+01
8.336843202668890740e+01
8.489583033788640876e+01
8.420210651828298865e+01
8.362444188391185662e+01
8.390667634252540097e+01
8.306806966618287902e+01
8.350294751976994689e+01
8.285945084401942040e+01
8.270573294629897987e+01
