8.824573426573427071e+01
8.934566115702479294e+01
1.018996728462377348e+02
1.104507378472222285e+02
1.152380291464260864e+02
1.206900637420322511e+02
1.212366071428571388e+02
1.244323918269230802e+02
1.251651271956390019e+02
1.236047988187523003e+02
1.258049108910891078e+02
1.250218049666868581e+02
1.242788777616390234e+02
1.232734375000000000e+02
1.220260883231180316e+02
1.247551353874883233e+02
1.241520282983367167e+02
1.244856053532524101e+02
1.239962651727357610e+02
1.251332038834951419e+02
1.252131185807656379e+02
1.253806411453470275e+02
1.257774901960784319e+02
1.252375505757858747e+02
1.251130152848541002e+02
1.234165583670973234e+02
1.230548842285803346e+02
1.232219405940594044e+02
1.210786621969283487e+02
1.208097153465346594e+02
1.208205600000000004e+02
1.181910813128557010e+02
1.155151304616334755e+02
1.132880141672703900e+02
1.102602258852258785e+02
1.098127190420560737e+02
1.100228200641586511e+02
1.084602264150943398e+02
1.080117026656071602e+02
1.094317714285714231e+02
1.109371243643088292e+02
1.112705727960475599e+02
1.124641935483871009e+02
1.124681753889674667e+02
1.130839837398373930e+02
1.130495195861049496e+02
1.128552460084718092e+02
1.127455507455507444e+02
1.127151587301587341e+02
