9.271715927750410913e+01
9.284811165845648873e+01
9.288222789115646094e+01
9.245611015490533191e+01
9.346364769422517327e+01
9.106072351421188671e+01
9.068922945934440349e+01
9.157062876830318032e+01
9.181939935064934843e+01
9.091989664082687739e+01
9.265963855421686901e+01
9.287951807228915868e+01
9.320650406504064733e+01
9.341028806584361632e+01
9.313624894869637671e+01
9.318859088974031124e+01
9.314197530864197461e+01
9.277357706688823669e+01
9.319878048780488200e+01
9.276926351638995527e+01
9.284376330353342155e+01
9.303490847169008759e+01
9.311016260162601554e+01
9.252624784853701101e+01
9.227165685449958232e+01
9.156972789115646094e+01
9.264024390243902474e+01
9.333943089430894702e+01
9.290083333333333826e+01
9.301788617886178656e+01
9.305040650406503744e+01
9.317284482758620356e+01
9.346260162601626575e+01
9.292198275862068613e+01
9.360664112388249691e+01
9.313041666666666174e+01
9.296381438910174211e+01
9.261387824606215702e+01
9.238221852928957389e+01
9.247936507936508121e+01
9.241673675357442619e+01
9.210632183908046500e+01
9.216666666666667140e+01
9.109973867595819286e+01
9.208579638752053143e+01
9.204597701149425859e+01
9.162359783963439952e+01
9.253611111111111143e+01
9.218308702791460973e+01
9.212725779967159667e+01
9.184868154158215248e+01
9.167610837438424198e+01
9.249231408392189735e+01
9.125602409638554491e+01
9.237847943498130121e+01
9.224390243902439579e+01
9.165392604902368134e+01
9.272971887550200165e+01
9.162822719449225417e+01
9.216950560864145814e+01
9.228078817733990036e+01
9.183067226890756274e+01
9.272660098522167971e+01
9.160966386554622432e+01
9.244259634888437915e+01
9.207738572574177738e+01
9.325881886642885377e+01
9.322443181818181301e+01
9.345048701298701133e+01
9.341461412151066668e+01
9.255275974025974506e+01
9.378517637732858248e+01
9.324059561128527207e+01
9.353605015673981882e+01
9.323672994963192195e+01
9.287541528239202648e+01
9.128758169934640421e+01
9.283313515655964920e+01
9.284090909090909349e+01
9.253654485049834477e+01
9.251477832512314592e+01
9.319975083056478127e+01
9.323824451410658298e+01
9.239202657807308583e+01
9.204999999999999716e+01
9.213587848932677105e+01
9.165476190476189799e+01
9.179081632653061718e+01
9.281396338867602935e+01
9.271530698065600973e+01
9.245916666666666117e+01
9.340934959349593214e+01
9.260110685398041142e+01
9.370487804878048621e+01
9.248801742919390279e+01
9.274847870182556164e+01
9.427045454545454106e+01
9.382601880877743383e+01
9.397240259740259205e+01
9.409821428571429180e+01
9.401745129870130313e+01
9.401354679802955161e+01
9.279182630906768736e+01
9.533610303282094378e+01
9.419526381387619551e+01
9.332654756958869768e+01
9.450658436213991820e+01
9.402943650126157138e+01
9.380866274179983577e+01
9.390243902439024737e+01
9.448899044453676765e+01
9.368460891505466748e+01
9.368923971749065061e+01
9.378977980889074217e+01
9.295248107653490877e+01
9.300212856534695050e+01
9.351769547325102394e+01
9.314146341463414558e+01
9.301808242220353407e+01
9.386164844407065289e+01
9.285440613026820245e+01
9.369833333333333769e+01
9.405041666666666345e+01
9.296168582375479161e+01
9.349638143891017705e+01
9.281055768412090856e+01
9.306513409961685568e+01
9.300083333333333258e+01
9.284759472115794665e+01
9.301399176954733150e+01
9.257983539094649927e+01
9.344916666666667027e+01
9.311260162601625723e+01
9.298612279226240673e+01
9.360243902439025021e+01
9.779347826086956275e+01
1.004143920595533501e+02
1.011153846153846132e+02
9.804347826086956275e+01
9.772670807453415875e+01
1.003918269230769198e+02
1.005347394540942929e+02
9.756688963210702070e+01
9.722544283413849087e+01
9.873065476190475920e+01
9.891666666666667140e+01
9.779807692307691980e+01
1.010573476702508913e+02
9.787191358024691112e+01
9.761574074074074758e+01
9.719598765432098730e+01
9.760225442834138221e+01
9.822866344605475319e+01
9.806602254428341325e+01
9.808487654320987303e+01
9.826234567901234129e+01
9.806481481481480955e+01
9.821450617283950635e+01
9.809722222222222854e+01
1.021488833746898308e+02
9.776923076923077360e+01
9.777294685990338508e+01
9.854589371980677015e+01
9.811594202898550066e+01
9.837359098228662901e+01
9.812238325281803952e+01
9.821417069243156561e+01
9.859903381642511988e+01
9.790821256038647391e+01
9.827053140096617767e+01
9.763768115942029624e+01
9.818196457326892812e+01
9.828341384863124119e+01
9.753678929765885641e+01
9.836392914653784203e+01
9.834943639291465445e+01
9.891143317230273624e+01
9.819484702093397743e+01
9.833977455716586746e+01
9.765861513687600848e+01
9.798447204968944391e+01
9.912648809523810201e+01
9.790235690235689958e+01
9.842028985507246830e+01
9.846376811594203105e+01
9.838003220611916788e+01
9.817236024844720532e+01
9.910714285714286120e+01
9.898602484472050378e+01
9.901242236024845056e+01
9.807246376811593791e+01
9.859098228663445695e+01
9.906280193236715093e+01
9.804968944099378803e+01
1.010521091811414323e+02
9.855877616747181946e+01
9.798389694041867415e+01
9.818518518518519045e+01
1.010096153846153868e+02
9.838325281803543021e+01
1.012329749103942618e+02
9.899223602484471485e+01
9.838325281803543021e+01
9.819865319865320430e+01
9.791626409017713684e+01
9.904037267080745721e+01
9.920450885668276442e+01
1.016201923076923066e+02
1.013014888337469017e+02
1.017109181141439223e+02
1.012183622828784166e+02
9.914170692431561349e+01
1.015902777777777715e+02
1.017866004962779130e+02
1.012890818858560777e+02
9.832045088566827928e+01
9.823993558776167845e+01
9.875000000000000000e+01
1.012608173076923066e+02
9.850885668276973206e+01
9.838325281803543021e+01
9.877018633540372150e+01
1.015757211538461604e+02
1.012816377171215834e+02
9.811279461279461600e+01
1.011712158808932998e+02
1.014687500000000000e+02
1.015096153846153868e+02
1.006277915632754372e+02
1.001884615384615387e+02
1.005434243176178626e+02
1.008573200992555883e+02
1.008151364764268010e+02
9.859742351046699582e+01
9.887946428571429180e+01
9.812560386473430185e+01
9.887648809523810201e+01
9.824691358024691112e+01
9.804347826086956275e+01
9.811904761904762040e+01
9.729468599033816645e+01
9.780208333333332860e+01
9.781034482758620641e+01
9.789136904761905100e+01
9.778571428571429180e+01
9.815838509316769489e+01
9.713365539452496478e+01
9.782919254658385455e+01
9.790277777777777146e+01
9.831832298136646386e+01
9.816149068322981464e+01
9.832453416149068914e+01
9.845186335403727185e+01
9.786801242236025189e+01
9.799068322981366919e+01
9.739452495974235546e+01
9.814440993788819867e+01
9.840418679549114245e+01
9.834138486312399152e+01
9.921759259259259522e+01
1.001271428571428572e+02
1.000385802469135825e+02
1.000962962962963019e+02
9.997037037037037521e+01
9.932532051282051100e+01
9.937808641975308888e+01
9.982962962962963616e+01
9.963259259259258727e+01
9.913333333333333997e+01
9.860267857142856940e+01
9.847376543209875877e+01
9.861419753086420315e+01
9.853240740740740478e+01
9.842028985507246830e+01
9.837198067632850496e+01
9.846215780998389278e+01
9.825155279503105987e+01
9.815277777777777146e+01
9.709197324414715524e+01
9.727858293075684060e+01
9.789814814814815236e+01
9.741770186335403992e+01
9.780676328502416084e+01
9.733333333333332860e+01
9.743055555555555713e+01
9.782371794871794179e+01
9.727926421404681889e+01
9.758974358974359120e+01
9.748557692307691980e+01
9.789533011272141039e+01
9.835802469135802539e+01
9.765378421900160788e+01
9.814548494983277749e+01
9.825442834138486603e+01
9.756521739130434412e+01
9.809017713365538782e+01
9.826388888888888573e+01
9.807561728395062062e+01
9.840901771336554305e+01
1.011365740740740762e+02
9.894345238095237960e+01
9.936494252873562516e+01
9.934937888198757605e+01
9.809782608695651618e+01
9.850892857142856940e+01
9.855654761904762040e+01
9.785775862068965125e+01
9.864166666666666572e+01
9.814080459770114828e+01
9.843188405797101836e+01
9.865517241379311031e+01
9.779460269865067801e+01
9.796428571428570820e+01
9.837212643678161328e+01
9.850224887556221631e+01
9.798706896551723844e+01
9.866388888888889142e+01
9.842241379310344485e+01
9.826867816091953500e+01
9.778560719640179855e+01
9.786637931034482563e+01
9.780172413793103203e+01
9.756178160919540687e+01
9.851041666666667140e+01
9.800972222222222285e+01
9.750000000000000000e+01
9.787351190476189799e+01
9.815416666666666856e+01
9.807758620689655515e+01
9.753160919540229656e+01
9.735682158920539564e+01
9.751041666666667140e+01
9.710494752623688441e+01
9.736527777777777715e+01
9.727971014492753454e+01
9.667101449275362768e+01
9.996520763187429282e+01
9.696111111111110858e+01
1.000325476992143621e+02
1.005476992143658777e+02
9.696956521739130608e+01
1.011863075196408488e+02
1.000416666666666714e+02
9.756527777777777999e+01
9.784707646176912021e+01
9.732463768115941605e+01
9.716527777777777430e+01
9.768103448275861922e+01
9.741449275362319327e+01
9.768194444444444002e+01
