1.127784133115436020e+02
1.151923076923076934e+02
1.195714736759018137e+02
1.214910657811511641e+02
1.195169699950811548e+02
1.194574600971547511e+02
1.167848970251716310e+02
1.162467309470347345e+02
1.178051743532058424e+02
1.197737191650853958e+02
1.182512713823393398e+02
1.174514880952380906e+02
1.164662309368191728e+02
1.169756511018646989e+02
1.163585882352941212e+02
1.166316116504854392e+02
1.167982307692307700e+02
1.180951004260499104e+02
1.205818110850897682e+02
1.189010752688172090e+02
1.194053314571607274e+02
1.186458632233381110e+02
1.160094444444444406e+02
1.169819331526648654e+02
1.169094574780058622e+02
1.188201534606952663e+02
1.223027716880676508e+02
1.215719199499687306e+02
1.180488799881323274e+02
1.174032897196261729e+02
1.152447995176364230e+02
1.154953333333333347e+02
1.145235164501177678e+02
1.165250188964474631e+02
1.157637333333333345e+02
1.163979016598809864e+02
1.174011946649210358e+02
1.164841081593927896e+02
1.154810577923042700e+02
1.148276461638774180e+02
1.144807020047085615e+02
1.145681656972620175e+02
1.147735225915255484e+02
1.151262271062271054e+02
1.145076774001192632e+02
1.146741391941392010e+02
1.149190204326923066e+02
1.138797884505431739e+02
1.143782301682692264e+02
1.138065742397137683e+02
1.122762907708059146e+02
1.130690291620524164e+02
1.133139045444817015e+02
1.136444875107665808e+02
1.136574912383177605e+02
1.139548287695216686e+02
1.138230769230769255e+02
1.138381485849056673e+02
1.151356693620844567e+02
1.160037331602012642e+02
1.129218413644643135e+02
1.142879736924522405e+02
1.133731730315888768e+02
1.120801809820501376e+02
1.135629553315181397e+02
1.140041904761904732e+02
1.141622344376764175e+02
1.133632485781197659e+02
1.119162362258953181e+02
1.095091458153580675e+02
1.087048026150364564e+02
1.089022383146807158e+02
1.088839615668884022e+02
1.086761599999999959e+02
1.085144368210405901e+02
1.097810361681329425e+02
1.085731824417009648e+02
1.093397655803316155e+02
1.083415835084033603e+02
1.092963544267674934e+02
1.090736746270747233e+02
1.083218485661233785e+02
1.077998033431661753e+02
1.100861499543250659e+02
1.109206482684810027e+02
1.108285940594059440e+02
1.112631619576964681e+02
1.134400873158181895e+02
1.128035517837498105e+02
1.125324271844660160e+02
1.122452536570183668e+02
1.120178182384064769e+02
1.117732142857142890e+02
1.124973283042589998e+02
1.109138431013431045e+02
1.114264909847434097e+02
1.117145909645909683e+02
1.126385384615384595e+02
1.123766788766788807e+02
1.127862589480236579e+02
1.113413777972795060e+02
1.104747011398387571e+02
1.117981398809523768e+02
1.122048081368469781e+02
1.119348098929494313e+02
1.122176231971153868e+02
1.126830111582586795e+02
1.117597637504614312e+02
1.119939920836867344e+02
1.155666233468389237e+02
1.129406740073406752e+02
1.140074626865671661e+02
1.132718267071721101e+02
1.131322314049586737e+02
1.122735613010842428e+02
1.141847591660675789e+02
1.132519210386857509e+02
1.125337030102261338e+02
1.129499274310595069e+02
1.118015239477503684e+02
1.122704529115744094e+02
1.115498804607694012e+02
1.115080551523947747e+02
