0.000000000000000000e+00
0.000000000000000000e+00
0.000000000000000000e+00
0.000000000000000000e+00
0.000000000000000000e+00
0.000000000000000000e+00
0.000000000000000000e+00
0.000000000000000000e+00
0.000000000000000000e+00
0.000000000000000000e+00
0.000000000000000000e+00
0.000000000000000000e+00
0.000000000000000000e+00
0.000000000000000000e+00
0.000000000000000000e+00
0.000000000000000000e+00
0.000000000000000000e+00
0.000000000000000000e+00
0.000000000000000000e+00
0.000000000000000000e+00
0.000000000000000000e+00
0.000000000000000000e+00
0.000000000000000000e+00
0.000000000000000000e+00
0.000000000000000000e+00
0.000000000000000000e+00
0.000000000000000000e+00
0.000000000000000000e+00
0.000000000000000000e+00
0.000000000000000000e+00
0.000000000000000000e+00
0.000000000000000000e+00
0.000000000000000000e+00
0.000000000000000000e+00
0.000000000000000000e+00
0.000000000000000000e+00
0.000000000000000000e+00
0.000000000000000000e+00
0.000000000000000000e+00
0.000000000000000000e+00
0.000000000000000000e+00
1.066748148148148090e+02
0.000000000000000000e+00
0.000000000000000000e+00
0.000000000000000000e+00
0.000000000000000000e+00
0.000000000000000000e+00
0.000000000000000000e+00
0.000000000000000000e+00
0.000000000000000000e+00
0.000000000000000000e+00
0.000000000000000000e+00
0.000000000000000000e+00
0.000000000000000000e+00
0.000000000000000000e+00
0.000000000000000000e+00
0.000000000000000000e+00
0.000000000000000000e+00
0.000000000000000000e+00
0.000000000000000000e+00
0.000000000000000000e+00
0.000000000000000000e+00
0.000000000000000000e+00
0.000000000000000000e+00
0.000000000000000000e+00
0.000000000000000000e+00
0.000000000000000000e+00
0.000000000000000000e+00
5.942807017543859871e+01
5.895583717357910558e+01
6.075672514619883202e+01
6.236816109422492360e+01
6.363567362428842245e+01
6.517642857142857338e+01
6.845330459770114828e+01
6.900651678071032791e+01
6.661757425742574412e+01
6.518217893217892822e+01
6.399669471153845990e+01
6.268992718446602197e+01
6.286217948717948900e+01
6.431351981351981806e+01
6.774133663366336577e+01
6.801096147823363935e+01
6.834065594059406124e+01
6.839457070707071296e+01
6.865006188118812247e+01
6.840175953079179294e+01
6.895781250000000284e+01
6.881997084548105192e+01
6.739127375087966243e+01
6.699964450764308310e+01
6.678720538720538968e+01
6.605551724137930591e+01
6.588071780436312963e+01
6.602850105559464566e+01
6.591581632653061718e+01
6.617789115646257869e+01
6.558698092031424665e+01
6.551375827237896488e+01
6.547857889237199913e+01
6.618898809523810201e+01
6.632477128782547027e+01
6.626141384388806443e+01
6.686718750000000000e+01
6.666228226093139142e+01
6.702885292047854193e+01
6.685456553755523146e+01
6.684895833333332860e+01
6.661407175200278630e+01
6.700387051372273106e+01
6.701530612244897611e+01
6.658660680882903193e+01
6.626306434411660007e+01
6.635568513119532952e+01
6.631024531024530688e+01
6.668686868686869218e+01
6.732583903551645221e+01
6.728703094140881547e+01
6.654147465437787901e+01
6.760884709160571049e+01
6.672689655172413836e+01
6.677150818530128618e+01
6.637600000000000477e+01
6.636322580645160940e+01
6.662999999999999545e+01
6.663357715081852461e+01
6.657138047138046488e+01
6.605571847507331995e+01
6.615738025415444667e+01
6.602183121537960631e+01
6.584193548387096939e+01
6.631182795698924792e+01
6.672142857142857508e+01
6.639451612903225453e+01
6.645466666666666811e+01
6.778027210884353337e+01
6.739666666666666117e+01
6.793061224489795791e+01
6.796166666666667311e+01
6.803649397197784765e+01
6.816425279789335434e+01
6.756870967741934919e+01
6.726285531778984250e+01
6.695007183908046500e+01
6.678089080459770344e+01
6.751688588695343185e+01
6.774555353901996568e+01
6.719455535390198975e+01
6.869452887537994457e+01
6.788007518796992201e+01
6.733845547675335297e+01
6.787716584158415856e+01
6.754205246913579685e+01
6.673102678571429180e+01
6.739285714285713880e+01
6.648085419734904633e+01
6.573576388888888289e+01
6.677540500736377282e+01
6.618943894389438753e+01
6.623586206896551687e+01
6.594492574257425588e+01
6.590625000000000000e+01
6.580709038645800035e+01
6.547766666666666424e+01
6.581466584158415856e+01
6.598250000000000171e+01
6.603794642857143060e+01
6.547750000000000625e+01
6.565799868334430300e+01
6.615397406052544227e+01
6.549266862170088643e+01
6.597210884353741278e+01
6.643043336591723858e+01
6.602903225806451815e+01
6.740870967741935260e+01
6.790648419680677250e+01
7.109149659863945203e+01
7.366287160025299841e+01
7.295023148148148096e+01
6.944618332801022120e+01
6.785001662786831389e+01
7.006632653061224403e+01
7.162556600487634739e+01
7.372592592592592098e+01
7.208239038189533687e+01
7.169383490073144571e+01
6.954633620689655515e+01
6.836523574947220538e+01
6.638104575163399090e+01
6.660065359477124503e+01
6.716233333333333633e+01
6.730882352941176805e+01
6.601372549019608016e+01
6.748349834983498852e+01
6.631970616416479913e+01
6.545656565656565817e+01
6.440101010101010104e+01
6.557834101382488257e+01
6.746577380952381020e+01
6.648849902534112744e+01
7.119115646258502750e+01
7.218301514154049414e+01
7.229797979797979224e+01
7.240741935483870861e+01
7.132709677419354932e+01
7.159352142110762429e+01
7.095068965517241111e+01
7.072750000000000625e+01
7.076457725947521737e+01
7.126531986531986718e+01
7.011738070358759956e+01
7.003703703703703809e+01
6.936655211912943741e+01
7.093663366336633658e+01
7.167070707070706703e+01
6.924544012688342320e+01
6.864239482200646592e+01
6.652858511657616702e+01
6.792033333333333189e+01
6.745768125199616350e+01
6.732633886626996400e+01
6.524898214844972699e+01
6.513472485768501485e+01
6.502150537634408067e+01
6.511445409429281028e+01
6.622674600689006752e+01
6.653554650798622561e+01
6.558441558441558072e+01
6.539723032069970543e+01
6.618450406994271873e+01
6.531486291486291407e+01
6.541279761904762324e+01
6.525086125900406842e+01
6.545317882868775428e+01
6.564795918367346417e+01
6.868500948766603642e+01
6.754827586206896228e+01
6.852821428571428442e+01
6.886538461538461320e+01
7.140366666666666617e+01
7.261096774193548242e+01
7.323469387755102389e+01
7.358433333333333337e+01
7.274133333333332985e+01
7.365999999999999659e+01
7.119639468690702699e+01
7.055193548387096314e+01
6.951437451437450932e+01
7.046310344827585936e+01
7.125353535353535506e+01
7.293660745384883626e+01
7.134931773879142725e+01
7.284561403508772059e+01
7.225807722616232809e+01
7.295252525252524833e+01
7.116656249999999773e+01
7.148798328108672706e+01
7.130541871921182917e+01
7.033655172413793366e+01
6.939103448275862718e+01
6.854965517241379303e+01
6.775933333333333053e+01
6.882653061224489477e+01
6.906195286195286087e+01
6.879292929292928704e+01
6.889285714285713880e+01
6.821734693877550626e+01
6.755935483870968028e+01
6.779898989898990180e+01
6.695000000000000284e+01
6.831522117729014099e+01
6.795424621461488357e+01
6.779517326732673155e+01
6.922532253225323018e+01
6.556291208791208192e+01
6.621365090650550655e+01
6.463170991823675138e+01
6.426666666666666572e+01
6.388679867986798655e+01
6.465791245791245956e+01
6.523097643097642617e+01
6.609777227722771897e+01
6.726942694269426681e+01
6.769709158415841443e+01
6.837953795379537780e+01
6.809462444771723710e+01
6.865833333333333144e+01
6.841156462585034603e+01
6.833199708454810661e+01
6.780707070707070727e+01
6.743814432989690033e+01
6.778333333333333144e+01
6.802006802721088263e+01
6.803270529683611301e+01
6.764639175257731551e+01
6.692683737944796007e+01
6.689191919191918601e+01
6.693906810035842625e+01
6.769393939393938808e+01
6.934781250000000341e+01
6.900977517106549897e+01
6.882046269143043560e+01
6.886989795918367463e+01
6.836837121212121815e+01
6.802614795918367463e+01
6.699177090190914896e+01
6.730074942978168906e+01
6.594433333333333280e+01
6.658922558922559176e+01
6.591300097751710041e+01
6.709023569023568712e+01
6.519980250164582003e+01
6.357539682539682246e+01
6.546875000000000000e+01
6.459803921568627061e+01
6.465934405940593876e+01
6.702833333333333599e+01
6.750528052805280765e+01
6.703793103448275303e+01
6.788533333333333530e+01
6.735257731958762406e+01
6.809058325187356786e+01
6.976215277777777146e+01
6.883931745467472751e+01
6.706784170269371259e+01
6.771099656357388596e+01
6.671382865268397211e+01
6.658194444444444571e+01
6.737412703691386184e+01
6.482584683357879385e+01
6.506958762886597469e+01
6.532258064516129537e+01
7.098034482758620811e+01
7.094004561746497473e+01
6.990500000000000114e+01
7.184858299595141773e+01
7.300648685558211071e+01
7.245655172413792400e+01
7.068384879725086023e+01
6.822922740524781204e+01
6.893865740740740478e+01
7.072193548387096484e+01
7.074133333333332985e+01
7.146215266687958945e+01
7.254557869580061435e+01
7.263197278911565036e+01
6.958553274682306267e+01
6.831844215349370586e+01
7.047866666666666902e+01
7.116632302405498933e+01
6.888518518518517908e+01
7.037997991295614497e+01
6.913758962103106853e+01
6.923502304147464770e+01
6.927586206896552312e+01
7.087543983110485613e+01
6.861130629191951869e+01
6.594156250000000341e+01
6.618075980392157476e+01
6.515906250000000455e+01
6.479768270944741460e+01
6.632857991681521526e+01
6.671406249999999716e+01
6.675868055555555713e+01
6.785750078296273102e+01
6.891429475015813466e+01
6.921394557823128935e+01
6.767733990147783629e+01
6.699090909090908497e+01
6.644523809523809632e+01
6.602612903225806917e+01
6.566060606060605664e+01
6.593173110414490168e+01
6.679831649831649543e+01
6.683642880417073684e+01
6.789523809523809916e+01
6.600749999999999318e+01
6.569036903690368945e+01
6.502627203192550098e+01
6.468990929705215365e+01
6.376078748651563899e+01
6.439911232502561234e+01
6.642342954159592239e+01
6.567525773195876582e+01
6.672087542087541578e+01
6.637508417508416869e+01
6.698006872852234039e+01
6.429251700680272563e+01
6.418114874815906035e+01
6.640779702970297649e+01
6.922100000000000364e+01
7.120977443609022828e+01
6.681104855735397052e+01
6.473790322580644840e+01
6.322022332506203668e+01
6.558394607843136725e+01
6.444118605408928602e+01
6.546325322187391293e+01
6.917925170068026830e+01
6.679345531315973972e+01
7.019897959183673208e+01
7.161259676284306863e+01
7.099116347569955110e+01
7.010338345864661846e+01
6.964049163537043796e+01
6.820555555555554861e+01
6.722053872053872681e+01
6.619326599326599592e+01
6.553018205046311095e+01
6.384752475247524472e+01
6.333044554455445763e+01
6.266831683168317113e+01
6.248927696078431637e+01
6.255339805825242649e+01
6.338737623762376217e+01
6.336602722772277474e+01
6.354424504950495134e+01
6.328698752228164182e+01
6.345977722772277474e+01
6.363706683168317113e+01
6.384645161290322335e+01
6.356987349220359107e+01
6.483036303630362340e+01
6.440828589500316070e+01
6.439123774509803866e+01
6.395281862745098067e+01
6.368382352941176805e+01
6.341893564356435320e+01
6.376438962681847045e+01
6.430756946662408780e+01
6.397253273714468236e+01
6.555094219099329678e+01
6.477639563106795606e+01
6.223945578231292330e+01
6.522751510842516609e+01
6.536885865457294642e+01
