6.562810232913325592e+01
6.658117816091953500e+01
6.953462099125364659e+01
6.816082474226804777e+01
6.552166666666666117e+01
6.499793814432989336e+01
6.475498281786941845e+01
6.424112088628217521e+01
6.447899999999999920e+01
6.518943706514863834e+01
6.621390541810210095e+01
6.717275862068964898e+01
6.777599999999999625e+01
6.570281249999999318e+01
6.899315738025416067e+01
6.566122448979591297e+01
6.493434343434343248e+01
6.548480710139979522e+01
6.572466666666666413e+01
6.596363636363636829e+01
6.699966996699670574e+01
6.481386138613861192e+01
6.407495256166983211e+01
6.420946782178218371e+01
6.429537802265075186e+01
6.245485154576063991e+01
6.204468931741659077e+01
6.165253712871287206e+01
6.143384338433843084e+01
6.105187500000000256e+01
6.162055911473500203e+01
6.176705882352941046e+01
6.093506115317413929e+01
6.145484848484848328e+01
6.240617647058823536e+01
6.324678985280300481e+01
6.277540106951871479e+01
6.489533333333334042e+01
6.717604617604617090e+01
6.741810966810966477e+01
6.802418745275888057e+01
6.981443688586546159e+01
6.833344827586206804e+01
6.721862068965516812e+01
6.765387096774193765e+01
6.904577020202020776e+01
6.902121212121211613e+01
6.801033333333333530e+01
6.813370865587614844e+01
6.749307580174927068e+01
6.588167388167387628e+01
6.567027417027416902e+01
6.422933333333332939e+01
6.357680250783698739e+01
6.334558823529411598e+01
5.980197505197504881e+01
5.308285714285714363e+01
5.089999999999999858e+01
5.039660537482319569e+01
4.994029411764705628e+01
5.022036775106082018e+01
5.002351485148514598e+01
5.046985001530455861e+01
5.082771428571428629e+01
5.095558823529411541e+01
5.082121640735502410e+01
5.128217821782178021e+01
5.202398989898989612e+01
5.434263426342634062e+01
5.649394463667820077e+01
5.679965055329062551e+01
5.734955995599560197e+01
5.715142690739661901e+01
5.630538366336633516e+01
5.552737332556785077e+01
5.541454545454545411e+01
5.584735294117646731e+01
5.709777227722772608e+01
5.802228571428571513e+01
6.067739898989898961e+01
6.317843137254902075e+01
6.442156862745098067e+01
6.355751633986928084e+01
6.364460135333921897e+01
6.416013071895424957e+01
6.415063253898205176e+01
6.302620689655172725e+01
6.340909090909090651e+01
6.336310344827586505e+01
6.357517006802721227e+01
6.368653198653198899e+01
6.381024531024530688e+01
6.429300291545189339e+01
6.320983419096626932e+01
6.031958762886598180e+01
5.996360544217687050e+01
5.963019000703729944e+01
5.872763480392156765e+01
5.887638763876387316e+01
5.966336633663366484e+01
5.896359930110658354e+01
5.924093879976233268e+01
5.941483870967741865e+01
5.975053565962657132e+01
5.928937499999999972e+01
5.870657065706570421e+01
5.994956683168317113e+01
6.144307400379506845e+01
6.323101987618116482e+01
6.337847333120409132e+01
6.466933333333332712e+01
6.577533333333333587e+01
6.558570524984186534e+01
6.404591836734694255e+01
6.376776917663617184e+01
6.348381421534131164e+01
6.326122448979592150e+01
6.370387486669036292e+01
6.298148148148148096e+01
