0.000000000000000000e+00
0.000000000000000000e+00
0.000000000000000000e+00
0.000000000000000000e+00
0.000000000000000000e+00
0.000000000000000000e+00
0.000000000000000000e+00
0.000000000000000000e+00
0.000000000000000000e+00
0.000000000000000000e+00
0.000000000000000000e+00
0.000000000000000000e+00
0.000000000000000000e+00
0.000000000000000000e+00
0.000000000000000000e+00
0.000000000000000000e+00
0.000000000000000000e+00
0.000000000000000000e+00
0.000000000000000000e+00
0.000000000000000000e+00
0.000000000000000000e+00
0.000000000000000000e+00
0.000000000000000000e+00
0.000000000000000000e+00
0.000000000000000000e+00
0.000000000000000000e+00
0.000000000000000000e+00
0.000000000000000000e+00
0.000000000000000000e+00
0.000000000000000000e+00
0.000000000000000000e+00
0.000000000000000000e+00
0.000000000000000000e+00
0.000000000000000000e+00
0.000000000000000000e+00
0.000000000000000000e+00
0.000000000000000000e+00
0.000000000000000000e+00
0.000000000000000000e+00
0.000000000000000000e+00
0.000000000000000000e+00
1.327622222222222206e+02
0.000000000000000000e+00
0.000000000000000000e+00
0.000000000000000000e+00
0.000000000000000000e+00
0.000000000000000000e+00
0.000000000000000000e+00
0.000000000000000000e+00
0.000000000000000000e+00
0.000000000000000000e+00
0.000000000000000000e+00
0.000000000000000000e+00
0.000000000000000000e+00
0.000000000000000000e+00
0.000000000000000000e+00
0.000000000000000000e+00
0.000000000000000000e+00
0.000000000000000000e+00
0.000000000000000000e+00
0.000000000000000000e+00
0.000000000000000000e+00
0.000000000000000000e+00
0.000000000000000000e+00
0.000000000000000000e+00
0.000000000000000000e+00
0.000000000000000000e+00
0.000000000000000000e+00
8.699266347687400014e+01
8.737519201228879240e+01
8.870760233918129245e+01
8.892705167173252789e+01
8.902751423149905463e+01
9.223071428571428498e+01
9.265122126436781969e+01
9.121244705115672957e+01
8.801794554455445052e+01
8.865043290043290369e+01
8.606490384615383959e+01
8.578367718446601486e+01
8.608391608391607974e+01
8.709294871794871540e+01
9.149597772277228103e+01
9.163764484810522504e+01
9.155383663366336577e+01
9.225000000000000000e+01
9.226547029702970804e+01
9.270250896057348200e+01
9.159718750000000398e+01
9.236370262390670405e+01
9.186382828993666294e+01
9.157092072520440240e+01
9.132491582491581994e+01
9.125620689655173123e+01
9.138036593947923336e+01
9.242434904996481748e+01
9.345007288629737729e+01
9.289693877551020762e+01
9.392368125701459292e+01
9.322884012539185505e+01
9.322117729014280485e+01
9.396316964285713880e+01
9.352040816326530148e+01
9.396723122238586257e+01
9.441331845238094900e+01
9.352115179523640620e+01
9.369071076706543977e+01
9.414764359351988787e+01
9.446279761904762040e+01
9.387843956809473411e+01
9.380964109781844229e+01
9.414723032069970543e+01
9.472390572390573027e+01
9.347102737291147889e+01
9.389759475218659190e+01
9.399098124098124174e+01
9.374646464646464494e+01
9.381655262300424170e+01
9.382949308755760853e+01
9.358097432521395831e+01
9.507105538140021395e+01
9.434137931034483415e+01
9.403239289446186433e+01
9.329333333333333655e+01
9.303967741935484526e+01
9.307677419354838833e+01
9.357540926506443668e+01
9.353030303030303116e+01
9.268752036493971502e+01
9.263245356793743213e+01
9.264939719778429605e+01
9.241935483870967971e+01
9.319387422613229432e+01
9.427959183673469568e+01
9.327290322580644499e+01
9.394033333333332791e+01
9.509999999999999432e+01
9.509399999999999409e+01
9.578571428571429180e+01
9.585433333333332939e+01
9.528380579993482513e+01
9.582488479262673309e+01
9.547741935483871600e+01
9.537751517087193065e+01
9.541127873563218031e+01
9.555280172413793593e+01
9.521329541414858966e+01
9.549038112522686106e+01
9.513901996370235281e+01
9.597606382978723616e+01
9.627481203007518218e+01
9.658156028368794921e+01
9.485055693069307381e+01
9.581327160493826511e+01
9.600967261904762040e+01
9.561011904761905100e+01
9.519808541973490890e+01
9.372291666666666288e+01
9.466678939617084154e+01
9.405214521452144538e+01
9.462172413793103942e+01
9.315501237623762165e+01
9.333062499999999773e+01
9.389843500479079808e+01
9.376999999999999602e+01
9.311602722772276763e+01
9.331343750000000625e+01
9.304783163265305745e+01
9.279343749999999602e+01
9.330645161290323131e+01
9.364449617559029093e+01
9.298826979472140408e+01
9.358979591836734357e+01
9.324242424242424931e+01
9.294096774193548072e+01
9.394774193548387586e+01
9.345193874226131925e+01
9.745238095238094900e+01
9.975711574952561023e+01
1.000887345679012412e+02
9.554295752155860555e+01
9.386464915197871051e+01
9.588809523809523228e+01
9.828422152560084157e+01
9.882929292929293297e+01
9.884441301272984504e+01
9.523232323232323893e+01
9.260991379310344485e+01
9.189479239971851143e+01
9.045522875816993746e+01
9.037679738562091813e+01
9.034666666666666401e+01
9.097320261437909039e+01
8.966568627450980955e+01
9.104323432343234401e+01
9.127946343021399400e+01
8.924377104377104786e+01
8.875723905723906171e+01
8.997399605003292322e+01
9.242261904761905100e+01
9.299649122807016965e+01
9.547721088435373815e+01
9.652699144173799084e+01
9.681414141414141739e+01
9.681354838709677324e+01
9.613129032258063944e+01
9.719958202716823337e+01
9.570620689655171986e+01
9.642642857142857338e+01
9.628097667638483870e+01
9.572861952861953228e+01
9.495332636711947316e+01
9.544174382716049365e+01
9.532760595647194179e+01
9.448283828382838578e+01
9.424141414141413975e+01
9.470777160983347187e+01
9.285048543689320866e+01
9.092079207920792783e+01
9.075066666666666038e+01
9.081986585755349495e+01
9.027748199185718647e+01
8.901973066082054231e+01
8.854585705249841965e+01
8.865022137887413578e+01
8.805490074441686943e+01
9.002442843720639587e+01
9.046539304729094511e+01
9.059379509379509443e+01
8.969897959183673208e+01
9.037232438950859148e+01
8.860057720057720587e+01
8.879880952380952408e+01
8.933949264015032554e+01
9.000313185092389290e+01
9.004118075801748944e+01
9.256419987349778467e+01
9.122172413793103374e+01
9.208178571428571502e+01
9.436028257456828783e+01
9.489799999999999613e+01
9.568000000000000682e+01
9.738503401360544842e+01
9.687900000000000489e+01
9.654833333333333201e+01
9.679333333333333655e+01
9.482511068943706789e+01
9.388806451612903459e+01
9.418337218337218530e+01
9.463068965517241793e+01
9.502053872053872396e+01
9.735423197492163183e+01
9.690253411306042608e+01
9.780233918128655546e+01
9.758077226162332352e+01
9.706195286195286087e+01
9.502625000000000455e+01
9.543817485196795758e+01
9.521569317382125064e+01
9.431310344827586789e+01
9.377724137931033965e+01
9.303275862068964841e+01
9.141833333333333655e+01
9.275000000000000000e+01
9.297878787878788387e+01
9.290134680134680423e+01
9.332074829931973170e+01
9.296122448979592434e+01
9.216838709677419672e+01
9.301212121212121531e+01
9.136741935483871657e+01
9.255555555555555713e+01
9.170144832126399592e+01
9.156157178217821979e+01
9.146564656465646692e+01
8.826208791208790672e+01
9.106185567010309967e+01
8.866690366157128267e+01
8.833608247422679938e+01
8.843102310231023466e+01
8.867643097643097860e+01
8.939225589225588919e+01
9.013892326732673155e+01
9.119951995199519956e+01
9.198298267326732969e+01
9.230594059405940754e+01
9.254933726067746136e+01
9.289733333333333576e+01
9.255646258503401214e+01
9.306814868804664798e+01
9.165589225589225464e+01
9.137147766323023745e+01
9.160170068027210277e+01
9.189761904761904532e+01
9.237362246711695946e+01
9.159381443298968861e+01
9.077020285999334703e+01
9.111919191919191974e+01
9.121896383186705748e+01
9.202626262626262132e+01
9.107468749999999602e+01
9.182046269143043560e+01
9.100097751710654848e+01
9.104081632653061718e+01
9.100315656565656752e+01
9.079783163265305745e+01
9.105760368663594306e+01
9.053405017921147646e+01
9.009633333333333383e+01
8.960673400673400124e+01
8.932388400130335526e+01
9.066228956228955838e+01
8.897761685319288461e+01
8.848015873015873467e+01
8.909134615384616041e+01
8.740563725490196134e+01
8.789573019801980536e+01
9.106433333333333735e+01
9.086369636963696905e+01
9.111655172413793480e+01
9.130200000000000671e+01
9.065395189003436371e+01
9.118149234278266135e+01
9.229062500000000568e+01
9.129257020974048942e+01
8.903757898237445545e+01
9.053333333333333144e+01
9.007820831852114907e+01
9.014618055555555998e+01
8.977253076155636791e+01
8.851362297496318376e+01
8.774779086892489488e+01
8.696907216494845727e+01
9.401793103448275701e+01
9.472173346366895430e+01
9.490166666666667084e+01
9.657165991902833468e+01
9.793581427108227899e+01
9.728551724137930989e+01
9.635929744177167322e+01
9.429846938775510523e+01
9.492554012345678416e+01
9.460838709677419445e+01
9.608533333333333815e+01
9.524369211114660061e+01
9.636975076818026764e+01
9.595850340136054513e+01
9.347018572825024307e+01
9.319549446353569522e+01
9.496866666666666390e+01
9.543092783505154841e+01
9.344410774410773968e+01
9.472012052226314438e+01
9.482144076476613748e+01
9.323304805793284800e+01
9.418059011731247665e+01
9.490358902181561973e+01
9.354231874800383650e+01
9.054812499999999886e+01
8.977849264705882604e+01
8.971625000000000227e+01
8.969994058229352163e+01
8.918538324420677554e+01
9.039218750000000568e+01
9.090138888888888857e+01
9.235483870967742348e+01
9.316919671094244393e+01
9.415612244897958760e+01
9.274313863476425013e+01
9.160067340067340069e+01
9.117210884353741562e+01
9.058193548387096428e+01
9.083063973063973151e+01
9.090142807384187051e+01
9.101212121212121531e+01
9.019876181166503670e+01
9.080136054421768677e+01
8.911031250000000625e+01
8.904920492049204483e+01
8.915098104423013581e+01
8.822534013605442738e+01
8.686515641855447711e+01
8.967190167292591241e+01
9.213412563667232291e+01
8.966720360824741931e+01
8.980370370370370381e+01
9.041346801346801954e+01
8.970756013745705104e+01
8.907936507936507553e+01
8.800184094256259471e+01
8.953186881188118207e+01
9.238033333333333985e+01
9.574887218045113002e+01
9.084060520760027657e+01
8.874596774193548754e+01
8.712096774193548754e+01
8.919424019607842524e+01
8.759204952753340478e+01
9.058794845001742146e+01
9.313639455782312382e+01
9.085784658691062532e+01
9.459379905808476963e+01
9.576741731175228267e+01
9.538107511045654974e+01
9.532744360902255210e+01
9.460771594400819140e+01
9.228954248366012791e+01
9.123569023569024239e+01
8.960168350168349605e+01
8.939572021718301187e+01
8.753696369636963937e+01
8.628712871287129360e+01
8.579207920792079278e+01
8.555882352941176805e+01
8.493939393939393767e+01
8.666212871287129360e+01
8.656992574257425588e+01
8.647277227722771897e+01
8.571538918597741485e+01
8.626299504950495134e+01
8.640563118811881793e+01
8.743612903225806576e+01
8.626713739335099262e+01
8.863795379537954489e+01
8.781941808981656550e+01
8.785998774509803866e+01
8.729350490196078738e+01
8.693321078431372939e+01
8.670358910891089010e+01
8.683617963314358690e+01
8.724273395081443994e+01
8.752698818268923731e+01
8.861418077291600071e+01
8.775151699029126462e+01
8.606156462585033751e+01
8.931781016708140442e+01
9.036281179138322273e+01
