9.748949980908743385e+01
9.851724137931034875e+01
1.020094752186588920e+02
1.015027491408934708e+02
9.988299999999999557e+01
9.846907216494845727e+01
9.935635738831615527e+01
9.832453567937439232e+01
9.790500000000000114e+01
9.931182795698924792e+01
9.956310679611650016e+01
1.006989655172413762e+02
9.948766666666666936e+01
9.733906249999999716e+01
1.005151515151515156e+02
9.809353741496597934e+01
9.739595959595959584e+01
9.761761693410720397e+01
9.875400000000000489e+01
9.859797979797980361e+01
9.918481848184818261e+01
9.769372937293729819e+01
9.775490196078430927e+01
9.701082920792079278e+01
9.673278236914600825e+01
9.408754208754209003e+01
9.330639730639730089e+01
9.272184405940593876e+01
9.254455445544554948e+01
9.251250000000000284e+01
9.273209085614443836e+01
9.159911764705881865e+01
9.158474082702387875e+01
9.280939393939394222e+01
9.374029411764705344e+01
9.460444722831192621e+01
9.397920380273320973e+01
9.620733333333333803e+01
9.836904761904762040e+01
9.945165945165945232e+01
9.938246409674981408e+01
1.009640967498110342e+02
1.002813793103448319e+02
9.904241379310344939e+01
9.966419354838710376e+01
1.003607954545454533e+02
1.008592592592592609e+02
9.995699999999999363e+01
9.873680506685433045e+01
9.857944606413994393e+01
9.760750360750360244e+01
9.734920634920635507e+01
9.595833333333332860e+01
9.530024381748519602e+01
9.573897058823528994e+01
9.403586278586278979e+01
8.602028571428571979e+01
8.047058823529411598e+01
8.060424328147099970e+01
8.100000000000000000e+01
8.100056577086280640e+01
8.246559405940594445e+01
8.091153963881237132e+01
8.173771428571428999e+01
8.207823529411764696e+01
8.135021216407355382e+01
8.199147414741473483e+01
8.202335858585858830e+01
8.527122712271227556e+01
8.794723183391003829e+01
8.766860803727431062e+01
8.797607260726073264e+01
8.785061153174140713e+01
8.762561881188118207e+01
8.665055329062317924e+01
8.656848484848484304e+01
8.691500000000000625e+01
8.820853960396038929e+01
9.033142857142857451e+01
9.299463383838383379e+01
9.561540616246499269e+01
9.695955882352940591e+01
9.654313725490196418e+01
9.654104148278905484e+01
9.738710635769459145e+01
9.738452486025300914e+01
9.554793103448275815e+01
9.582070707070707272e+01
9.565103448275861808e+01
9.623095238095237391e+01
9.613737373737373559e+01
9.728282828282827666e+01
9.635677842565597473e+01
9.679788450543168210e+01
9.337010309278350917e+01
9.168333333333333712e+01
9.136558761435608744e+01
9.136427696078430927e+01
9.122892289228923346e+01
9.226299504950495134e+01
9.185148514851485402e+01
9.165329768270945010e+01
9.199677419354839003e+01
9.194245485154576158e+01
9.166124999999999545e+01
9.154185418541854347e+01
9.171751237623762165e+01
9.338646426312460846e+01
9.557119582926034695e+01
9.642925582880869229e+01
9.802466666666666129e+01
9.945733333333333803e+01
9.963788741302973051e+01
9.800327988338192142e+01
9.924137931034482563e+01
9.844581280788177935e+01
9.873809523809524080e+01
9.893316743690010640e+01
9.832558922558922632e+01
