3.721352413019079819e+01
3.680054054054053836e+01
3.739994331065759781e+01
3.655361111111110972e+01
3.719797979797979792e+01
3.751502267573695804e+01
3.969387755102040671e+01
3.696800882515168496e+01
3.724875896304467915e+01
3.887400000000000233e+01
3.664918918918918678e+01
3.704096520763187783e+01
3.729119769119768790e+01
3.806013745704467510e+01
3.727955227955227713e+01
3.685858585858586167e+01
3.715123456790123413e+01
3.685285714285713965e+01
3.729931972789115946e+01
3.702870813397129268e+01
3.748894557823129503e+01
3.707965367965368131e+01
3.630594594594594327e+01
3.658990623276337573e+01
3.613702702702702396e+01
3.636656034024455408e+01
3.708383894098179923e+01
3.682379349046015449e+01
3.685970819304152712e+01
3.711649659863945772e+01
3.734392898052691834e+01
3.642684210526315525e+01
3.656457142857142628e+01
3.735876288659793687e+01
3.753284241531664378e+01
3.782502863688430494e+01
3.750434027777777857e+01
3.758627087198515682e+01
3.662462462462462298e+01
3.663636363636363313e+01
3.679411764705882604e+01
3.617143658810325491e+01
3.791904184354154239e+01
3.746097201767305052e+01
3.619989367357788268e+01
3.640706012134583602e+01
3.621402407116692501e+01
3.546743095362167963e+01
3.578705978705978907e+01
3.613154991726420207e+01
3.575394975394975461e+01
3.521018387553041151e+01
3.637067463281055524e+01
3.644255952380952124e+01
3.593434343434343248e+01
3.779080985021579409e+01
3.738994668697638701e+01
3.606861111111111029e+01
3.591919191919191690e+01
3.608333333333333570e+01
3.609445528002228798e+01
3.609306180440444933e+01
3.572727272727272663e+01
3.572993088782562410e+01
3.600303364589078825e+01
3.574872892694674675e+01
3.548541610917848743e+01
3.614607614607614750e+01
3.602442795299938183e+01
3.550729517396184320e+01
3.541610549943883512e+01
3.550742721330956897e+01
3.517238562091502985e+01
3.562749999999999773e+01
3.589551407077180301e+01
3.559982174688057199e+01
3.603308596165739175e+01
3.544937500000000341e+01
3.608368708308065465e+01
3.604209979209979053e+01
3.543318903318903068e+01
3.600353460972017672e+01
3.560687500000000227e+01
3.549249699879951692e+01
3.538019079685746249e+01
3.541720116618076020e+01
3.508427128427128139e+01
3.499669966996699344e+01
3.561626468769325982e+01
3.560567010309278402e+01
3.528681742967457069e+01
3.561626468769325982e+01
3.670976720647773561e+01
3.541388888888889142e+01
3.662918814432989478e+01
3.563548752834466882e+01
3.564386724386724126e+01
3.624583333333333002e+01
3.548021026592455485e+01
3.576642120765831834e+01
3.625273352077476119e+01
3.548752834467120465e+01
3.528369408369408688e+01
3.529019929019928981e+01
3.552388752388752380e+01
3.552710526315789252e+01
3.569800000000000040e+01
3.591800356506239211e+01
3.563692480359146941e+01
3.563215488215487881e+01
3.555855855855855907e+01
3.573305555555555202e+01
3.561648648648648674e+01
3.570083333333333542e+01
3.669014891179839566e+01
3.576883116883116998e+01
3.614833906071019243e+01
3.600453514739228922e+01
3.597501329080276378e+01
3.605355097365406891e+01
3.623711340206185838e+01
3.582482993197278631e+01
3.608424153166421178e+01
3.537783237783237666e+01
3.579509100937672628e+01
3.524523007856340939e+01
3.488131578947368183e+01
3.515947368421052488e+01
3.523095823095822965e+01
3.535353535353535648e+01
3.538506823655338707e+01
3.602157434402332115e+01
3.583136924803591228e+01
3.538416666666666544e+01
3.572784992784993108e+01
3.577164920022062944e+01
3.602827988338192711e+01
3.511027777777777459e+01
3.498378378378378528e+01
3.527113702623906732e+01
3.527830940988835806e+01
3.503578947368421126e+01
3.525028344671201808e+01
3.518958818958819279e+01
3.546570294784580568e+01
3.523578643578643721e+01
3.565006002400960483e+01
3.539509379509379272e+01
3.557290132547864658e+01
3.506522366522366241e+01
3.502317290552584694e+01
3.474214365881032762e+01
3.466947250280583859e+01
3.535568513119533662e+01
3.493731778425655676e+01
3.530844907407407618e+01
3.587340561224489477e+01
3.514758698092031608e+01
3.474638888888888744e+01
3.540936374549819732e+01
3.586139455782313235e+01
3.617988338192419917e+01
3.589379509379509159e+01
3.644123711340206029e+01
3.684438131313131493e+01
3.501726326478802065e+01
3.559212018140589606e+01
3.511027027027027003e+01
3.495028571428571240e+01
3.559483793517406980e+01
3.578214285714285836e+01
3.507210998877665276e+01
3.535918367346938851e+01
3.485756756756756403e+01
3.531428571428571672e+01
3.552092177077016544e+01
3.594117647058823195e+01
3.548571428571428754e+01
3.569249862107005100e+01
3.546122448979591724e+01
3.569587628865979667e+01
3.602040816326530859e+01
3.526268221574343897e+01
3.711873638344226833e+01
3.522923681257014294e+01
3.545436507936508264e+01
3.517171717171716949e+01
3.506189189189188937e+01
3.533754208754209003e+01
3.672809278350515427e+01
3.592514052120592538e+01
3.556046956046956353e+01
3.546194444444444116e+01
3.543463203463203115e+01
3.536745836745836868e+01
3.538729399255714725e+01
3.691067813765182137e+01
3.601527777777777573e+01
3.652220888355341799e+01
3.553666666666666885e+01
3.555632860583355637e+01
3.617772108843537637e+01
3.564011544011543720e+01
3.621038961038961190e+01
3.558354978354978471e+01
3.753256904637832037e+01
3.675238095238095326e+01
3.649556167737986101e+01
3.561288561288561283e+01
3.692839068825910687e+01
3.607696793002915570e+01
3.542638888888888715e+01
3.549159663865545866e+01
3.563127413127413234e+01
3.531028571428571183e+01
3.531583333333333030e+01
3.776190476190475920e+01
3.565860058309037584e+01
3.541329966329966084e+01
3.557193557193556899e+01
3.504289473684210776e+01
3.581930126002291104e+01
3.540926640926640800e+01
3.554818594104308715e+01
3.622305529522024159e+01
3.582568027210884054e+01
3.584029411764706197e+01
3.733696612665684711e+01
3.642031425364758945e+01
3.597102604997341757e+01
3.590315789473684305e+01
3.647147950089126311e+01
3.594487556863794708e+01
3.661107871720116691e+01
3.740931372549019329e+01
3.677662337662337677e+01
3.864752186588921035e+01
3.776940789473684390e+01
3.768893678160919336e+01
3.768750000000000000e+01
3.731087239583333570e+01
3.763298969072165079e+01
3.811825980392156765e+01
3.693177842565597757e+01
3.773633239612620827e+01
3.791283973758200432e+01
3.617999999999999972e+01
3.663469387755102247e+01
3.662769679300291870e+01
3.634398034398034127e+01
3.718513119533527345e+01
3.746876895087932269e+01
3.642112520683949128e+01
3.758124999999999716e+01
3.724121315192743964e+01
3.745528211284513986e+01
3.649732620320855858e+01
3.764839650145772509e+01
3.762069970845480782e+01
3.792977190876350591e+01
3.619682539682539613e+01
3.782152061855670411e+01
3.828298887122416261e+01
3.708013205282112779e+01
3.745422740524781346e+01
3.762915234822451538e+01
3.776355685131195372e+01
3.846735395189003270e+01
3.863194444444444287e+01
3.803154761904762182e+01
3.706551226551226819e+01
3.839049235993208953e+01
3.960851760851760872e+01
3.756612665684830432e+01
3.810855063674954835e+01
3.699719416386083282e+01
3.765460729746443747e+01
3.809562682215743479e+01
3.795072886297376158e+01
3.797576530612244738e+01
3.751107871720116549e+01
3.635288144199035543e+01
3.890498737373737725e+01
3.687944444444444514e+01
3.731476931476931469e+01
3.700945945945945681e+01
3.783636363636363598e+01
3.701342857142856957e+01
3.676228571428571712e+01
3.709062850729517180e+01
3.767481590574374195e+01
3.774285714285714022e+01
3.960323529411764554e+01
3.760309278350515427e+01
3.794966646452395054e+01
3.663342857142857412e+01
3.783985260770975145e+01
3.789909297052154358e+01
3.718891618891618833e+01
3.711659451659451747e+01
3.801309523809523938e+01
3.665424700364773258e+01
3.686447368421052317e+01
3.839105642256902939e+01
3.694977553310886975e+01
3.679616679616679420e+01
3.915810810810810949e+01
3.785309278350515427e+01
3.685750000000000171e+01
3.690993265993265737e+01
3.635131578947368070e+01
3.750678210678210434e+01
3.681188118811881083e+01
3.967583333333333684e+01
3.795558823529411541e+01
3.749898989898989754e+01
3.699941176470588289e+01
3.691478891478891455e+01
3.744207683073229020e+01
3.752971497877501861e+01
3.695642135642135884e+01
3.814879725085910422e+01
3.775257731958762975e+01
3.684960718294051674e+01
3.679040264754550549e+01
3.626085714285714090e+01
3.616554433221099885e+01
3.626180758017492423e+01
3.669927971188475624e+01
3.618284611141753970e+01
3.653308596165739175e+01
3.717465130382049665e+01
3.610565110565110558e+01
3.638614718614718413e+01
3.616638888888888914e+01
3.686093294460641090e+01
3.699433106575963848e+01
3.623499999999999943e+01
3.604417364813404134e+01
3.862228571428571655e+01
3.610578002244668738e+01
3.613748597081930569e+01
3.600054054054054120e+01
3.854372937293729251e+01
3.614513513513513487e+01
3.616837837837837810e+01
3.634920634920634797e+01
3.613108108108107785e+01
3.589128205128205451e+01
3.846108108108108325e+01
3.563613861386138382e+01
3.582897435897435656e+01
3.861749999999999972e+01
3.841343323521541464e+01
3.648681257014590074e+01
3.696691176470588402e+01
3.597277777777777885e+01
3.587363210005211300e+01
3.635542857142856832e+01
3.674460641399416971e+01
3.700505952380952124e+01
3.604918918918919246e+01
3.607805555555555799e+01
3.622249999999999659e+01
3.657879234167894111e+01
3.827915291529152597e+01
3.680117647058823849e+01
3.724219364996064030e+01
3.643013468013467815e+01
3.743899239044870342e+01
3.850768415474297512e+01
3.855555555555555713e+01
3.872222222222222143e+01
3.663605754514845358e+01
3.836807538549400221e+01
3.651065106510650793e+01
3.842508527945420838e+01
3.838539501039500834e+01
3.775576923076923208e+01
3.868681917211328880e+01
3.734598214285714590e+01
3.855353430353430610e+01
3.852885652642934389e+01
3.795012531328320904e+01
3.698336304218657489e+01
3.783851084812623355e+01
3.704453781512604849e+01
3.701808608058608030e+01
3.696606060606060851e+01
3.708181818181817846e+01
3.646241830065359579e+01
3.724477307496175627e+01
3.702181818181818329e+01
3.798108040826487297e+01
3.750641025641025550e+01
3.754285714285714448e+01
3.635031250000000114e+01
3.721103238866396623e+01
3.677214285714286035e+01
3.826375404530744362e+01
3.694060150375939600e+01
3.807897603485838545e+01
3.766202836499866180e+01
3.758918918918919161e+01
3.677117117117116862e+01
3.785131761442440990e+01
3.861353829557712913e+01
3.755917082130674345e+01
3.834338272866632735e+01
3.755847193347193524e+01
3.701414141414141312e+01
3.562485582468281109e+01
3.773945335710041604e+01
3.645518925518925357e+01
3.699279279279279109e+01
3.836687182231736415e+01
3.596464646464646364e+01
3.740811965811965933e+01
3.758290020790020947e+01
3.633888888888888857e+01
3.602489391796322593e+01
3.669047619047618980e+01
3.732578209277238557e+01
3.569384546271339076e+01
3.633821138211381907e+01
3.792268907563025238e+01
3.559428571428571075e+01
3.687060439560439562e+01
3.577998846597462546e+01
3.705877551020407878e+01
3.672925101214575250e+01
3.744945054945054608e+01
3.593399339933993275e+01
3.768095238095238386e+01
3.599511599511599513e+01
3.601490384615384954e+01
3.636639676113360053e+01
3.749197860962566864e+01
3.648076923076923350e+01
3.611899427433407794e+01
3.700657894736841769e+01
3.745071542130365572e+01
3.537344028520499251e+01
3.740192667915439984e+01
3.674101285751770973e+01
3.584698469846984636e+01
3.638815789473684248e+01
3.571646646646646417e+01
3.871972222222222371e+01
3.698436671966084077e+01
3.755392285489372739e+01
3.765686274509803866e+01
3.687863825363825043e+01
3.673863055697496094e+01
3.628571428571428470e+01
3.595611111111111313e+01
3.636484414920796837e+01
3.689862637362637088e+01
3.730691268191268506e+01
3.691902834008097045e+01
3.552991256327657510e+01
3.787297297297297405e+01
3.550913763563677605e+01
3.785524948024948344e+01
3.724492521367521647e+01
3.704496678589678282e+01
3.783250825082508584e+01
3.759277238403451804e+01
3.668880308880309116e+01
3.710574652322225120e+01
3.669364448857994176e+01
3.638653039832285430e+01
3.732538420773715160e+01
3.585237123916369484e+01
3.682140964493905955e+01
3.768959058067969181e+01
3.795861111111111086e+01
3.622558922558922490e+01
3.664670981661272720e+01
3.610697115384615330e+01
3.696142744686434156e+01
3.757500000000000284e+01
3.678740353497634885e+01
3.727490138067061309e+01
3.686824324324324209e+01
3.670707547169811136e+01
3.746685222672064697e+01
3.842381738173817496e+01
3.670061728395062062e+01
3.857128257537046778e+01
3.885781078107810771e+01
3.877472222222222342e+01
3.837275889751137470e+01
3.678217821782178021e+01
3.819210884353741164e+01
3.642721330956624826e+01
3.651010101010101039e+01
3.664333333333333087e+01
3.861033849383363759e+01
3.814344660194174708e+01
3.646055146055145713e+01
3.809331175836030070e+01
3.638142857142857167e+01
3.671895424836601052e+01
3.792021829521829801e+01
3.585763981803585665e+01
3.609157894736841854e+01
3.781262993762993574e+01
3.643904761904762069e+01
3.648352941176470665e+01
3.633702830188678945e+01
3.652257142857143180e+01
3.627701893122453924e+01
3.731531531531531698e+01
3.700329670329670506e+01
3.598157315731572936e+01
3.634349298500242043e+01
3.598018867924528053e+01
3.740117521367521647e+01
3.657893157262905248e+01
3.702712031558185402e+01
3.593748231966053908e+01
3.602970297029703062e+01
3.605714285714285694e+01
3.605765870704717457e+01
3.581654047757717052e+01
3.541394736842105573e+01
3.566638888888888914e+01
3.686058823529411654e+01
3.571343705799151280e+01
3.553165266106442743e+01
3.465910102358700584e+01
3.615187499999999687e+01
3.546792246792247028e+01
3.751275510204081343e+01
3.732252475247524615e+01
3.754412546517809801e+01
3.503003721424774142e+01
3.549494949494949481e+01
3.584249084249083950e+01
3.624144672531769373e+01
3.577470588235294002e+01
3.531453687821612419e+01
3.568757575757575751e+01
3.524101838755304072e+01
3.879137731481481666e+01
3.568911764705882206e+01
3.583168316831682887e+01
3.662069778406412013e+01
3.751899999999999835e+01
3.648911046969299576e+01
3.557338380896913321e+01
3.578416666666666401e+01
3.638436883629191243e+01
3.602853814793243714e+01
3.687135922330097060e+01
3.716907051282051100e+01
3.752264581296839197e+01
3.626522652265226299e+01
3.753791655733403587e+01
3.837211221122112192e+01
3.661969111969111879e+01
3.730749617542070240e+01
3.635634118967452366e+01
3.654535147392289929e+01
3.658758503401360684e+01
3.689604810996563344e+01
3.613154991726420207e+01
3.618472004186289581e+01
3.691236494597838913e+01
3.607841031149301614e+01
3.642885487528344868e+01
3.672494566529823601e+01
3.653381924198250630e+01
3.623928377645143684e+01
3.654699818071558326e+01
3.657673048600883448e+01
3.610848549946294384e+01
3.633011583011582957e+01
3.651890331890331964e+01
3.697555228276877415e+01
3.659797979797979650e+01
3.576911976911976865e+01
3.741636029411764497e+01
3.803000000000000114e+01
3.648253150057274041e+01
3.618314726209462862e+01
3.613891891891891817e+01
3.810784313725490335e+01
3.703896761133603377e+01
3.738866396761133615e+01
3.835054856837034976e+01
3.581810466760961731e+01
3.603756552125800994e+01
3.667644110275688973e+01
3.610675675675675933e+01
3.626235294117647356e+01
3.767587752053771766e+01
3.624542857142856889e+01
3.647417027417027668e+01
3.752302631578947256e+01
3.606279006279006438e+01
3.617663117663117589e+01
3.566831683168317113e+01
3.610231660231660555e+01
3.637286265857694190e+01
3.709286437246963430e+01
3.730501253132832318e+01
3.748543689320388239e+01
3.598617756512493315e+01
3.703517206477732771e+01
3.644830633284241372e+01
3.615447845804988702e+01
3.608911764705882064e+01
3.541084854994629438e+01
3.717011128775834550e+01
3.467504409171075963e+01
3.575160163075130981e+01
3.760404093413801974e+01
3.729106029106029041e+01
3.713565488565488693e+01
3.634157014157014487e+01
3.714812889812889551e+01
3.783545310015897911e+01
3.689968814968815281e+01
3.716370010787486677e+01
3.707567104511707612e+01
3.724971719457013819e+01
3.701331484049930509e+01
3.599564586357039531e+01
3.819028571428571439e+01
3.528777393310265609e+01
3.570694444444444571e+01
3.708976190476190737e+01
3.568939393939393767e+01
3.586017650303364235e+01
3.615142857142857480e+01
3.752024999999999721e+01
3.686238095238095269e+01
3.790920983778126896e+01
3.555635300372142638e+01
3.700336134453781511e+01
3.582695374800638177e+01
3.556701030927835205e+01
3.603205882352941103e+01
3.646727272727272862e+01
3.589500000000000313e+01
3.588324420677361815e+01
3.605102040816326792e+01
3.602436125965537883e+01
3.591836734693877276e+01
3.579060879060879330e+01
3.589694444444444343e+01
3.754020767930451541e+01
3.605152859960552547e+01
3.756418918918918592e+01
3.583507034914017453e+01
3.784169363538295272e+01
3.765052910052909851e+01
3.822825796093123074e+01
3.783283208020050381e+01
3.744206349206348960e+01
3.740010219724067753e+01
3.785012531328320762e+01
3.735891156462584917e+01
3.794864588656106008e+01
3.646661054994387996e+01
3.809006802721088292e+01
3.819093851132686268e+01
3.795369433198380449e+01
3.733069862315145571e+01
3.834252073856034571e+01
3.734097560975610008e+01
3.759975961538461320e+01
3.589707889707889876e+01
3.643382557815547784e+01
3.653814432989690886e+01
3.666982446363889636e+01
3.598953427524855897e+01
3.638587540279269916e+01
3.636136733586543812e+01
3.597287862513426404e+01
3.598703805846663073e+01
3.581157894736842451e+01
3.589380989380989462e+01
3.597379197379197535e+01
3.602485609628466534e+01
3.595354457572502582e+01
3.580531686358754229e+01
3.578036778036778287e+01
3.629744816586921985e+01
3.783757796257796002e+01
3.617327117327117492e+01
3.596575984990619190e+01
3.655347593582887811e+01
3.765183080808080973e+01
3.805407463823305392e+01
3.646583333333333599e+01
3.788170669391926282e+01
3.721023908523908830e+01
3.667572115384615472e+01
3.665425685425685742e+01
3.605511622334051935e+01
3.591393939393939405e+01
3.567927170868347275e+01
3.613720538720538400e+01
3.649466089466089613e+01
3.629705882352941160e+01
3.620411764705882263e+01
3.641740938799762262e+01
3.583517763541060219e+01
3.612596259625962603e+01
3.658086785009862041e+01
3.671599511599511345e+01
3.531093510475216846e+01
3.659638836772982984e+01
3.622055555555555628e+01
3.609282009282009085e+01
3.621057142857142708e+01
3.633021541950113686e+01
3.813675213675213627e+01
3.803168114460909521e+01
3.597029702970296938e+01
3.706093829678735574e+01
3.650940170940170759e+01
3.697468671679197882e+01
3.686550556361876829e+01
3.773571428571428754e+01
3.747275641025640880e+01
3.767451456310679703e+01
3.826266071897139653e+01
3.746451124021217538e+01
3.779591836734693544e+01
3.862772277227723094e+01
3.615088235294117425e+01
3.748336798336798381e+01
3.641025641025640880e+01
3.642186744073536175e+01
3.601135135135135101e+01
3.573721340388006951e+01
3.718571428571428328e+01
3.646885714285713931e+01
3.628025302530252816e+01
3.725585585585585591e+01
3.575964313828391283e+01
3.907542857142857429e+01
3.805219780219780290e+01
3.857815904139433627e+01
3.813947847180109108e+01
3.648973684210526613e+01
3.660282885431400501e+01
3.653385068236553224e+01
3.622689768976897540e+01
3.609640437727983198e+01
3.631969775924960686e+01
3.665444444444444372e+01
3.721969696969696884e+01
3.625082508250824986e+01
3.697189189189189307e+01
3.955036855036855314e+01
3.924625539477024461e+01
3.990499590499590710e+01
3.994176470588235617e+01
3.980135135135135016e+01
3.861275773195876582e+01
3.816555555555555657e+01
3.836656034024455408e+01
3.986160574820368652e+01
