3.967768344451182827e+01
3.940234822451317598e+01
3.967563657407407618e+01
3.783333333333333570e+01
3.838197767145135231e+01
3.782777488275143440e+01
3.867201166180758065e+01
3.793009037745879652e+01
3.792055692055691907e+01
3.761447368421052317e+01
3.912158884172225726e+01
3.925870348139255839e+01
3.837878787878787534e+01
3.923501275510204067e+01
3.866723356009070045e+01
3.789842873176206695e+01
3.807655502392344715e+01
3.858181818181817846e+01
3.865554881746513161e+01
3.961139455782313235e+01
3.935252004581901275e+01
3.847900053163210998e+01
3.754034653465346594e+01
3.867595146166574693e+01
3.842715419501134022e+01
3.901428571428571246e+01
3.892430044182621174e+01
3.951747311827956821e+01
3.809156094870380826e+01
3.865714285714285836e+01
3.835805422647528218e+01
3.919823269513991448e+01
3.824903474903474887e+01
3.766746411483253354e+01
3.801603498542274195e+01
3.950545785324439407e+01
3.816734693877550910e+01
3.915463917525773496e+01
3.899339735894357517e+01
3.951243177683444685e+01
3.867998866213152098e+01
3.985264105642256993e+01
3.820946712018140801e+01
3.815380328782390507e+01
3.772694444444444173e+01
3.901666666666666572e+01
3.939987503905029342e+01
3.862886597938144462e+01
3.996054292929292728e+01
3.830221130221130466e+01
3.838407029478457844e+01
3.892006802721088121e+01
3.961734068627450966e+01
3.848221574344023566e+01
3.850972222222222285e+01
3.948242630385487217e+01
3.860038610038610329e+01
3.946547619047618838e+01
3.840600448933782474e+01
3.964880952380952550e+01
3.817985409652076356e+01
3.950229095074455898e+01
3.770043158161970354e+01
4.013136966126656802e+01
3.918594104308390058e+01
3.842102564102564344e+01
4.022621502209130995e+01
4.070067401960784537e+01
3.875102040816326365e+01
3.936540664375716148e+01
4.003122238586156101e+01
3.904591836734693544e+01
3.945959595959595845e+01
3.930236305048335055e+01
3.893810810810811063e+01
3.906176154672395029e+01
4.020360824742267880e+01
4.214481658692184851e+01
3.960921125206839832e+01
3.990581490581490698e+01
4.046626984126984183e+01
4.087481590574373769e+01
4.075675675675675791e+01
3.951025641025641022e+01
3.996194153337010135e+01
4.077293233082706791e+01
4.028465063001145552e+01
4.049226804123711076e+01
4.052371134020618371e+01
4.078530092592592382e+01
4.030385487528344868e+01
3.983177054605626211e+01
4.059114583333333570e+01
4.033908991228069851e+01
4.003571428571428470e+01
4.028486163863266256e+01
4.067497136311569506e+01
4.069513991163475453e+01
4.119127819548872083e+01
3.985580021482277147e+01
3.971717171717171624e+01
4.029223356009070045e+01
3.956176154672395029e+01
4.194297719087634846e+01
4.059204712812960025e+01
3.800775000000000148e+01
4.055541795665634908e+01
3.964279743661187183e+01
3.871978021978021900e+01
4.016482843137254832e+01
4.010631127450980671e+01
3.859322959322959434e+01
3.972083333333333144e+01
4.017919951485748697e+01
4.043486410496719685e+01
3.931549917264202776e+01
