3.892443463872035636e+01
4.000202546296296191e+01
3.938258877434135030e+01
3.882239382239382053e+01
3.908834586466165462e+01
3.948703805846663073e+01
3.952187238785177215e+01
4.091319444444444287e+01
4.033057598039215463e+01
3.980326460481099815e+01
3.981136806910002690e+01
3.881954681954682229e+01
3.846570972886762263e+01
3.796500000000000341e+01
3.806351351351351298e+01
3.762298662298662322e+01
3.770866560340244433e+01
3.773955773955773907e+01
3.741733120680488867e+01
3.740707070707070869e+01
3.860363537710254889e+01
3.762522662522662387e+01
3.765734265734266017e+01
3.789406889406889434e+01
3.868688046647230294e+01
3.793022614451185603e+01
3.826594594594594412e+01
3.894567015995587411e+01
3.785929108485499484e+01
3.963499582056282833e+01
3.972164948453607991e+01
3.870932156646442479e+01
3.867965367965368273e+01
3.808883708883708863e+01
3.987991898148148096e+01
3.796916533758638934e+01
3.905377826806397934e+01
3.875698174006444674e+01
3.949263038548753002e+01
3.893270821842250484e+01
4.000888480392156765e+01
3.880308880308880504e+01
3.892620727075420461e+01
4.068085106382978466e+01
3.940206185567010522e+01
3.899278846153845990e+01
3.957731958762886393e+01
3.800955500955500810e+01
4.015238095238095184e+01
3.968986254295532490e+01
3.920228475898579035e+01
3.886147186147186261e+01
4.086315789473684390e+01
3.935102040816326507e+01
3.781419457735247391e+01
3.957581018518518334e+01
3.858246001103143641e+01
3.931831065759637056e+01
4.016099071207430171e+01
3.798361976369495352e+01
3.910062358276643835e+01
3.801899092970521821e+01
3.796055555555555827e+01
3.777812663526949422e+01
3.793962585034013557e+01
3.790324295587453207e+01
3.814063714063713917e+01
3.888659793814432675e+01
3.835069817400644610e+01
3.799015799015798933e+01
3.968814432989690744e+01
3.846628446628446341e+01
3.810075757575757649e+01
3.866675617615467075e+01
4.005973317161916469e+01
3.860770975056689025e+01
3.802900802900802546e+01
3.856366675954304668e+01
3.852511773940345563e+01
3.815789473684210265e+01
3.925171821305841746e+01
3.951423200859291285e+01
4.057232142857142776e+01
3.821850079744816497e+01
3.858084772370486348e+01
3.855475062691557753e+01
3.897081930415263429e+01
3.786097820308346940e+01
3.870238095238094900e+01
3.910259238830667528e+01
3.893463872035300710e+01
3.848316498316498269e+01
3.849326599326599307e+01
3.817564534231200923e+01
3.966509572901325242e+01
3.784715576820840255e+01
3.917210767468499455e+01
3.754289473684210776e+01
3.826153426153425841e+01
3.824433106575963848e+01
3.906452581032412752e+01
3.812448812448812419e+01
3.782692307692308020e+01
3.957175925925925952e+01
3.818833819241982752e+01
3.811236842105262923e+01
4.034136904761904674e+01
3.865815789473684561e+01
3.858886158886159023e+01
3.873129251700679987e+01
4.011458333333333570e+01
3.979162761636988677e+01
3.888062940857297889e+01
3.941845238095238102e+01
3.934793814432989478e+01
3.926079687935357754e+01
3.982886597938144035e+01
3.974031763722485522e+01
3.883248299319728147e+01
3.829645542427497418e+01
3.774993174993174705e+01
3.791148325358851423e+01
3.826806398234969464e+01
3.930321406913280669e+01
3.923929398148148096e+01
3.823607280750137960e+01
3.795902722706846077e+01
3.893460972017673072e+01
3.748149999999999693e+01
3.819387755102040671e+01
3.766675617615467075e+01
3.807639271924985991e+01
3.810204081632652873e+01
3.859956592512208573e+01
3.792547092547092547e+01
3.811881977671451693e+01
3.852154195011338089e+01
4.031746031746031633e+01
3.802868421052631476e+01
3.763789473684210662e+01
3.765383565383565667e+01
3.916232638888888573e+01
3.839965986394557973e+01
3.801765030336459006e+01
3.860144300144300189e+01
3.847823596792668610e+01
3.827937120794263848e+01
3.836348593491450742e+01
3.804586404586404313e+01
3.791201488569909372e+01
3.915801749271137311e+01
3.767365967365967094e+01
3.762648648648648475e+01
3.906370656370656036e+01
3.831081081081081408e+01
3.893345216874628534e+01
3.936658580958156506e+01
3.879433221099887419e+01
3.895611192930780220e+01
3.789264069264068979e+01
3.797222222222222143e+01
3.919278499278499339e+01
3.777972972972973054e+01
3.977761413843887794e+01
3.947278911564625759e+01
3.876767676767676818e+01
3.788894736842105004e+01
3.748327535456248683e+01
3.896583481877599553e+01
3.795863210148924338e+01
3.932323232323232531e+01
3.800791700791700833e+01
3.813158613158613264e+01
3.837979797979797780e+01
3.856347569955817534e+01
3.816844116844116996e+01
3.783553483553483687e+01
3.826368952684742197e+01
3.772459459459459197e+01
3.848737916219118915e+01
3.934543918918918592e+01
3.827319587628866060e+01
3.898960190136660486e+01
3.856150793650793673e+01
3.932215743440233524e+01
3.811274911274911403e+01
3.774289473684210350e+01
3.914540816326530859e+01
3.910629251700679987e+01
3.762121212121212466e+01
3.815417331206804619e+01
3.758815789473684532e+01
3.930692194403534501e+01
3.793215664644235829e+01
3.832539682539682246e+01
3.796938775510204067e+01
3.779957469431153783e+01
3.807507507507507682e+01
3.832018753447324855e+01
3.864225690276110470e+01
3.816795366795366817e+01
3.821294307196562556e+01
3.800744284954811292e+01
3.731289473684210378e+01
3.748837837837837839e+01
3.938144329896907436e+01
3.956631578947368411e+01
3.940630685263796096e+01
3.798611111111111427e+01
3.777992277992277792e+01
3.872623138602519788e+01
3.779552631578947341e+01
3.884098639455782376e+01
3.899263038548753002e+01
3.831687810259239058e+01
3.860672917815774952e+01
3.973498542274052170e+01
3.880492196878751798e+01
3.918877551020408134e+01
3.970833333333333570e+01
3.831240188383045364e+01
3.914340871483728534e+01
3.915366146458583785e+01
3.954345864661654275e+01
3.991287878787878896e+01
3.850570228091236658e+01
3.958823529411764497e+01
3.909543446244477138e+01
3.870084635416666430e+01
3.869661266568483171e+01
3.874914089347078772e+01
3.883193277310924429e+01
3.813265306122448806e+01
3.995921052631578618e+01
3.791982507288629733e+01
3.792750000000000199e+01
3.757833333333333314e+01
4.016308593750000000e+01
4.072207303974221304e+01
3.982653061224489477e+01
3.835580021482277147e+01
3.841356421356421436e+01
3.892577319587628892e+01
3.857073310423825774e+01
3.964190418435415353e+01
3.801092001092001027e+01
3.846469939327081988e+01
4.053956228956229069e+01
3.821430521430521310e+01
3.973819241982507577e+01
3.981314432989690744e+01
3.885769442912300065e+01
3.828552631578947540e+01
3.919696969696969546e+01
3.883616780045351646e+01
4.153006872852233755e+01
4.100270270270270601e+01
3.784082254379283938e+01
3.832650832650832484e+01
3.905725623582766559e+01
3.903928670938979906e+01
3.785986290936786247e+01
3.902563388130398181e+01
3.962747283365840190e+01
3.931894296180010429e+01
3.858531258531258601e+01
4.072212837837837895e+01
3.934179222839016887e+01
3.924547227640011471e+01
3.968068366793271906e+01
3.960010851871948034e+01
3.992583046964490023e+01
4.025000000000000000e+01
4.012677626079688054e+01
4.010372012811037479e+01
4.116460794844253712e+01
4.038508186779866804e+01
4.049521396396396256e+01
3.823250135648399350e+01
3.955732574679942815e+01
3.830562030562030884e+01
3.796762496762497108e+01
3.870184481823114453e+01
3.988775510204081343e+01
3.807841031149301614e+01
3.864473684210526017e+01
3.982552083333333570e+01
3.948676511563109415e+01
3.891644058600108735e+01
3.917189952904238481e+01
3.869017905588714257e+01
3.841487647690654939e+01
3.849918610960390453e+01
3.896368243243243512e+01
3.946336026748397785e+01
3.807561486132915007e+01
3.944902634593356083e+01
3.906149301825993803e+01
3.884341042073000949e+01
3.989300291545189481e+01
3.946019473081328499e+01
3.843474758324382634e+01
4.038131313131312794e+01
3.806874328678839703e+01
3.923986486486486314e+01
4.021762387387387605e+01
3.841192266380236475e+01
3.817767417767417726e+01
4.021966911764705799e+01
3.839473684210526017e+01
3.892046049188906665e+01
3.926915575369183387e+01
3.870711075865715145e+01
3.899319727891156617e+01
4.004560975609756213e+01
3.891541104943166829e+01
3.911886376172090252e+01
4.003575450450450290e+01
3.933840090090090058e+01
3.996140350877193015e+01
3.808257575757576063e+01
3.810487179487179787e+01
4.042020202020201936e+01
3.819621212121212039e+01
3.897380886040679826e+01
3.997089460784313530e+01
3.939342435218723892e+01
3.944801178203240255e+01
3.833666666666666600e+01
3.909740990990990639e+01
3.898924434638720271e+01
3.842291334396597335e+01
3.874348750664540120e+01
3.865576820839978467e+01
3.880873888016745354e+01
4.147089783281733588e+01
3.967595430482028718e+01
4.041250000000000142e+01
3.964625850340136282e+01
3.954991726420298193e+01
3.945918367346938993e+01
4.069557307459066209e+01
3.873737373737373701e+01
3.954621848739495960e+01
3.960206185567010095e+01
3.998866421568627771e+01
3.909622541201488843e+01
3.907216494845361154e+01
3.874738003309431633e+01
3.921341107871720055e+01
4.078724747474747403e+01
4.006185567010309256e+01
4.084753787878787534e+01
3.888520408163265074e+01
3.834715576820840255e+01
4.115388858246001291e+01
4.023387334315169284e+01
3.904810996563573866e+01
3.865362811791383280e+01
3.996524300441826227e+01
3.866354109211252421e+01
3.936734693877551194e+01
3.897353023126218829e+01
3.901774501774502113e+01
3.804794871794872080e+01
3.902798833819242219e+01
3.954291716686674363e+01
3.910532181666201978e+01
3.873564213564213787e+01
3.858470418470418650e+01
3.817763157894736992e+01
3.890341833966359530e+01
4.020204081632653015e+01
3.842320642320642321e+01
3.821378378378378216e+01
3.786486486486486314e+01
3.817078410311493286e+01
3.839492553778268302e+01
3.980618686868687206e+01
3.891267434808975167e+01
3.876722734671730564e+01
3.809552631578947057e+01
4.014038811400848772e+01
3.867705460562603292e+01
3.862603419746277211e+01
3.996129032258064484e+01
3.884346846846846546e+01
3.912857142857142634e+01
3.899625117150890219e+01
3.856067291781577211e+01
3.813234913234913392e+01
3.763742690058479212e+01
3.888985594237695409e+01
3.788435374149659651e+01
3.826064139941691167e+01
3.766289473684210520e+01
3.912755102040816269e+01
3.856122448979591866e+01
3.879987871437234759e+01
3.984596725288053420e+01
3.831847475832438477e+01
3.839370298133184889e+01
3.876288659793814162e+01
3.901002290950744822e+01
3.817417417417417624e+01
3.805236576289208017e+01
3.924886621315192770e+01
3.927628865979381345e+01
3.952410142100863766e+01
3.992252421118400463e+01
3.873206997084547965e+01
3.876170839469808271e+01
3.919758812615955179e+01
3.955744949494949481e+01
3.894198250728862831e+01
3.806649831649831839e+01
3.856465390279823424e+01
3.949109653233364270e+01
3.895265151515151558e+01
3.829291716686674363e+01
3.958910162002945299e+01
3.828223410576351426e+01
3.898611111111111427e+01
3.751131578947368439e+01
3.866686303387334078e+01
3.834290271132376660e+01
3.964374999999999716e+01
3.994087009803921262e+01
3.810392867093897706e+01
3.912215743440233240e+01
3.854208754208754328e+01
3.890177548682703446e+01
3.881405895691609942e+01
3.849812409812410152e+01
3.814506343077771788e+01
3.828929950358521950e+01
3.801262626262626299e+01
3.851370851370851511e+01
3.915699558173785277e+01
3.741486486486486740e+01
3.851399116347570128e+01
3.852352607709750743e+01
3.815478312537135963e+01
3.743923076923076820e+01
3.739184210526315866e+01
3.786644219977553405e+01
3.837230320699708130e+01
3.846578631452580765e+01
3.768611111111111001e+01
3.835411255411255382e+01
3.855889212827988644e+01
3.815393586005831139e+01
3.965340909090909349e+01
4.052280405405405617e+01
3.780562380562380298e+01
3.888058419243986208e+01
3.750177450177449856e+01
3.879442086112795351e+01
3.839941089837996913e+01
3.921807580174927210e+01
3.839849624060150290e+01
3.764694444444444343e+01
3.880300453514739445e+01
3.839740259740259631e+01
3.980650252525252597e+01
3.829233314947600775e+01
3.785213243546576933e+01
3.794160997732426210e+01
3.776849576849576806e+01
3.826643990929705552e+01
3.911036992116434163e+01
3.801150392817059753e+01
3.852069970845481350e+01
3.825223665223665392e+01
3.819758812615955179e+01
3.759350259350259194e+01
3.844830633284241372e+01
3.891269841269841123e+01
3.864868804664723001e+01
3.740154015401540022e+01
3.898065476190475920e+01
3.830017006802721369e+01
3.853668890236507139e+01
3.871158463385354054e+01
3.891782898726501116e+01
3.828862973760932675e+01
3.754111111111111398e+01
3.775476992143659061e+01
3.820978391356542403e+01
3.770707070707070585e+01
3.820435741864313428e+01
3.778869778869778884e+01
3.860441826215021877e+01
3.763558823529411512e+01
3.811688311688311614e+01
3.799635241301908195e+01
3.727604726100966559e+01
3.844212076583210802e+01
3.805162738496071739e+01
3.877501516070345389e+01
3.899545178896300968e+01
3.861964285714285694e+01
3.838718820861677727e+01
3.897238895558223248e+01
3.816776710684273866e+01
3.750628571428571689e+01
3.894220556076226103e+01
3.838571428571428612e+01
3.900386904761904816e+01
3.810320699708454839e+01
3.784577259475218369e+01
3.788830667402095997e+01
3.811104441776710416e+01
3.790827190827190663e+01
3.817492711370262271e+01
3.717357788410419772e+01
3.834240362811791414e+01
3.831872749099640174e+01
3.866763848396501402e+01
3.957270270270269918e+01
3.732972222222222314e+01
3.814169096209912624e+01
3.834110787172011925e+01
3.835809581564584647e+01
3.890561868686868507e+01
3.852524167561761459e+01
3.868764172335600904e+01
3.837871720116618235e+01
3.882817869415807621e+01
3.795622895622895498e+01
3.852097505668934474e+01
3.814315169366715708e+01
3.832125940373362738e+01
3.763828571428571479e+01
3.846029534689328244e+01
3.825072886297375874e+01
3.832142857142856940e+01
3.796314496314496267e+01
3.787414687414687364e+01
3.980724773508278957e+01
3.761217437533227326e+01
3.757085714285714317e+01
3.741068580542264499e+01
3.786972222222222229e+01
3.806552006552006873e+01
3.799735294117647300e+01
3.889289805269186928e+01
3.949724264705882604e+01
3.753371553371553659e+01
3.804771097628240284e+01
3.784804191947048935e+01
3.946573681018799107e+01
3.789475218658892430e+01
3.917313523347483084e+01
3.842448979591836888e+01
3.840577200577200756e+01
3.965466893039049268e+01
3.856944444444444287e+01
3.885243004418261847e+01
3.887084548104956383e+01
3.868924539512774885e+01
3.819412878787878896e+01
3.747540540540540377e+01
3.826064139941691167e+01
3.746382746382746376e+01
3.749795249795249674e+01
3.891416566626650564e+01
3.769829012686155778e+01
3.883884803921568363e+01
3.802295918367347127e+01
3.810116618075801398e+01
3.860087463556851617e+01
3.779601571268237592e+01
3.880530191458026223e+01
3.740432098765432301e+01
3.850408163265306172e+01
3.828888888888889142e+01
3.788321995464852421e+01
3.752577873254565333e+01
3.764465786314525531e+01
3.884348641049672324e+01
3.753275613275613409e+01
3.848807069219440535e+01
3.826064139941691167e+01
3.845906610066707287e+01
3.833935860058308975e+01
3.792368125701459292e+01
3.747500000000000142e+01
3.730976430976431146e+01
3.882588774341351723e+01
3.830303030303030454e+01
3.990619195046439671e+01
3.987827380952381162e+01
3.794430794430794407e+01
3.836678004535147579e+01
3.888417222559126429e+01
3.791358024691358253e+01
3.839300291545189481e+01
3.885804321728691235e+01
3.890448756822316767e+01
3.888534832864729651e+01
3.766803166803166647e+01
3.822421400992829632e+01
3.957619047619047592e+01
3.881928441479684722e+01
3.790488215488215218e+01
3.832099125364431558e+01
3.861674669867947074e+01
3.947331716191631301e+01
3.864375750300119705e+01
3.875810324129651718e+01
3.880612244897959329e+01
3.769500000000000028e+01
3.894087635054021490e+01
3.931075110456554000e+01
3.846753246753246458e+01
3.929631811487481485e+01
3.858775510204081627e+01
3.769744897959184016e+01
3.889015606242497114e+01
3.810735930735931021e+01
3.981862745098039369e+01
3.742973684210526386e+01
3.810000000000000142e+01
3.843849206349206327e+01
3.983002915451895376e+01
4.022619769557307734e+01
3.935062358276643835e+01
3.866675675675675450e+01
3.789950980392156765e+01
3.823059163059163268e+01
3.971148989898989612e+01
3.773039742212674241e+01
3.743972222222222257e+01
4.040463458110517081e+01
3.729947368421052545e+01
3.765204678362572821e+01
3.783922558922559176e+01
3.778152958152958263e+01
3.771071829405162390e+01
3.852952202436738816e+01
3.760101010101010388e+01
3.725864864864865211e+01
3.934873487348735210e+01
3.753621933621933948e+01
3.645250200695745235e+01
3.767813267813267686e+01
3.732459732459732749e+01
3.693552631578947398e+01
3.801770708283313382e+01
3.743059163059162842e+01
3.720556920556920488e+01
3.872565597667638571e+01
4.014872665534804952e+01
3.831200897867564237e+01
3.832130584192439926e+01
3.768075801749271392e+01
3.826539027982327212e+01
3.837555228276877983e+01
3.787962962962962621e+01
3.814143990929705552e+01
3.857767857142857082e+01
3.840463917525773496e+01
3.859049255441008341e+01
3.864402668283808140e+01
3.807784256559767044e+01
3.834278350515464240e+01
3.869702176403207261e+01
3.814487249050461060e+01
3.846997084548105050e+01
3.839147394817497627e+01
3.857961053837342291e+01
3.890397643593519916e+01
3.810402494331065526e+01
3.852842415316641933e+01
3.930412371134020333e+01
3.880728862973760585e+01
3.867658730158730407e+01
3.915846833578792285e+01
3.950665509259259522e+01
3.871340206185566757e+01
3.851575028636884213e+01
3.857787325456498451e+01
3.839030612244897611e+01
3.897687378099749367e+01
3.901632302405498365e+01
3.929624014554275391e+01
3.883226525494566772e+01
3.917643593519882472e+01
3.908451127819548532e+01
3.967283201940570336e+01
3.852730281301710136e+01
3.916408934707903455e+01
4.005894736842105175e+01
3.863998914812805197e+01
3.923582766439909619e+01
3.904625243800501266e+01
3.879910838673725237e+01
3.904764558372805539e+01
