5.309450056116723005e+01
5.402551020408163396e+01
5.064480077745383824e+01
5.088392857142856940e+01
5.126238095238095127e+01
5.160860058309037868e+01
5.225151515151515014e+01
5.265691680652121676e+01
5.247060185185185333e+01
5.690180878552971677e+01
5.496840196840197024e+01
5.564644236072807360e+01
nan
nan
5.454285714285714448e+01
5.712422771403353750e+01
5.663302139037433136e+01
nan
nan
5.145253682487724944e+01
5.172439162422184467e+01
5.080447368421052801e+01
0.000000000000000000e+00
5.229096989966555498e+01
5.063586956521739069e+01
4.918437243642329548e+01
4.770861587554846750e+01
4.828150572831423659e+01
0.000000000000000000e+00
0.000000000000000000e+00
0.000000000000000000e+00
0.000000000000000000e+00
0.000000000000000000e+00
0.000000000000000000e+00
0.000000000000000000e+00
0.000000000000000000e+00
0.000000000000000000e+00
6.878869778869778884e+01
6.942401064183572146e+01
6.791806451612903572e+01
6.711274353241775259e+01
6.756615661566156916e+01
6.698144329896906868e+01
6.725478316326530148e+01
6.973304473304473561e+01
6.996809680968097211e+01
nan
6.793560371517027363e+01
7.138839406207827665e+01
7.198969072164948102e+01
7.011028806584361917e+01
0.000000000000000000e+00
0.000000000000000000e+00
0.000000000000000000e+00
0.000000000000000000e+00
0.000000000000000000e+00
0.000000000000000000e+00
0.000000000000000000e+00
0.000000000000000000e+00
0.000000000000000000e+00
0.000000000000000000e+00
0.000000000000000000e+00
0.000000000000000000e+00
0.000000000000000000e+00
0.000000000000000000e+00
0.000000000000000000e+00
0.000000000000000000e+00
0.000000000000000000e+00
0.000000000000000000e+00
0.000000000000000000e+00
0.000000000000000000e+00
8.130580357142856940e+01
0.000000000000000000e+00
0.000000000000000000e+00
0.000000000000000000e+00
0.000000000000000000e+00
0.000000000000000000e+00
0.000000000000000000e+00
0.000000000000000000e+00
0.000000000000000000e+00
0.000000000000000000e+00
0.000000000000000000e+00
0.000000000000000000e+00
0.000000000000000000e+00
0.000000000000000000e+00
0.000000000000000000e+00
0.000000000000000000e+00
0.000000000000000000e+00
0.000000000000000000e+00
0.000000000000000000e+00
0.000000000000000000e+00
0.000000000000000000e+00
0.000000000000000000e+00
0.000000000000000000e+00
4.404125583809029365e+01
4.325822287677957689e+01
4.295885167464114573e+01
4.143948412698412653e+01
3.969616869616869792e+01
0.000000000000000000e+00
0.000000000000000000e+00
0.000000000000000000e+00
0.000000000000000000e+00
0.000000000000000000e+00
0.000000000000000000e+00
0.000000000000000000e+00
0.000000000000000000e+00
0.000000000000000000e+00
0.000000000000000000e+00
0.000000000000000000e+00
0.000000000000000000e+00
0.000000000000000000e+00
0.000000000000000000e+00
0.000000000000000000e+00
0.000000000000000000e+00
0.000000000000000000e+00
0.000000000000000000e+00
0.000000000000000000e+00
0.000000000000000000e+00
0.000000000000000000e+00
0.000000000000000000e+00
0.000000000000000000e+00
0.000000000000000000e+00
0.000000000000000000e+00
0.000000000000000000e+00
0.000000000000000000e+00
0.000000000000000000e+00
0.000000000000000000e+00
0.000000000000000000e+00
0.000000000000000000e+00
0.000000000000000000e+00
0.000000000000000000e+00
0.000000000000000000e+00
0.000000000000000000e+00
0.000000000000000000e+00
0.000000000000000000e+00
0.000000000000000000e+00
0.000000000000000000e+00
0.000000000000000000e+00
3.319106699751861100e+01
3.353400222965440491e+01
3.346348940914158021e+01
3.324084668192219993e+01
3.355539772727272663e+01
3.312755102040816269e+01
3.330343249427917840e+01
3.278631677600749583e+01
3.300603795284646225e+01
3.276842105263158089e+01
3.380397727272727337e+01
3.256632653061224403e+01
3.300277008310249016e+01
3.293865740740740478e+01
3.227220394736841769e+01
3.233552631578947256e+01
3.349143746756616480e+01
3.311413043478260931e+01
3.413368421052631874e+01
3.269653423499577372e+01
3.336157894736842167e+01
3.299871630295250213e+01
3.280311004784689288e+01
3.252435740514076201e+01
3.203561387066541499e+01
3.246588119783996262e+01
3.191592210767468529e+01
3.304563335955940317e+01
3.225742115027829016e+01
3.269808541973490179e+01
3.258898508898509050e+01
3.237494397131331425e+01
3.228253968253968509e+01
3.255818181818181500e+01
3.314888515943418668e+01
3.271021324354657622e+01
3.276139169472502743e+01
3.271829405162738169e+01
3.261927437641723060e+01
3.247393617021276668e+01
3.287128146453089528e+01
3.374740227610094223e+01
3.226315789473684248e+01
3.291429475015812756e+01
3.359004629629629335e+01
3.432688588007736996e+01
3.534625126646403004e+01
3.331609022556391153e+01
3.359461279461279304e+01
0.000000000000000000e+00
0.000000000000000000e+00
0.000000000000000000e+00
0.000000000000000000e+00
3.147128378378378244e+01
3.208072590738422747e+01
3.155998868138087232e+01
3.097452407614781578e+01
3.151679731243001115e+01
3.199970760233918199e+01
3.315681003584229103e+01
3.274421296296296191e+01
3.368398692810457362e+01
3.477254901960784395e+01
0.000000000000000000e+00
0.000000000000000000e+00
0.000000000000000000e+00
0.000000000000000000e+00
0.000000000000000000e+00
0.000000000000000000e+00
0.000000000000000000e+00
0.000000000000000000e+00
0.000000000000000000e+00
0.000000000000000000e+00
0.000000000000000000e+00
0.000000000000000000e+00
0.000000000000000000e+00
0.000000000000000000e+00
0.000000000000000000e+00
0.000000000000000000e+00
0.000000000000000000e+00
0.000000000000000000e+00
0.000000000000000000e+00
0.000000000000000000e+00
0.000000000000000000e+00
0.000000000000000000e+00
0.000000000000000000e+00
0.000000000000000000e+00
0.000000000000000000e+00
0.000000000000000000e+00
0.000000000000000000e+00
0.000000000000000000e+00
0.000000000000000000e+00
0.000000000000000000e+00
0.000000000000000000e+00
0.000000000000000000e+00
0.000000000000000000e+00
0.000000000000000000e+00
3.097899618112383990e+01
0.000000000000000000e+00
0.000000000000000000e+00
3.115871190339275287e+01
3.100373931623931512e+01
3.112550607287449367e+01
0.000000000000000000e+00
0.000000000000000000e+00
0.000000000000000000e+00
0.000000000000000000e+00
3.107499999999999929e+01
3.150186170212765902e+01
3.159065315315315203e+01
3.115789473684210620e+01
3.088367071524966434e+01
3.089309210526315752e+01
3.325823451910408579e+01
3.139889196675900251e+01
3.117654914529914478e+01
3.151554780587038707e+01
3.275151515151515014e+01
3.346248037676608789e+01
3.285386996904024670e+01
3.423352033660589200e+01
3.443921568627450824e+01
3.414349206349206156e+01
3.466632996632996822e+01
3.465061409179056540e+01
3.429476405946994078e+01
3.518239700374531509e+01
3.527579162410623326e+01
3.456083467094703110e+01
3.421629213483146259e+01
3.542857142857143060e+01
3.555422077922077762e+01
0.000000000000000000e+00
0.000000000000000000e+00
0.000000000000000000e+00
0.000000000000000000e+00
0.000000000000000000e+00
0.000000000000000000e+00
0.000000000000000000e+00
0.000000000000000000e+00
0.000000000000000000e+00
0.000000000000000000e+00
0.000000000000000000e+00
0.000000000000000000e+00
0.000000000000000000e+00
0.000000000000000000e+00
3.293495934959349825e+01
0.000000000000000000e+00
3.198700706633234603e+01
3.339793771043770931e+01
3.317032115171650020e+01
3.463494772775762698e+01
3.564112554112553966e+01
3.585252643948295770e+01
3.678675213675213485e+01
3.621545189504373496e+01
0.000000000000000000e+00
0.000000000000000000e+00
0.000000000000000000e+00
3.583343125734430146e+01
3.600797872340425698e+01
3.671900584795321976e+01
3.710279605263158231e+01
3.720888157894736992e+01
0.000000000000000000e+00
3.853770418438129042e+01
0.000000000000000000e+00
3.866818936877076140e+01
3.872937925170067786e+01
3.812492282362626383e+01
3.927124044180119000e+01
3.834155328798185991e+01
3.797922437673130247e+01
3.921022556390977343e+01
3.829311342592592382e+01
0.000000000000000000e+00
3.974125874125873992e+01
4.043654970760233880e+01
4.021134020618556804e+01
0.000000000000000000e+00
0.000000000000000000e+00
0.000000000000000000e+00
0.000000000000000000e+00
3.965191919191919112e+01
3.977512066695918946e+01
3.902166452166451904e+01
3.948461538461538112e+01
3.916500711237553389e+01
3.919397522522522337e+01
0.000000000000000000e+00
0.000000000000000000e+00
0.000000000000000000e+00
0.000000000000000000e+00
0.000000000000000000e+00
0.000000000000000000e+00
0.000000000000000000e+00
0.000000000000000000e+00
0.000000000000000000e+00
3.949289495681248496e+01
0.000000000000000000e+00
0.000000000000000000e+00
3.931879460745440014e+01
3.994148787963221281e+01
3.937640765765765849e+01
0.000000000000000000e+00
0.000000000000000000e+00
3.847017045454545325e+01
3.858654044041983866e+01
3.882338850174215850e+01
3.913402061855670411e+01
3.856095457159286610e+01
3.866848776223775985e+01
3.814517133956386630e+01
3.692946428571428896e+01
0.000000000000000000e+00
3.747565466448445193e+01
3.653401434470767128e+01
3.662392026578073256e+01
3.582347749338040899e+01
3.386900165471593738e+01
0.000000000000000000e+00
0.000000000000000000e+00
0.000000000000000000e+00
0.000000000000000000e+00
3.540948090948091220e+01
3.542325102880658250e+01
0.000000000000000000e+00
0.000000000000000000e+00
0.000000000000000000e+00
0.000000000000000000e+00
3.570985752791682444e+01
0.000000000000000000e+00
0.000000000000000000e+00
0.000000000000000000e+00
0.000000000000000000e+00
0.000000000000000000e+00
0.000000000000000000e+00
0.000000000000000000e+00
0.000000000000000000e+00
0.000000000000000000e+00
0.000000000000000000e+00
0.000000000000000000e+00
0.000000000000000000e+00
0.000000000000000000e+00
0.000000000000000000e+00
0.000000000000000000e+00
0.000000000000000000e+00
0.000000000000000000e+00
0.000000000000000000e+00
3.661398176291793050e+01
3.599622202848009067e+01
0.000000000000000000e+00
3.791591173054587927e+01
3.747376543209876587e+01
3.769342105263157805e+01
3.756443298969072231e+01
3.700249307479224115e+01
nan
0.000000000000000000e+00
0.000000000000000000e+00
3.654301948051948301e+01
3.692319180712609494e+01
3.649426877470355635e+01
3.765627822944895797e+01
3.712787782083428567e+01
3.612040404040403985e+01
3.561157024793388359e+01
0.000000000000000000e+00
3.516809991809991942e+01
3.537164502164502267e+01
0.000000000000000000e+00
0.000000000000000000e+00
0.000000000000000000e+00
0.000000000000000000e+00
3.423771498771498756e+01
3.439823008849557340e+01
3.479335954565312505e+01
3.424690082644627864e+01
3.477064220183486043e+01
3.421244500314267611e+01
3.460017160017159910e+01
3.420259353741496255e+01
0.000000000000000000e+00
0.000000000000000000e+00
0.000000000000000000e+00
3.432891414141413833e+01
3.440723140495867938e+01
3.476829528483037990e+01
3.398202479338843318e+01
3.412763798701298867e+01
3.409416559416559522e+01
3.523309523809523824e+01
3.550573870573870749e+01
3.431025854879065662e+01
0.000000000000000000e+00
0.000000000000000000e+00
0.000000000000000000e+00
0.000000000000000000e+00
0.000000000000000000e+00
0.000000000000000000e+00
0.000000000000000000e+00
0.000000000000000000e+00
0.000000000000000000e+00
3.415860046092604563e+01
3.477731481481481524e+01
0.000000000000000000e+00
3.352110389610389518e+01
0.000000000000000000e+00
3.433128565160158274e+01
3.420847107438016366e+01
3.394725913621262237e+01
3.469190059825126582e+01
3.429516711833785081e+01
3.487713699566901937e+01
3.374252577319587942e+01
3.400523349436392806e+01
3.410041322314049239e+01
3.432893264712463832e+01
3.395037531276063447e+01
3.376321353065539199e+01
3.403971193415637941e+01
3.426472505976961713e+01
3.317209302325581177e+01
3.363206388206388198e+01
3.376061446554299295e+01
3.375021645021644900e+01
3.320699945740640402e+01
3.347512541806020181e+01
3.410738115095913514e+01
3.404987373737373701e+01
3.344380165289256013e+01
3.322851772287862815e+01
3.384670781893004232e+01
3.384074074074074190e+01
3.312731481481481666e+01
3.346856414613424135e+01
3.339537264537264605e+01
3.369209486166008105e+01
3.357281144781144633e+01
3.331399416909621181e+01
3.372434422457432390e+01
3.317853009259259522e+01
3.305189504373177556e+01
3.385744147157190298e+01
3.380980392156862990e+01
3.363794191919191690e+01
3.298499399759904094e+01
3.320117820324006175e+01
3.300362217887990823e+01
3.264704286489419616e+01
3.363417681974382845e+01
3.337083080654942080e+01
3.269963778211200633e+01
3.361531664212076720e+01
3.318454810495627072e+01
3.341416566626650564e+01
3.331300322061191821e+01
3.345077932731746984e+01
3.279617083946980927e+01
3.265361279646993609e+01
3.284668252709489877e+01
3.335169366715758343e+01
3.317637701332272826e+01
3.294280694905329199e+01
0.000000000000000000e+00
3.350216450216450426e+01
3.308775252525252597e+01
3.312352702153596340e+01
0.000000000000000000e+00
3.342299006323396782e+01
3.312135306553911107e+01
0.000000000000000000e+00
0.000000000000000000e+00
3.332659932659932878e+01
0.000000000000000000e+00
3.321460905349794501e+01
0.000000000000000000e+00
0.000000000000000000e+00
0.000000000000000000e+00
3.356393298059964536e+01
0.000000000000000000e+00
3.333484065460809376e+01
3.361838006230529885e+01
0.000000000000000000e+00
0.000000000000000000e+00
3.352113929684023219e+01
3.405231560891937903e+01
3.398088360237893113e+01
3.302791333203201418e+01
3.310950832994717530e+01
3.316809881847476049e+01
3.378119834710744129e+01
3.407211740041928749e+01
3.350496414782129051e+01
3.411111111111111427e+01
3.319425608296769070e+01
3.353322395406070200e+01
3.299970544918998172e+01
3.376773802304426653e+01
3.288682432432432279e+01
3.307162534435261847e+01
3.301814768460575777e+01
3.284988776655443132e+01
3.342376950780312228e+01
3.257171201814058747e+01
3.297614138438880360e+01
3.261681268251981436e+01
3.316789396170839410e+01
3.349679300291545303e+01
3.426826535186015121e+01
3.276967930029154275e+01
3.377163386441736748e+01
3.382172869147659355e+01
3.382411746329272262e+01
3.301001472754050070e+01
3.389542483660130756e+01
3.349300291545189623e+01
3.374789128397375748e+01
3.293121255938855541e+01
3.322500000000000142e+01
3.305017006802721369e+01
3.363556851311953011e+01
3.335773809523809774e+01
3.361761949390815118e+01
nan
3.358163265306122724e+01
nan
3.466558139534883765e+01
3.479387938793879442e+01
3.375198821796760029e+01
3.386824769433464866e+01
3.478000000000000114e+01
3.384406887755102389e+01
3.410902842861605677e+01
3.427678850359262697e+01
3.332842712842712984e+01
3.350603829160530012e+01
3.253349031920460277e+01
3.379951025405571130e+01
3.388758553274682583e+01
3.351020408163265074e+01
3.438077818423678167e+01
3.373590054578532715e+01
3.395640648011782048e+01
3.379480519480519263e+01
3.372470238095237960e+01
3.375720288115245893e+01
3.408170572916666430e+01
3.382812500000000000e+01
3.482759412304866942e+01
3.363855045298344493e+01
3.362941919191919027e+01
3.360079656862745168e+01
3.388981958762886393e+01
3.348699112335476258e+01
3.378532443905397287e+01
3.354609720176730292e+01
3.342767106842737235e+01
3.371717171717171624e+01
3.383671433322248134e+01
3.335409652076318565e+01
3.368676561533704472e+01
3.404655803126038904e+01
3.362725090036014564e+01
3.342825255102040671e+01
3.332442067736185720e+01
3.382591218305503844e+01
3.412515151515151501e+01
3.412740524781341378e+01
3.408131377551020336e+01
3.481602641056422698e+01
3.453565962656871591e+01
3.468298969072164795e+01
3.450952827241486887e+01
3.480514705882352899e+01
3.464889705882352899e+01
3.440692204301075208e+01
nan
3.416347569955817676e+01
3.362748699112335515e+01
3.355072028811524376e+01
3.375374149659864287e+01
3.370715206185567325e+01
3.350245310245310293e+01
3.407113095238095468e+01
3.340958049886621239e+01
3.344015916743189365e+01
3.355639781685870560e+01
3.492358803986711280e+01
3.400410353535353636e+01
3.351807598039215463e+01
3.360569852941176805e+01
3.403686635944700356e+01
3.378156565656565391e+01
3.324110787172011783e+01
3.302554961378491072e+01
3.326561552456033866e+01
3.382442986566697840e+01
3.314682911590128356e+01
3.333426097711812019e+01
3.400915404040404155e+01
3.358759018759018744e+01
3.414804292929292728e+01
3.366618075801748944e+01
3.439067142008318712e+01
3.461164465786314537e+01
3.446286393345216936e+01
3.456405895691609942e+01
3.457055393586006176e+01
3.431752701080431933e+01
3.415932521087160012e+01
3.378911564625850161e+01
3.349350649350649434e+01
3.398182397959183731e+01
3.343753790175863827e+01
3.303446244477172655e+01
3.357873774509803866e+01
3.475122807017543636e+01
3.377541371158392280e+01
3.393164062500000000e+01
3.328502122498483828e+01
3.400840053763440807e+01
3.341187384044526709e+01
3.356357388316151003e+01
3.363573883161512157e+01
3.206615990990990639e+01
3.288620902906617260e+01
3.281081081081081408e+01
3.267647058823529704e+01
3.282709867452135200e+01
3.271219931271477321e+01
3.314349489795918657e+01
3.312016752577319778e+01
3.307767857142857082e+01
3.249337260677467043e+01
3.266126656848306453e+01
3.200491898148148096e+01
3.303125000000000000e+01
3.299428571428571644e+01
3.252312223858615425e+01
3.288779761904761756e+01
3.332536764705882604e+01
3.309255952380952692e+01
3.235626822157434646e+01
3.314815905743741098e+01
3.252469135802468969e+01
3.303206997084548391e+01
3.297298919567827369e+01
3.296785930867191894e+01
3.304057142857142537e+01
3.282277121374865914e+01
3.278591470258137264e+01
3.285714285714285410e+01
3.327460168697282228e+01
3.260583090379008553e+01
3.358823529411764497e+01
3.302326951399116695e+01
3.305918367346938425e+01
3.307743097238895302e+01
3.291782898726501116e+01
3.260108820160366605e+01
3.295743440233236043e+01
3.320412371134020901e+01
3.276005830903790184e+01
3.244300144300144240e+01
3.280265095729013325e+01
3.240087463556851333e+01
3.286655211912943741e+01
3.297317784256559747e+01
3.463237021376556157e+01
3.330552220888355208e+01
3.323328424153166338e+01
3.308455988455988717e+01
3.409000000000000341e+01
3.291527520098948401e+01
3.318457382953181423e+01
3.276804123711340111e+01
3.324693877551020194e+01
3.385774309723889530e+01
3.410309278350515427e+01
3.419325912183055038e+01
3.377288347391440482e+01
nan
3.324042792792792511e+01
nan
3.336361103371412895e+01
3.409341368919500326e+01
3.376334776334776677e+01
3.382857142857142918e+01
3.480239898989898961e+01
3.473981762917933480e+01
3.458106995884773482e+01
3.380112721417069110e+01
3.366799999999999926e+01
3.347666666666666657e+01
3.564043522267206754e+01
3.369245082402976976e+01
3.414714151827553934e+01
3.393345216874628534e+01
3.447735418703160803e+01
3.555273437500000000e+01
3.684148077835785529e+01
3.649537480063796124e+01
3.677058299955496068e+01
3.717860576923077076e+01
3.663619785730567457e+01
3.655576323987538956e+01
3.653333333333333144e+01
3.692307692307691980e+01
3.561979166666666430e+01
3.481311128733808857e+01
3.600697392359005278e+01
3.637752525252525260e+01
3.653989361702127781e+01
3.581078717201166484e+01
3.585171568627450966e+01
3.645533834586466071e+01
0.000000000000000000e+00
3.647809278350515427e+01
0.000000000000000000e+00
0.000000000000000000e+00
0.000000000000000000e+00
0.000000000000000000e+00
0.000000000000000000e+00
0.000000000000000000e+00
3.865644555694618134e+01
3.725860597439545074e+01
3.742588904694167695e+01
3.811866028708134024e+01
3.872006578947368638e+01
3.840681114551083652e+01
3.657868421052631902e+01
3.629365721997300653e+01
3.641288096607245706e+01
3.666335814722911834e+01
3.846790485500162760e+01
3.679404466501240734e+01
3.697401433691756267e+01
3.650738770685579482e+01
3.783808049535603857e+01
3.769747340425531945e+01
3.684001068376068133e+01
3.700768049155146144e+01
3.822222222222222143e+01
3.703321256038647391e+01
3.780112293144208024e+01
3.748443008225616779e+01
3.812469545957917916e+01
3.717306501547987807e+01
3.837790697674418539e+01
3.734515765765765849e+01
3.836306135357368419e+01
3.877492260061919183e+01
3.804255319148936110e+01
3.802113095238095042e+01
3.752113095238095042e+01
3.721720116618075735e+01
3.719440353460971949e+01
3.765497076023391543e+01
3.810951188986232552e+01
3.764421052631578846e+01
3.742777777777777715e+01
0.000000000000000000e+00
0.000000000000000000e+00
0.000000000000000000e+00
0.000000000000000000e+00
0.000000000000000000e+00
3.791723599453445104e+01
3.873639143730886758e+01
3.924166480196912232e+01
3.858946280991735733e+01
3.886121495327103048e+01
3.927763215377894568e+01
3.933809523809523512e+01
3.917880154639175316e+01
4.114207474226804351e+01
3.968150252525252597e+01
3.994672619047619122e+01
4.198391812865497030e+01
4.092447552447552539e+01
4.039219576719576565e+01
3.977345679012345414e+01
3.967499999999999716e+01
4.003145657624800435e+01
3.990401987353207147e+01
3.944372342805996823e+01
4.038438228438228350e+01
4.072295321637427179e+01
4.034905660377358316e+01
4.029690869877785531e+01
3.951308203991131052e+01
4.079930069930070147e+01
4.146745283018867667e+01
3.974004914004913758e+01
3.900138888888888999e+01
4.023622981956314959e+01
3.865189125295508177e+01
3.817172312223858910e+01
3.856725146198830600e+01
3.902367424242424221e+01
3.933304093567251414e+01
3.883097744360902226e+01
3.869103405185879296e+01
3.891904761904761756e+01
3.951337386018236941e+01
3.975124223602484363e+01
0.000000000000000000e+00
0.000000000000000000e+00
0.000000000000000000e+00
0.000000000000000000e+00
0.000000000000000000e+00
0.000000000000000000e+00
0.000000000000000000e+00
0.000000000000000000e+00
0.000000000000000000e+00
0.000000000000000000e+00
0.000000000000000000e+00
0.000000000000000000e+00
0.000000000000000000e+00
0.000000000000000000e+00
0.000000000000000000e+00
0.000000000000000000e+00
0.000000000000000000e+00
0.000000000000000000e+00
0.000000000000000000e+00
0.000000000000000000e+00
0.000000000000000000e+00
0.000000000000000000e+00
0.000000000000000000e+00
7.338823529411764923e+01
7.398160449667858529e+01
0.000000000000000000e+00
0.000000000000000000e+00
0.000000000000000000e+00
0.000000000000000000e+00
0.000000000000000000e+00
0.000000000000000000e+00
0.000000000000000000e+00
0.000000000000000000e+00
7.143876262626262985e+01
0.000000000000000000e+00
7.132943925233644222e+01
7.160673076923076508e+01
7.322952380952381191e+01
7.286870026525198796e+01
7.328431372549019329e+01
7.345285359801488312e+01
7.510716700473292917e+01
7.609653465346534063e+01
7.735656565656564965e+01
7.632227047146402299e+01
7.775428571428571445e+01
7.693823529411764639e+01
7.529025778372950128e+01
7.732508250825082996e+01
7.598850574712643891e+01
7.804084365584198224e+01
7.900359477124183627e+01
8.182251521298174168e+01
8.319741100323624039e+01
8.356633986928105173e+01
8.395709570957095025e+01
8.754056795131846513e+01
8.949834983498350027e+01
9.067378640776699683e+01
9.201406093069969927e+01
9.231217948717949184e+01
9.379498626373626280e+01
9.540374149659864145e+01
9.653383214053350514e+01
9.683743842364532384e+01
9.756314102564103052e+01
9.842189542483660603e+01
9.695326797385621376e+01
9.762500000000000000e+01
9.753557692307691696e+01
9.876764705882352757e+01
9.677773925104021657e+01
9.794477124183006822e+01
9.795772001252740324e+01
9.553515889114265747e+01
9.681833333333332803e+01
9.841699346405228255e+01
9.973459383753501584e+01
9.982420554428668424e+01
0.000000000000000000e+00
9.801053639846743692e+01
9.776333333333333542e+01
9.581133333333333724e+01
9.407228116710875554e+01
9.585947712418300171e+01
9.433729372937293078e+01
9.292796742875039229e+01
9.279235828374569905e+01
9.281575682382134573e+01
9.162556634304206682e+01
9.222724514563107334e+01
9.401966666666666583e+01
9.353415559772295751e+01
9.352833333333333599e+01
9.434014691791759333e+01
9.423069852941176805e+01
9.409449838187701687e+01
9.354702669902913215e+01
9.307940446650124500e+01
9.405534471853258083e+01
9.409999999999999432e+01
9.434535104364326230e+01
9.366442307692307168e+01
9.394552669552669499e+01
9.429886148007589952e+01
9.466063502902014193e+01
9.468331265508685135e+01
9.399315476190476204e+01
9.473347948637645288e+01
9.328970223325062250e+01
9.396569579288025409e+01
9.443428571428572127e+01
9.509329538266919712e+01
9.484184350132626662e+01
9.573778345576492654e+01
9.547823363607892588e+01
9.599806451612903402e+01
9.545115291262135315e+01
9.568169934640522456e+01
9.623137931034482051e+01
9.514125412541254434e+01
9.482036685641999441e+01
9.520722087378641163e+01
9.511111111111111427e+01
9.507289081885856774e+01
9.582508250825082996e+01
9.664836601307189312e+01
9.552706270627062679e+01
9.515117845117845263e+01
9.637099999999999511e+01
9.639980449657869599e+01
9.510666666666666913e+01
9.583533653846153300e+01
9.552636476426799561e+01
9.593611024115251951e+01
9.569873492203589649e+01
9.652020202020202078e+01
9.498450347881087907e+01
9.538327205882353610e+01
9.554713435640464070e+01
9.588281250000000000e+01
9.581947194719471383e+01
9.622424242424241925e+01
9.470322580645161281e+01
9.044343891402715485e+01
9.092350691379817818e+01
9.300939555277169291e+01
9.485135989879822205e+01
9.524884488448844877e+01
9.433919902912622035e+01
9.462112586970272332e+01
9.474130911368618513e+01
9.532739273927393242e+01
9.520792079207920722e+01
9.535246394230769340e+01
9.457425441265976929e+01
9.510773567178202370e+01
9.517433333333333678e+01
9.462313895781637996e+01
9.519901960784314099e+01
9.459746287128713504e+01
9.450610710930159541e+01
9.422106261859582332e+01
9.453822815533980872e+01
9.469751213592232375e+01
9.445034788108792156e+01
9.467967741935483161e+01
9.421462791440434614e+01
9.380645161290323131e+01
9.452603706972638520e+01
9.324332524271844136e+01
9.370967741935483275e+01
9.433471734270200670e+01
9.377824519230769340e+01
9.439834983498349175e+01
9.418239182692308020e+01
9.458616504854369111e+01
9.442291666666666572e+01
9.571197411003235800e+01
9.498711484593837895e+01
9.498758169934640705e+01
9.477385620915032405e+01
9.470884900990098743e+01
9.436165048543689693e+01
9.501581885856079168e+01
9.499184149184149817e+01
9.421814320388349984e+01
9.407133995037220586e+01
9.471341991341991218e+01
9.458158471656749100e+01
9.379782816991377103e+01
9.307052498418723019e+01
9.336666666666666003e+01
9.341488673139159005e+01
9.374785478547855178e+01
9.360028860028860720e+01
9.298143564356435320e+01
9.331914191419141957e+01
9.421483870967742291e+01
9.425032258064516100e+01
9.379079254079253758e+01
9.359044908285895303e+01
9.305471220746363770e+01
9.383750000000000568e+01
9.396270627062706637e+01
9.438882211538461320e+01
9.467172029702970804e+01
9.471925902267646791e+01
9.373975044563279369e+01
9.379277912621358837e+01
9.458570544554454784e+01
9.376699029126213247e+01
9.409101941747573505e+01
9.378766050735984550e+01
9.384444444444444855e+01
9.378932178932178942e+01
9.364368872549019329e+01
9.442166289592759654e+01
9.410937950937950802e+01
9.445862470862471127e+01
9.401583710407240346e+01
9.415716911764705799e+01
9.397523584905660243e+01
9.437703962703962191e+01
9.431856796116504427e+01
9.438564894225271473e+01
9.470128676470588402e+01
9.441316105769230660e+01
9.423676792984653616e+01
9.494411057692308020e+01
9.469023058252426495e+01
9.422173504541183320e+01
9.471086165048544103e+01
9.437437965260545525e+01
9.492518028846153300e+01
9.485336538461538680e+01
9.493173543689320582e+01
9.409742647058823195e+01
9.492207792207791783e+01
9.505194805194804530e+01
9.507041847041847404e+01
9.469725829725830124e+01
