0.000000000000000000e+00
4.608485499462943125e+01
0.000000000000000000e+00
0.000000000000000000e+00
0.000000000000000000e+00
0.000000000000000000e+00
0.000000000000000000e+00
0.000000000000000000e+00
0.000000000000000000e+00
0.000000000000000000e+00
0.000000000000000000e+00
0.000000000000000000e+00
3.321811224489795933e+01
0.000000000000000000e+00
0.000000000000000000e+00
0.000000000000000000e+00
0.000000000000000000e+00
0.000000000000000000e+00
0.000000000000000000e+00
0.000000000000000000e+00
0.000000000000000000e+00
0.000000000000000000e+00
0.000000000000000000e+00
0.000000000000000000e+00
0.000000000000000000e+00
0.000000000000000000e+00
0.000000000000000000e+00
0.000000000000000000e+00
0.000000000000000000e+00
0.000000000000000000e+00
3.598826804533704404e+01
0.000000000000000000e+00
0.000000000000000000e+00
0.000000000000000000e+00
0.000000000000000000e+00
0.000000000000000000e+00
0.000000000000000000e+00
0.000000000000000000e+00
0.000000000000000000e+00
0.000000000000000000e+00
0.000000000000000000e+00
0.000000000000000000e+00
0.000000000000000000e+00
0.000000000000000000e+00
0.000000000000000000e+00
0.000000000000000000e+00
0.000000000000000000e+00
0.000000000000000000e+00
0.000000000000000000e+00
0.000000000000000000e+00
0.000000000000000000e+00
0.000000000000000000e+00
4.590741662518666288e+01
0.000000000000000000e+00
0.000000000000000000e+00
0.000000000000000000e+00
0.000000000000000000e+00
0.000000000000000000e+00
0.000000000000000000e+00
0.000000000000000000e+00
0.000000000000000000e+00
0.000000000000000000e+00
0.000000000000000000e+00
0.000000000000000000e+00
0.000000000000000000e+00
0.000000000000000000e+00
4.261637512147716222e+01
4.349572852396772760e+01
4.351416071839742017e+01
4.272862286228622963e+01
4.217295133768696047e+01
4.177889027951606238e+01
4.173807064656062948e+01
4.375364431486880790e+01
4.350177304964539360e+01
0.000000000000000000e+00
0.000000000000000000e+00
0.000000000000000000e+00
0.000000000000000000e+00
0.000000000000000000e+00
0.000000000000000000e+00
0.000000000000000000e+00
0.000000000000000000e+00
4.058574423480084192e+01
4.098504983388704659e+01
3.740358293075684060e+01
3.683824251350024781e+01
3.815024999999999977e+01
4.183430045132173092e+01
4.252897435897435940e+01
4.577108953613807785e+01
4.635137085137085222e+01
5.121334276284771647e+01
5.871030363364857863e+01
6.046858124693176251e+01
0.000000000000000000e+00
5.669158163265306172e+01
5.694772775762748296e+01
5.752098379855553389e+01
5.814455782312925436e+01
5.633542647828362249e+01
5.617425431711146189e+01
5.698221544715447351e+01
5.669767441860464885e+01
5.727477944992215697e+01
5.905098684210526017e+01
5.853979700854701207e+01
5.750269576379974268e+01
5.731834992887624480e+01
5.776248313090418662e+01
5.584988684938395664e+01
5.614293628808864156e+01
5.698395270270270174e+01
5.590637755102040529e+01
5.537792305758109279e+01
5.602768640350877405e+01
5.572370486656200939e+01
5.620025510204081343e+01
5.723379629629629761e+01
5.614273648648648418e+01
5.622164948453607991e+01
5.446675900277008253e+01
5.714273648648648418e+01
5.533717105263158231e+01
5.411720021703743555e+01
0.000000000000000000e+00
0.000000000000000000e+00
0.000000000000000000e+00
0.000000000000000000e+00
5.681396617566830543e+01
5.970084619213539412e+01
nan
5.927515299877600796e+01
nan
5.588421052631579045e+01
nan
5.573755081300812719e+01
5.729276315789473983e+01
5.629529085872576388e+01
5.904989868287740507e+01
5.675095471903982514e+01
5.632394736842105232e+01
5.443156565656565959e+01
5.684175084175084436e+01
5.902127659574468055e+01
5.655841836734693828e+01
5.513526340768865452e+01
5.692146709816612571e+01
5.529771184309781518e+01
5.547186147186147309e+01
5.569944105691057246e+01
5.540105607241639518e+01
5.521958762886598038e+01
5.507578124999999858e+01
5.627890624999999858e+01
5.580360772357723675e+01
5.553609022556391039e+01
5.623076923076923350e+01
5.459531539888682516e+01
5.560286458333333570e+01
5.633586543678784864e+01
5.726206140350877405e+01
5.497859631657541257e+01
5.435141861622697945e+01
5.494443047523258628e+01
5.508358585858585599e+01
5.508358585858585599e+01
5.443943298969072231e+01
5.492651515151515440e+01
5.446205357142856940e+01
5.494296205630354990e+01
5.538984824699110732e+01
5.663441712926248783e+01
5.494407489529440625e+01
5.556947368421052857e+01
5.470404040404040558e+01
5.725225225225225500e+01
5.507692307692308020e+01
5.445336849676336755e+01
5.469075369075368798e+01
5.481527995813710419e+01
5.472950417280313928e+01
5.424898989898989754e+01
5.469246031746031633e+01
5.450178571428571672e+01
5.518688871266191143e+01
5.511758149902480142e+01
5.554611312343271123e+01
5.534402412280702066e+01
5.523395270270270174e+01
5.410428073668492033e+01
5.561111111111111427e+01
5.429544375889890517e+01
5.416718960107574787e+01
5.517434210526315752e+01
5.475760623585617282e+01
5.423265306122448948e+01
5.398590864917395749e+01
5.395775710334422826e+01
5.332980972515856166e+01
5.382277859597446934e+01
5.302117346938775455e+01
5.354010441385856467e+01
5.365510777881912219e+01
5.351594341884440098e+01
5.312588171459577069e+01
5.382042675617358185e+01
5.320182291666666430e+01
5.308561473369835682e+01
5.321344892221181055e+01
5.341626575028637092e+01
5.297935453251067628e+01
5.327717900656045202e+01
5.338671781347398593e+01
5.328737541528239063e+01
5.298825221769359928e+01
5.314564007421149938e+01
5.357005623242736903e+01
5.318157768157767862e+01
5.309353741496598644e+01
5.333061615919443454e+01
5.343486410496719685e+01
5.327281746031746223e+01
5.363940435280641594e+01
5.330795762503079516e+01
5.381996479758611684e+01
5.433813131313131350e+01
5.494696969696969546e+01
5.428750000000000142e+01
5.366371027346637135e+01
5.576500000000000057e+01
5.262274689007362127e+01
5.233997013439522306e+01
5.499517906336087947e+01
5.226235465116278789e+01
5.204104823747680797e+01
5.188338192419825390e+01
5.175050505050504768e+01
5.443659420289854722e+01
5.147327502429543244e+01
5.096904761904762182e+01
5.594706180344478241e+01
5.519736842105263008e+01
5.160468319559228689e+01
5.150242954324586719e+01
5.100198846689202270e+01
5.212609040444092301e+01
5.156185567010309256e+01
5.208048976314733380e+01
5.424712918660286931e+01
5.431770334928229715e+01
5.122932416953035784e+01
5.260597381342061851e+01
5.102964042759960961e+01
5.140592592592592780e+01
5.096535852713178372e+01
5.071357380161366990e+01
5.084209280303030454e+01
5.239494680851063890e+01
5.421087962962963047e+01
5.383017543859649123e+01
5.056274224806201545e+01
5.366414662084765297e+01
5.380450581395349019e+01
5.078301423662248482e+01
5.096987366375121553e+01
5.104033041788143521e+01
5.141675000000000040e+01
5.056676485027000467e+01
4.990476190476190510e+01
5.354444444444444429e+01
5.034161199625117433e+01
5.351788949275362484e+01
5.014667291471415211e+01
5.087693798449612359e+01
5.051472754050073632e+01
5.096391752577319778e+01
5.010453370918487082e+01
4.988156902187578368e+01
5.301224489795918515e+01
5.280077369439071333e+01
5.217108585858586167e+01
5.001068999028182560e+01
5.296051464063886272e+01
5.038470643939393767e+01
5.304565602836879634e+01
5.348837209302325846e+01
5.033157516183169378e+01
4.970153061224489477e+01
4.939812761763981541e+01
4.930490767735665969e+01
5.030721852673072192e+01
4.985580808080808168e+01
5.019574999999999676e+01
5.037999037999038165e+01
5.308137749506470726e+01
5.373008434864104998e+01
