4.293616298811544851e+01
4.268939393939393767e+01
4.229622395833333570e+01
4.219042968750000000e+01
4.264079301075268802e+01
4.179406307977736645e+01
4.187097781943143104e+01
4.199125273352077414e+01
4.196755609460279146e+01
4.200999687597625609e+01
4.263978494623655990e+01
4.149526515151514872e+01
4.243391927083333570e+01
4.188659793814432675e+01
4.216941580756013508e+01
4.233203125000000000e+01
4.177072704081632537e+01
4.179282622139764669e+01
4.241540404040404155e+01
4.183666237113401820e+01
4.200644329896907436e+01
4.147311827956989561e+01
4.156473214285714590e+01
4.233593750000000000e+01
4.170618556701030855e+01
4.176690051020408134e+01
4.190356182795699169e+01
4.121763085399449267e+01
4.236527777777777715e+01
4.262614601018675842e+01
4.234662356321839383e+01
0.000000000000000000e+00
4.202812500000000284e+01
4.227056737588652169e+01
4.222211021505376038e+01
4.303299962921764887e+01
4.214499151103565566e+01
4.210526315789473983e+01
4.183298611111111143e+01
4.140612308653545881e+01
4.173387096774193594e+01
4.193947368421052602e+01
4.191897926634769078e+01
4.121619897959183731e+01
0.000000000000000000e+00
4.176012759170654220e+01
4.170328282828283051e+01
4.188020833333333570e+01
4.158317872603586807e+01
4.192445820433436410e+01
4.174511718750000000e+01
4.167077020202020066e+01
4.147004608294930961e+01
4.148220818091120776e+01
4.127104591836734926e+01
4.148852677086797769e+01
4.188639322916666430e+01
4.146480117820323841e+01
4.128251262626262275e+01
4.116655927835051898e+01
4.225122807017543636e+01
4.118782216494845017e+01
4.165045103092783307e+01
4.208692699490661937e+01
4.187336523125996735e+01
4.111275773195876582e+01
4.125835676351140080e+01
4.194140625000000000e+01
4.244993742177722140e+01
4.173470052083333570e+01
4.129178381755701110e+01
4.194771929824561596e+01
4.161262105592002314e+01
4.220094086021505575e+01
4.219388794567063172e+01
4.155186855670103085e+01
4.131250000000000000e+01
4.155366161616161946e+01
4.206701754385964875e+01
4.141070834718988891e+01
4.167738970588235503e+01
4.188347391440174761e+01
4.218717105263157663e+01
4.177696078431372229e+01
4.152473716759430999e+01
4.244561403508772202e+01
4.140327380952381020e+01
4.209016927083333570e+01
4.263421052631579045e+01
4.223192401960784537e+01
4.200468603561387226e+01
4.197702205882352899e+01
4.163698844111215180e+01
4.198531708840987164e+01
4.232524110409045903e+01
4.239209621993126831e+01
4.274481658692184993e+01
4.258481724461105955e+01
4.255273437500000000e+01
4.287796052631578902e+01
4.191377694470477877e+01
4.202623906705539270e+01
4.203668890236507139e+01
4.201593252108715859e+01
4.210349462365591222e+01
