4.232405672999732360e+01
4.454366282595512416e+01
4.595703125000000000e+01
4.569039351851851904e+01
4.775238813474107502e+01
4.740162721893491238e+01
4.785688545688545759e+01
4.859538178955654786e+01
4.839365079365079225e+01
4.803000491883915402e+01
4.864374999999999716e+01
4.917870544090056484e+01
4.751398809523809774e+01
4.650428571428571445e+01
4.616675675675675450e+01
4.680213903743315740e+01
4.505661335364305842e+01
4.725630252100840067e+01
4.796406480117820337e+01
4.701218820861677727e+01
4.949177090190914896e+01
4.572762951334379977e+01
4.579833512352309555e+01
4.563047138047137707e+01
4.624045695179715665e+01
4.463787878787879038e+01
4.647623914154317504e+01
4.611512027491409071e+01
4.760138696255201296e+01
4.442210526315789565e+01
4.537633477633477952e+01
4.656943386646356942e+01
4.410900000000000176e+01
4.514714285714286035e+01
4.546001103143960620e+01
4.679824561403508909e+01
4.436554736554736422e+01
4.474007936507936734e+01
4.531720116618075878e+01
4.362911426277762672e+01
4.605605832076420114e+01
4.553030303030303116e+01
4.498257142857142554e+01
4.505246913580246826e+01
4.556276531231048921e+01
4.575780312124850013e+01
4.381263616557734508e+01
4.482323232323232531e+01
4.549332929047907470e+01
4.512301587301587347e+01
4.523859543817526685e+01
4.586425479282622319e+01
4.582843137254901933e+01
4.575031565656565391e+01
4.445017745017744915e+01
4.420537482319660683e+01
4.403656462585033893e+01
4.422111111111111370e+01
4.460288600288600236e+01
4.493042671614099959e+01
4.432390670553935763e+01
4.363558855885588628e+01
4.564105642256902939e+01
4.581296023564064512e+01
4.370155586987269913e+01
4.616499999999999915e+01
4.444865319865319719e+01
4.441282798833819356e+01
4.539053972104305501e+01
4.621938131313131493e+01
4.508833819241982610e+01
4.547998787143723121e+01
4.516151202749141191e+01
4.603756313131312794e+01
4.503770250368188499e+01
4.517525773195876582e+01
4.502467978756638445e+01
4.442594752186588636e+01
4.664026402640264024e+01
4.406387403446227324e+01
4.682880868732034685e+01
4.500333535476045910e+01
4.500824742268041234e+01
4.476601062168072787e+01
4.370622895622895498e+01
4.436196145124716850e+01
4.443247298919568067e+01
4.605177696078431637e+01
4.624098671726755327e+01
4.360918918918918763e+01
4.364674523007856521e+01
4.681635260300223678e+01
4.664686468646864625e+01
4.353362193362193011e+01
4.399121212121212210e+01
4.401020408163265074e+01
4.335785007072135500e+01
4.657354838709677125e+01
4.217192982456140271e+01
4.305164835164835324e+01
4.481318082788671120e+01
4.465318230852211201e+01
4.477007185254608146e+01
4.529553264604810892e+01
4.591382575757575779e+01
4.650247524752474959e+01
