7.842940516273849028e+01
8.005473098330240589e+01
7.812050534499513788e+01
7.857066326530612344e+01
7.784452380952380679e+01
7.842152575315840579e+01
7.942853535353535221e+01
7.962502996883240769e+01
7.986412037037037237e+01
8.220507399577167007e+01
8.163273763273762995e+01
8.319001654715940219e+01
nan
nan
8.039772256728778643e+01
8.183473080317740767e+01
8.179679144385026746e+01
nan
nan
7.951036552100381982e+01
8.002546689303905225e+01
7.792947368421052090e+01
0.000000000000000000e+00
7.792558528428094178e+01
7.674247491638796248e+01
7.526866283839213168e+01
7.304686876745113011e+01
7.347408619749045045e+01
0.000000000000000000e+00
0.000000000000000000e+00
0.000000000000000000e+00
0.000000000000000000e+00
0.000000000000000000e+00
0.000000000000000000e+00
0.000000000000000000e+00
0.000000000000000000e+00
0.000000000000000000e+00
9.926344526344526287e+01
9.992317924842035382e+01
9.849161290322579987e+01
9.848163526030022297e+01
9.795259525952594970e+01
9.862439862542954927e+01
9.821332908163265074e+01
9.782481962481962512e+01
9.758003300330032914e+01
nan
1.005708978328173373e+02
9.790742240215924141e+01
9.780385241454150957e+01
9.410432098765431874e+01
0.000000000000000000e+00
0.000000000000000000e+00
0.000000000000000000e+00
0.000000000000000000e+00
0.000000000000000000e+00
0.000000000000000000e+00
0.000000000000000000e+00
0.000000000000000000e+00
0.000000000000000000e+00
0.000000000000000000e+00
0.000000000000000000e+00
0.000000000000000000e+00
0.000000000000000000e+00
0.000000000000000000e+00
0.000000000000000000e+00
0.000000000000000000e+00
0.000000000000000000e+00
0.000000000000000000e+00
0.000000000000000000e+00
0.000000000000000000e+00
1.008336195054945108e+02
0.000000000000000000e+00
0.000000000000000000e+00
0.000000000000000000e+00
0.000000000000000000e+00
0.000000000000000000e+00
0.000000000000000000e+00
0.000000000000000000e+00
0.000000000000000000e+00
0.000000000000000000e+00
0.000000000000000000e+00
0.000000000000000000e+00
0.000000000000000000e+00
0.000000000000000000e+00
0.000000000000000000e+00
0.000000000000000000e+00
0.000000000000000000e+00
0.000000000000000000e+00
0.000000000000000000e+00
0.000000000000000000e+00
0.000000000000000000e+00
0.000000000000000000e+00
0.000000000000000000e+00
6.570887389724961736e+01
6.453534609720176718e+01
6.387966507177033293e+01
6.315773809523809490e+01
6.450816750816750300e+01
0.000000000000000000e+00
0.000000000000000000e+00
0.000000000000000000e+00
0.000000000000000000e+00
0.000000000000000000e+00
0.000000000000000000e+00
0.000000000000000000e+00
0.000000000000000000e+00
0.000000000000000000e+00
0.000000000000000000e+00
0.000000000000000000e+00
0.000000000000000000e+00
0.000000000000000000e+00
0.000000000000000000e+00
0.000000000000000000e+00
0.000000000000000000e+00
0.000000000000000000e+00
0.000000000000000000e+00
0.000000000000000000e+00
0.000000000000000000e+00
0.000000000000000000e+00
0.000000000000000000e+00
0.000000000000000000e+00
0.000000000000000000e+00
0.000000000000000000e+00
0.000000000000000000e+00
0.000000000000000000e+00
0.000000000000000000e+00
0.000000000000000000e+00
0.000000000000000000e+00
0.000000000000000000e+00
0.000000000000000000e+00
0.000000000000000000e+00
0.000000000000000000e+00
0.000000000000000000e+00
0.000000000000000000e+00
0.000000000000000000e+00
0.000000000000000000e+00
0.000000000000000000e+00
0.000000000000000000e+00
5.832478632478632363e+01
5.857274247491638874e+01
5.867474916387959638e+01
5.893020594965675230e+01
5.755066287878787534e+01
5.781609461966604613e+01
5.764508009153318113e+01
5.757497656982192780e+01
5.877947096032202268e+01
5.861166429587482440e+01
5.757007575757575779e+01
5.639463176574977865e+01
5.826620498614958166e+01
5.710509259259259096e+01
5.776589912280702066e+01
5.783141447368421240e+01
5.865282823040996618e+01
5.852088100686498962e+01
5.934000000000000341e+01
5.823048746125669339e+01
5.854447368421052289e+01
5.827933247753529855e+01
5.745143540669856463e+01
5.736940024479804379e+01
5.670946579194001913e+01
5.760726558664703134e+01
5.642565864833905920e+01
5.848911618148439828e+01
5.693900742115027924e+01
5.780363279332351567e+01
5.786580086580086402e+01
5.695091887046167756e+01
5.692562358276644119e+01
5.739886363636363598e+01
5.835483097578518397e+01
5.766509539842873266e+01
5.745791245791245672e+01
5.737890011223344544e+01
5.723106575963718967e+01
5.809335106382978609e+01
5.870080091533181132e+01
5.853884215734785101e+01
5.872511278195488416e+01
5.962017710309930152e+01
5.736782407407407192e+01
5.852732108317214710e+01
5.921656534954407647e+01
5.849353383458646505e+01
5.687564534231201208e+01
0.000000000000000000e+00
0.000000000000000000e+00
0.000000000000000000e+00
0.000000000000000000e+00
5.624943693693693803e+01
5.797684605757196152e+01
5.650650820599886970e+01
5.599916013437849927e+01
5.644848824188130010e+01
5.742485380116958993e+01
5.861290322580644840e+01
5.774768518518518334e+01
5.922712418300653781e+01
6.034869281045751421e+01
0.000000000000000000e+00
0.000000000000000000e+00
0.000000000000000000e+00
0.000000000000000000e+00
0.000000000000000000e+00
0.000000000000000000e+00
0.000000000000000000e+00
0.000000000000000000e+00
0.000000000000000000e+00
0.000000000000000000e+00
0.000000000000000000e+00
0.000000000000000000e+00
0.000000000000000000e+00
0.000000000000000000e+00
0.000000000000000000e+00
0.000000000000000000e+00
0.000000000000000000e+00
0.000000000000000000e+00
0.000000000000000000e+00
0.000000000000000000e+00
0.000000000000000000e+00
0.000000000000000000e+00
0.000000000000000000e+00
0.000000000000000000e+00
0.000000000000000000e+00
0.000000000000000000e+00
0.000000000000000000e+00
0.000000000000000000e+00
0.000000000000000000e+00
0.000000000000000000e+00
0.000000000000000000e+00
0.000000000000000000e+00
0.000000000000000000e+00
0.000000000000000000e+00
5.532678668848881642e+01
0.000000000000000000e+00
0.000000000000000000e+00
5.640770557791834250e+01
5.579807692307691980e+01
5.576950067476383310e+01
0.000000000000000000e+00
0.000000000000000000e+00
0.000000000000000000e+00
0.000000000000000000e+00
5.577157894736841826e+01
5.634122340425531661e+01
5.731052927927927954e+01
5.651231802911534174e+01
5.613927125506072713e+01
5.623739035087719174e+01
6.038735177865612513e+01
5.699113573407202438e+01
5.664449786324786373e+01
5.744144144144144093e+01
5.985103668261562859e+01
5.999529042386185296e+01
5.945820433436532682e+01
6.163148667601682718e+01
6.110686274509804150e+01
6.061460317460317526e+01
6.161481481481481381e+01
6.099288946347769524e+01
6.074369747899159933e+01
6.297790262172284770e+01
6.195335376234252323e+01
6.037495987158908406e+01
5.981616729088639062e+01
6.113961038961038952e+01
6.112694805194805525e+01
0.000000000000000000e+00
0.000000000000000000e+00
0.000000000000000000e+00
0.000000000000000000e+00
0.000000000000000000e+00
0.000000000000000000e+00
0.000000000000000000e+00
0.000000000000000000e+00
0.000000000000000000e+00
0.000000000000000000e+00
0.000000000000000000e+00
0.000000000000000000e+00
0.000000000000000000e+00
0.000000000000000000e+00
5.865969802555168400e+01
0.000000000000000000e+00
5.786551173922953950e+01
5.788930976430976472e+01
5.831207087486157548e+01
5.759462342649882771e+01
5.887835497835497733e+01
5.837387387387387605e+01
5.969957264957265153e+01
6.011603498542274338e+01
0.000000000000000000e+00
0.000000000000000000e+00
0.000000000000000000e+00
5.965746180963571987e+01
5.924261229314420518e+01
6.029385964912280826e+01
6.067489035087719174e+01
6.016173245614034926e+01
0.000000000000000000e+00
6.168561199373461790e+01
0.000000000000000000e+00
6.034323089700996690e+01
6.086989795918367463e+01
6.023934966042395445e+01
5.932519116397621417e+01
6.193962585034013557e+01
6.102825484764542807e+01
6.277894736842105061e+01
6.227806712962962621e+01
0.000000000000000000e+00
6.252084952084952363e+01
6.423391812865497741e+01
6.401317296678121238e+01
0.000000000000000000e+00
0.000000000000000000e+00
0.000000000000000000e+00
0.000000000000000000e+00
6.170989898989898848e+01
6.244361562088635509e+01
6.175032175032175275e+01
6.279447115384615330e+01
6.241621621621621330e+01
6.222409909909909942e+01
0.000000000000000000e+00
0.000000000000000000e+00
0.000000000000000000e+00
0.000000000000000000e+00
0.000000000000000000e+00
0.000000000000000000e+00
0.000000000000000000e+00
0.000000000000000000e+00
0.000000000000000000e+00
6.164446921147951741e+01
0.000000000000000000e+00
0.000000000000000000e+00
6.137483478720591989e+01
6.228392309835609097e+01
6.193609234234234151e+01
0.000000000000000000e+00
0.000000000000000000e+00
6.065969967532467422e+01
6.026322288536736238e+01
6.043793554006968805e+01
6.246162657502863880e+01
6.089936745255894124e+01
6.094536713286713336e+01
6.035140186915887739e+01
6.191458333333333286e+01
0.000000000000000000e+00
5.954705400981996632e+01
5.877896109541404002e+01
5.911362126245847293e+01
5.867453662842012108e+01
5.866519580805294964e+01
0.000000000000000000e+00
0.000000000000000000e+00
0.000000000000000000e+00
0.000000000000000000e+00
5.773830973830973790e+01
5.676069958847736530e+01
0.000000000000000000e+00
0.000000000000000000e+00
0.000000000000000000e+00
0.000000000000000000e+00
5.632768579129765385e+01
0.000000000000000000e+00
0.000000000000000000e+00
0.000000000000000000e+00
0.000000000000000000e+00
0.000000000000000000e+00
0.000000000000000000e+00
0.000000000000000000e+00
0.000000000000000000e+00
0.000000000000000000e+00
0.000000000000000000e+00
0.000000000000000000e+00
0.000000000000000000e+00
0.000000000000000000e+00
0.000000000000000000e+00
0.000000000000000000e+00
0.000000000000000000e+00
0.000000000000000000e+00
0.000000000000000000e+00
6.059908814589665838e+01
5.927492008137169677e+01
0.000000000000000000e+00
6.034889663182346453e+01
5.957649911816578481e+01
6.254703947368420813e+01
6.233762886597938291e+01
6.039833795013850448e+01
nan
0.000000000000000000e+00
0.000000000000000000e+00
5.848173701298701133e+01
5.910390441647108872e+01
5.850968379446640455e+01
6.020392953929539459e+01
6.006656029177113965e+01
5.804848484848484702e+01
5.780991735537190124e+01
0.000000000000000000e+00
5.722788697788697476e+01
5.808701298701299010e+01
0.000000000000000000e+00
0.000000000000000000e+00
0.000000000000000000e+00
0.000000000000000000e+00
5.612244062244062093e+01
5.672229245680573229e+01
5.683857579729139076e+01
5.603347107438016650e+01
5.711859476392928769e+01
5.607940498638173210e+01
5.648455598455598192e+01
5.638456632653061007e+01
0.000000000000000000e+00
0.000000000000000000e+00
0.000000000000000000e+00
5.614709595959595845e+01
5.583450413223140174e+01
5.652741625773415990e+01
5.565206611570248185e+01
5.570576298701298867e+01
5.596589446589446482e+01
5.778357142857142748e+01
5.808083028083028410e+01
5.564074228523769960e+01
0.000000000000000000e+00
0.000000000000000000e+00
0.000000000000000000e+00
0.000000000000000000e+00
0.000000000000000000e+00
0.000000000000000000e+00
0.000000000000000000e+00
0.000000000000000000e+00
0.000000000000000000e+00
5.582338152105594276e+01
5.718541666666666856e+01
0.000000000000000000e+00
5.496327110389610482e+01
0.000000000000000000e+00
5.620184291355857908e+01
5.576198347107438025e+01
5.550955149501660912e+01
5.679176254026690884e+01
5.623983739837398588e+01
5.685867335308866899e+01
5.697216494845361012e+01
5.484480676328502113e+01
5.544586776859504340e+01
5.623316178115909736e+01
5.538740617180984316e+01
5.549090909090909207e+01
5.536193415637860227e+01
5.610932405998696026e+01
5.531162790697674581e+01
5.506961506961506814e+01
5.563601450821420968e+01
5.565324675324675496e+01
5.663890396093326274e+01
5.425355351170568241e+01
5.553794829024187152e+01
5.574894781144781319e+01
5.508553719008264693e+01
5.693931256713211297e+01
5.514382716049382793e+01
5.514135802469135683e+01
5.706105324074074048e+01
5.536023789294817021e+01
5.497461097461097523e+01
5.452648221343873303e+01
5.523169191919191690e+01
5.747813411078717394e+01
5.571997238840312860e+01
5.737152777777777857e+01
5.746180758017492707e+01
5.464318561872909896e+01
5.500610021786492609e+01
5.871843434343434609e+01
5.767436974789915638e+01
5.771575846833578538e+01
5.683031485093340507e+01
5.622192078133478077e+01
5.861012183692596267e+01
5.788963007883565837e+01
5.627862914460852295e+01
5.759263622974962971e+01
5.698542274052478263e+01
5.743337334933973892e+01
5.428180354267311003e+01
5.462489745693191168e+01
5.692459499263623002e+01
5.624131274131273983e+01
5.602035421623050837e+01
5.761885125184094392e+01
5.435852058063233017e+01
5.404333398399375454e+01
0.000000000000000000e+00
5.532164502164501840e+01
5.473611111111111427e+01
5.436854937017472622e+01
0.000000000000000000e+00
5.608378500451671300e+01
5.493911205073995774e+01
0.000000000000000000e+00
0.000000000000000000e+00
5.517529461279461600e+01
0.000000000000000000e+00
5.457654320987654017e+01
0.000000000000000000e+00
0.000000000000000000e+00
0.000000000000000000e+00
5.580886243386243706e+01
0.000000000000000000e+00
5.567226528854435941e+01
5.605540720961281664e+01
0.000000000000000000e+00
0.000000000000000000e+00
5.603115264797507677e+01
5.563572041166380444e+01
5.555055225148682752e+01
5.410111262931875586e+01
5.466334823242584662e+01
5.746401718582169593e+01
5.532561983471074285e+01
5.563878406708595037e+01
5.796607832322118270e+01
5.556088888888888988e+01
5.473394495412843952e+01
5.516119770303527758e+01
5.769749631811487234e+01
5.875075803517282935e+01
5.706475225225225500e+01
5.823262932353841137e+01
5.830006257822277860e+01
5.749382716049382935e+01
5.872749099639855785e+01
5.728458049886621239e+01
5.808836524300441795e+01
5.390362953692115155e+01
5.833372606774668867e+01
5.853731778425655818e+01
5.568063648588076830e+01
5.768075801749271392e+01
5.928459856294907837e+01
5.889945978391356363e+01
5.924179943767572354e+01
5.768365243004418375e+01
5.524596949891067510e+01
5.843702623906705185e+01
5.937425804436113452e+01
5.406548233835984263e+01
5.777944444444444372e+01
5.767913832199546675e+01
5.856647230320700004e+01
5.827916666666666856e+01
5.905467041549515983e+01
nan
5.873819241982507577e+01
nan
5.651976744186046631e+01
5.672254725472546966e+01
5.862061855670103228e+01
5.546091348265261445e+01
5.654395348837208957e+01
5.944196428571428470e+01
5.936394876601062265e+01
5.957856919712590127e+01
5.784386724386724410e+01
5.815876288659794113e+01
5.616352694924123767e+01
5.875022956841138466e+01
5.953991528185076731e+01
5.841896758703481396e+01
6.014299966744263060e+01
5.861582777440873571e+01
5.852400589101620199e+01
5.815757575757575637e+01
5.834166666666666856e+01
5.858733493397358671e+01
5.956250000000000000e+01
5.869362745098039369e+01
5.601928374655647502e+01
5.880162449234614286e+01
5.878345959595959869e+01
5.833210784313725839e+01
5.938820876288659889e+01
5.849556167737986101e+01
5.854972710733778030e+01
5.794374079528718369e+01
5.799039615846338336e+01
5.879103535353535648e+01
5.946857332889923242e+01
5.728647586980920181e+01
5.871150278293135472e+01
5.967475889590954097e+01
5.829411764705882604e+01
5.869866071428571530e+01
5.793701723113488100e+01
5.880890538033395387e+01
5.907030303030303031e+01
5.861020408163265216e+01
5.971173469387755262e+01
5.870888355342136578e+01
5.897092133455770124e+01
5.944942010309278402e+01
5.934083099031552422e+01
5.922702205882352899e+01
5.888664215686274161e+01
5.996303763440860024e+01
nan
5.857673048600883448e+01
5.841108050198959489e+01
5.816416566626650564e+01
5.969829931972789439e+01
5.903833762886598180e+01
5.782193362193362418e+01
5.847916666666666430e+01
5.740787981859410394e+01
5.834282216100397989e+01
5.825955124317768252e+01
5.621642145230185150e+01
5.879229797979797922e+01
5.812438725490196134e+01
5.828982843137254832e+01
5.969025674786043112e+01
5.889362373737373701e+01
5.768279883381924122e+01
5.759180035650624063e+01
5.791570648878107619e+01
5.872227428928459858e+01
5.797000937207122462e+01
5.813852813852813739e+01
5.910732323232323182e+01
5.796392496392496696e+01
5.932133838383838054e+01
5.806880466472303226e+01
5.848247177658942064e+01
5.850330132052820886e+01
5.817528223410576516e+01
5.826729024943310975e+01
5.828600583090378962e+01
5.857563025210084362e+01
5.897032177444548751e+01
5.868954854669140531e+01
5.768109668109668320e+01
5.933067602040816269e+01
5.823984232868404831e+01
5.726715758468336048e+01
5.817769607843137436e+01
6.091614035087719259e+01
5.784781323877068360e+01
5.949348958333333570e+01
5.825106124924196394e+01
5.979704301075268802e+01
5.859492888064316674e+01
5.854920337394564456e+01
5.879881287097781950e+01
5.587077702702702453e+01
5.818923933209647714e+01
5.686681526887712579e+01
5.752001212856276879e+01
5.739705449189985131e+01
5.710309278350515427e+01
5.853411989795918657e+01
5.872390463917525949e+01
5.784523809523809490e+01
5.719116347569956105e+01
5.754108983799705612e+01
5.641030092592592382e+01
5.830330882352941302e+01
5.799067669172932682e+01
5.741148748159057646e+01
5.772321428571428470e+01
5.824938725490196134e+01
5.778422619047618980e+01
5.693090379008746282e+01
5.782592047128129309e+01
5.672138047138047057e+01
5.769562682215743621e+01
5.795078031212484859e+01
5.792268041237113607e+01
5.756199999999999761e+01
5.674677765843179600e+01
5.719248035914702655e+01
5.745945165945165911e+01
5.851577631990003425e+01
5.728425655976676723e+01
5.869537815126050617e+01
5.771516936671575593e+01
5.784285714285714164e+01
5.800630252100840067e+01
5.786931473620376210e+01
5.708848797250858809e+01
5.760437317784256805e+01
5.805508100147275741e+01
5.748367346938775313e+01
5.705396825396825733e+01
5.750427098674521176e+01
5.708658892128279660e+01
5.728350515463917247e+01
5.776647230320699578e+01
5.626732440685928793e+01
5.816686674669868040e+01
5.782297496318114582e+01
5.770418470418470491e+01
5.594627906976744214e+01
5.809461966604823857e+01
5.807232893157262765e+01
5.721821305841924499e+01
5.800029154518950492e+01
5.881362545018006927e+01
5.886901152213462751e+01
5.922325293753865338e+01
5.930178069353327430e+01
nan
5.716948198198198128e+01
nan
5.730231262190024921e+01
5.529294016358157648e+01
5.833823953823954156e+01
5.827288629737609682e+01
5.889867424242424221e+01
5.846231003039513752e+01
5.571563786008230323e+01
5.507226247987117773e+01
5.728025000000000233e+01
5.716692307692307651e+01
5.898355263157894512e+01
5.774800637958532690e+01
5.933864417369571953e+01
5.878758169934640421e+01
5.983186705767350588e+01
6.120149739583333570e+01
5.823327005220692598e+01
6.133205741626794349e+01
5.973787271918113362e+01
6.042427884615384670e+01
5.935194894005014987e+01
5.795430944963655406e+01
5.800066445182724095e+01
5.885318949343339767e+01
5.877960526315789735e+01
5.804044409199048715e+01
6.014978775015161006e+01
6.113383838383838054e+01
6.068291962174940579e+01
6.047172011661807289e+01
6.061611519607843235e+01
6.090676691729323267e+01
0.000000000000000000e+00
5.906958762886598180e+01
0.000000000000000000e+00
0.000000000000000000e+00
0.000000000000000000e+00
0.000000000000000000e+00
0.000000000000000000e+00
0.000000000000000000e+00
6.371777221526908619e+01
6.227140825035561988e+01
6.098890469416785010e+01
6.295311004784689146e+01
6.419374999999999432e+01
6.299195046439628243e+01
5.999921052631579244e+01
6.011470985155195734e+01
6.084675100632547640e+01
6.063578715191618329e+01
6.366308243727598892e+01
6.135594154948993406e+01
6.245818399044205194e+01
6.252511820330969528e+01
6.439752321981424643e+01
6.492054521276595835e+01
6.179246794871794890e+01
6.383348694316435967e+01
6.535827020202020776e+01
6.418568840579709445e+01
6.461377068557919756e+01
6.430640423031726982e+01
6.239490586932447513e+01
6.556904024767801786e+01
6.287522361359570766e+01
6.464611486486487024e+01
6.648956356736242412e+01
6.620619195046440097e+01
6.567507598784195011e+01
6.572023809523810201e+01
6.529434523809523228e+01
6.517900874635569153e+01
6.547039764359351466e+01
6.542865497076023473e+01
6.599874843554442805e+01
6.554255639097743824e+01
6.475000000000000000e+01
0.000000000000000000e+00
0.000000000000000000e+00
0.000000000000000000e+00
0.000000000000000000e+00
0.000000000000000000e+00
6.218465742728869827e+01
6.312905198776758198e+01
6.505370328932647794e+01
6.448037190082644088e+01
6.606985981308410771e+01
6.623656618610746705e+01
6.559696969696969404e+01
6.720135309278350633e+01
6.876932989690722309e+01
6.728345959595959869e+01
6.684226190476189799e+01
6.754727095516568625e+01
6.608601398601398103e+01
6.525220458553792469e+01
6.428950617283950919e+01
6.612009345794392345e+01
6.587029860952814886e+01
6.522628726287263135e+01
6.514790780935332748e+01
6.611981351981351906e+01
6.639522417153996514e+01
6.604292452830188154e+01
6.645722501797267512e+01
6.522638580931263164e+01
6.647505827505827369e+01
6.716792452830188154e+01
6.588673218673218912e+01
6.635138888888889142e+01
6.611799620132953237e+01
6.660520094562647841e+01
6.611251840942563263e+01
6.635526315789473983e+01
6.692550505050505194e+01
6.639912280701754810e+01
6.636721804511277867e+01
6.783880037488285097e+01
6.684791666666666288e+01
6.734832826747719992e+01
6.708478260869564735e+01
0.000000000000000000e+00
0.000000000000000000e+00
0.000000000000000000e+00
0.000000000000000000e+00
0.000000000000000000e+00
0.000000000000000000e+00
0.000000000000000000e+00
0.000000000000000000e+00
0.000000000000000000e+00
0.000000000000000000e+00
0.000000000000000000e+00
0.000000000000000000e+00
0.000000000000000000e+00
0.000000000000000000e+00
0.000000000000000000e+00
0.000000000000000000e+00
0.000000000000000000e+00
0.000000000000000000e+00
0.000000000000000000e+00
0.000000000000000000e+00
0.000000000000000000e+00
0.000000000000000000e+00
0.000000000000000000e+00
1.038812324929971993e+02
1.011346448645886511e+02
0.000000000000000000e+00
0.000000000000000000e+00
0.000000000000000000e+00
0.000000000000000000e+00
0.000000000000000000e+00
0.000000000000000000e+00
0.000000000000000000e+00
0.000000000000000000e+00
9.242929292929292728e+01
0.000000000000000000e+00
9.081863317757009213e+01
9.278589743589743932e+01
9.392444444444444684e+01
9.420092838196286777e+01
9.483823529411765207e+01
9.468145161290323131e+01
9.530189317106152203e+01
9.627369165487976943e+01
9.821952861952861724e+01
9.761352357320099316e+01
9.792666666666666231e+01
9.778790849673202956e+01
9.789956478071643176e+01
9.867953795379537496e+01
9.869261083743842278e+01
9.960595915634415576e+01
1.005359477124183059e+02
1.035774171737660652e+02
1.046737864077669968e+02
1.057604575163398692e+02
1.069333333333333371e+02
1.093255578093306326e+02
1.108392739273927390e+02
1.123504854368932087e+02
1.137746903247405470e+02
1.147493589743589695e+02
1.166830357142857082e+02
1.170802721088435305e+02
1.176750162654521858e+02
1.174036124794745461e+02
1.177865384615384556e+02
1.182816993464052331e+02
1.175604575163398664e+02
1.175836538461538510e+02
1.179714743589743620e+02
1.186810457516339881e+02
1.187007628294036010e+02
1.185016339869280984e+02
1.177961165048543677e+02
1.176430020283975608e+02
1.175386666666666713e+02
1.183754901960784309e+02
1.205115546218487452e+02
1.198711967545638970e+02
0.000000000000000000e+00
1.172519157088122626e+02
1.179624242424242482e+02
1.165453333333333319e+02
1.156220159151193627e+02
1.159977124183006509e+02
1.147052805280528105e+02
1.129116818039461378e+02
1.129702474162229890e+02
1.121553970223325081e+02
1.119161812297734571e+02
1.110194174757281615e+02
1.131803333333333370e+02
1.129484503478810922e+02
1.134416666666666629e+02
1.139402746726285471e+02
1.134580269607843093e+02
1.144585760517799287e+02
1.124648058252427205e+02
1.128145161290322562e+02
1.133798228969006914e+02
1.137300000000000040e+02
1.137450980392156907e+02
1.138621794871794890e+02
1.149801587301587347e+02
1.142011385199241005e+02
1.153789689313758942e+02
1.143111042183622885e+02
1.132044642857142804e+02
1.143463827121829013e+02
1.132295285359801511e+02
1.143459546925566315e+02
1.141714285714285779e+02
1.144506641366223931e+02
1.150507294429708196e+02
1.152737144682210157e+02
1.145734419041653638e+02
1.159219354838709677e+02
1.146574635922330145e+02
1.161496732026143803e+02
1.165541379310344894e+02
1.156260726072607241e+02
1.147767235926628757e+02
1.147539441747572795e+02
1.167554112554112606e+02
1.152627171215880963e+02
1.164930693069306926e+02
1.163624183006536015e+02
1.161821782178217859e+02
1.155222222222222257e+02
1.166846666666666721e+02
1.162085369827305357e+02
1.155529999999999973e+02
1.155048076923076934e+02
1.156870347394540914e+02
1.162539931099279613e+02
1.152297734627831716e+02
1.173838383838383805e+02
1.154449715370018907e+02
1.156479779411764639e+02
1.160275602881302888e+02
1.157545072115384670e+02
1.169917491749174872e+02
1.168676767676767696e+02
1.148009677419354801e+02
1.102220022624434392e+02
1.108043542218299535e+02
1.132220482305042282e+02
1.149576217583807676e+02
1.154062706270627103e+02
1.143495145631067942e+02
1.151698292220113871e+02
1.151121202630754823e+02
1.159217821782178248e+02
1.155346534653465369e+02
1.151174879807692264e+02
1.148566646378575768e+02
1.151935483870967687e+02
1.159363333333333372e+02
1.147031637717121555e+02
1.148993464052287550e+02
1.144792698019801946e+02
1.148399624177889109e+02
1.143668564199873430e+02
1.142448422330097060e+02
1.141271237864077648e+02
1.145101201771031043e+02
1.145509677419354801e+02
1.140986905142127057e+02
1.137547760726589416e+02
1.137714033539276244e+02
1.129584344660194120e+02
1.135803319761979395e+02
1.141549025870328933e+02
1.134687500000000000e+02
1.145808580858085861e+02
1.136126802884615330e+02
1.138246359223301027e+02
1.142282738095238130e+02
1.144177699323330444e+02
1.138711484593837469e+02
1.154147058823529477e+02
1.152392156862745054e+02
1.142131806930693045e+02
1.137818567961165002e+02
1.146312034739454049e+02
1.140340909090909065e+02
1.140546116504854410e+02
1.144395161290322562e+02
1.137038961038960991e+02
1.146367052928280543e+02
1.136847652507186268e+02
1.135044275774826019e+02
1.143656957928802598e+02
1.144323624595469227e+02
1.147643564356435633e+02
1.131217893217893220e+02
1.132038985148514882e+02
1.139561056105610533e+02
1.142735483870967812e+02
1.144225806451612897e+02
1.133292540792540848e+02
1.141148007590132778e+02
1.139247311827956963e+02
1.137586309523809547e+02
1.146653465346534659e+02
1.143392427884615330e+02
1.143827351485148540e+02
1.150689875439156822e+02
1.137008318478906688e+02
1.140224514563106766e+02
1.146543935643564396e+02
1.146244910742248635e+02
1.145057645631067942e+02
1.144766677106169794e+02
1.135823953823953758e+02
1.135292929292929358e+02
1.140122549019607874e+02
1.137932692307692264e+02
1.133399711399711407e+02
1.139530885780885825e+02
1.135582579185520302e+02
1.144583333333333286e+02
1.143558372641509493e+02
1.138715034965034931e+02
1.141680825242718385e+02
1.140554602630074328e+02
1.147524509803921546e+02
1.143140024038461604e+02
1.143805198872533708e+02
1.146346153846153868e+02
1.148601334951456323e+02
1.148571875978703360e+02
1.149514563106796174e+02
1.147161910669975242e+02
1.147863581730769198e+02
1.147469951923076934e+02
1.149283980582524265e+02
1.143651960784313673e+02
1.147183261183261180e+02
1.148554112554112550e+02
1.148652236652236667e+02
1.147621933621933579e+02
