7.093905397210430408e+01
7.001489117983963695e+01
7.004456018518519045e+01
6.763769230769230489e+01
6.818421052631579471e+01
6.799531005732151812e+01
6.957317784256559889e+01
6.831313131313130782e+01
6.864974064974065016e+01
6.781657894736842707e+01
7.035415403274711821e+01
7.030282112845138442e+01
6.867031425364758945e+01
7.128284438775510523e+01
6.905612244897959329e+01
6.834287317620650981e+01
6.815683147262095076e+01
6.929581529581530219e+01
6.978684050939963868e+01
6.984693877551021046e+01
6.974742268041237025e+01
6.856060606060606233e+01
6.699084158415841728e+01
6.884169884169884313e+01
6.886564625850340349e+01
6.956705539358600277e+01
6.991192930780559323e+01
7.171135752688172715e+01
6.840678433535576630e+01
6.963092783505155126e+01
6.786948431685273420e+01
6.976023564064800553e+01
6.847738554881412654e+01
6.770733652312600270e+01
6.884518950437318097e+01
7.053183747725894648e+01
6.906530612244897327e+01
7.068166198063104844e+01
6.992737094837934819e+01
7.073590054578532715e+01
6.897080498866213816e+01
7.098739495798319865e+01
6.859098639455781665e+01
6.836639732516020729e+01
6.789055555555555088e+01
6.998303571428571956e+01
7.133020930959075656e+01
6.891969614758545504e+01
7.161584595959595845e+01
6.843980343980344117e+01
6.888378684807256036e+01
6.929365079365079794e+01
7.090625000000000000e+01
6.959912536443148667e+01
6.940333333333333599e+01
7.019331065759637056e+01
6.904274682846111943e+01
7.064761904761904532e+01
6.913636363636364024e+01
7.060029761904762324e+01
6.886026936026935630e+01
7.036111111111111427e+01
6.735313531353135375e+01
7.100706921944035344e+01
6.987755102040816269e+01
6.824333333333333940e+01
7.098497790868924540e+01
7.167248774509803866e+01
6.952886297376093694e+01
6.983533791523481682e+01
7.096759941089837298e+01
6.927631578947368496e+01
6.938038277511961383e+01
6.929564983888292318e+01
6.914216216216216537e+01
6.909129967776584635e+01
7.066122565864833405e+01
7.333492822966506708e+01
6.979757308328737508e+01
7.002375102375101790e+01
7.091468253968254487e+01
7.118055964653902379e+01
7.058595709111173733e+01
6.855435897435897630e+01
6.963872035300606456e+01
7.150616541353383582e+01
7.062600229095075122e+01
7.051632302405498365e+01
7.122268041237113323e+01
7.108535879629629051e+01
7.050765306122448806e+01
6.979095421952564493e+01
7.064872685185184764e+01
6.969051535087719174e+01
6.997307256235828277e+01
6.958952794357026050e+01
7.060022909507445377e+01
7.084064801178203652e+01
7.174706766917293521e+01
6.963399570354457069e+01
6.948839748839748154e+01
7.036592970521542156e+01
6.922234156820623241e+01
7.209633853541416215e+01
7.109513991163476021e+01
6.757524999999999693e+01
7.164860681114551255e+01
7.006826414042909335e+01
6.861512297226582291e+01
7.130759803921569073e+01
7.119515931372548323e+01
6.857985257985258443e+01
7.072678571428571104e+01
7.134172225591267136e+01
7.158044361137145017e+01
6.918339768339768625e+01
