0.000000000000000000e+00
7.450000000000000000e+01
0.000000000000000000e+00
0.000000000000000000e+00
0.000000000000000000e+00
0.000000000000000000e+00
0.000000000000000000e+00
0.000000000000000000e+00
0.000000000000000000e+00
0.000000000000000000e+00
0.000000000000000000e+00
0.000000000000000000e+00
6.029668367346938851e+01
0.000000000000000000e+00
0.000000000000000000e+00
0.000000000000000000e+00
0.000000000000000000e+00
0.000000000000000000e+00
0.000000000000000000e+00
0.000000000000000000e+00
0.000000000000000000e+00
0.000000000000000000e+00
0.000000000000000000e+00
0.000000000000000000e+00
0.000000000000000000e+00
0.000000000000000000e+00
0.000000000000000000e+00
0.000000000000000000e+00
0.000000000000000000e+00
0.000000000000000000e+00
5.992960827202227136e+01
0.000000000000000000e+00
0.000000000000000000e+00
0.000000000000000000e+00
0.000000000000000000e+00
0.000000000000000000e+00
0.000000000000000000e+00
0.000000000000000000e+00
0.000000000000000000e+00
0.000000000000000000e+00
0.000000000000000000e+00
0.000000000000000000e+00
0.000000000000000000e+00
0.000000000000000000e+00
0.000000000000000000e+00
0.000000000000000000e+00
0.000000000000000000e+00
0.000000000000000000e+00
0.000000000000000000e+00
0.000000000000000000e+00
0.000000000000000000e+00
0.000000000000000000e+00
7.088501742160278241e+01
0.000000000000000000e+00
0.000000000000000000e+00
0.000000000000000000e+00
0.000000000000000000e+00
0.000000000000000000e+00
0.000000000000000000e+00
0.000000000000000000e+00
0.000000000000000000e+00
0.000000000000000000e+00
0.000000000000000000e+00
0.000000000000000000e+00
0.000000000000000000e+00
0.000000000000000000e+00
6.890038872691934557e+01
6.864878974845751713e+01
6.848468800368408438e+01
6.791809180918092181e+01
6.772235095850010111e+01
6.776700041718815726e+01
6.762115265441025258e+01
6.965840621963070589e+01
6.933687943262411579e+01
0.000000000000000000e+00
0.000000000000000000e+00
0.000000000000000000e+00
0.000000000000000000e+00
0.000000000000000000e+00
0.000000000000000000e+00
0.000000000000000000e+00
0.000000000000000000e+00
6.557672955974842921e+01
6.614214523018509340e+01
6.290318035426731313e+01
6.291899852724594666e+01
6.362724999999999653e+01
6.584891467870191661e+01
6.877641025641025863e+01
7.025803667745415737e+01
7.257671957671958296e+01
7.841348420556340670e+01
8.369138875062219540e+01
8.468777614138438992e+01
0.000000000000000000e+00
8.349234693877551194e+01
8.266887134627693001e+01
8.248916650400155959e+01
8.261205593348449838e+01
8.367844060701203546e+01
8.275745682888539534e+01
8.339989837398374561e+01
8.268712538959482572e+01
8.405111572392320340e+01
8.571354166666667140e+01
8.470352564102563520e+01
8.329319640564827409e+01
8.412290184921764080e+01
8.434089068825910829e+01
8.167513200905204940e+01
8.335013850415512593e+01
8.412331081081080697e+01
8.210459183673469852e+01
8.181342720643701227e+01
8.319270833333332860e+01
8.233124018838304892e+01
8.244056122448979806e+01
8.472598379629629051e+01
8.373902027027027373e+01
8.325311991318503146e+01
8.204709141274237538e+01
8.479617117117116720e+01
8.296737938596491801e+01
8.211096039066738683e+01
0.000000000000000000e+00
0.000000000000000000e+00
0.000000000000000000e+00
0.000000000000000000e+00
8.356846699399891065e+01
8.570283723245395890e+01
nan
8.436646266829865226e+01
nan
8.268131578947368610e+01
nan
8.229039634146342053e+01
8.463623903508772628e+01
8.365457063711910735e+01
8.499366767983789828e+01
8.372013093289689323e+01
8.317000000000000171e+01
8.164419191919192542e+01
8.260359147025813797e+01
8.421895101434932940e+01
8.289234693877550342e+01
8.131917418130042563e+01
8.252491909385113900e+01
8.226602967060598814e+01
8.170803270803270379e+01
8.282621951219512368e+01
8.236258486296203785e+01
8.246572164948453576e+01
8.236328125000000000e+01
8.320416666666666572e+01
8.275990853658537105e+01
8.233734335839598373e+01
8.304273504273504614e+01
8.146961966604823147e+01
8.249453124999999432e+01
8.360770482908301915e+01
8.447587719298245190e+01
8.182329517172722433e+01
8.125062220009955638e+01
8.178526527533315971e+01
8.172070707070706419e+01
8.188510101010101039e+01
8.209845360824742500e+01
8.175782828282828518e+01
8.189632936507936734e+01
8.252215422276621837e+01
8.273574045002617083e+01
8.361882104150144812e+01
8.187188962798718705e+01
8.281315789473684674e+01
8.169722222222222285e+01
8.532263513513512976e+01
8.232077446363160789e+01
8.222608487173339142e+01
8.245221445221444867e+01
8.282810047095760808e+01
8.238168875797741464e+01
8.232702020202020776e+01
8.249950396825396126e+01
8.205255102040815984e+01
8.292968543484006716e+01
8.379325717470047152e+01
8.431122875452771837e+01
8.368722587719298645e+01
8.360078828828828534e+01
8.179044300647088050e+01
8.328899572649572747e+01
8.187043189368770868e+01
8.120327207530255009e+01
8.320668859649123306e+01
8.193965300477746894e+01
8.202193877551020762e+01
8.143756073858114064e+01
8.093688710082976456e+01
8.086351891003053538e+01
8.100589101620029453e+01
8.029540816326530717e+01
8.081775035595633483e+01
8.073102155576381733e+01
8.108319347878206429e+01
8.110906131307650924e+01
8.104219611603932094e+01
8.087630208333332860e+01
8.065505226480836143e+01
8.058036551077788090e+01
8.091867124856815963e+01
8.089439962031323716e+01
8.087253983130271706e+01
8.100455526252697780e+01
8.099027052681537953e+01
8.064444977223686806e+01
8.020431354359925535e+01
8.086761949390815118e+01
8.086796536796536827e+01
8.050145772594751747e+01
8.111915607767920733e+01
8.104709465791940204e+01
8.113740079365079794e+01
8.119679266895761316e+01
8.126927814732692923e+01
8.122604978627106220e+01
8.125101010101009535e+01
8.174242424242424931e+01
8.128199999999999648e+01
8.078270509977826919e+01
8.118840909090909008e+01
7.959939070830159835e+01
7.920781483325036731e+01
8.023875114784205209e+01
7.925314922480620794e+01
7.873910018552875556e+01
7.880296404275996736e+01
7.839393939393939092e+01
7.943953804347826519e+01
7.816958211856170635e+01
7.773833333333332973e+01
8.222137791286726838e+01
8.063468899521531341e+01
7.800826446280991888e+01
7.733391642371233843e+01
7.696102604891628118e+01
7.899444885011895678e+01
7.830387825233185595e+01
7.775190686471296431e+01
7.981052631578947398e+01
7.973444976076555690e+01
7.757915234822451112e+01
7.766653027823240052e+01
7.745942662779397381e+01
7.745100529100528775e+01
7.802010658914728936e+01
7.728666350261035234e+01
7.796969696969696884e+01
7.778147163120567598e+01
7.942939814814815236e+01
7.922222222222222854e+01
7.764462209302325846e+01
7.863138602520045595e+01
7.917248062015504217e+01
7.782817869415806911e+01
7.805660835762876104e+01
7.795262390670553998e+01
7.806100000000000705e+01
7.787825233186057972e+01
7.726960076960077117e+01
7.807210884353742131e+01
7.710543580131208330e+01
7.829755434782609314e+01
7.686691658856607035e+01
7.793338178294573027e+01
7.750073637702503504e+01
7.758713794796268814e+01
7.694808550622504129e+01
7.738722655267790174e+01
7.811904761904762040e+01
7.737201805286912304e+01
7.658585858585858830e+01
7.702526724975705008e+01
7.775665483584738524e+01
7.742495265151515582e+01
7.806538120567375927e+01
7.894456189805026725e+01
7.755478302565332172e+01
7.710064935064934843e+01
7.722542498152253643e+01
7.727065111758989246e+01
7.733801428923379717e+01
7.690631313131312652e+01
7.715075000000000216e+01
7.695454545454545325e+01
7.801469620530818361e+01
7.960848172446110027e+01
