6.796520763187429282e+01
6.702702702702703164e+01
6.834722222222222854e+01
6.727888888888888630e+01
6.827503607503606986e+01
6.847137188208617431e+01
6.920918367346938282e+01
6.779233314947600775e+01
6.782515168229454616e+01
6.795475000000000421e+01
6.707324324324324039e+01
6.770005611672277723e+01
6.840259740259740795e+01
6.899198167239404711e+01
6.780480480480480310e+01
6.800476992143659061e+01
6.837794612794613158e+01
6.821171428571427953e+01
6.848242630385487928e+01
6.776980329611907905e+01
6.840249433106575339e+01
6.851399711399712089e+01
6.755108108108107956e+01
6.788692774407060426e+01
6.769702702702703334e+01
6.763583200425306075e+01
6.808383894098179212e+01
6.798204264870931013e+01
6.778759820426486726e+01
6.806972789115646094e+01
6.845274914089347362e+01
6.658052631578947000e+01
6.754971428571428760e+01
6.857172312223858057e+01
6.873578792341679389e+01
6.819387170675830134e+01
6.819618055555555713e+01
6.906586270871984823e+01
6.661124761124760596e+01
6.640430622009569106e+01
6.789675870348139597e+01
6.689646464646465063e+01
6.887628865979381487e+01
6.817555228276877699e+01
6.596624136097820212e+01
6.648786541643684700e+01
6.638932496075352674e+01
6.576055237102657713e+01
6.629675129675129597e+01
6.672807501378929373e+01
6.593006993006993355e+01
6.602828854314002172e+01
6.563430420711974023e+01
6.741398809523809632e+01
6.682154882154881648e+01
6.692409240924092728e+01
6.677176948464077100e+01
6.689361111111111313e+01
6.675925925925925242e+01
6.700368480725623499e+01
6.664363332404569462e+01
6.476059673218091461e+01
6.611297182349814250e+01
6.621664008506114385e+01
6.672311086596801033e+01
6.622130050842922344e+01
6.591303184372490875e+01
6.654830354830355077e+01
6.813327149041434438e+01
6.672025813692479801e+01
6.659034792368125011e+01
6.746375519904931650e+01
6.625708061002178795e+01
6.665749999999999886e+01
6.682920033435497942e+01
6.733541295306001473e+01
6.817810760667903480e+01
6.768187500000000512e+01
6.810127349909035388e+01
6.634641372141372528e+01
6.673333333333333428e+01
6.775905743740794662e+01
6.787781250000000455e+01
6.754051620648259302e+01
6.695482603815936784e+01
6.735335276967930440e+01
6.683347763347762793e+01
6.655363036303630508e+01
6.777736549165121005e+01
6.739919816723940471e+01
6.657308328736900194e+01
6.784848484848484418e+01
6.679478744939271451e+01
6.676888888888889539e+01
6.912596649484535760e+01
6.683078231292516591e+01
6.703896103896103398e+01
6.779017857142856940e+01
6.755504019789734116e+01
6.747952871870397473e+01
6.861324586066854181e+01
6.676615646258503034e+01
6.672554112554112749e+01
6.618564018564018170e+01
6.635517335517334914e+01
6.627105263157895365e+01
6.688285714285714789e+01
6.758882947118240736e+01
6.675869809203142324e+01
6.663720538720538400e+01
6.624378924378923728e+01
6.666138888888889369e+01
6.657027027027027088e+01
6.670250000000000057e+01
6.775830469644903076e+01
6.692034632034632580e+01
6.697250859106529219e+01
6.688208616780045190e+01
6.622647527910686449e+01
6.694358533791523769e+01
6.764064801178203368e+01
6.672590702947846353e+01
6.739145802650956796e+01
6.615724815724816210e+01
6.663816878102592511e+01
6.616189674523008080e+01
6.539973684210526983e+01
6.585526315789473983e+01
6.584438984438983766e+01
6.646724386724386591e+01
6.591463740968691809e+01
6.685947521865888632e+01
6.631257014590347865e+01
6.591777777777777203e+01
6.662655122655122852e+01
6.619084390512962557e+01
6.706851311953353445e+01
6.566833333333333655e+01
6.581999999999999318e+01
6.643615160349854420e+01
6.585140882509303140e+01
6.544947368421053113e+01
6.611451247165533118e+01
6.552836052836052261e+01
6.603854875283447257e+01
6.621645021645021245e+01
6.683133253301321020e+01
6.619682539682540323e+01
6.669867452135493124e+01
6.612958152958152880e+01
6.652168746286393741e+01
6.546604938271605079e+01
6.550729517396183610e+01
6.657580174927113603e+01
6.626676384839650780e+01
6.626591435185184764e+01
6.802965561224489477e+01
6.604405162738495960e+01
6.561333333333332973e+01
6.684783913565426872e+01
6.700396825396825307e+01
6.781224489795918942e+01
6.744617604617604911e+01
6.789661266568482745e+01
6.927840909090909349e+01
6.558365067275958893e+01
6.699178004535147579e+01
6.579918918918919246e+01
6.640942857142857747e+01
6.737815126050419678e+01
6.744136904761904816e+01
6.606257014590347865e+01
6.687084548104955672e+01
6.556567567567567778e+01
6.678134110787172517e+01
6.728502122498484539e+01
6.778615196078430927e+01
6.704402332361516414e+01
6.624324324324324209e+01
6.663498542274052738e+01
6.665120274914089293e+01
6.708046647230320048e+01
6.643819241982507151e+01
6.705882352941176805e+01
6.616217732884399538e+01
6.665362811791382569e+01
6.584029484029484536e+01
6.551216216216215571e+01
6.609175084175083725e+01
6.860695876288659178e+01
6.548569238630557265e+01
6.599781599781599084e+01
6.606999999999999318e+01
6.640317460317460529e+01
6.612121212121212466e+01
6.575358851674640448e+01
6.661892712550607598e+01
6.672499999999999432e+01
6.786614645858342953e+01
6.620472222222221603e+01
6.585496387476585767e+01
6.679138321995465333e+01
6.647647907647908028e+01
6.688658008658008214e+01
6.614545454545454106e+01
6.653074517978113533e+01
6.765267857142856656e+01
6.788031833486378730e+01
6.592137592137592605e+01
6.563537449392713086e+01
6.709096209912536324e+01
6.591694444444443945e+01
6.673379351740696563e+01
6.611583011583012137e+01
6.585800000000000409e+01
6.604527777777778397e+01
6.819663865546218062e+01
6.677346938775509955e+01
6.597418630751964486e+01
6.582446082446082869e+01
6.537526315789473585e+01
6.642869415807560074e+01
6.569691119691120207e+01
6.593424036281179212e+01
6.749953139643861277e+01
6.642715419501134022e+01
6.667117647058823593e+01
6.783063328424152871e+01
6.715319865319865755e+01
6.653588516746411585e+01
6.576473684210526471e+01
6.748247177658942064e+01
6.590179288199090024e+01
6.759300291545189054e+01
6.855943627450980671e+01
6.730043290043289517e+01
6.922682215743439826e+01
6.987434210526315326e+01
7.107902298850574141e+01
6.892218137254901933e+01
6.957454427083332860e+01
6.819882179675994394e+01
6.949938725490196134e+01
6.750758017492711360e+01
6.907622617931896514e+01
6.941549515776320334e+01
6.681176470588235361e+01
6.779271137026239558e+01
6.774256559766763530e+01
6.619574119574119209e+01
6.801895043731778401e+01
6.866707095209217471e+01
6.683425261996690381e+01
6.859404761904761472e+01
6.745464852607709361e+01
6.840366146458583785e+01
6.780124777183600315e+01
6.812594752186589631e+01
6.822740524781340810e+01
6.879921968787515141e+01
6.725108225108225213e+01
7.001514175257732120e+01
6.767382087970322857e+01
6.868187274909963946e+01
6.861953352769678816e+01
6.866723940435281293e+01
6.863935860058309402e+01
7.007966260543580006e+01
7.049652777777777146e+01
6.936220238095238244e+01
6.806204906204905569e+01
7.130696095076400809e+01
6.932951132951133388e+01
6.895110456553754830e+01
6.959672528805336356e+01
6.785269360269360561e+01
6.950309214594929585e+01
6.894373177842565781e+01
6.868104956268221883e+01
6.997704081632653583e+01
6.853206997084548391e+01
6.627773546585427766e+01
7.063383838383838054e+01
6.738777777777777089e+01
6.780507780507780069e+01
6.736270270270270544e+01
6.860548340548341173e+01
6.780085714285714005e+01
6.757828571428571252e+01
6.782210998877665986e+01
6.871163475699557921e+01
6.808051948051948443e+01
6.982852941176470551e+01
6.835280641466208351e+01
6.936294724075196427e+01
6.739971428571428191e+01
6.814399092970521110e+01
6.823951247165533118e+01
6.710182910182909666e+01
6.785396825396824738e+01
6.915922619047618980e+01
6.631162063574778642e+01
6.677578947368421325e+01
6.912004801920768671e+01
6.741582491582491343e+01
6.619943019943019635e+01
6.831837837837838379e+01
6.809936998854524859e+01
6.685805555555555202e+01
6.717929292929292728e+01
6.584368421052631959e+01
6.771428571428570820e+01
6.656301846400856448e+01
6.924111111111110972e+01
6.820735294117646674e+01
6.758383838383838338e+01
6.725352941176470267e+01
6.683864283864284062e+01
6.808613445378151141e+01
6.866040024257125651e+01
6.756911976911976581e+01
7.050584192439862363e+01
6.899125273352078125e+01
6.677833894500561485e+01
6.678902371759514267e+01
6.678742857142857758e+01
6.645342312008978070e+01
6.746209912536443198e+01
6.758673469387754551e+01
6.684886927744071272e+01
6.779499072356215095e+01
6.831685870224377766e+01
6.647256347256347908e+01
6.679884559884560247e+01
6.636055555555554974e+01
6.725335276967929587e+01
6.725198412698412653e+01
6.634194444444445082e+01
6.548794110180249106e+01
6.870799999999999841e+01
6.703002244668911658e+01
6.704601571268237592e+01
6.653054054054054234e+01
6.829317931793178786e+01
6.658810810810810210e+01
6.641729729729729570e+01
6.752380952380951840e+01
6.660702702702702993e+01
6.546769230769230319e+01
6.812162162162162815e+01
6.518465346534652838e+01
6.635102564102564315e+01
6.901888888888889539e+01
6.779020604763178426e+01
6.735493827160493652e+01
6.599093137254901364e+01
6.702222222222222570e+01
6.596534653465346310e+01
6.744599999999999795e+01
6.814518950437317812e+01
6.848482142857142208e+01
6.667324324324324891e+01
6.657250000000000512e+01
6.694444444444444287e+01
6.804418262150221608e+01
6.847799779977998469e+01
6.830705882352941671e+01
6.704565730779323474e+01
6.741498316498316967e+01
6.749016006297559045e+01
6.812321144674085360e+01
6.852314814814815236e+01
6.869335511982571063e+01
6.845393327211509416e+01
6.866990291262135315e+01
6.809000900090009623e+01
6.794384675938073315e+01
6.755405405405404906e+01
6.791346153846153300e+01
6.790441176470588402e+01
6.948278061224489477e+01
6.795322245322245180e+01
6.826375404530743651e+01
6.704436090225563305e+01
6.810576351752821722e+01
6.664669625246548890e+01
6.821428571428570820e+01
6.571222527472527020e+01
6.828606060606060169e+01
6.841060606060605664e+01
6.705718954248365549e+01
6.691738908720040513e+01
6.845848484848484361e+01
6.656783669405028547e+01
6.709481837606837473e+01
6.683862433862434216e+01
6.767468750000000455e+01
6.586918016194331926e+01
6.479500000000000171e+01
6.775647249190939192e+01
6.583659147869674655e+01
6.771650326797386299e+01
6.733154937115332928e+01
6.704993564993564803e+01
6.600334620334619729e+01
6.770901525658807429e+01
6.788538295577130555e+01
6.678693256363159492e+01
6.729611650485436769e+01
6.696595634095633898e+01
6.779018759018758544e+01
6.679354094579008461e+01
6.871746880570410099e+01
6.546739926739927284e+01
6.649137709137708896e+01
6.792641156007492498e+01
6.694117647058823195e+01
6.691586538461538680e+01
6.679183991683991906e+01
6.730277777777777715e+01
6.715841584158415856e+01
6.574335839598997211e+01
6.694471413160734130e+01
6.379649595687331498e+01
6.451823461091753131e+01
6.815966386554622147e+01
6.460500000000000398e+01
6.692115384615384244e+01
6.681141868512111159e+01
6.720707482993196891e+01
6.581882591093116730e+01
6.764835164835164960e+01
6.727932793279327939e+01
6.818515406162464387e+01
6.508791208791208760e+01
6.510168269230769056e+01
6.594357287449392402e+01
6.847385620915032689e+01
6.574975345167652563e+01
6.523500124470997719e+01
6.661158906882590713e+01
6.715421303656597729e+01
6.693523469994057962e+01
6.740246186780839821e+01
6.644975072159537888e+01
6.766696669666966102e+01
6.610020242914980315e+01
6.555780780780780503e+01
6.867833333333332746e+01
6.709035506094329548e+01
6.773733928102859636e+01
6.824918300653594372e+01
6.682120582120582242e+01
6.637123147675012547e+01
6.580526315789474268e+01
6.704611111111111654e+01
6.622253449156872307e+01
6.762252747252746587e+01
6.689916839916840274e+01
6.660197368421052033e+01
6.443350207086976411e+01
6.801837837837837242e+01
6.659708737864077932e+01
6.781055093555093549e+01
6.747516025641026260e+01
6.665636177823198238e+01
6.816886688668867578e+01
6.801510248112190027e+01
6.675907335907335494e+01
6.696772500655995941e+01
6.613182720953327021e+01
6.641771488469601081e+01
6.727901430842607056e+01
6.561958184599694732e+01
6.669051404345522371e+01
6.745999464811346513e+01
6.856999999999999318e+01
6.710185185185184764e+01
6.693230852211435433e+01
6.486923076923076792e+01
6.689713985830491083e+01
6.807692307692308020e+01
6.587652476972864690e+01
6.651849112426035049e+01
6.689527027027027373e+01
6.533089622641509209e+01
6.651998987854250345e+01
6.816721672167216184e+01
6.732463524130190535e+01
6.731936637710781213e+01
6.841006600660065828e+01
6.845055555555555316e+01
6.763366336633663423e+01
6.705033003300330563e+01
6.756217687074830280e+01
6.755139631610219908e+01
6.709315375982042440e+01
6.702777777777777146e+01
6.755313565993178315e+01
6.641868932038835283e+01
6.662708162708162263e+01
6.760706580366775142e+01
6.677971428571429158e+01
6.769073083778965838e+01
6.721517671517671033e+01
6.625046829007224858e+01
6.613578947368421268e+01
6.748544698544698406e+01
6.528833333333332689e+01
6.780647058823529960e+01
6.490424528301886653e+01
6.766514285714285393e+01
6.503786244907740866e+01
6.668545688545688677e+01
6.683708791208790956e+01
6.653520352035204155e+01
6.537808417997096910e+01
6.495731132075471237e+01
6.727483974358973740e+01
6.780972388955582630e+01
6.615409270216962057e+01
6.714087694483734481e+01
6.705707629586487428e+01
6.718387553041019089e+01
6.724373907979033049e+01
6.686109493302271289e+01
6.553210526315788798e+01
6.626416666666666799e+01
6.799264705882353610e+01
6.656633663366336862e+01
6.622745098039216316e+01
6.263417890520694442e+01
6.779093749999999829e+01
6.544853944853944938e+01
6.562602040816327076e+01
6.565173267326733253e+01
6.693646996278575045e+01
6.538702817650185750e+01
6.637346437346437256e+01
6.498559218559218209e+01
6.847572499185402251e+01
6.706029411764706083e+01
6.366295025728987866e+01
6.739090909090909065e+01
6.641131541725600584e+01
6.914930555555555713e+01
6.718470588235294372e+01
6.741962725684332725e+01
6.520674210278170335e+01
6.675775000000000148e+01
6.667541327735501966e+01
6.740914385556202149e+01
6.704638888888888459e+01
6.588782051282051100e+01
6.751193942923704583e+01
6.727993527508090210e+01
6.708814102564102200e+01
6.999869664385794010e+01
6.783588358835883980e+01
6.737286801364471955e+01
6.826732673267326845e+01
6.763237727523441833e+01
6.669836817950024965e+01
6.689786756453423777e+01
6.752352607709750032e+01
6.774007936507936734e+01
6.738230240549827954e+01
6.641009376723663138e+01
6.543354264782836083e+01
6.802250900360144215e+01
6.614661654135338154e+01
6.703939909297052679e+01
6.509393866215890512e+01
6.759795918367346701e+01
6.663347802495930239e+01
6.791479684657367955e+01
6.717437407952871808e+01
6.595972073039742156e+01
6.663982349696635765e+01
6.690418470418470065e+01
6.768807069219440109e+01
6.686695526695527292e+01
6.607792207792208217e+01
6.846997549019607732e+01
6.648350000000000648e+01
6.686512027491409071e+01
6.568075491759702800e+01
6.635351351351351923e+01
6.678328173374613641e+01
6.569964574898784804e+01
6.633906882591092824e+01
6.793390420123093065e+01
6.689448373408770010e+01
6.729673849737915248e+01
6.573057644110275533e+01
6.639351351351351127e+01
6.732823529411764696e+01
6.636743838685586638e+01
6.701228571428571001e+01
6.739711399711399054e+01
6.634994939271254566e+01
6.633551733551733776e+01
6.659159159159159458e+01
6.552318916102136370e+01
6.665113072255928728e+01
6.661086596800882376e+01
6.562525303643724328e+01
6.582731829573934590e+01
6.647291773122125846e+01
6.593088782562466577e+01
6.604681174089068918e+01
6.738792341678939124e+01
6.676388888888888573e+01
6.709705882352940876e+01
6.557062298603652550e+01
6.652994170641228777e+01
6.240233686067019647e+01
6.672451951077461274e+01
6.624691681973234836e+01
6.634225571725571058e+01
6.596647609147609614e+01
6.606949806949806714e+01
6.593321205821206377e+01
6.713222045574987362e+01
6.650935550935551532e+01
6.735140237324702639e+01
6.790776699029126462e+01
6.769372171945701666e+01
6.732676837725381347e+01
6.505055636187711343e+01
6.840914285714285370e+01
6.645098039215686470e+01
6.643750000000000000e+01
6.494571428571428839e+01
6.667789001122334014e+01
6.568119139547711427e+01
6.718371428571428794e+01
6.599625000000000341e+01
6.496809523809524478e+01
6.689586603872318449e+01
6.632004253056884124e+01
6.749215686274509096e+01
6.665842636895268924e+01
6.611340206185566615e+01
6.745764705882352530e+01
6.832060606060606744e+01
6.711029411764705799e+01
6.767676767676768179e+01
6.710402494331066237e+01
6.773321449792038607e+01
6.662603419746277211e+01
6.649358449358449263e+01
6.689749999999999375e+01
6.595218546244868207e+01
6.566173570019724082e+01
6.684823284823285405e+01
6.654194893173527703e+01
6.771736785329018460e+01
6.694312169312169658e+01
6.816109178485416464e+01
6.666616541353383241e+01
6.743068783068783034e+01
6.692973939703628616e+01
6.669122807017544119e+01
6.689442176870748824e+01
6.700153295861011316e+01
6.714197530864197461e+01
6.826748299319727664e+01
6.788592233009708821e+01
6.676594129554655410e+01
6.626211116777155041e+01
6.789430024083489457e+01
6.598292682926829400e+01
6.589471153846153584e+01
6.586650286650287001e+01
6.674143215380328797e+01
6.617731958762887245e+01
6.646503204235162343e+01
6.578440607012035457e+01
6.614903329752954164e+01
6.609088442756375059e+01
6.621885069817400904e+01
6.614809707666850613e+01
6.546631578947368268e+01
6.549624449624450051e+01
6.601938301938301379e+01
6.553872318158032328e+01
6.579027926960257844e+01
6.550295381310418463e+01
6.550686350686351034e+01
6.647846889952153049e+01
6.719412681912682217e+01
6.607200207200207842e+01
6.456402439024390105e+01
6.777064765300059435e+01
6.908175505050505194e+01
6.713734450368113471e+01
6.715333333333333599e+01
6.698722534491568581e+01
6.679080041580041893e+01
6.567980769230769056e+01
6.783953823953824269e+01
6.487634795111431174e+01
6.769484848484847817e+01
6.637591036414565338e+01
6.718013468013468525e+01
6.776507936507935881e+01
6.782617647058823707e+01
6.775117647058823422e+01
6.802317290552583984e+01
6.706115317414094079e+01
6.704592959295929688e+01
6.562894477317554731e+01
6.612844932844933510e+01
6.569213081246806496e+01
6.501172607879925636e+01
6.721138888888889085e+01
6.656429156429156535e+01
6.729914285714285427e+01
6.742630385487528599e+01
6.688034188034187366e+01
6.688349514563107334e+01
6.707786994915707623e+01
6.634217236104028359e+01
6.540293040293040860e+01
6.594837092731829387e+01
6.583164005805515728e+01
6.825576923076923208e+01
6.742548076923077360e+01
6.647718446601942333e+01
6.731802676462871204e+01
6.671457438747158619e+01
6.807156462585034262e+01
6.872531824611031936e+01
6.789117647058823479e+01
6.709615384615383959e+01
6.562881562881563013e+01
6.572955974842767546e+01
6.725837837837838151e+01
6.370546737213403787e+01
6.724179894179894745e+01
6.833914285714286052e+01
6.766309130913091963e+01
6.703783783783784145e+01
6.674757281553398514e+01
6.968542857142857372e+01
6.868928571428571672e+01
6.825381263616557703e+01
6.966343238326258813e+01
6.672210526315789991e+01
6.725374823196605689e+01
6.662510034787263180e+01
6.692849284928492182e+01
6.637415320479416891e+01
6.634471078686816270e+01
6.772777777777777430e+01
6.776290684624018468e+01
6.697414741474148059e+01
6.752081081081081493e+01
6.965847665847665837e+01
6.832216298552931733e+01
7.030057330057330489e+01
7.151264705882353212e+01
6.982540540540540519e+01
7.147293814432990189e+01
6.901055555555555543e+01
6.875252525252524549e+01
7.147610121836926567e+01
