8.991036955322670110e+01
9.041464120370370949e+01
9.108247422680412342e+01
8.987562051847766043e+01
9.110553168635875920e+01
9.137506894649752098e+01
8.962830872109222469e+01
9.112586805555555713e+01
9.238633578431372939e+01
8.943470790378006541e+01
8.913290610197826425e+01
8.902893802893802899e+01
8.943141945773524526e+01
8.886657894736842422e+01
8.824513513513512919e+01
8.760278460278460955e+01
8.983253588516745936e+01
8.799071799071799660e+01
8.958984582668793450e+01
8.964469696969696599e+01
8.892078133478024426e+01
8.856125356125356518e+01
8.879513079513078821e+01
8.886221186221186485e+01
8.919825072886297335e+01
8.994539437396579729e+01
8.929594594594594525e+01
8.913623827909542285e+01
8.873791621911922789e+01
8.974784062412928165e+01
9.065419734904270399e+01
8.939961389961389671e+01
8.930562770562769970e+01
8.868142968142967675e+01
9.023697916666667140e+01
8.895959595959595845e+01
8.925206839492554423e+01
8.927819548872180633e+01
8.996088435374149128e+01
8.950027578599006972e+01
9.192708333333332860e+01
9.030529509100936991e+01
9.021920781334780770e+01
9.279635258358662497e+01
9.016717748676511235e+01
8.972329059829060327e+01
9.182445589919817053e+01
8.965902265902265356e+01
9.293184523809523512e+01
8.949885452462771696e+01
9.077180273056561077e+01
8.984098124098123606e+01
9.209309210526315326e+01
8.986326530612244312e+01
8.970095693779904877e+01
8.921267361111111427e+01
8.922393822393821949e+01
8.947789115646259006e+01
9.054891640866873104e+01
8.915225563909774564e+01
9.010119047619048160e+01
8.935317460317460814e+01
8.857388888888888800e+01
9.124489795918367463e+01
9.023809523809524080e+01
8.891467304625199120e+01
8.883139083139083425e+01
8.953859013652828480e+01
8.985580021482276436e+01
8.893783993783993935e+01
9.032961053837343002e+01
8.902811902811902200e+01
8.929671717171717660e+01
8.955343716433941381e+01
9.052637962401455241e+01
8.999319727891156617e+01
8.958741258741258662e+01
9.212761214823071043e+01
8.915175300889586651e+01
9.011855396065922719e+01
9.116695303550973506e+01
8.914205155746509490e+01
9.144672619047618412e+01
8.959276980329612172e+01
8.965489272632129314e+01
9.153468932850375950e+01
8.903900112233445441e+01
9.036842105263157521e+01
8.980470521541950291e+01
8.937506894649752098e+01
8.946083838940981536e+01
8.919865319865320430e+01
8.910072951739618929e+01
8.939365881032547634e+01
9.000235640648011781e+01
9.039606592238170890e+01
8.964232531500572065e+01
8.853921052631578448e+01
8.945754845754845519e+01
9.072845804988662621e+01
8.964615846338534766e+01
8.908435708435708023e+01
8.950282051282050588e+01
9.023292824074074758e+01
8.937084548104955672e+01
8.972552631578948024e+01
9.091249999999999432e+01
8.956026315789473813e+01
8.952880152880152309e+01
9.007256235827664170e+01
9.016815476190475920e+01
9.099343955014057883e+01
8.923765599565925299e+01
8.991577380952381304e+01
8.958104238258877672e+01
8.985093340763444303e+01
9.029131075110456095e+01
8.965282808581777374e+01
8.953287981859411104e+01
8.810096670247045836e+01
8.915342615342615318e+01
8.750132908027644874e+01
8.885576392719249839e+01
8.909702850212249814e+01
8.956394675925925242e+01
8.796056260341974564e+01
8.936399682791434884e+01
9.008247422680412342e+01
8.810824999999999818e+01
8.860929108485498773e+01
8.913533834586466753e+01
8.888334252619966946e+01
8.898752834467120465e+01
8.880927835051546992e+01
8.870980070980070309e+01
8.958479532163742931e+01
8.971655328798185280e+01
8.988236961451246998e+01
8.869315789473684220e+01
8.921157894736842309e+01
8.920283920283920054e+01
8.958854166666667140e+01
8.902437641723355455e+01
8.962244897959183731e+01
8.951746031746031917e+01
8.998367697594501635e+01
8.902895752895753390e+01
8.968257032542746288e+01
8.920256620256620295e+01
8.929186602870812806e+01
8.951516034985422721e+01
8.956177156177156462e+01
8.888027027027027316e+01
8.878654164368450097e+01
9.079509100937671917e+01
8.999405822935234767e+01
9.059763493026076731e+01
8.877216610549943709e+01
9.110250368188512482e+01
9.062279942279941736e+01
8.868638888888888516e+01
8.958845598845599056e+01
8.973594594594594298e+01
9.105949926362298186e+01
9.014625850340135571e+01
8.984761904761904816e+01
8.935315789473683878e+01
8.882954241370083537e+01
8.992899584076054964e+01
8.908466629895201550e+01
8.978490790255496279e+01
8.903767403767403721e+01
8.908872508872508433e+01
9.033246753246753258e+01
8.926745213549337166e+01
8.929511329511329620e+01
8.960450660450661076e+01
8.920999468367890017e+01
8.876270270270269691e+01
8.960633727175080310e+01
8.965061936936936604e+01
8.937571592210767335e+01
8.990463458110517081e+01
8.977352607709750032e+01
9.027813411078717820e+01
8.913322413322413240e+01
8.882236842105263008e+01
8.906462585034013557e+01
8.902210884353740994e+01
8.975651249335459170e+01
8.914354066985646341e+01
8.890500000000000114e+01
9.006391752577319210e+01
8.895118587975730406e+01
8.992403628117914138e+01
9.002721088435373531e+01
8.906485911749069828e+01
8.975266175266175139e+01
8.886927744070601420e+01
8.955192076830732617e+01
8.946993932708218722e+01
9.026288936627283022e+01
8.975544922913343271e+01
8.962052631578947626e+01
8.935918918918919474e+01
8.963516609392898715e+01
9.061052631578947114e+01
9.028714372346877326e+01
9.116524943310658102e+01
8.913789299503585539e+01
9.017640320733104886e+01
8.916552631578947796e+01
8.986167800453515042e+01
9.070266439909296707e+01
8.941423055708770562e+01
9.023414230557087023e+01
9.015072886297376442e+01
9.023919567827131516e+01
8.991695011337868948e+01
9.023206018518519045e+01
9.042961800104657755e+01
8.949834528405956746e+01
8.980372148859544268e+01
9.115067669172931630e+01
9.152746212121212466e+01
9.038595438175269692e+01
9.119557307459065498e+01
9.056936671575846276e+01
9.116569010416667140e+01
9.120117820324006175e+01
9.108304696449026494e+01
9.095498199279711571e+01
8.999970845481050219e+01
9.345657894736842763e+01
9.000262390670553714e+01
8.998999999999999488e+01
9.022194444444444628e+01
9.296647135416667140e+01
8.905531686358753518e+01
9.142617046818727999e+01
9.083324382384532214e+01
9.009725829725829271e+01
9.077113402061856107e+01
9.006099656357388028e+01
9.120800485142510183e+01
9.056292656292656318e+01
9.017788196359624919e+01
8.935774410774411081e+01
8.940840840840840542e+01
9.089416909620990737e+01
9.245972938144329589e+01
9.049806949806949774e+01
9.012078947368421211e+01
9.069332210998877031e+01
9.053996598639456295e+01
9.041895761741122328e+01
8.879405405405405816e+01
8.994211728865194289e+01
8.936554736554737133e+01
9.043537414965986443e+01
9.022959041515743195e+01
8.888093424727088632e+01
9.062078573418779115e+01
9.080941766508776425e+01
8.908137100994244406e+01
8.947310947310947427e+01
9.068046171171171466e+01
8.878535553793285828e+01
9.016076901643911867e+01
9.103526858383071385e+01
8.922870320130222410e+01
8.978608247422680222e+01
9.252040816326530148e+01
8.912844803566453322e+01
8.794653855629465511e+01
8.976852846401718011e+01
9.261764705882353610e+01
9.071903153153152743e+01
8.927618014107433453e+01
9.231920341394025797e+01
8.925407925407925802e+01
8.859466459466459298e+01
8.958437330439501523e+01
8.995835631549917366e+01
8.986627282491943447e+01
8.963694951664876953e+01
9.181684027777777146e+01
9.146531067149624050e+01
9.080113944655452940e+01
9.031527995813709708e+01
8.958681497558329454e+01
8.950832438238452937e+01
8.953689636462289059e+01
9.216582207207207489e+01
9.108470325996098893e+01
9.048430141287283845e+01
9.204524627720503815e+01
9.189124597207303680e+01
9.126358317079966298e+01
9.020262390670553998e+01
9.167754868270331770e+01
8.960445757250268173e+01
8.789444444444444571e+01
8.958727175080558425e+01
9.083727477477476953e+01
9.109009009009008651e+01
9.016568206229860039e+01
8.939860139860140009e+01
9.153707107843136725e+01
8.915655209452201291e+01
9.042360020931450038e+01
9.030259125104485918e+01
9.045413692836373798e+01
8.914678178963893629e+01
8.667195121951219505e+01
9.036399682791434884e+01
9.053805846662989154e+01
9.079363738738739187e+01
9.174268018018018722e+01
9.257894736842105488e+01
9.055050505050505194e+01
8.943692307692307963e+01
8.943914141414141739e+01
9.046287878787879322e+01
9.046949010866536867e+01
9.043014705882353610e+01
8.948481471161883860e+01
9.076848306332841787e+01
8.936444444444444457e+01
9.002561936936936604e+01
8.976558190843904583e+01
8.895321637426900452e+01
8.949255715045188708e+01
9.176262626262625588e+01
9.248273155416012514e+01
9.278637770897832127e+01
9.016606297018668670e+01
9.111577380952381588e+01
9.098639455782313235e+01
9.152868174296746417e+01
9.061059018201875404e+01
9.181322013341419108e+01
8.982800982800982581e+01
9.085564225690275464e+01
9.113696612665684427e+01
9.130024509803921262e+01
8.984476342371078772e+01
9.080359503039915126e+01
9.014837286265857585e+01
9.031107871720116975e+01
9.293244949494949481e+01
9.044014891179840276e+01
9.149147727272726627e+01
9.064314058956915687e+01
9.019245082402977687e+01
9.050193050193050226e+01
9.118998527245949504e+01
9.005956471935853358e+01
9.016326530612245449e+01
9.103416789396170827e+01
9.001351351351351582e+01
9.016093294460641516e+01
9.044775703538590506e+01
8.973491673491673737e+01
8.968615384615384301e+01
9.014985422740524257e+01
9.039555822328931356e+01
8.944469211479520254e+01
9.020606060606060339e+01
8.951976911976912277e+01
8.914578947368420359e+01
9.124145415084102240e+01
9.080466472303207581e+01
9.014089614089614599e+01
8.943378378378378102e+01
8.957729729729729229e+01
8.898630504833512589e+01
8.990264754550469206e+01
9.216635101010101039e+01
9.115191024863553082e+01
8.975149213239284052e+01
8.960973684210526358e+01
9.128350515463917247e+01
9.010424710424710781e+01
8.964065085493656682e+01
9.201663837011884084e+01
8.947972972972972627e+01
9.073333333333333428e+01
9.064136207435176118e+01
8.968918918918919303e+01
8.885832685832686195e+01
8.967464114832536382e+01
9.050330132052820886e+01
9.004676870748299677e+01
9.025306122448979806e+01
8.953105263157894456e+01
8.975141723356009038e+01
8.948924434638720982e+01
9.044633110976349144e+01
9.133171619163128696e+01
8.982518796992481214e+01
9.199944274171078007e+01
9.036787845903418770e+01
9.150916380297823594e+01
8.937837837837837185e+01
8.942503987240829133e+01
8.989512471655328341e+01
9.076111929307805326e+01
9.019504040122596678e+01
9.094626679162762173e+01
9.032215743440232814e+01
9.025949926362297049e+01
9.087476808905380210e+01
9.080176767676768179e+01
9.015976676384839550e+01
8.939309764309764716e+01
9.008483063328424123e+01
9.087066541705716816e+01
9.123263888888888573e+01
8.976470588235294201e+01
9.086480117820323699e+01
8.910606060606060908e+01
9.005952380952381020e+01
8.889236842105263747e+01
8.936759941089837866e+01
8.858851674641148577e+01
9.070505952380952408e+01
9.098468137254901933e+01
8.959543048202841931e+01
9.005889212827987933e+01
8.918546576879910504e+01
8.979810996563574577e+01
8.979506802721088832e+01
8.950649350649351277e+01
8.970932156646442479e+01
8.945670159955874112e+01
9.012093153759821007e+01
8.940490620490621154e+01
9.143004418262150068e+01
8.964297297297297007e+01
8.998468335787923422e+01
9.068310657596371982e+01
8.976678550207961393e+01
8.971025641025640596e+01
8.891052631578946830e+01
8.935297418630752020e+01
9.021486880466471803e+01
9.043097238895558121e+01
8.942388888888888232e+01
8.946176046176046270e+01
9.009475218658892004e+01
9.003935860058308549e+01
9.143813131313130782e+01
9.001295045045044674e+01
8.896696696696696449e+01
8.970589919816724489e+01
8.928009828009828652e+01
9.022892662219527438e+01
9.040854197349042920e+01
8.988629737609329595e+01
8.915279269602578438e+01
8.916416666666667368e+01
8.959297052154194319e+01
8.993766233766233142e+01
9.134785353535353636e+01
8.947352454495312202e+01
8.988271604938272219e+01
8.962641723356009038e+01
8.998744198744198286e+01
8.984268707482992511e+01
9.089478471801091075e+01
8.907267115600448903e+01
8.987288629737609824e+01
8.930995670995670821e+01
9.049134199134199719e+01
8.988370188370188885e+01
9.035405007363770835e+01
8.960912698412698774e+01
8.984256559766764383e+01
8.852200220022001531e+01
9.059732142857143344e+01
8.955810657596371982e+01
9.062037598544571892e+01
9.009933973589436107e+01
9.071983020012127952e+01
8.957055393586006176e+01
8.902972222222221887e+01
8.905892255892256060e+01
9.012094837935174496e+01
8.911890331890332106e+01
8.938692774407060426e+01
8.863554463554463325e+01
9.032636229749631696e+01
8.954970588235293860e+01
8.984415584415584988e+01
8.888524130190796768e+01
9.012486573576799742e+01
9.010574374079529036e+01
8.904854096520763562e+01
9.025197089144936058e+01
9.032413583990296502e+01
9.039642857142857224e+01
8.958928571428570820e+01
9.035684273709483705e+01
9.030132052821127786e+01
8.939400000000000546e+01
9.137425804436114163e+01
9.011690962099125102e+01
9.062023809523809348e+01
8.999708454810495084e+01
8.997230320699708273e+01
8.947049089906232666e+01
9.025510204081632537e+01
8.961097461097460837e+01
8.999300291545189623e+01
8.995268474215842502e+01
9.049178004535147579e+01
9.029711884753901074e+01
9.064810495626822728e+01
8.869972972972972514e+01
8.906083333333333485e+01
8.980991253644315009e+01
9.066559766763847961e+01
9.021801091570648623e+01
9.121338383838383379e+01
8.981498388829216140e+01
8.974376417233560232e+01
8.993469387755102673e+01
9.045454545454545325e+01
8.980716253443526398e+01
8.970323129251700323e+01
8.978527245949926794e+01
8.953886876567288766e+01
8.982514285714285052e+01
8.986235720256338766e+01
9.086180758017492565e+01
8.974234693877551194e+01
8.903248703248702611e+01
8.831941031941032350e+01
9.064011246485473805e+01
8.909755449229133717e+01
8.865171428571429146e+01
8.905901116427432385e+01
8.829444444444445139e+01
8.951351351351351582e+01
8.859352941176470608e+01
8.936282932416952463e+01
9.056678921568627061e+01
8.870925470925470790e+01
8.897076668505239638e+01
8.841423055708770562e+01
8.993086719223771297e+01
9.017959183673468715e+01
9.010369921164341633e+01
8.951545189504372502e+01
8.899365079365078657e+01
9.266655348047538610e+01
8.918905895691609942e+01
8.957319587628866486e+01
8.974198250728862547e+01
9.009387997623291255e+01
8.985101010101010388e+01
8.894027027027027543e+01
8.948746355685130993e+01
8.861233961233961054e+01
8.863690963690963542e+01
9.056542617046818577e+01
8.845559845559846224e+01
9.063357843137255543e+01
8.869954648526076824e+01
8.964227405247812897e+01
9.032886297376093410e+01
8.890095398428731244e+01
9.053284241531663668e+01
8.882491582491581994e+01
8.990029154518950349e+01
8.918585858585858261e+01
8.930782312925170174e+01
9.028329752953813170e+01
8.977701080432173342e+01
9.143423930021867818e+01
8.918556998556998394e+01
9.033195876288660031e+01
8.975481049562682756e+01
9.068496058217101563e+01
8.983527696793002804e+01
8.894304152637485572e+01
8.864631578947368951e+01
8.991526374859708426e+01
9.003780068728522679e+01
8.971614100185529139e+01
9.136718266253869558e+01
9.110714285714286120e+01
8.867813267813268396e+01
8.882341269841269593e+01
9.023590054578532715e+01
8.902693602693602770e+01
8.998192419825072363e+01
8.956872749099639464e+01
9.033444511825348400e+01
9.059918775382692502e+01
8.913513513513512976e+01
8.867236624379481214e+01
9.069434523809523796e+01
9.123893268647665877e+01
8.906621773288439670e+01
8.992419825072886397e+01
9.028961584633853477e+01
9.094663432383262602e+01
9.026560624249700027e+01
9.048469387755102389e+01
9.056988249845392147e+01
8.909055555555555372e+01
9.030672268907562739e+01
9.048070692194403364e+01
8.979365079365079794e+01
9.096406480117819626e+01
9.052915451895043475e+01
9.058571428571428896e+01
9.000780312124850013e+01
8.897806637806637298e+01
9.209252450980392268e+01
8.883078947368420586e+01
9.117871720116617951e+01
8.920436507936507553e+01
9.123527696793003372e+01
9.175924802910854794e+01
9.136592970521542156e+01
8.984567567567567892e+01
8.944744008714596362e+01
9.027070707070707556e+01
9.152493686868686495e+01
9.015789473684210975e+01
8.873749999999999716e+01
9.046345811051693886e+01
8.934131578947368268e+01
8.979239766081870755e+01
8.888973063973064370e+01
8.895238095238094900e+01
8.953479236812570718e+01
9.046579194001874669e+01
9.095276292335115897e+01
8.890837837837837299e+01
8.846067106710671624e+01
8.988167388167387628e+01
8.870189991972169707e+01
8.950122850122849627e+01
8.870324870324870403e+01
8.918157894736842195e+01
8.941086434573828967e+01
9.001529581529581492e+01
8.870843570843571513e+01
8.909795918367346701e+01
9.299354838709678006e+01
8.901543209876543017e+01
9.005297823596792739e+01
8.858542274052477694e+01
8.916671575846834230e+01
8.989337260677466190e+01
8.966021324354657906e+01
8.877891156462584377e+01
8.975119047619047308e+01
8.955985108820159724e+01
9.012056128293241386e+01
8.934930260764099330e+01
8.907492711370262839e+01
8.851718213058418883e+01
8.868871706758304185e+01
8.881524688008681778e+01
8.908892128279883593e+01
8.838645862357202532e+01
8.859536082474227214e+01
8.927893961708394954e+01
8.897307256235828277e+01
8.916789396170840121e+01
8.965864833906070430e+01
8.929562682215743052e+01
8.828543083900227373e+01
8.921472754050073206e+01
8.940711805555555713e+01
8.925478645066273486e+01
9.041523482245131049e+01
8.919629430719656682e+01
8.981859410430838864e+01
9.069908052382278640e+01
8.927462772050401441e+01
9.123195876288659178e+01
9.014850933407635125e+01
8.930014727540500985e+01
9.126586466165413469e+01
9.168374772589447730e+01
8.889161610590181795e+01
9.018957617411226124e+01
9.202796992481202665e+01
9.033966359196961093e+01
8.946513605442176242e+01
9.009139035943159968e+01
9.071997770966842722e+01
8.919810532181665508e+01
