9.083990297149787807e+01
9.019358533791523769e+01
9.023032407407407618e+01
8.960589743589743250e+01
8.850930356193514115e+01
8.945961438249088360e+01
8.987696793002915285e+01
8.989154704944178320e+01
8.943570843570843465e+01
8.915105263157894910e+01
9.052183141297756208e+01
9.018757503001199893e+01
8.895145903479236438e+01
9.146237244897959329e+01
8.953798185941043641e+01
8.892255892255892036e+01
8.923205741626794918e+01
8.963232323232323040e+01
8.992783505154639556e+01
9.025085034013605423e+01
9.030326460481099105e+01
9.008825093035619602e+01
8.905866336633663138e+01
8.954384997242139832e+01
8.964427437641722918e+01
9.001107871720117259e+01
9.096288659793813736e+01
9.225336021505376038e+01
9.015719801434087799e+01
9.101649484536082468e+01
8.905954279638490334e+01
9.066362297496317524e+01
9.044842801985659264e+01
8.990723019670387828e+01
8.993965014577258898e+01
9.098029108550636579e+01
8.987346938775510807e+01
9.127522649172134095e+01
9.061044417767107007e+01
9.170982413583990933e+01
8.979166666666667140e+01
9.180222088835533611e+01
8.993990929705215365e+01
8.965032042351630537e+01
8.865666666666666629e+01
9.087797619047618980e+01
9.210809122149328232e+01
9.099240368963646119e+01
9.218371212121212466e+01
8.960715260715261365e+01
8.997080498866213816e+01
8.978174603174603874e+01
9.141605392156863275e+01
9.025189504373177840e+01
8.986638888888889198e+01
9.076190476190475920e+01
8.957473800330943448e+01
9.076101190476190084e+01
8.985185185185184764e+01
9.089017857142857792e+01
9.026487093153760100e+01
9.114518900343642827e+01
8.875552170601675073e+01
9.085684830633283582e+01
9.081349206349206327e+01
9.029974358974358495e+01
9.097849779086892852e+01
9.123651960784313530e+01
8.954985422740524825e+01
9.017439862542954643e+01
9.095552282768777275e+01
9.093259935553169271e+01
8.962519936204147086e+01
8.960365198711063783e+01
8.956081081081080697e+01
9.019629430719656682e+01
9.062657502863687853e+01
9.224210526315789593e+01
8.985962493105350291e+01
8.992574392574393016e+01
9.096145124716552743e+01
9.027187039764359611e+01
9.033184731122875633e+01
8.874820512820512874e+01
8.965719801434087799e+01
9.136210526315790048e+01
9.043585337915234845e+01
8.978636884306988009e+01
9.083917525773195223e+01
9.049855324074074758e+01
8.993253968253968367e+01
8.947545504688362428e+01
9.022569444444444287e+01
8.965487938596491801e+01
8.980697278911564752e+01
8.972246337493217538e+01
9.026116838487972416e+01
8.990780559646539416e+01
9.121172932330827621e+01
8.985042964554243383e+01
8.955746655746655449e+01
9.048866213151927695e+01
9.007465091299677340e+01
9.078841536614645236e+01
9.063357879234168024e+01
8.995125000000000171e+01
9.166842105263157237e+01
9.079799387015881962e+01
9.073547880690738054e+01
9.105116421568627061e+01
9.096844362745098067e+01
8.887278187278187147e+01
9.141190476190476488e+01
9.158793208004851749e+01
9.127397688222430361e+01
8.922035300606728470e+01
