8.592078681552365538e+01
8.122850678733031771e+01
8.482215743440232814e+01
8.353172753172752607e+01
8.711876417233560232e+01
8.969587628865978957e+01
8.880441826215022161e+01
8.970873786407767625e+01
9.235250000000000625e+01
9.286999022482893906e+01
9.086562942008487198e+01
9.098321759259259522e+01
9.023116883116883002e+01
9.118926103136629990e+01
9.025112233445567256e+01
8.963327721661055136e+01
9.094814814814814952e+01
9.092367853290183177e+01
9.127239944521497250e+01
9.102751068376068133e+01
9.161731391585760775e+01
8.993918269230769624e+01
9.099099099099099419e+01
9.137391760692732134e+01
0.000000000000000000e+00
0.000000000000000000e+00
9.154408954408954457e+01
9.068265993265993075e+01
9.030170517051705303e+01
9.089210526315790162e+01
9.027671451355661247e+01
8.740014489253803731e+01
9.077299308878255601e+01
8.962532705389848786e+01
8.952373042240151335e+01
8.856012506012505980e+01
9.157035385901365032e+01
8.970586734693877418e+01
9.152457142857143424e+01
0.000000000000000000e+00
0.000000000000000000e+00
0.000000000000000000e+00
0.000000000000000000e+00
9.363162492719860097e+01
9.500519480519480453e+01
9.254718750000000682e+01
9.253345334533453581e+01
9.248456790123456983e+01
9.144515151515150819e+01
9.328939393939394620e+01
9.281794117647058329e+01
9.210636363636363910e+01
9.422283440465258764e+01
9.340317460317460529e+01
9.341705882352941614e+01
9.395571428571427930e+01
9.273212321232122690e+01
9.323338048090523955e+01
9.271848739495798952e+01
9.361502620850320966e+01
9.268683473389356209e+01
9.253370319001386690e+01
9.228017126036928630e+01
9.238133813381338655e+01
9.319527777777777544e+01
9.277614379084967311e+01
9.289958391123440151e+01
9.228548937286801390e+01
9.115284327323162472e+01
9.331372549019607732e+01
9.704083733699381753e+01
9.260924369747898766e+01
9.231445523193096392e+01
9.257310924369747340e+01
9.198668515950069491e+01
9.115439560439560296e+01
9.277635410599883414e+01
9.015582010582011208e+01
9.267387543252594639e+01
9.246050420168067774e+01
9.279906814210832522e+01
9.391473559120618120e+01
9.448559423769508214e+01
9.342550505050505194e+01
9.411168384879725579e+01
9.316294642857143060e+01
9.140514285714286302e+01
9.385457142857143253e+01
9.121830790568654379e+01
9.426355685131194662e+01
9.019614512471655132e+01
9.080179398148148096e+01
9.127951388888888573e+01
8.891194444444444400e+01
8.989927048260381071e+01
9.194823232323231821e+01
9.056334459459459651e+01
8.968045112781955197e+01
9.046717308735756546e+01
9.149287280701754810e+01
9.010319410319409883e+01
9.043838383838384232e+01
8.991481280520889641e+01
8.915463917525772786e+01
9.073254504504504325e+01
8.855019305019304454e+01
8.941981672394042846e+01
8.752194444444444343e+01
8.917614138438881355e+01
9.013903594315965506e+01
8.895059076262083408e+01
8.980692640692640794e+01
9.095360824742267880e+01
9.049479166666667140e+01
8.873639455782313235e+01
9.101437050921586547e+01
9.276621621621622182e+01
9.053498542274051886e+01
9.024818087318087123e+01
9.249828571428571422e+01
9.375320775320774658e+01
9.195000000000000284e+01
9.078131868131868032e+01
9.030845481049563261e+01
8.881713211600430213e+01
8.929749999999999943e+01
9.066868421052632243e+01
9.111173028698802057e+01
9.003631578947369007e+01
9.039917582417582764e+01
9.314450056116723431e+01
9.032245116403532847e+01
8.986722689075629944e+01
9.325499999999999545e+01
9.014182754182753854e+01
9.127500000000000568e+01
9.147029988465975237e+01
8.903144654088050913e+01
9.286607608129233427e+01
9.317601760176017933e+01
8.989864864864864558e+01
9.029523809523809064e+01
9.159752868490733135e+01
9.022911051212938105e+01
9.022776280323449782e+01
8.986844863731656119e+01
9.315552631578947285e+01
8.912272267206478205e+01
9.060467032967032708e+01
9.325135135135134590e+01
9.142799352750809305e+01
9.025861326442721122e+01
8.967120181405896062e+01
8.908136792452830832e+01
9.430615384615384755e+01
9.312626262626262985e+01
9.228094059405940186e+01
8.824411764705882888e+01
8.888639916623240822e+01
9.188067226890755990e+01
9.030822649572650107e+01
9.260636063606361290e+01
9.425065138092756456e+01
9.408820512820513216e+01
9.388398692810457646e+01
9.438346267059138484e+01
9.384236842105262610e+01
9.445295055821371477e+01
9.190191831683168289e+01
8.967566137566137741e+01
9.278588235294117226e+01
9.162407178217821979e+01
9.422194922194921674e+01
8.945486996430392423e+01
8.980626566416040646e+01
8.955741239892182648e+01
9.028819444444444287e+01
9.338555555555555543e+01
9.433950617283950635e+01
9.466803166803167358e+01
8.948572170301142137e+01
9.006911564625850986e+01
9.066558791801510608e+01
9.028915343915343783e+01
9.429189329189328816e+01
8.967013888888888573e+01
9.049752747252746587e+01
9.002991913746630814e+01
8.948731642189585500e+01
8.972081632653060979e+01
9.410600907029478890e+01
9.140833809251856223e+01
9.071727891156461965e+01
8.987370062370062840e+01
9.128409090909090651e+01
9.042115384615384244e+01
9.468125701459034360e+01
8.867643344278857853e+01
9.381990901792882198e+01
9.420334928229665650e+01
9.400249999999999773e+01
9.064780219780219284e+01
9.135757575757575921e+01
9.063159340659341012e+01
8.992611832611832767e+01
9.045116537180909688e+01
9.203694444444444400e+01
9.381802721088435248e+01
9.121608876560333101e+01
9.072432432432432847e+01
9.250932944606414310e+01
9.326236044657096613e+01
9.314994331065759070e+01
9.045925925925925526e+01
9.022943376068376153e+01
9.048532494758909195e+01
9.009546925566343134e+01
9.396833196833196666e+01
9.377910685805422020e+01
9.448508634222919511e+01
9.400282051282050588e+01
8.886186459995441567e+01
9.384801288936627373e+01
8.779828431372548891e+01
9.394842801985659264e+01
9.275801749271137453e+01
9.244269254093390487e+01
9.386337054758107001e+01
9.412689393939393767e+01
9.210724896019013386e+01
8.941918918918918280e+01
9.312305555555555259e+01
9.021212121212121815e+01
9.080088251516822595e+01
9.161119293078056103e+01
9.102437641723355455e+01
9.019943422913719644e+01
9.158688046647230863e+01
9.160615384615384471e+01
9.100429645542428148e+01
9.055317417254475743e+01
9.125231481481480955e+01
8.880886040679854432e+01
9.077881963596249193e+01
9.013374198941208704e+01
9.009359739555073077e+01
9.129468201754386314e+01
9.129095074455899805e+01
9.059169831795985317e+01
9.201926207270754787e+01
9.024134284959026786e+01
9.041766508776818512e+01
9.067224880382775609e+01
9.114451185879757134e+01
9.180619517543860297e+01
9.145560871876661224e+01
9.002684742158426445e+01
8.941473684210525619e+01
8.864491064491063810e+01
9.095691609977323822e+01
9.075757575757575069e+01
9.143436293436293738e+01
9.035544217687075275e+01
9.073803859370869418e+01
9.045763187429854213e+01
8.943540540540540462e+01
8.906212696690178632e+01
9.046088435374149128e+01
8.939258846475341613e+01
8.911014650027129846e+01
9.001058057514921984e+01
8.922870320130222410e+01
8.993601765030336992e+01
9.124742268041237025e+01
8.939473684210526017e+01
9.028643076065756645e+01
8.928296256104178497e+01
8.845730397422126146e+01
8.990118152524168238e+01
8.795184210526315383e+01
9.060853379152348452e+01
8.980168204015193112e+01
9.131399416909620470e+01
9.027631578947368496e+01
9.150000000000000000e+01
9.154350490196078738e+01
8.873837868480725888e+01
9.067346938775510523e+01
8.964816283372984174e+01
8.947435190292333118e+01
8.960991919754806645e+01
8.919913185024417146e+01
9.065747380033094771e+01
8.912566174421844778e+01
9.037148372862658618e+01
8.974986210700495803e+01
9.094272623138601830e+01
9.155292397660818438e+01
8.970021703743896069e+01
9.058792341678939408e+01
8.949436090225563589e+01
9.016169289202387915e+01
8.998916204070843605e+01
9.012530712530713117e+01
9.037892995035852550e+01
9.075014577259474891e+01
9.043792517006802711e+01
8.864236964236964411e+01
8.970083333333333542e+01
8.825897435897435628e+01
9.028340548340548821e+01
8.858702702702703391e+01
9.092822966507176830e+01
8.916680316680316309e+01
