1.370620490620490557e+02
1.364657450076804821e+02
1.372400379506641457e+02
1.369623418652544729e+02
1.370126856435643674e+02
1.369741586538461604e+02
1.368249190938511219e+02
1.369862198559348485e+02
1.371977163461538396e+02
1.371115967365967379e+02
1.368613095238095241e+02
1.374294750158127840e+02
1.371503288443470012e+02
1.363367718446602055e+02
1.368568542568542625e+02
1.373155637254901933e+02
1.369408700980392268e+02
1.368848039215686185e+02
1.375079063883617891e+02
1.377045672309166378e+02
1.369296116504854410e+02
1.371061262376237551e+02
1.370242718446602055e+02
1.382600660066006526e+02
1.370914385556202717e+02
1.368779253636938620e+02
1.367654733009708821e+02
1.368146682897139499e+02
1.370881720430107578e+02
1.364347694174757351e+02
1.372098651960784252e+02
1.375977124183006595e+02
1.368216391509433834e+02
1.371092261904761926e+02
1.367066140776699115e+02
1.366089743589743648e+02
1.373194781553397945e+02
1.373714285714285666e+02
1.369132281553397945e+02
1.372730158730158792e+02
1.373986013986013859e+02
1.370036057692307736e+02
1.372874458874458981e+02
1.362614182692307736e+02
1.370309495192307736e+02
1.372961038961038867e+02
1.381617111650485299e+02
1.376395239586595665e+02
1.374220266990291179e+02
1.373697027197976013e+02
1.375679611650485299e+02
1.376747023809523682e+02
1.379456917475728233e+02
1.379833916083915994e+02
1.380281467425679978e+02
1.375194805194805099e+02
1.376299533799533776e+02
1.377855606758832607e+02
1.377893738140417383e+02
1.381321163366336577e+02
1.380376876397317290e+02
1.377723651960784252e+02
1.371397235576923208e+02
1.377988455988455883e+02
1.384730392156862706e+02
1.370082377169755716e+02
1.373684962835906163e+02
1.376894660894660944e+02
1.381975121359223238e+02
1.371747572815534113e+02
1.377287296037295903e+02
1.357536764705882320e+02
1.343469387755102105e+02
1.339279350104821731e+02
1.339945382323733725e+02
1.336614219114219111e+02
1.337522800823771831e+02
1.341603506787330389e+02
1.337013827596351803e+02
1.330395005096839895e+02
1.337229020979021072e+02
1.342424150485436769e+02
1.343225524475524537e+02
1.344218657159833583e+02
1.342472694174757351e+02
1.349344951923076792e+02
1.347666960870844264e+02
1.350044563279857357e+02
0.000000000000000000e+00
1.349520447190350012e+02
1.340726768377253677e+02
1.345281862745098067e+02
1.353942364824717686e+02
1.344087938205585147e+02
1.352293689320388239e+02
1.350061274509803866e+02
1.344393203883495005e+02
1.346335734419041614e+02
1.343916083916084006e+02
1.343680494263018659e+02
1.344174757281553525e+02
0.000000000000000000e+00
1.343906647807637853e+02
1.343071095571095555e+02
1.334922542735042725e+02
1.336308055628443867e+02
1.337839543269230660e+02
1.343145905420991824e+02
1.338189338235294201e+02
1.353540655339805880e+02
1.350942190993292797e+02
1.351695129664769013e+02
1.353943894389439038e+02
1.362124183006535816e+02
1.364485696895922047e+02
1.374437836306995280e+02
1.385146031746031667e+02
1.385666666666666629e+02
1.372622851974676053e+02
1.381602434077079238e+02
1.377449404761904646e+02
1.370999999999999943e+02
1.373947104117843878e+02
1.374499497823903482e+02
1.376568627450980387e+02
1.380660194174757294e+02
1.379959825912286533e+02
1.393389355742296800e+02
1.390285714285714391e+02
1.387711503347534858e+02
1.385933636955107318e+02
1.388174055829228166e+02
1.396773462783171453e+02
1.392538587848932536e+02
1.384563862928348783e+02
1.391628899835796460e+02
1.388012781497261017e+02
1.394669934640522797e+02
1.390373831775700921e+02
1.387371502927781250e+02
1.392701587301587267e+02
1.389717569786535307e+02
1.395142394822006509e+02
1.397100323624595433e+02
1.398944983818770140e+02
1.398190938511326920e+02
1.398880258899676505e+02
1.398556634304207194e+02
1.393998048145738551e+02
1.392875731945348150e+02
1.393161898965307444e+02
1.388573113207547181e+02
1.352153891859774149e+02
1.285873786407767057e+02
1.206383388338833953e+02
0.000000000000000000e+00
0.000000000000000000e+00
1.330729626360694340e+02
1.391627050552393712e+02
1.400384615384615472e+02
1.404573150318044839e+02
1.387005950516755490e+02
1.382505070993914842e+02
1.368201460742544100e+02
1.362533097969991047e+02
0.000000000000000000e+00
0.000000000000000000e+00
0.000000000000000000e+00
0.000000000000000000e+00
0.000000000000000000e+00
0.000000000000000000e+00
0.000000000000000000e+00
0.000000000000000000e+00
0.000000000000000000e+00
0.000000000000000000e+00
0.000000000000000000e+00
0.000000000000000000e+00
0.000000000000000000e+00
0.000000000000000000e+00
0.000000000000000000e+00
0.000000000000000000e+00
0.000000000000000000e+00
0.000000000000000000e+00
0.000000000000000000e+00
8.117654914529914834e+01
8.298450854700854507e+01
8.196145226355893953e+01
8.597066885964912331e+01
8.751684397163120366e+01
9.028232699200441402e+01
9.109088442756375059e+01
9.001951331496786679e+01
9.055081300813007772e+01
9.019121447028423688e+01
9.141609392898052988e+01
8.947553191489362234e+01
nan
9.085461274121067277e+01
9.088160569105690456e+01
9.038170103092782881e+01
8.856866666666667243e+01
8.828049886621315068e+01
9.001224489795917805e+01
8.937147716229348759e+01
8.993214193214193131e+01
9.051973849635403724e+01
9.057323232323231821e+01
nan
9.154391891891891930e+01
nan
nan
nan
nan
nan
nan
8.912059369202226833e+01
