9.552884399551065542e+01
9.732954545454545325e+01
9.874295432458697519e+01
9.843928571428571672e+01
9.702428571428571047e+01
9.826457725947521737e+01
9.765227272727273089e+01
9.880460321265883294e+01
1.004907407407407476e+02
9.919802677942212199e+01
9.908987308987309461e+01
9.940099282956425952e+01
nan
nan
9.912712215320911469e+01
9.988371579876434225e+01
9.870409982174687968e+01
nan
nan
9.717921440261865484e+01
9.764006791171476607e+01
9.579921052631578959e+01
0.000000000000000000e+00
9.378302675585284476e+01
9.229034280936454593e+01
9.195734208367514384e+01
8.998583964898284648e+01
9.004391707583197046e+01
0.000000000000000000e+00
0.000000000000000000e+00
0.000000000000000000e+00
0.000000000000000000e+00
0.000000000000000000e+00
0.000000000000000000e+00
0.000000000000000000e+00
0.000000000000000000e+00
0.000000000000000000e+00
1.253592683592683557e+02
1.250133022946458254e+02
1.223877419354838736e+02
1.231555413605876765e+02
1.229705970597059661e+02
1.233079037800687274e+02
1.241409438775510239e+02
1.242845598845598829e+02
1.232491749174917430e+02
nan
1.196724458204334383e+02
1.261144399460188907e+02
1.238209441128594648e+02
1.166798353909465078e+02
0.000000000000000000e+00
0.000000000000000000e+00
0.000000000000000000e+00
0.000000000000000000e+00
0.000000000000000000e+00
0.000000000000000000e+00
0.000000000000000000e+00
0.000000000000000000e+00
0.000000000000000000e+00
0.000000000000000000e+00
0.000000000000000000e+00
0.000000000000000000e+00
0.000000000000000000e+00
0.000000000000000000e+00
0.000000000000000000e+00
0.000000000000000000e+00
0.000000000000000000e+00
0.000000000000000000e+00
0.000000000000000000e+00
0.000000000000000000e+00
1.174285714285714306e+02
0.000000000000000000e+00
0.000000000000000000e+00
0.000000000000000000e+00
0.000000000000000000e+00
0.000000000000000000e+00
0.000000000000000000e+00
0.000000000000000000e+00
0.000000000000000000e+00
0.000000000000000000e+00
0.000000000000000000e+00
0.000000000000000000e+00
0.000000000000000000e+00
0.000000000000000000e+00
0.000000000000000000e+00
0.000000000000000000e+00
0.000000000000000000e+00
0.000000000000000000e+00
0.000000000000000000e+00
0.000000000000000000e+00
0.000000000000000000e+00
0.000000000000000000e+00
0.000000000000000000e+00
7.890347690710949280e+01
7.828473244968090228e+01
7.749736842105262724e+01
7.634647817460317754e+01
7.812414612414612236e+01
0.000000000000000000e+00
0.000000000000000000e+00
0.000000000000000000e+00
0.000000000000000000e+00
0.000000000000000000e+00
0.000000000000000000e+00
0.000000000000000000e+00
0.000000000000000000e+00
0.000000000000000000e+00
0.000000000000000000e+00
0.000000000000000000e+00
0.000000000000000000e+00
0.000000000000000000e+00
0.000000000000000000e+00
0.000000000000000000e+00
0.000000000000000000e+00
0.000000000000000000e+00
0.000000000000000000e+00
0.000000000000000000e+00
0.000000000000000000e+00
0.000000000000000000e+00
0.000000000000000000e+00
0.000000000000000000e+00
0.000000000000000000e+00
0.000000000000000000e+00
0.000000000000000000e+00
0.000000000000000000e+00
0.000000000000000000e+00
0.000000000000000000e+00
0.000000000000000000e+00
0.000000000000000000e+00
0.000000000000000000e+00
0.000000000000000000e+00
0.000000000000000000e+00
0.000000000000000000e+00
0.000000000000000000e+00
0.000000000000000000e+00
0.000000000000000000e+00
0.000000000000000000e+00
0.000000000000000000e+00
7.183953680727874769e+01
7.181075808249721604e+01
7.243478260869565588e+01
7.264759725400458024e+01
6.958948863636364024e+01
6.886433209647495346e+01
7.025057208237986117e+01
6.955670103092784018e+01
7.141230592294422763e+01
7.131635846372688547e+01
6.977249053030303116e+01
6.962799467613132265e+01
7.121440443213296589e+01
6.958124999999999716e+01
7.079523026315789025e+01
7.082099780701754810e+01
7.008744161909703507e+01
7.158466819221968080e+01
6.994947368421053113e+01
7.117047055508594156e+01
6.962157894736841968e+01
6.915686777920410577e+01
6.883014354066985163e+01
6.808225214198286324e+01
6.896719775070290837e+01
6.852724594992636753e+01
6.885269186712486089e+01
6.952163650668764205e+01
6.923191094619666330e+01
6.920495827196857874e+01
6.924242424242424931e+01
6.943926490363065795e+01
6.928888888888889142e+01
6.970545454545454334e+01
7.087437065451929641e+01
7.015690235690234999e+01
7.022312008978676090e+01
6.999887766554432744e+01
6.950136054421768961e+01
7.120265957446808613e+01
7.070022883295195015e+01
6.951954477981198011e+01
6.896451127819548788e+01
6.909361163820366869e+01
6.719907407407407618e+01
6.891513539651838016e+01
6.810309017223910644e+01
6.864330827067669816e+01
6.811604938271605647e+01
0.000000000000000000e+00
0.000000000000000000e+00
0.000000000000000000e+00
0.000000000000000000e+00
6.574577702702703164e+01
6.652252816020025250e+01
6.647679683078663970e+01
6.698936170212765262e+01
6.740901455767077266e+01
6.611374269005847282e+01
6.693876941457587293e+01
6.586660879629629051e+01
6.772222222222222854e+01
6.860294117647059409e+01
0.000000000000000000e+00
0.000000000000000000e+00
0.000000000000000000e+00
0.000000000000000000e+00
0.000000000000000000e+00
0.000000000000000000e+00
0.000000000000000000e+00
0.000000000000000000e+00
0.000000000000000000e+00
0.000000000000000000e+00
0.000000000000000000e+00
0.000000000000000000e+00
0.000000000000000000e+00
0.000000000000000000e+00
0.000000000000000000e+00
0.000000000000000000e+00
0.000000000000000000e+00
0.000000000000000000e+00
0.000000000000000000e+00
0.000000000000000000e+00
0.000000000000000000e+00
0.000000000000000000e+00
0.000000000000000000e+00
0.000000000000000000e+00
0.000000000000000000e+00
0.000000000000000000e+00
0.000000000000000000e+00
0.000000000000000000e+00
0.000000000000000000e+00
0.000000000000000000e+00
0.000000000000000000e+00
0.000000000000000000e+00
0.000000000000000000e+00
0.000000000000000000e+00
6.587725040916529906e+01
0.000000000000000000e+00
0.000000000000000000e+00
6.684847613571017177e+01
6.621153846153846700e+01
6.602375168690957707e+01
0.000000000000000000e+00
0.000000000000000000e+00
0.000000000000000000e+00
0.000000000000000000e+00
6.670000000000000284e+01
6.719893617021276100e+01
6.665061936936936604e+01
6.705347144456887065e+01
6.708690958164642382e+01
6.656250000000000000e+01
6.868214756258234388e+01
6.691828254847645496e+01
6.713087606837606813e+01
6.717000871839582032e+01
6.787304625199361396e+01
6.784458398744112628e+01
6.756656346749225861e+01
6.882748948106592479e+01
6.844542483660130472e+01
6.819174603174603533e+01
6.866936026936026849e+01
6.797058823529411598e+01
6.796574014221073412e+01
6.941273408239700871e+01
6.873408239700374622e+01
6.739582664526484734e+01
6.753058676654181625e+01
6.772532467532467138e+01
6.687694805194804815e+01
0.000000000000000000e+00
0.000000000000000000e+00
0.000000000000000000e+00
0.000000000000000000e+00
0.000000000000000000e+00
0.000000000000000000e+00
0.000000000000000000e+00
0.000000000000000000e+00
0.000000000000000000e+00
0.000000000000000000e+00
0.000000000000000000e+00
0.000000000000000000e+00
0.000000000000000000e+00
0.000000000000000000e+00
7.148826945412311318e+01
0.000000000000000000e+00
7.007590608616366978e+01
7.009069865319865755e+01
7.005094130675526287e+01
7.155109878387027322e+01
7.219805194805195470e+01
7.256325891108500059e+01
7.389038461538461888e+01
7.207346938775509670e+01
0.000000000000000000e+00
0.000000000000000000e+00
0.000000000000000000e+00
7.301792009400705297e+01
7.162440898345153073e+01
7.226549707602339367e+01
7.388185307017543835e+01
7.453234649122806843e+01
0.000000000000000000e+00
7.645670172298052591e+01
0.000000000000000000e+00
7.565116279069766847e+01
7.601806972789115946e+01
7.543795019551347991e+01
7.171112999150382450e+01
7.617318594104308715e+01
7.471994459833794622e+01
7.492210526315788854e+01
7.523958333333332860e+01
0.000000000000000000e+00
7.570189070189070435e+01
7.656052631578947398e+01
7.597766323024055168e+01
0.000000000000000000e+00
0.000000000000000000e+00
0.000000000000000000e+00
0.000000000000000000e+00
7.654282828282828177e+01
7.746358051777095000e+01
7.665100815100815623e+01
7.804086538461538680e+01
7.591322901849217430e+01
7.588400900900900581e+01
0.000000000000000000e+00
0.000000000000000000e+00
0.000000000000000000e+00
0.000000000000000000e+00
0.000000000000000000e+00
0.000000000000000000e+00
0.000000000000000000e+00
0.000000000000000000e+00
0.000000000000000000e+00
7.382975759264418514e+01
0.000000000000000000e+00
0.000000000000000000e+00
7.473460216759185926e+01
7.473502368347729430e+01
7.410275900900900581e+01
0.000000000000000000e+00
0.000000000000000000e+00
7.622767857142856940e+01
7.565610207861699621e+01
7.531228222996516308e+01
7.788860252004582208e+01
7.484588844163312160e+01
7.796284965034965353e+01
7.677840083073728294e+01
7.820952380952381588e+01
0.000000000000000000e+00
7.573752045826513779e+01
7.384981525755270582e+01
7.509169435215946464e+01
7.536760812003529963e+01
7.452095973524545514e+01
0.000000000000000000e+00
0.000000000000000000e+00
0.000000000000000000e+00
0.000000000000000000e+00
7.093543543543543706e+01
7.022880658436214674e+01
0.000000000000000000e+00
0.000000000000000000e+00
0.000000000000000000e+00
0.000000000000000000e+00
6.987466307277628630e+01
0.000000000000000000e+00
0.000000000000000000e+00
0.000000000000000000e+00
0.000000000000000000e+00
0.000000000000000000e+00
0.000000000000000000e+00
0.000000000000000000e+00
0.000000000000000000e+00
0.000000000000000000e+00
0.000000000000000000e+00
0.000000000000000000e+00
0.000000000000000000e+00
0.000000000000000000e+00
0.000000000000000000e+00
0.000000000000000000e+00
0.000000000000000000e+00
0.000000000000000000e+00
0.000000000000000000e+00
7.298480243161094450e+01
7.500871839581516554e+01
0.000000000000000000e+00
7.458466898954704050e+01
7.461882716049382225e+01
7.451907894736842763e+01
7.503028350515464240e+01
7.598614958448753498e+01
nan
0.000000000000000000e+00
0.000000000000000000e+00
7.276643668831168554e+01
7.293556646042245006e+01
7.370138339920949022e+01
7.299751580849141419e+01
7.366583086391611346e+01
7.195515151515151331e+01
7.226115702479339120e+01
0.000000000000000000e+00
7.090765765765765138e+01
7.166406926406926914e+01
0.000000000000000000e+00
0.000000000000000000e+00
0.000000000000000000e+00
0.000000000000000000e+00
7.042792792792792511e+01
7.029540665823851953e+01
6.997509829619922073e+01
7.003016528925620321e+01
6.982121279928395552e+01
6.958851875130945075e+01
6.929365079365079794e+01
6.953592687074829826e+01
0.000000000000000000e+00
0.000000000000000000e+00
0.000000000000000000e+00
6.960732323232323893e+01
6.871776859504132062e+01
6.963494772775763408e+01
6.906219008264463355e+01
6.856919642857143060e+01
6.842363792363792641e+01
7.023261904761905328e+01
7.014700854700855359e+01
6.873206839032526716e+01
0.000000000000000000e+00
0.000000000000000000e+00
0.000000000000000000e+00
0.000000000000000000e+00
0.000000000000000000e+00
0.000000000000000000e+00
0.000000000000000000e+00
0.000000000000000000e+00
0.000000000000000000e+00
6.886318877016550744e+01
6.941921296296295907e+01
0.000000000000000000e+00
6.827029220779220964e+01
0.000000000000000000e+00
6.947345326897762163e+01
6.893181818181818699e+01
6.833367940199335067e+01
6.970892774965486183e+01
6.931097560975609895e+01
6.948598130841121190e+01
7.290876288659794113e+01
6.840780998389693934e+01
6.903801652892562402e+01
6.882546430968896800e+01
6.866075896580483118e+01
6.907568710359407760e+01
6.870637860082304371e+01
6.965659639208867304e+01
6.988794926004227648e+01
6.879033579033578860e+01
6.973949221250266817e+01
6.902922077922077904e+01
7.137764514378730496e+01
6.722784280936454593e+01
6.897351959966638901e+01
6.927104377104376454e+01
6.895371900826445710e+01
7.186868958109559458e+01
6.850987654320987019e+01
6.867057613168724117e+01
7.092274305555555713e+01
6.990654205607476968e+01
6.885155610155609907e+01
6.781501976284584998e+01
6.952104377104376454e+01
7.084781341107871810e+01
6.842360791532443898e+01
7.212962962962963331e+01
7.127405247813410938e+01
6.739443979933110995e+01
6.785947712418300171e+01
7.131281565656566102e+01
7.073619447779111624e+01
7.144889543446244318e+01
7.151100585121203324e+01
7.110661964188822992e+01
7.153920649796938847e+01
7.087568223165554571e+01
7.059348007801615665e+01
7.113166421207658630e+01
7.057900874635568300e+01
7.004351740696279194e+01
6.807809983896940764e+01
6.864335520918785960e+01
7.049101620029455262e+01
7.107446221731936475e+01
7.123235527359238972e+01
7.143122238586155959e+01
6.842970769536687214e+01
6.826703103650204696e+01
0.000000000000000000e+00
6.930670995670995183e+01
6.837815656565656752e+01
6.802438033319788246e+01
0.000000000000000000e+00
6.944331526648599606e+01
6.827463002114164681e+01
0.000000000000000000e+00
0.000000000000000000e+00
6.892150673400674066e+01
0.000000000000000000e+00
6.817366255144033005e+01
0.000000000000000000e+00
0.000000000000000000e+00
0.000000000000000000e+00
6.914550264550264558e+01
0.000000000000000000e+00
6.974074074074074758e+01
6.951490876724521684e+01
0.000000000000000000e+00
0.000000000000000000e+00
6.981619937694703992e+01
6.915866209262435405e+01
6.894838572642311192e+01
6.789830177630294372e+01
6.881694433157252888e+01
7.345945220193340219e+01
6.830826446280991604e+01
6.889392033542976890e+01
7.300496414782129762e+01
6.801511111111111063e+01
6.844475468687674891e+01
6.879040196882691305e+01
7.122768777614138003e+01
7.123438447543965424e+01
7.158783783783783861e+01
7.062167125803489398e+01
7.165894868585732524e+01
7.141554433221099885e+01
7.094177671068428026e+01
7.143905895691609942e+01
7.179263622974963255e+01
6.705360867751355158e+01
7.172665684830633381e+01
7.129008746355684423e+01
6.803160017929180015e+01
7.057871720116618519e+01
7.124648547328959580e+01
7.094177671068428026e+01
7.113058419243986918e+01
7.011929307805596068e+01
6.727407407407407902e+01
7.083877551020408703e+01
7.130427991252733477e+01
6.670873786407767625e+01
7.039722222222222570e+01
7.006150793650793673e+01
7.143731778425656387e+01
7.178303571428571672e+01
7.098969072164948102e+01
nan
7.127813411078717820e+01
nan
6.766232558139535058e+01
6.850765076507650519e+01
7.105419734904270967e+01
6.789635485287659833e+01
6.769860465116279613e+01
7.114508928571429180e+01
7.092845985629490713e+01
7.151952514839112496e+01
7.026435786435786213e+01
7.066980854197349515e+01
7.107378335949763937e+01
7.022711968166512975e+01
7.047311827956988850e+01
7.030162064825930202e+01
7.079115397406052068e+01
7.041297756215888626e+01
7.116877761413843473e+01
7.037113997113996788e+01
7.096517857142856656e+01
7.046638655462184886e+01
7.103971354166667140e+01
7.055300245098038658e+01
6.716023875114784403e+01
7.052639800062480901e+01
7.071622474747475451e+01
7.033210784313725128e+01
7.099516752577319778e+01
7.026507499234772069e+01
7.049575500303214426e+01
7.034138438880707156e+01
7.006842737094838469e+01
7.080334595959595845e+01
7.082075157964749224e+01
6.988496071829405309e+01
7.062492269635126263e+01
7.114366478217492329e+01
7.075330132052820886e+01
7.057302295918367463e+01
7.003000594177065352e+01
7.094959802102658841e+01
7.079848484848484702e+01
7.112594752186589631e+01
7.146237244897959329e+01
7.166986794717887221e+01
7.125497398224671031e+01
7.207925257731959334e+01
7.161449547016557915e+01
7.226776960784313530e+01
7.167677696078430927e+01
7.190389784946236773e+01
nan
7.190220913107511080e+01
7.081144781144780609e+01
7.091236494597839624e+01
7.106156462585033751e+01
7.126900773195876582e+01
7.055007215007215393e+01
7.137946428571429180e+01
7.053344671201814720e+01
7.043587389041934443e+01
7.101182534869617768e+01
6.804318936877076851e+01
7.091856060606060908e+01
7.047089460784313530e+01
7.085906862745098067e+01
7.128044766293614032e+01
7.108491161616161946e+01
7.056997084548105192e+01
7.001782531194295700e+01
7.049575500303214426e+01
7.103998750390502437e+01
7.032271165260856094e+01
7.023840445269016186e+01
7.063131313131313505e+01
7.104415584415583851e+01
7.096527777777777146e+01
7.098892128279882741e+01
7.124598930481283787e+01
7.116236494597839624e+01
7.095781342840166417e+01
7.188293650793650613e+01
7.146822157434402811e+01
7.164075630252101234e+01
7.124273664479849799e+01
7.109183673469387088e+01
6.997691197691197829e+01
7.116772959183673208e+01
7.062371134020618513e+01
7.048276877761414028e+01
7.048284313725490335e+01
7.183192982456139930e+01
7.001595744680851396e+01
7.111523437500000000e+01
7.079381443298969145e+01
7.082560483870967971e+01
7.036054421768707812e+01
7.032333645735707250e+01
7.042955326460480592e+01
6.928744369369368883e+01
7.034137291280148929e+01
7.005879074951239716e+01
7.027926015767131673e+01
6.986450662739322581e+01
7.061225658648339731e+01
7.035299744897959329e+01
7.049548969072165505e+01
7.056369047619047308e+01
6.994432989690722025e+01
6.970014727540500132e+01
6.877575231481480955e+01
7.072365196078430927e+01
7.044511278195489012e+01
6.990456553755522862e+01
7.018928571428571672e+01
6.977634803921569073e+01
7.033869047619047876e+01
7.007346938775509670e+01
6.999793814432989336e+01
6.982351290684624701e+01
7.047201166180758491e+01
7.017436974789916349e+01
7.031352334748332567e+01
6.985028571428571809e+01
7.051852846401718011e+01
6.993294051627384533e+01
6.999913419913420398e+01
7.079162761636987966e+01
7.042507288629737161e+01
7.078811524609844241e+01
7.037614138438880218e+01
7.043702623906705185e+01
7.025780312124850013e+01
7.006731352334747953e+01
7.007273768613974596e+01
7.033236151603497888e+01
7.080353460972017388e+01
7.040845481049562693e+01
6.978989898989898677e+01
7.010751104565537162e+01
6.967259475218658338e+01
7.031214203894616332e+01
7.045510204081632821e+01
6.778693915903218681e+01
7.066506602641057100e+01
7.060500736377025532e+01
7.044242424242423795e+01
6.773790697674418482e+01
7.012554112554111896e+01
7.009753901560624456e+01
7.042325315005727759e+01
7.056763848396501260e+01
7.059753901560624456e+01
7.093571861734383788e+01
7.118212739641310804e+01
7.152764761012183214e+01
nan
7.077308558558559071e+01
nan
7.093981610476456012e+01
6.724343521308652782e+01
7.071370851370851085e+01
7.110670553935860028e+01
7.183838383838383379e+01
7.085531914893617511e+01
6.898868312757201693e+01
6.872101449275362484e+01
7.316049999999999898e+01
7.268769230769230205e+01
7.097672064777327705e+01
7.307496012759170867e+01
7.155670103092784018e+01
7.100623885918002998e+01
7.166503747148908587e+01
7.250130208333332860e+01
6.904200284765069284e+01
7.243955342902711436e+01
7.409457053849577335e+01
7.474110576923077076e+01
7.357032140414861487e+01
7.283987538940809259e+01
7.116411960132890613e+01
7.192612570356472190e+01
7.529385964912280826e+01
7.423896378535553708e+01
7.318617343844753975e+01
7.407922979797979224e+01
7.488120567375887049e+01
7.347667638483964936e+01
7.446384803921569073e+01
7.365624060150375385e+01
0.000000000000000000e+00
7.337706185567010664e+01
0.000000000000000000e+00
0.000000000000000000e+00
0.000000000000000000e+00
0.000000000000000000e+00
0.000000000000000000e+00
0.000000000000000000e+00
7.747997496871089140e+01
7.882588904694168264e+01
7.720170697012802918e+01
7.624720893141946476e+01
7.711315789473684390e+01
7.562910216718266554e+01
7.511315789473684390e+01
7.543319838056680737e+01
7.641805635422656451e+01
7.695781637717121271e+01
7.669403714565004293e+01
7.799145299145298793e+01
7.795340501792114196e+01
7.794237588652482884e+01
7.781517027863776548e+01
7.742087765957447232e+01
7.508386752136752307e+01
7.696774193548387188e+01
7.708333333333332860e+01
7.817149758454105779e+01
7.758303782505910817e+01
7.817949471210340562e+01
7.440221483942414693e+01
7.982074303405572380e+01
7.561493738819319788e+01
7.967623873873873208e+01
7.973339658444022859e+01
7.923900928792569687e+01
7.956930091185409992e+01
8.010744047619047592e+01
7.931190476190475636e+01
7.980233236151603649e+01
7.990662739322533525e+01
7.997309941520467191e+01
7.868178973717147073e+01
7.924872180451127690e+01
7.859005847953216062e+01
0.000000000000000000e+00
0.000000000000000000e+00
0.000000000000000000e+00
0.000000000000000000e+00
0.000000000000000000e+00
7.592367753269569164e+01
7.620835881753312435e+01
7.812060863727903381e+01
7.949979338842975096e+01
8.141074766355140468e+01
8.221100917431192556e+01
8.097965367965367989e+01
7.918009020618556804e+01
8.030960051546391298e+01
7.966635101010101039e+01
7.911815476190476204e+01
7.971661793372319949e+01
7.924615384615384528e+01
7.929695767195767075e+01
7.935905349794238361e+01
8.016028037383178173e+01
7.890221107818554458e+01
7.776445347786811624e+01
7.783284851197136334e+01
7.770489510489510110e+01
7.754239766081870755e+01
7.843584905660377160e+01
7.878025401389886895e+01
7.808381374722837620e+01
7.770862470862471127e+01
7.900636792452830548e+01
7.708697788697789122e+01
7.965638888888888403e+01
7.729843304843305418e+01
7.955082742316784561e+01
7.855257731958762690e+01
7.971608187134502543e+01
7.850000000000000000e+01
7.804327485380116514e+01
7.794917293233082489e+01
8.058450484223679666e+01
7.843095238095237676e+01
7.888966565349544169e+01
7.865093167701863308e+01
0.000000000000000000e+00
0.000000000000000000e+00
0.000000000000000000e+00
0.000000000000000000e+00
0.000000000000000000e+00
0.000000000000000000e+00
0.000000000000000000e+00
0.000000000000000000e+00
0.000000000000000000e+00
0.000000000000000000e+00
0.000000000000000000e+00
0.000000000000000000e+00
0.000000000000000000e+00
0.000000000000000000e+00
0.000000000000000000e+00
0.000000000000000000e+00
0.000000000000000000e+00
0.000000000000000000e+00
0.000000000000000000e+00
0.000000000000000000e+00
0.000000000000000000e+00
0.000000000000000000e+00
0.000000000000000000e+00
1.301697478991596597e+02
1.256980071538068415e+02
0.000000000000000000e+00
0.000000000000000000e+00
0.000000000000000000e+00
0.000000000000000000e+00
0.000000000000000000e+00
0.000000000000000000e+00
0.000000000000000000e+00
0.000000000000000000e+00
1.106452020202020208e+02
0.000000000000000000e+00
1.106950934579439263e+02
1.113253205128205110e+02
1.131987301587301573e+02
1.129767904509283767e+02
1.133193277310924429e+02
1.139122208436724577e+02
1.139895199459093931e+02
1.150954738330975999e+02
1.173515151515151445e+02
1.167487593052109247e+02
1.167809523809523853e+02
1.177117647058823593e+02
1.175912286575158987e+02
1.183141914191419204e+02
1.179678160919540204e+02
1.189822564445932329e+02
1.202879084967320296e+02
1.237978363759296769e+02
1.238524271844660234e+02
1.252751633986928113e+02
1.269155115511551202e+02
1.298488843813387348e+02
1.306729372937293761e+02
1.325524271844660120e+02
1.341620354871108134e+02
1.355560897435897516e+02
1.368598901098901024e+02
1.375965986394557774e+02
1.383877683799609599e+02
1.375898193760262700e+02
1.379967948717948616e+02
1.374441176470588175e+02
1.377359477124182945e+02
1.383060897435897516e+02
1.381833333333333371e+02
1.392526143790849744e+02
1.388467406380027853e+02
1.386078431372548891e+02
1.388362041966802281e+02
1.374063556457065545e+02
1.377816666666666663e+02
1.388287581699346447e+02
1.411130952380952408e+02
1.409337390128465302e+02
0.000000000000000000e+00
1.383381226053639921e+02
1.402821212121212113e+02
1.379329999999999927e+02
1.378103448275862206e+02
1.375895424836601251e+02
1.367567656765676531e+02
1.355844033823989889e+02
1.351600375822110891e+02
1.350195409429280460e+02
1.346770226537216786e+02
1.342260315533980588e+02
1.351473333333333358e+02
1.351869070208728658e+02
1.352573333333333210e+02
1.357425742574257299e+02
1.352518382352941160e+02
1.358019417475728119e+02
1.343658980582524407e+02
1.345986352357320186e+02
1.353842504743832933e+02
1.358483333333333292e+02
1.357722960151802738e+02
1.356714743589743648e+02
1.362229437229437110e+02
1.362615433270082121e+02
1.368699214749061071e+02
1.361802109181141418e+02
1.356258928571428442e+02
1.364509865330410321e+02
1.354578163771712127e+02
1.363870550161812218e+02
1.357958730158730134e+02
1.365139152435167489e+02
1.365215517241379359e+02
1.372152666879591152e+02
1.365937989351706960e+02
1.369761290322580578e+02
1.368546723300970882e+02
1.376679738562091586e+02
1.381289655172413688e+02
1.372874587458745737e+02
1.365578747628083534e+02
1.366604975728155296e+02
1.376695526695526723e+02
1.371550868486352499e+02
1.381778877887788894e+02
1.380421568627450881e+02
1.379297029702970292e+02
1.377114478114478118e+02
1.386863333333333230e+02
1.382759856630824231e+02
1.371423333333333403e+02
1.377545072115384528e+02
1.373272332506203384e+02
1.377597870341371618e+02
1.371412180052956842e+02
1.388858585858585855e+02
1.369898798228969099e+02
1.374889705882353041e+02
1.375082994049483318e+02
1.372644230769230660e+02
1.378673267326732628e+02
1.378569023569023670e+02
1.361912903225806417e+02
1.326105769230769340e+02
1.330664901441600421e+02
1.348405887879737008e+02
1.362425679949399182e+02
1.373379537953795477e+02
1.362724514563106766e+02
1.369867172675521942e+02
1.368011274663326162e+02
1.371970297029702976e+02
1.367690833599488940e+02
1.368825120192307736e+02
1.365118685331710253e+02
1.368380833072345695e+02
1.372763333333333264e+02
1.362360421836228284e+02
1.363722222222222342e+02
1.364297648514851460e+02
1.365699968681490759e+02
1.362333965844402144e+02
1.364186893203883528e+02
1.366641383495145590e+02
1.362716635041113307e+02
1.369545161290322710e+02
1.363264132864899523e+02
1.360109614782336394e+02
1.363053839364519035e+02
1.355606796116504995e+02
1.356802380206702026e+02
1.365531778984349955e+02
1.358641826923076792e+02
1.363798679867986721e+02
1.356730769230769340e+02
1.359244538834951470e+02
1.362645833333333201e+02
1.364298323036187242e+02
1.364602240896358580e+02
1.369245098039215804e+02
1.369264705882353041e+02
1.362280321782178305e+02
1.362548543689320297e+02
1.370012406947890895e+02
1.360944055944056004e+02
1.361859830097087354e+02
1.364606079404466641e+02
1.362868686868687007e+02
1.364938928906983904e+02
1.358668157138294532e+02
1.358899430740037815e+02
1.360343042071197317e+02
1.359100323624595603e+02
1.360630363036303550e+02
1.355893217893217866e+02
1.354328589108910990e+02
1.357792079207920892e+02
1.364306451612903288e+02
1.365780645161290181e+02
1.356815268065268185e+02
1.363893105629348383e+02
1.361008855154965147e+02
1.361342261904761983e+02
1.367273927392739381e+02
1.368031850961538396e+02
1.370742574257425872e+02
1.374177579048227358e+02
1.362085561497326296e+02
1.362035800970873822e+02
1.371909034653465369e+02
1.368553084873159946e+02
1.370191140776699115e+02
1.371036642655809601e+02
1.361636363636363569e+02
1.361503607503607611e+02
1.363005514705882320e+02
1.365794683257918507e+02
1.361336219336219244e+02
1.364854312354312356e+02
1.358823529411764639e+02
1.364185049019607732e+02
1.362933372641509493e+02
1.359291958041958139e+02
1.363030946601941764e+02
1.363093196112064049e+02
1.369163602941176521e+02
1.362509014423076792e+02
1.362837456937049865e+02
1.365498798076923208e+02
1.366422936893203826e+02
1.365446288756655235e+02
1.366183252427184414e+02
1.363566997518610435e+02
1.367112379807692264e+02
1.368218149038461604e+02
1.369736043689320297e+02
1.364298406862745026e+02
1.368329004329004306e+02
1.369956709956709915e+02
1.370756132756132786e+02
1.372793650793650784e+02
