8.981116722783389150e+01
8.851837837837837242e+01
8.950878684807256036e+01
8.861166666666666458e+01
8.996767676767676392e+01
9.042970521541950291e+01
8.875241675617616011e+01
9.056480970766685346e+01
8.989713182570325500e+01
8.756149999999999523e+01
8.945270270270270885e+01
9.029713804713804848e+01
9.006637806637806420e+01
9.095074455899198540e+01
9.000600600600600387e+01
9.079966329966329397e+01
9.080836139169473142e+01
9.031742857142856451e+01
9.061734693877551194e+01
9.100345560871876671e+01
8.973582766439909619e+01
9.052554112554112464e+01
9.076783783783783122e+01
9.120132377275234603e+01
9.134378378378377761e+01
9.198484848484848442e+01
8.978019856591285475e+01
8.973765432098765871e+01
8.876599326599325934e+01
8.923469387755102389e+01
9.007760595647194179e+01
8.855842105263157293e+01
8.846885714285714641e+01
8.969101620029455546e+01
8.969602356406480226e+01
8.806815578465062799e+01
8.889843750000000000e+01
8.881385281385281871e+01
8.648239148239147767e+01
8.724481658692185704e+01
8.848799519807923275e+01
8.826823793490460446e+01
8.828593086719223493e+01
8.787304860088364933e+01
8.714938862307283785e+01
8.774875896304467915e+01
8.918864468864468620e+01
8.792626367899947581e+01
8.837947037947037643e+01
8.840347490347490123e+01
8.940818440818441104e+01
8.718019801980197769e+01
8.505128205128205821e+01
8.900238095238094616e+01
8.897166105499438515e+01
8.608301599390708247e+01
8.624041634932723355e+01
8.839138888888888346e+01
8.877581369248035514e+01
8.898100907029478890e+01
8.908275285594872628e+01
8.487378640776698546e+01
8.911297182349814250e+01
8.954917597022860321e+01
8.940154440154439897e+01
8.831174739095531834e+01
8.798046561412897404e+01
8.961849261849262405e+01
8.945640074211502224e+01
8.872138047138047057e+01
8.858361391694724318e+01
8.929352346999405654e+01
8.774101307189542354e+01
8.831999999999999318e+01
8.917609361939258861e+01
8.857040998217469507e+01
8.921459492888064347e+01
8.806999999999999318e+01
8.974833232261977400e+01
8.632458419958419427e+01
8.817864357864357316e+01
8.952400589101620199e+01
8.825906249999999886e+01
8.908733493397359382e+01
8.936223344556677262e+01
8.919562682215743621e+01
8.884531024531024457e+01
8.843069306930692619e+01
8.846753246753246458e+01
8.965950744558992369e+01
8.939106453392167850e+01
8.866079158936301496e+01
8.647849190283400844e+01
8.929083333333333883e+01
8.955992268041237025e+01
8.901445578231292188e+01
8.820086580086579886e+01
8.926874999999999716e+01
8.840909090909090651e+01
8.949808541973490605e+01
8.968384879725086023e+01
8.924631519274376501e+01
8.818297258297258168e+01
8.953071253071253466e+01
8.916571116571117273e+01
9.014763157894736878e+01
8.883485714285714607e+01
8.873737373737374412e+01
8.910578002244669449e+01
8.875140291806958714e+01
8.904886704886705218e+01
8.922527777777777658e+01
8.962918918918919076e+01
8.904250000000000398e+01
8.960022909507445377e+01
8.888542568542568745e+01
8.926890034364261339e+01
8.911961451247165655e+01
8.911695906432748870e+01
8.932101947308133560e+01
8.968983799705449655e+01
8.935487528344671659e+01
8.942798232695139404e+01
9.000737100737100604e+01
8.988168781025923693e+01
8.903815937149271065e+01
8.969842105263157350e+01
9.030500000000000682e+01
8.919874419874419402e+01
8.852034632034632011e+01
8.957131388814556772e+01
8.874402332361516699e+01
8.862008978675645210e+01
8.859583333333333144e+01
8.859971139971139564e+01
8.893629343629343964e+01
8.875568513119533520e+01
8.794166666666666288e+01
8.889000000000000057e+01
8.852565597667638997e+01
8.981366294524188731e+01
8.969973684210526699e+01
8.895776643990929244e+01
8.984356384356384240e+01
8.870011337868480439e+01
8.897085137085137774e+01
8.833883553421368617e+01
8.850822510822510480e+01
8.921885125184094534e+01
8.868571428571428328e+01
8.825519904931670112e+01
8.790852974186307733e+01
8.777693602693602770e+01
8.811137026239066472e+01
8.795160349854226922e+01
8.860011574074074758e+01
8.861957908163265074e+01
8.807239057239057445e+01
8.794750000000000512e+01
8.864975990396158068e+01
8.933531746031745513e+01
8.974548104956268446e+01
8.888138528138527761e+01
8.927952871870397189e+01
9.021622474747475451e+01
8.918558009647118467e+01
8.988435374149659651e+01
8.839783783783784088e+01
8.841228571428571570e+01
8.853781512605041826e+01
8.878541666666666288e+01
8.770342312008978070e+01
8.834256559766764383e+01
8.855702702702703277e+01
8.826734693877550342e+01
8.852425712553062453e+01
8.902941176470588402e+01
8.934868804664722575e+01
8.848152233866520078e+01
8.860320699708454129e+01
8.900028636884306366e+01
8.805685131195335202e+01
8.875947521865889200e+01
8.621160130718953951e+01
8.891498316498316967e+01
8.945464852607709361e+01
8.881572481572482047e+01
8.802108108108107842e+01
8.866105499438832283e+01
8.889948453608246837e+01
8.580965763924373846e+01
8.925689325689326381e+01
8.834916666666666174e+01
8.851399711399712089e+01
8.973928473928474148e+01
8.949840510366826152e+01
8.682186234817814352e+01
8.826916666666666345e+01
8.900540216086434953e+01
8.842499999999999716e+01
8.824244046026224453e+01
8.856065759637188251e+01
8.823838383838383947e+01
8.802770562770562890e+01
8.720721500721501229e+01
8.565476810838978849e+01
8.899375000000000568e+01
8.823140495867768607e+01
8.864073164073164435e+01
8.463031376518217996e+01
8.830699708454810093e+01
8.770888888888889312e+01
8.853211284513805879e+01
8.931329288472146288e+01
8.713771428571428146e+01
8.897527777777777658e+01
8.847394957983193819e+01
8.997201166180758491e+01
8.850785634118967948e+01
8.863035763035763637e+01
8.931999999999999318e+01
8.908562428407789469e+01
8.862768891340320465e+01
8.836139455782313235e+01
8.893564511090283986e+01
8.982426303854875016e+01
8.811676470588234622e+01
8.856642120765832260e+01
9.002890011223344402e+01
9.152339181286549774e+01
8.858947368421053170e+01
8.864973262032086154e+01
8.789376505218089619e+01
8.979825072886296766e+01
8.983792892156863275e+01
8.834112554112553539e+01
8.933411078717200837e+01
9.055592105263157521e+01
9.146767241379311031e+01
8.954779411764705799e+01
9.068359375000000000e+01
8.891458026509572221e+01
9.032015931372548323e+01
8.839504373177842922e+01
8.954795376444860722e+01
9.019837550765386425e+01
8.726323529411764923e+01
9.003906705539358768e+01
9.011661807580175321e+01
8.746956046956046293e+01
8.981311953352769706e+01
9.001000606428138440e+01
8.948896856039712588e+01
9.047261904761904816e+01
8.815759637188209297e+01
8.862665066026410443e+01
8.946969696969696884e+01
8.848075801749271818e+01
8.856297376093294815e+01
8.868157262905161531e+01
8.904357864357864116e+01
9.051224226804123418e+01
8.679252782193958637e+01
9.001620648259303437e+01
8.984548104956267878e+01
9.039891179839634106e+01
8.918804664723032261e+01
9.062574195563885837e+01
9.116540404040404155e+01
9.061011904761905100e+01
8.867099567099566571e+01
9.119932088285229099e+01
8.875348075348075838e+01
9.073402061855669842e+01
9.018283808368708776e+01
8.977918069584735861e+01
9.043753865182436869e+01
8.920699708454810661e+01
8.840583090379008979e+01
8.996237244897959329e+01
8.918950437317784008e+01
8.837420665143437759e+01
9.097474747474747403e+01
8.882111111111110802e+01
9.054026754026753565e+01
8.987621621621622126e+01
8.885656565656564965e+01
8.837028571428571411e+01
8.910742857142857076e+01
9.026374859708192844e+01
9.035110456553755398e+01
8.812034632034631443e+01
8.878941176470588914e+01
9.017697594501717617e+01
9.029714978775015766e+01
8.866342857142856815e+01
8.891099773242630988e+01
8.933701814058956359e+01
8.819110019110019039e+01
8.917200577200577527e+01
9.061875000000000568e+01
8.751094319958311019e+01
8.923447368421052772e+01
8.896008403361344108e+01
8.973456790123456983e+01
8.834731934731934189e+01
8.772297297297296836e+01
9.006958762886597469e+01
8.806166666666666742e+01
8.939029180695847288e+01
8.777552631578947739e+01
8.727301587301587915e+01
8.793015788065292782e+01
8.903055555555555145e+01
8.835441176470588687e+01
8.846435786435786497e+01
8.826323529411764923e+01
9.185962185962185345e+01
8.893847539015605719e+01
9.059702850212249814e+01
8.932640692640693203e+01
9.083402061855670695e+01
8.990627928772258315e+01
8.783417508417508657e+01
8.958494208494208522e+01
8.908885714285713675e+01
8.918658810325476338e+01
9.076268221574343897e+01
8.872268907563025664e+01
9.157942636514064816e+01
8.983271490414347227e+01
9.028229229836264835e+01
9.077805077805078326e+01
8.905829725829725874e+01
8.951222222222222058e+01
8.862186588921282748e+01
8.905187074829932214e+01
8.864138888888888346e+01
8.866615892358466056e+01
8.854914285714285427e+01
9.003872053872053982e+01
9.004938271604937938e+01
9.041783783783783690e+01
8.817216721672167523e+01
9.019837837837837924e+01
8.936324324324324664e+01
9.014343434343435035e+01
8.952729729729729513e+01
8.798282051282050986e+01
8.773432432432431938e+01
8.811757425742574412e+01
9.100230769230769567e+01
8.887888888888889483e+01
8.725394701632325223e+01
9.008726150392817544e+01
8.666151960784313246e+01
8.989888888888889085e+01
8.793720687858260021e+01
8.910371428571428964e+01
9.014985422740524257e+01
9.072678571428571104e+01
8.950783783783784031e+01
8.866555555555555657e+01
8.957972222222221603e+01
9.035670103092783734e+01
8.817381738173817496e+01
8.957294117647059295e+01
8.672658094988192090e+01
8.995426487093153867e+01
8.727368144843873665e+01
8.766587175410704447e+01
8.799455337690632462e+01
8.785294117647059409e+01
8.971747780838690289e+01
8.749743003997716073e+01
8.927242724272427665e+01
8.724219364996064030e+01
8.658705821205820996e+01
8.746730769230769909e+01
8.615277777777777146e+01
9.057557397959183731e+01
8.747661122661122590e+01
8.762108953613808637e+01
8.658195488721804622e+01
8.904664289958407153e+01
8.650887573964496369e+01
9.053697478991597336e+01
8.751945970695970800e+01
8.947787878787879379e+01
8.923818181818181472e+01
8.896786492374727118e+01
8.716139724630291141e+01
9.005242424242423738e+01
8.603958177744586067e+01
8.705235042735043294e+01
8.635158730158730123e+01
8.858031250000000512e+01
8.585652834008097045e+01
8.479357142857142549e+01
8.754207119741100485e+01
8.601879699248119948e+01
8.736056644880174815e+01
8.768771742039068329e+01
8.727104247104247747e+01
8.579562419562419961e+01
8.753675450762828802e+01
8.738996763754045105e+01
8.703673576489110530e+01
8.723071027082268358e+01
8.721413721413721021e+01
8.782799422799422473e+01
8.883881199538639351e+01
8.902079619726679027e+01
8.628986568986569239e+01
8.665379665379664686e+01
8.836740701097136252e+01
8.859180035650624063e+01
8.702163461538461320e+01
8.682822245322245180e+01
9.059222222222221887e+01
8.967468175388967211e+01
8.622406015037593363e+01
8.693257820927723856e+01
8.540588499550763402e+01
8.591475029036004685e+01
8.859383753501400349e+01
8.690928571428571558e+01
8.745961538461538964e+01
8.835841983852364478e+01
8.758748299319728403e+01
8.608071862348178627e+01
8.812500000000000000e+01
8.925592559255925096e+01
8.856442577030811947e+01
8.630305250305249842e+01
8.656298076923076223e+01
8.671255060728745434e+01
8.860665478312536436e+01
8.658604536489151826e+01
8.579039083893452755e+01
8.723760121457489447e+01
8.721833598304186808e+01
8.862299465240641894e+01
8.782740165908482766e+01
8.677302545263709987e+01
8.922502250225022635e+01
8.667206477732793246e+01
8.589889889889889218e+01
8.847694444444444173e+01
8.747800741918389633e+01
8.822540015743899744e+01
8.833142701525054008e+01
8.686200623700624135e+01
8.693357179356156905e+01
8.627669172932330355e+01
8.910055555555555884e+01
8.660296371997955589e+01
8.758489010989011092e+01
8.595945945945945255e+01
8.660652834008097045e+01
8.554809019788311275e+01
8.801648648648648532e+01
8.741233580810964554e+01
8.765748440748440373e+01
8.731169871794871540e+01
8.668676545733265471e+01
8.773239823982397922e+01
8.787459546925566656e+01
8.709266409266409426e+01
8.681527158226187169e+01
8.613927507447864684e+01
8.659119496855345233e+01
8.733677795442501690e+01
8.566292707802141138e+01
8.667196608373079414e+01
8.722745517795023318e+01
8.872249999999999659e+01
8.953479236812570718e+01
8.755177993527507851e+01
8.578341346153845848e+01
8.758016268695880058e+01
8.816895604395604380e+01
8.614662683594723092e+01
8.705744575936883223e+01
8.745166320166320872e+01
8.566462264150943895e+01
8.637778340080971873e+01
8.813696369636963368e+01
9.041694725028058599e+01
8.646090955544200085e+01
8.800852585258526517e+01
8.796444444444443889e+01
8.705137811078405718e+01
8.893536853685368726e+01
8.671755102040816610e+01
8.837076648841355109e+01
8.964169472502806002e+01
8.959916666666666174e+01
8.677118866439255385e+01
8.635873786407766772e+01
8.959623259623259628e+01
8.716396979503775810e+01
8.858314285714286029e+01
8.897415329768270453e+01
8.694724532224532254e+01
8.911265721166711273e+01
8.936973684210526869e+01
8.799480249480249938e+01
8.661190476190476772e+01
8.947117647058823309e+01
8.575377358490565882e+01
9.071714285714286063e+01
8.580397795351066748e+01
8.702084942084941588e+01
8.687087912087912400e+01
8.916309130913091963e+01
8.592597968069665626e+01
8.641155660377359027e+01
8.736351495726495386e+01
8.949429771908764053e+01
8.676701183431953268e+01
8.971287128712870640e+01
8.852941176470588402e+01
9.011570014144271568e+01
8.895195107746069141e+01
8.813628421665696067e+01
8.825421052631578789e+01
8.861750000000000682e+01
8.914352941176470324e+01
8.846760961810467450e+01
8.758319327731092585e+01
8.347819314641743915e+01
8.849718749999999545e+01
8.720393120393120512e+01
8.432117346938775881e+01
8.502673267326733253e+01
8.629505582137160502e+01
8.863530037214248125e+01
8.962953862953862938e+01
8.501025641025641733e+01
8.883447376995763989e+01
8.832029411764705173e+01
8.590673241852486797e+01
8.855212121212120735e+01
8.778217821782178021e+01
8.864467592592592382e+01
8.825294117647058556e+01
8.819598136284216139e+01
8.585879302215936093e+01
8.647074999999999534e+01
8.671897139858305081e+01
8.912026790914386254e+01
9.005166666666666231e+01
8.634023668639052573e+01
8.830460104834013180e+01
8.696062567421790845e+01
8.645886752136752307e+01
8.985695666340828325e+01
8.856705670567056643e+01
8.664392547887693752e+01
8.716721672167216184e+01
9.015940430226144997e+01
8.551096379398266834e+01
8.839029180695847288e+01
8.975141723356009038e+01
8.984467120181406585e+01
8.800171821305842457e+01
8.835273028130170303e+01
8.626321297749869643e+01
8.813835534213686174e+01
8.852282491944146159e+01
8.775085034013605423e+01
8.458439990340497161e+01
8.853556851311952869e+01
8.899077590884427025e+01
8.857822922983626768e+01
8.741649484536083037e+01
8.825590762620838348e+01
8.853226696083838476e+01
8.739538239538239850e+01
8.833019145802650485e+01
8.729812409812409157e+01
8.696536796536796032e+01
8.856617647058823195e+01
8.559524999999999295e+01
8.878608247422680222e+01
8.777538543328016374e+01
8.926513513513513942e+01
8.566228070175438347e+01
8.482869433198381159e+01
8.548937246963562586e+01
8.736901257693337186e+01
8.875049504950494850e+01
8.845020384391379764e+01
8.534235588972431685e+01
8.920783783783784315e+01
8.883588235294116942e+01
8.575753049539457606e+01
8.863685714285713857e+01
8.929985569985569782e+01
8.532742914979756677e+01
8.946874146874147016e+01
8.985612885612886203e+01
8.894189682126106788e+01
8.991340319911748225e+01
8.916188637617209167e+01
8.467332995951416308e+01
8.462456140350877831e+01
8.611829330608073008e+01
8.876289207868154563e+01
8.550531376518217996e+01
8.917967599410899027e+01
8.947590702947846353e+01
8.890823529411764525e+01
8.972905477980665978e+01
8.620270270270270885e+01
8.327314814814815236e+01
8.791904484566103406e+01
8.485725531356600015e+01
8.559511434511433947e+01
8.463695426195425853e+01
8.606486486486485887e+01
8.476195426195425853e+01
8.661155272919978643e+01
8.670036382536382291e+01
8.758468176914779235e+01
8.816304968589378177e+01
8.754949095022624306e+01
8.716477115117891117e+01
8.535970004837929537e+01
8.784771428571428942e+01
8.807179930795847156e+01
8.891472222222222399e+01
8.347666666666667368e+01
8.989618406285073604e+01
8.685631549917263783e+01
8.917228571428572081e+01
8.553374999999999773e+01
8.517571428571429237e+01
8.617451596023025218e+01
9.055475810738968789e+01
8.715490196078431495e+01
9.052392344497607723e+01
9.009224091155724068e+01
8.882441176470588573e+01
8.901333333333333542e+01
8.821264705882353496e+01
8.957872846108139697e+01
8.909722222222222854e+01
8.883868092691622564e+01
8.859845559845560103e+01
8.869096369096368448e+01
8.879666666666666686e+01
8.522313450857281225e+01
8.639644970414201453e+01
8.568191268191267795e+01
9.045518499218343322e+01
8.664401294498381390e+01
8.520925925925925526e+01
8.765828204442065896e+01
8.486716791979949903e+01
8.614550264550264558e+01
8.609555442003066617e+01
8.502556390977443357e+01
8.487292517006802939e+01
8.587455288707204204e+01
8.862710437710437361e+01
8.701088435374150265e+01
8.629962243797194787e+01
8.493395748987853722e+01
8.411320754716980730e+01
8.645892427080545417e+01
8.520243902439024453e+01
8.408509615384615188e+01
8.741250341250341194e+01
8.859515185288381645e+01
8.920231958762886393e+01
8.704207300083588450e+01
8.843432757718471748e+01
8.797180451127819367e+01
8.785431361909930104e+01
8.932733619763695287e+01
8.807887479316050872e+01
8.746763157894736196e+01
8.823828023828023959e+01
8.800218400218400916e+01
8.839194139194138700e+01
8.839473684210526017e+01
8.729403866809882118e+01
8.825433825433825064e+01
8.937187666135034192e+01
8.612525987525987148e+01
8.931028231028230380e+01
8.549953095684803372e+01
8.802079619726679027e+01
8.886079545454545325e+01
8.685326224930184935e+01
8.851444444444445026e+01
8.589345937659683727e+01
8.567749480249480598e+01
8.582019230769230944e+01
8.892178932178931916e+01
8.430385813563383124e+01
8.926848484848484588e+01
8.778963585434173922e+01
8.933164983164982687e+01
8.916681096681097074e+01
8.892499999999999716e+01
8.886676470588234622e+01
8.941978609625668639e+01
8.872073383808968572e+01
8.967024202420242318e+01
8.583826429980275918e+01
8.682857142857142208e+01
8.893765968318855641e+01
8.486444652908068065e+01
8.975805555555555770e+01
8.896642096642096931e+01
8.942914285714286393e+01
9.034523809523810201e+01
8.556410256410256920e+01
8.547828308635666872e+01
9.070805458924270681e+01
8.540056093829679185e+01
8.458632478632478069e+01
8.489674185463658773e+01
8.568505079825834514e+01
8.792225274725274176e+01
8.684962606837606813e+01
8.613300970873785900e+01
8.560902650223039245e+01
8.561530689568073171e+01
8.750993197278911850e+01
8.769589816124469905e+01
8.965058823529412280e+01
8.646881496881496787e+01
8.568595848595847997e+01
8.603434929850024560e+01
9.110351351351351923e+01
8.338205467372134194e+01
8.622328042328042841e+01
9.111400000000000432e+01
9.061056105610560962e+01
8.607516087516087566e+01
8.883573865127263502e+01
8.875428571428571445e+01
8.823763736263735780e+01
8.667919389978213474e+01
9.017919951485748697e+01
8.784973684210525846e+01
8.732220650636492110e+01
8.730024083489429643e+01
8.745654565456545981e+01
8.753152683689421565e+01
8.719046378322042301e+01
8.935555555555555429e+01
8.772671156004489035e+01
8.765814081408140623e+01
8.866567567567567210e+01
8.876085176085176442e+01
8.679385630870778812e+01
8.973000273000272387e+01
9.128235294117646959e+01
8.864567567567567608e+01
9.232409793814433385e+01
8.909416666666666629e+01
9.008585858585858830e+01
9.115776319900031410e+01
