4.337603078614623087e+01
4.347984813084111977e+01
4.383849299065420269e+01
4.386328125000000000e+01
4.361928104575163445e+01
4.393107476635513819e+01
4.395254342431761785e+01
4.481560891938250535e+01
4.382627817482133281e+01
4.390114182692308020e+01
4.392555831265508459e+01
4.407448314924950239e+01
4.409553349875930195e+01
4.406512850467289866e+01
4.436448317307691980e+01
4.459584367245657432e+01
4.426682692307691980e+01
4.429553571428571246e+01
4.437431457431457460e+01
4.426206509539842671e+01
4.459569892473118102e+01
4.486350235849056389e+01
4.484579439252336641e+01
4.455773809523809348e+01
4.496969696969696884e+01
4.423422619047619264e+01
4.345582932692308020e+01
4.385565476190475920e+01
4.418543632075471805e+01
4.409494047619047308e+01
4.395773809523809206e+01
4.439206349206349245e+01
4.394196428571428470e+01
4.428650700934579731e+01
4.388120347394541199e+01
4.460841423948220097e+01
4.412293632075471805e+01
4.399455128205128318e+01
4.475300480769230660e+01
4.418589743589743790e+01
4.356700721153845990e+01
4.390752688172042895e+01
4.376983173076923350e+01
4.394562211981566691e+01
4.434168632075471805e+01
4.383541666666666714e+01
4.375944700460829750e+01
4.393910533910533900e+01
4.392196620583717248e+01
4.390357142857143202e+01
4.434375000000000000e+01
4.432732990280160124e+01
4.500300480769230660e+01
4.450684523809523796e+01
4.450243457090687826e+01
4.412513873473918125e+01
4.447113095238095326e+01
4.408297932596997981e+01
4.442827380952380878e+01
4.424609375000000000e+01
4.420823317307691980e+01
4.448370497427101355e+01
4.388161898965307017e+01
4.471875000000000000e+01
4.455852534562212242e+01
4.466266437964551272e+01
4.433790737564322626e+01
4.427601947656725656e+01
4.439152644230769340e+01
4.342427884615384670e+01
4.384466019417475735e+01
4.436377427184466171e+01
4.400144300144300047e+01
4.422145432692308020e+01
4.455859375000000000e+01
4.442589285714285552e+01
4.459090909090909349e+01
4.446815476190476346e+01
4.450971983990852010e+01
4.412857142857142634e+01
4.499385560675883511e+01
4.499415887850467044e+01
4.488905637624359457e+01
4.449553571428571530e+01
4.434521028037383417e+01
4.425691105769230660e+01
4.445641025641025834e+01
4.412265372168284472e+01
4.431217948717948474e+01
4.437327188940091816e+01
4.429747596153845990e+01
4.422351190476190652e+01
4.372926682692308020e+01
4.391253101736973008e+01
4.362920634920634910e+01
4.376421356421356279e+01
4.371698717948717672e+01
4.494797026872498691e+01
4.537146226415094219e+01
4.514553571428571388e+01
4.499627791563275281e+01
4.459107142857143202e+01
4.410348770726129430e+01
4.398158730158730378e+01
4.399249639249639188e+01
4.343807870370370239e+01
4.349178332318928852e+01
4.326398809523809774e+01
4.345773809523809206e+01
4.454960438222763486e+01
4.411981566820276157e+01
4.418624467437614101e+01
4.340865384615384670e+01
4.355470038482683037e+01
4.431703830760434215e+01
4.371207524271844846e+01
4.403610436893203683e+01
4.366314102564102484e+01
4.351643625192012621e+01
4.435396634615384670e+01
4.408653846153845990e+01
4.353575721153845990e+01
4.406371359223300743e+01
4.398732311320754462e+01
4.471349299065420269e+01
4.457857142857142918e+01
4.480274442538593149e+01
4.497814685314685335e+01
4.417604617604617800e+01
4.464583333333333570e+01
4.481585081585081554e+01
4.475210336538461320e+01
4.494207119741100342e+01
4.432958152958153164e+01
4.406309523809523654e+01
4.382227047146402299e+01
4.468372252747252560e+01
4.464006410256410362e+01
4.441687344913151492e+01
4.468486352357319902e+01
4.335179045092838379e+01
4.380961538461538396e+01
4.368118990384615330e+01
4.415396825396825164e+01
4.485918114143920832e+01
4.475795755968169942e+01
4.469216589861751032e+01
4.435606758832565077e+01
4.364884792626727972e+01
4.395268817204301115e+01
4.368725038402457983e+01
4.318076923076922924e+01
4.316749379652605256e+01
4.275781250000000000e+01
4.404017857142856940e+01
4.404639016897081660e+01
4.437588443396226268e+01
4.415096153846153726e+01
4.471246898263026992e+01
4.446860841423948330e+01
4.449326652051362174e+01
4.415384615384615330e+01
4.397845873786408077e+01
4.370629800307219881e+01
4.365952460662872170e+01
4.421122828784118752e+01
4.391812297734627890e+01
4.460328784119106871e+01
4.403397435897436196e+01
4.457038834951456607e+01
4.488819292201691269e+01
4.440150328844347172e+01
4.474699519230769340e+01
4.433293269230769340e+01
4.449773462783171851e+01
4.406346153846153868e+01
4.396814903846154010e+01
4.432539931099279329e+01
4.505292828061384114e+01
4.446898263027295428e+01
4.484731182795698601e+01
4.401628264208909513e+01
4.421650124069478949e+01
4.411634615384615188e+01
4.453289057558507125e+01
4.382810457516340108e+01
4.371650124069478949e+01
4.427326302729528607e+01
4.495998759305211223e+01
4.375535714285714306e+01
4.391042906357657216e+01
4.387189826302729756e+01
4.328815136476426773e+01
4.342240896358543267e+01
4.386853317102860927e+01
4.349528301886792292e+01
4.363363095238095468e+01
4.415721891637957697e+01
4.392258064516128968e+01
4.455218446601941906e+01
4.417976824303163141e+01
4.403939205955335012e+01
4.399565756823821516e+01
4.429176682692308020e+01
4.379404466501240734e+01
4.401220238095238102e+01
4.425297619047618980e+01
4.422944983818770481e+01
4.459070512820512988e+01
4.439617914187284953e+01
4.456696428571428470e+01
4.463237179487179418e+01
4.453721682847896091e+01
4.441105990783410107e+01
4.412234748010610019e+01
4.421577380952381020e+01
4.434615384615384670e+01
4.445922330097087638e+01
4.427309740056373499e+01
4.435111662531017629e+01
4.487797619047618980e+01
4.407165012406947824e+01
4.440768049155146002e+01
4.401666666666666572e+01
4.375682382133994963e+01
4.380929487179486870e+01
4.394975186104218068e+01
4.433622828784118752e+01
4.421197411003236510e+01
4.416315136476426773e+01
4.449190938511326721e+01
4.404807692307691980e+01
4.364610084559974723e+01
4.400288461538461604e+01
4.442365591397849300e+01
4.396603174603174580e+01
4.368412698412698347e+01
4.406514249921703907e+01
4.396651305683563749e+01
4.317538365173817994e+01
4.362965260545905721e+01
4.389002403846154010e+01
4.432767857142857082e+01
4.425297619047618980e+01
4.481153846153846132e+01
4.435422427035329918e+01
4.397339743589743932e+01
4.348232009925558117e+01
4.422363523573201149e+01
4.413671274961597391e+01
4.430448717948718240e+01
4.442843720638897764e+01
4.463244416873449438e+01
4.388771712158808924e+01
4.418021091811414180e+01
4.485763027295285355e+01
4.425267857142856798e+01
4.389880952380952550e+01
4.443688725490196134e+01
4.331580528846154010e+01
4.385732009925558117e+01
4.436423426244910928e+01
4.447549627791563154e+01
4.423263027295285355e+01
4.439430003131850810e+01
4.418321327904791929e+01
4.436631513647643033e+01
4.443269230769230660e+01
4.423574270557028854e+01
4.463988095238094900e+01
4.425267857142856798e+01
4.455507197857382096e+01
4.458383838383838338e+01
4.416883116883116855e+01
4.370982142857143060e+01
4.330739182692308020e+01
4.367865566037735903e+01
4.368806764797995612e+01
4.399642857142857366e+01
4.334305210918114426e+01
4.394339025932954002e+01
4.399789663461538680e+01
4.365048543689320582e+01
4.390208333333333002e+01
4.380363294707171917e+01
4.383563701923076650e+01
4.389836165048543393e+01
4.418290009395552431e+01
4.466771061697463097e+01
4.421860319448794030e+01
4.411910669975186039e+01
4.460535714285714448e+01
4.427153147510178854e+01
4.485961538461538112e+01
4.444915514592933903e+01
4.436398809523809206e+01
4.444880952380952266e+01
4.368715763846621769e+01
4.410064102564102484e+01
4.495409429280397262e+01
4.477083333333333570e+01
4.468524898214845109e+01
4.441315136476426773e+01
4.403846153846154010e+01
4.485529953917050960e+01
4.406666666666666998e+01
4.432161803713528059e+01
4.430649350649350993e+01
4.400032051282051526e+01
4.403908188585607775e+01
4.464317460317460018e+01
4.535763027295285355e+01
4.463748079877112218e+01
4.441470223325062250e+01
4.447425558312654914e+01
4.519910714285714448e+01
4.490752688172042895e+01
4.517435897435897374e+01
4.470552884615384670e+01
4.395975422427035539e+01
4.406158980582524265e+01
4.414983818770226520e+01
4.441488095238095468e+01
4.382273723770748575e+01
4.417788461538461320e+01
4.421836228287840953e+01
4.441011904761904816e+01
4.445308857808857539e+01
4.382291666666666430e+01
4.446605222734255136e+01
4.413081761006289128e+01
4.445352564102564230e+01
4.425620347394541199e+01
4.476101190476190794e+01
4.525899503722084205e+01
4.474132104454685077e+01
4.475115207373271886e+01
4.446506410256409936e+01
4.392435897435897374e+01
4.423507957559681358e+01
4.389230769230768914e+01
4.464245061935051950e+01
4.366574500768049205e+01
4.425837173579109418e+01
4.426121794871794890e+01
4.426892059553350123e+01
4.382665094339622414e+01
4.428237179487179276e+01
4.413978494623655990e+01
4.448031746031745826e+01
4.436666666666666714e+01
4.451410256410256494e+01
4.506603773584905781e+01
4.449803921568627629e+01
4.370648364485981574e+01
4.460660377358490791e+01
4.384287383177569808e+01
4.388430521091811443e+01
4.460375180375180548e+01
4.468779761904762182e+01
4.495982142857143060e+01
4.434285714285714164e+01
4.471794871794871540e+01
4.419831730769230660e+01
4.498142688679245538e+01
4.404970238095238244e+01
4.416696428571428612e+01
4.420471464019851027e+01
4.420357031005324444e+01
4.395006203473945305e+01
4.411261792452830122e+01
4.431067961165048530e+01
4.426401503288443706e+01
4.428132754342431809e+01
4.446637806637806989e+01
4.471929280397022666e+01
4.444970238095238102e+01
4.352657450076804935e+01
4.341013824884792882e+01
4.416547619047619122e+01
4.434994172494172204e+01
4.399880952380952692e+01
4.460744336569579360e+01
4.407291666666666430e+01
4.388108791903858474e+01
4.386135235732010074e+01
4.357678571428571246e+01
4.409585336538461320e+01
4.402337662337662039e+01
4.435833333333333428e+01
4.419727047146402299e+01
4.459945913461538680e+01
4.396153846153845990e+01
4.417797619047618696e+01
4.370533910533910671e+01
4.320512820512820440e+01
4.327113095238095042e+01
4.343595364860632912e+01
4.334336228287840953e+01
4.394961597542242515e+01
4.352734375000000000e+01
4.341873449131513496e+01
4.346526054590570709e+01
4.463851132686084355e+01
4.481294498381876679e+01
4.407782451923076650e+01
4.345897435897435912e+01
4.399472704714640514e+01
4.392668269230769340e+01
4.404487179487179560e+01
4.378003640776699257e+01
4.428368121442125016e+01
4.389339477726574756e+01
4.414940476190476204e+01
4.421821631878557923e+01
4.365299091763232298e+01
4.436321339950372078e+01
4.466190476190476488e+01
4.463795803319762001e+01
4.435483870967741638e+01
4.473817726276229223e+01
4.456717820231757088e+01
4.411771844660194120e+01
4.507391168180394914e+01
4.462243589743589922e+01
4.383080328905755607e+01
4.434967320261437607e+01
4.389330024813895648e+01
4.411538461538461320e+01
4.364081885856079168e+01
4.375576923076923208e+01
4.367111111111110944e+01
4.364871794871795174e+01
4.340933291575321107e+01
4.361456310679611903e+01
4.402505480739117161e+01
4.371094244149272612e+01
4.309364234262449145e+01
4.327946650124069805e+01
4.346153846153845990e+01
4.267741935483871174e+01
4.253036053130929872e+01
4.301326860841423638e+01
4.340829493087557722e+01
4.350506008855155216e+01
4.359316037735849392e+01
4.386013071895424531e+01
4.411326860841423780e+01
4.309026054590570709e+01
4.404444444444444429e+01
4.409005691329092969e+01
4.407673034763545417e+01
4.394727047146402299e+01
4.429435483870967971e+01
4.465512820512820724e+01
4.422169512966476645e+01
4.407724358974358836e+01
4.407798308800501275e+01
4.347301488833746674e+01
4.368847926267281423e+01
4.360306490384615330e+01
4.407766990291262488e+01
4.396893203883495005e+01
4.398996763754045247e+01
4.393302611367127497e+01
4.376054590570719682e+01
4.411029185867895563e+01
4.392350230414746193e+01
4.434014423076923350e+01
4.387232142857143202e+01
4.395082994049483460e+01
4.462196601941747787e+01
4.349849759615384670e+01
4.423371283997470016e+01
4.351488833746898166e+01
4.351265022137887684e+01
4.356937049796430017e+01
4.296370967741935232e+01
4.378541666666666998e+01
4.410460382085812370e+01
4.381037621359223522e+01
4.392506067961164717e+01
4.381128640776699257e+01
4.410198135198135105e+01
4.406013153773880475e+01
4.363809523809523938e+01
4.369119949890384902e+01
4.366747572815533829e+01
4.353349875930521051e+01
4.463624595469255496e+01
4.513050314465408519e+01
4.422181259600614567e+01
4.409644012944983871e+01
4.351426799007444401e+01
4.385336538461538680e+01
4.441071428571428470e+01
4.407632211538461320e+01
4.380175383651738485e+01
4.360006009615384670e+01
4.338636363636363313e+01
4.395635673624288131e+01
4.359761904761904816e+01
4.377258297258297404e+01
4.362710336538461320e+01
4.415685679611650727e+01
4.458834134615384670e+01
4.425515776699029402e+01
4.387199519230769340e+01
4.410922619047619264e+01
4.364423076923076650e+01
4.408768203883494863e+01
4.362449107422486350e+01
4.435080906148867541e+01
4.372673697270471393e+01
4.399423543689320582e+01
4.341646634615384670e+01
4.365487002818665729e+01
4.355378605769230660e+01
4.324627791563275281e+01
4.436011904761905100e+01
4.446743176178659951e+01
4.412997181334168317e+01
4.335856079404466357e+01
4.308184523809524080e+01
4.322265625000000000e+01
4.300353045013239495e+01
4.319511431255872225e+01
4.353846153846154010e+01
4.361326860841423780e+01
4.314688380833072046e+01
4.314551282051282044e+01
4.336688701923076650e+01
4.378834951456310876e+01
4.284215471343564019e+01
4.333033498759305502e+01
4.423118932038835283e+01
4.374487179487179134e+01
4.370686274509803582e+01
4.416292475728155154e+01
4.399348635235732274e+01
4.398809896648919704e+01
4.376334951456311018e+01
4.329627309740056518e+01
4.370595533498759266e+01
4.351237081114938832e+01
4.367864077669902656e+01
4.415163398692810404e+01
4.390392156862745310e+01
4.384110032362459464e+01
4.366780397022332494e+01
4.423081741309113823e+01
4.401426799007444401e+01
4.437468982630272762e+01
4.418889578163771858e+01
4.405064102564102768e+01
4.479329783902286266e+01
4.519730660820545154e+01
4.457133995037220586e+01
4.395913461538461320e+01
4.466771061697463097e+01
4.420874689826302983e+01
4.336538461538461320e+01
4.358343672456575746e+01
4.417400744416873692e+01
4.416607142857142776e+01
4.394354838709677580e+01
4.428958333333333286e+01
4.448635235732010074e+01
4.406764797995615623e+01
4.458894230769230660e+01
4.440805288461538680e+01
4.417788461538461320e+01
4.459269841269841095e+01
4.396680238020670117e+01
4.423006535947712337e+01
4.411762820512820582e+01
4.467394054395951741e+01
4.402077922077921812e+01
4.377763858440338396e+01
4.391105769230769340e+01
4.389166666666666572e+01
4.431644417475727948e+01
4.422542475728155154e+01
4.383384188626907019e+01
4.392657766990291179e+01
4.334405339805825008e+01
4.376699029126213247e+01
4.396995192307691980e+01
4.420102163461538680e+01
4.425535714285714306e+01
4.439543269230769340e+01
4.375007215007214967e+01
4.382946428571428754e+01
4.411101190476190226e+01
4.364212740384615330e+01
4.357708333333333428e+01
4.418690476190476346e+01
4.422363523573201149e+01
4.418479567307691980e+01
4.381148459383753391e+01
4.415833333333333144e+01
4.511606873681036944e+01
4.422830188679245111e+01
4.432630272952853545e+01
4.388067647979956121e+01
4.422621359223300885e+01
4.391326860841424207e+01
4.379528535980148973e+01
4.350465260545905721e+01
4.383343446601941906e+01
4.352605459057071613e+01
4.342157451923076650e+01
4.315833333333333144e+01
4.286598557692308020e+01
4.353185679611650727e+01
4.275978703413717597e+01
4.384405048076923350e+01
4.366766826923076650e+01
4.399379652605458801e+01
4.404466501240694498e+01
4.340122377622377314e+01
4.331575682382133863e+01
4.320432692307691980e+01
4.339477726574500593e+01
4.322572815533980872e+01
4.412006472491909648e+01
4.380408653846154010e+01
4.396794871794871540e+01
4.347956989247311554e+01
4.350775434243175965e+01
4.287572815533980730e+01
4.310512820512820298e+01
4.354249379652605256e+01
4.325641025641025550e+01
4.341812596006144531e+01
4.375555555555555287e+01
4.419085081585081554e+01
4.329554531490015279e+01
4.373265363919569637e+01
4.428876201923076650e+01
4.398402457757296702e+01
4.417936507936507695e+01
4.388161057692308020e+01
4.381826923076923208e+01
4.361261792452830122e+01
4.442897022332505941e+01
4.331941747572815871e+01
4.312562034739453765e+01
4.375863095238095468e+01
4.419075682382133863e+01
4.395069993913572404e+01
4.376874999999999716e+01
