3.712558962264150608e+01
3.746440129449837997e+01
3.773275613275612983e+01
3.392827380952380878e+01
3.049420607579079245e+01
2.927240143369175485e+01
2.656538461538461604e+01
2.642363396971692069e+01
2.358157568238213386e+01
2.313458319383997264e+01
2.209181141439205831e+01
2.186220238095238244e+01
2.221174603174603135e+01
2.251029185867895421e+01
2.272157845286564282e+01
2.237408980582524265e+01
2.265508684863523570e+01
2.227103365384615330e+01
2.222783171521035683e+01
2.213065476190476133e+01
2.147686298076922995e+01
2.209557038834951470e+01
2.189307598039215819e+01
2.211105121293800480e+01
2.176486650485436769e+01
2.212789115646258509e+01
2.133103664265581045e+01
2.172633495145631244e+01
2.134982774819918561e+01
2.185902964959568706e+01
2.195902964959568848e+01
2.205870020964360734e+01
2.207752403846154010e+01
2.213498277481991749e+01
2.242103729603729434e+01
2.206219951923077005e+01
2.165078883495145590e+01
2.135671782023175780e+01
2.173927696078431282e+01
2.152457524271844491e+01
2.127640733712840060e+01
2.096805512057625975e+01
2.159974945192608686e+01
2.140119010335108030e+01
2.212622549019607732e+01
2.210163834951456252e+01
2.441323566557211322e+01
2.376205685084637409e+01
2.436291208791208618e+01
2.361484593837534973e+01
2.438242574257425588e+01
2.422529982866933196e+01
2.476154332700822280e+01
2.623937499999999901e+01
2.347450980392156694e+01
2.593780940594059459e+01
2.660108591504311804e+01
2.592366656020440630e+01
2.565218779942510352e+01
2.520965517241379317e+01
2.470496323529411598e+01
2.524271844660194120e+01
2.558980582524271696e+01
2.512088944566238524e+01
2.487602783048703259e+01
2.701941747572815444e+01
2.926755218216318610e+01
3.003864580006387897e+01
3.048529411764705799e+01
3.084779204509865380e+01
3.115592821418064062e+01
3.043780663780663787e+01
3.073165266106442672e+01
3.102448979591836675e+01
3.062030303030303102e+01
3.120240354206198674e+01
3.085061071093015883e+01
3.255882352941176805e+01
3.179878633024592816e+01
3.384669434685404354e+01
3.408879950495049371e+01
3.382036685641998730e+01
3.398703352308665160e+01
3.538566666666666549e+01
3.536963979416809423e+01
3.467508090614886385e+01
3.554026402640263882e+01
3.480259900990098743e+01
3.490294117647059124e+01
3.371550456016475295e+01
3.434615384615384670e+01
3.419730392156862564e+01
3.405352722772277474e+01
3.396831683168316829e+01
3.201281250000000256e+01
3.214606060606060822e+01
3.146654040404040487e+01
3.396503496503496677e+01
3.240268065268065101e+01
3.195773843517989832e+01
3.199941159164460203e+01
