3.655386904761904532e+01
3.579045168667810373e+01
3.622164502164502409e+01
3.593360544217686936e+01
3.656711590296495729e+01
3.653045013239187710e+01
3.655098039215686612e+01
3.618406593406593430e+01
3.650245310245310293e+01
3.634733893557422846e+01
3.595984162895927483e+01
3.655062217194570451e+01
3.636350656767561418e+01
3.637754524886877761e+01
3.691404911479154549e+01
3.628708791208791240e+01
3.668347338935573987e+01
3.695927601809954410e+01
3.718889832908524795e+01
3.684846698113207708e+01
3.726226415094339472e+01
3.689181534975927690e+01
3.742486772486772395e+01
3.748251001335113131e+01
3.658296337402885712e+01
3.666266437964551272e+01
3.661414141414141454e+01
3.609615384615384670e+01
3.684935064935064730e+01
3.688792067307691980e+01
3.710133495145630889e+01
3.742922794117647101e+01
3.702380206702161303e+01
3.700759013282732468e+01
3.716126179245283367e+01
3.665580958346382801e+01
3.670115291262136026e+01
3.674889310562934952e+01
3.671182795698924650e+01
3.710256410256410220e+01
3.697377622377622686e+01
3.667599067599067553e+01
3.679283216783216659e+01
3.701616161616161804e+01
3.696738816738816524e+01
3.695775058275058456e+01
3.698759018759018602e+01
3.704915048543688982e+01
3.729096793174463187e+01
3.689168552036198889e+01
3.663772624434388803e+01
3.670932627243306712e+01
3.647957920792079278e+01
3.691622103386809073e+01
3.685999999999999943e+01
3.661838709677419246e+01
3.627275630788885508e+01
3.679008838383838054e+01
3.697451612903225993e+01
3.739449257425742701e+01
3.752700242718446333e+01
3.754965211891207844e+01
3.729127134724857484e+01
3.698545224541429377e+01
3.671660539215686470e+01
3.690162887256467883e+01
3.744905780900671033e+01
3.730234029095509385e+01
3.718143203883494863e+01
3.700510817307691980e+01
3.734975927499291970e+01
3.747530521642619306e+01
3.748484848484848442e+01
3.714055429864253455e+01
3.764117647058823479e+01
3.735618932038835283e+01
3.753094362745098067e+01
3.705790441176470296e+01
3.703768382352941302e+01
3.719607843137254832e+01
3.743346659051969993e+01
3.809586247086247113e+01
3.732802197802197952e+01
3.775933257918551789e+01
3.758076923076922782e+01
3.737921187892632702e+01
3.744945745288406869e+01
3.796108843537415112e+01
3.848359728506787292e+01
3.803297682709447258e+01
3.790819964349375937e+01
3.849920153305652804e+01
3.780631188118811536e+01
3.782487623762376217e+01
3.782797029702970093e+01
3.760516051605160470e+01
3.759125000000000227e+01
3.760643564356435320e+01
3.786937499999999801e+01
3.734225806451613039e+01
3.728836633663366484e+01
3.677753712871287206e+01
3.744381313131312794e+01
3.729718749999999972e+01
3.724720536569785878e+01
3.767093750000000085e+01
3.786625000000000085e+01
3.729238861386138382e+01
3.707406249999999659e+01
3.777817005001470818e+01
3.814093137254901933e+01
3.790404040404040131e+01
3.820550411522633993e+01
3.728374999999999773e+01
3.676278918214401870e+01
3.667416096448354779e+01
3.688383838383838054e+01
3.730064516129031915e+01
3.740414041404140733e+01
3.735043504350434773e+01
3.767524509803921262e+01
3.748184818481848168e+01
3.848083538083538002e+01
3.757062499999999972e+01
3.728343749999999801e+01
3.735848484848484929e+01
3.767516129032257766e+01
3.746343749999999773e+01
3.741281708945260220e+01
3.762300423590745879e+01
3.799349547511312153e+01
3.748312500000000114e+01
3.757412838057999238e+01
3.690404040404040131e+01
3.737895079830563816e+01
3.749011479591836604e+01
3.843323139653414700e+01
3.677292340884574173e+01
3.745645905420992250e+01
3.759358288770053491e+01
3.856144437973208738e+01
3.909000900090008912e+01
3.929492949294929360e+01
3.963725490196078738e+01
3.983808674985145615e+01
4.050594177064765233e+01
4.076014053018204919e+01
4.000490196078431637e+01
4.054773541870316222e+01
4.025948808473080476e+01
4.017210250436808394e+01
4.034870049504950629e+01
4.033535178777393071e+01
4.089120809614168195e+01
4.061812297734628174e+01
4.122834158415841443e+01
4.091027227722772608e+01
4.089483065953654517e+01
4.132291666666666430e+01
4.075487548754875178e+01
4.043024302430242756e+01
4.030525414049115085e+01
4.012061206120612411e+01
3.987038703870386769e+01
3.965062388591800158e+01
3.949592701205604328e+01
3.954753416518122577e+01
4.020080445544554237e+01
4.013458110516933885e+01
4.005317884729649336e+01
4.011029411764705799e+01
4.003090909090909122e+01
4.063970588235294201e+01
4.093193069306930454e+01
4.050247524752474959e+01
4.035060606060606148e+01
4.089139851485148824e+01
4.020451732673267031e+01
4.001654411764705799e+01
4.066544117647058698e+01
4.140129449838187981e+01
4.232858950031625511e+01
4.175637135922330145e+01
4.140686274509803866e+01
4.222437500000000199e+01
4.209099264705882604e+01
4.225210355987054811e+01
4.188412151581584908e+01
4.143535539215686470e+01
4.142062500000000114e+01
4.148008578431372229e+01
4.182837456937049581e+01
4.151194852941176805e+01
4.191268382352941302e+01
4.187398739873987097e+01
4.264246323529411598e+01
4.304424504950495134e+01
4.224984187223276422e+01
4.203327391562685733e+01
4.236830566865017289e+01
4.202523155541360467e+01
4.179285262492093267e+01
4.278247549019607732e+01
4.224969362745098067e+01
4.152571063557968500e+01
4.146564656465646692e+01
4.171627475247525041e+01
4.221660539215686470e+01
4.193582887700534911e+01
4.158013613861385949e+01
4.223612903225806292e+01
4.226011029411764497e+01
4.256027955736750101e+01
4.235858585858586167e+01
4.205662128712871350e+01
4.281062500000000171e+01
4.214170792079207928e+01
4.223019801980198196e+01
4.267543316831682887e+01
4.273656249999999801e+01
4.204393564356435320e+01
4.180085784313725839e+01
4.211262376237623783e+01
4.184405940594059103e+01
4.213892326732673155e+01
4.239218749999999858e+01
4.166426642664266211e+01
4.174938118811881083e+01
4.181981101335939854e+01
4.316243811881188464e+01
4.259781250000000341e+01
4.275218749999999801e+01
4.198607673267326845e+01
4.215306767868437987e+01
4.254993872549019329e+01
4.220637376237623783e+01
4.211781249999999943e+01
4.176477647764776435e+01
4.162438118811881083e+01
4.203300330033003007e+01
4.261293316831682887e+01
4.259848484848485128e+01
4.243750000000000000e+01
4.249750000000000227e+01
4.234189356435643248e+01
4.196108140225787508e+01
4.258849009900990268e+01
4.225773514851485402e+01
4.231587009803921262e+01
4.174356617647058698e+01
4.174909090909090992e+01
4.176423267326732969e+01
4.211812499999999915e+01
4.196656250000000199e+01
4.206311881188118917e+01
4.197572660491855601e+01
4.139275103980986614e+01
4.198529411764705799e+01
4.184622524752474959e+01
4.183522727272727337e+01
4.197120098039215463e+01
4.246996699669966802e+01
4.166120049504950629e+01
4.101856435643564680e+01
4.136363636363636687e+01
4.133486519607843235e+01
4.187812499999999716e+01
4.239294554455445763e+01
4.192625000000000313e+01
4.204824948514269067e+01
4.178464254192409300e+01
4.152777777777777857e+01
4.208655381667198725e+01
4.191485148514851744e+01
4.245943304007820274e+01
4.223281250000000142e+01
4.233013613861385949e+01
4.158096454806771192e+01
4.229479399552858609e+01
4.191058168316831711e+01
4.223102310231023182e+01
4.214691791759820916e+01
4.217359735973597168e+01
4.255870967741935829e+01
4.261192570869989993e+01
4.226281250000000256e+01
4.219836601307189738e+01
4.239120809614168195e+01
4.234224422442244418e+01
4.255381667198977880e+01
4.271078431372549034e+01
4.168877887788779191e+01
4.141616097093580606e+01
4.203795066413662340e+01
4.176500297088532676e+01
4.244205097087378675e+01
4.241738861386138382e+01
4.311906249999999829e+01
4.224187500000000028e+01
4.199084967320261086e+01
4.238514851485148682e+01
4.205400485436893376e+01
4.260404807084123746e+01
4.196171617161716227e+01
4.188511029411764497e+01
4.165253712871287206e+01
4.198717948717948900e+01
4.215062388591800158e+01
4.183877611062077051e+01
4.212224264705882604e+01
4.240354206198608722e+01
4.215053763440860024e+01
4.151633986928104747e+01
4.190417457305503035e+01
4.215098761298962415e+01
4.223244781783681390e+01
4.249856275950175899e+01
4.235705249841872444e+01
4.239563567362429097e+01
4.227688630932058800e+01
4.201106894370651190e+01
4.222426470588235503e+01
4.166433333333333167e+01
4.158734402852049783e+01
4.189300000000000068e+01
4.138613861386138382e+01
4.174576812519961777e+01
4.207156862745097925e+01
4.170776109869051140e+01
4.125333333333333030e+01
4.211385199240987021e+01
4.277483660130719301e+01
4.251666666666666572e+01
4.219124999999999659e+01
4.217917598211433727e+01
4.185343749999999829e+01
4.239827531140210937e+01
4.215318627450980671e+01
4.193345216874628534e+01
4.215709677419354762e+01
4.169811893203883812e+01
4.199557242251739098e+01
4.255600247524752433e+01
4.193096774193548271e+01
4.147428936442031500e+01
4.151439950980392268e+01
4.196765734265733983e+01
4.210376213592233086e+01
4.346963443396226268e+01
4.256230234029095527e+01
4.228776748642606265e+01
4.149726941747572795e+01
4.160740291262136026e+01
4.213037330316742413e+01
4.189259708737863974e+01
4.275262237762238016e+01
4.202022058823529704e+01
4.230108173076923350e+01
4.245098039215686470e+01
4.197655803316180823e+01
4.296632281553397803e+01
4.245189950980392268e+01
4.126708259061200579e+01
4.105254140491148007e+01
4.145981362842166362e+01
4.214997087944088605e+01
4.308304498269896499e+01
4.219492502883506546e+01
4.243011065812463301e+01
4.217884729649435371e+01
4.201316526610644075e+01
4.269685497961560827e+01
4.251672433679354413e+01
4.161564820102798734e+01
4.175317185697808497e+01
4.171539792387543599e+01
4.207590467784642385e+01
4.233333333333333570e+01
4.196039603960396391e+01
4.200640652300523925e+01
4.181181318681318970e+01
4.242375785265562627e+01
4.234123358081096455e+01
4.202684180468303765e+01
4.327241576242147403e+01
4.306257208765859446e+01
4.252826956025128169e+01
4.221109570041608805e+01
4.226784694460308600e+01
4.216790405482581150e+01
4.216955017301037856e+01
4.218973471741637837e+01
4.217447173043974828e+01
4.283181039406053969e+01
4.264506450645064461e+01
4.278515406162465240e+01
4.290644257703080910e+01
4.353890931372549034e+01
4.300683303624479947e+01
4.304593837535013989e+01
4.272549019607843235e+01
4.261908881199538968e+01
4.273010380622837090e+01
4.218571428571428328e+01
4.308257918552035903e+01
4.166634082763115288e+01
4.248241030999651713e+01
4.331868131868132110e+01
4.177653061224489761e+01
4.220385766544728767e+01
4.212959183673469710e+01
4.253707482993197431e+01
4.202789115646258722e+01
4.269387755102040671e+01
4.306288659793814588e+01
4.253620803159973462e+01
4.260591133004925979e+01
4.323504574243490595e+01
4.322006802721088548e+01
4.274115646258503176e+01
4.219422799422799386e+01
4.247536945812807829e+01
4.249696969696969973e+01
4.271919191919192116e+01
4.354526315789473756e+01
4.194379310344827871e+01
4.262188552188552393e+01
4.232488479262672598e+01
4.325787878787878782e+01
4.273872053872053556e+01
4.249453352769679526e+01
4.269563687543983121e+01
4.218071099407504931e+01
4.219980250164582003e+01
4.223707482993197004e+01
4.238742593811718251e+01
4.198362939742250433e+01
4.217206192821956279e+01
4.290742128935531952e+01
4.220473996050032639e+01
4.209188660801564197e+01
4.177731958762886677e+01
4.225932441942293849e+01
4.241835716661123712e+01
4.301157894736842024e+01
4.300362976406533733e+01
4.208761435608726487e+01
4.188006872852233897e+01
4.162380952380952692e+01
4.204468684025334113e+01
4.200408163265306172e+01
4.197064393939393767e+01
4.291666666666666430e+01
4.280348913759051754e+01
4.261709677419354847e+01
4.194206714944041892e+01
4.117660475724991898e+01
4.120057397959183731e+01
4.154056695992179726e+01
4.185873724489795933e+01
4.152785923753665998e+01
4.214931972789115378e+01
4.163605442176870497e+01
4.231997393287716136e+01
4.216324535679374463e+01
4.148061257738677199e+01
4.208231292517006494e+01
4.234301075268817272e+01
4.232978723404255561e+01
4.175000000000000000e+01
4.325566231983528098e+01
4.194707903780068392e+01
4.159781843771991561e+01
4.278947368421052744e+01
4.208691062631949364e+01
4.291509433962264097e+01
4.333727322704783091e+01
4.318210947930574406e+01
4.256064690026953912e+01
4.267427157778999458e+01
4.235374149659863718e+01
4.228463611859838522e+01
4.252416555407209842e+01
4.236475300400534394e+01
4.187687074829931788e+01
4.247182910547396517e+01
4.180952380952381020e+01
4.276063829787234027e+01
4.177060931899641361e+01
4.164680710994075241e+01
4.142551020408163254e+01
4.133691756272401108e+01
4.156616194865042502e+01
4.085500162919517919e+01
4.139763001974983325e+01
4.236043123543123556e+01
4.188231292517006921e+01
4.270973062122045150e+01
4.202542892156862564e+01
4.208368794326241158e+01
4.234432560903149323e+01
4.291265597147950217e+01
4.255955595559555604e+01
4.266531249999999886e+01
4.289200415368639341e+01
4.275634920634920633e+01
4.340490620490620444e+01
4.267527472527472554e+01
4.260555250137438321e+01
4.230813081308130563e+01
4.281199538638985302e+01
4.297735849056603996e+01
4.265080738177623942e+01
4.272610294117647101e+01
4.349113779302458482e+01
4.307445054945054608e+01
4.279356270810210816e+01
4.263489261547513820e+01
4.289685314685314665e+01
4.249560197910940218e+01
4.281589366515837014e+01
4.198716260697827352e+01
4.250744680851063606e+01
4.103483870967741609e+01
4.276132756132756185e+01
4.307373440939105080e+01
4.214519056261342911e+01
4.303261648745520063e+01
4.294472630173564909e+01
4.263085106382978751e+01
4.214761904761904532e+01
4.149206896551724100e+01
4.234857142857142520e+01
4.280641365107384644e+01
4.277290723981900555e+01
4.144828732956435147e+01
4.258546059933406980e+01
4.247681940700808667e+01
4.271012443438914374e+01
4.301442307692308020e+01
4.273893557422969280e+01
4.109809084924292222e+01
4.142880417073965305e+01
4.179623824451410741e+01
4.195742434904996543e+01
4.308109651627641057e+01
4.218197278911564752e+01
4.132645161290322733e+01
4.250673758865248431e+01
4.192741935483871174e+01
4.214478114478114179e+01
4.344131944444444571e+01
4.245285010555946315e+01
4.184545454545454390e+01
4.179275513758272353e+01
4.189167537443399425e+01
4.179932659932659789e+01
4.214965986394557973e+01
4.217811447811448033e+01
4.227023223082336045e+01
4.323024425287356109e+01
4.287919038583175535e+01
4.126526777325399564e+01
3.984592790387183214e+01
3.903201058201058515e+01
4.044110032362459606e+01
3.968266296809986216e+01
3.983337706638677389e+01
4.072865322379885811e+01
3.966189189189189079e+01
3.886058335563286192e+01
3.644375644994840258e+01
3.824403043820519343e+01
3.856435394670688765e+01
3.670735294117647385e+01
3.687106918238993813e+01
3.613245192307692122e+01
3.788360323886639947e+01
4.359459459459459651e+01
4.263399848446577067e+01
4.229054425508520865e+01
4.145569985569985505e+01
4.298818031885651436e+01
4.198655462184873954e+01
4.182019230769230944e+01
4.138665501165500871e+01
4.306804123711340537e+01
4.113232323232323040e+01
4.142645161290322875e+01
4.177647442163571156e+01
4.132162248482912759e+01
4.161641648035771368e+01
4.137533333333333019e+01
4.109663299663299796e+01
4.145499999999999829e+01
4.124521452145214795e+01
4.146402640264026473e+01
4.175742574257425588e+01
4.135333333333333172e+01
4.159215686274509949e+01
4.113989140849568571e+01
4.054743833017077748e+01
4.216963755199049046e+01
4.149766899766899542e+01
4.140666666666666629e+01
4.192993197278911310e+01
4.142429229756418607e+01
4.212479635060280003e+01
4.212935809710003099e+01
4.190442176870748625e+01
4.158367346938775455e+01
4.183673469387755262e+01
4.121938775510204067e+01
4.147138047138047057e+01
4.149013605442176811e+01
4.147933333333333650e+01
4.275661057692308020e+01
4.240490620490620444e+01
4.272440476190476488e+01
4.308026960784313530e+01
4.298513986013985999e+01
4.270483682983682883e+01
4.194784382284382218e+01
4.183675464320625537e+01
4.159225589225589204e+01
4.255033936651583559e+01
4.149788204626914023e+01
4.174522712310730554e+01
4.168673469387755404e+01
4.113299319727891401e+01
4.194910267725801845e+01
4.198232009925558117e+01
4.196008663366336577e+01
4.200866336633663423e+01
4.218681965283906976e+01
4.275994397759103549e+01
4.205943627450980671e+01
4.204530744336569370e+01
4.221354166666666430e+01
4.247355912061794214e+01
4.298368298368298213e+01
4.273998786407766914e+01
4.125946969696969546e+01
4.102476376669925173e+01
4.131830151415405084e+01
4.310163834951456607e+01
4.263281250000000000e+01
4.261580882352941302e+01
4.318735431235431577e+01
4.297606689734717378e+01
4.277674278846154010e+01
4.256235431235431577e+01
4.288683252427184556e+01
4.309078054298642257e+01
4.239430147058823195e+01
4.293645189761694780e+01
4.276636904761905100e+01
4.268598300970873538e+01
4.284435096153845990e+01
4.243173543689320582e+01
4.229095509171410328e+01
4.174278846153845990e+01
4.164704040087691794e+01
4.175306372549019329e+01
4.194058229352346956e+01
4.210297146219476616e+01
4.257456922162804602e+01
4.316703928457361883e+01
4.245811051693404892e+01
4.291745730550284321e+01
4.176723592662871454e+01
4.199632352941176805e+01
4.181868811881188464e+01
4.177946650124069805e+01
4.190225787284610703e+01
4.178400735294117396e+01
4.208496732026144116e+01
4.168502475247525041e+01
4.235194174757281615e+01
4.221416333523701070e+01
4.191398514851485402e+01
4.244733044733044380e+01
4.194256854256854439e+01
4.218383838383838480e+01
4.116831683168317113e+01
4.174882555590353661e+01
4.240318627450980671e+01
4.244652406417112189e+01
4.213466666666666782e+01
4.272815533980582359e+01
4.326448955575169464e+01
4.284620098039215463e+01
4.229887106357694648e+01
4.254459951456311018e+01
4.239816571790006350e+01
4.227133413461538680e+01
4.233946078431372229e+01
4.254556843094268714e+01
4.305105198019801804e+01
4.356405228758170267e+01
4.289320388349514701e+01
4.220373774509803866e+01
4.299313725490195992e+01
4.267543316831682887e+01
4.233543354335433406e+01
4.276260569996868099e+01
4.235600490196078738e+01
4.242342624491074332e+01
4.260079656862745168e+01
4.263725490196078738e+01
4.163813478122006018e+01
4.217885659533695275e+01
4.235828877005347692e+01
4.322474747474747403e+01
4.322988861386138382e+01
4.345754575457545599e+01
4.264603960396039639e+01
4.238172043010752787e+01
4.201320132013201203e+01
4.159585336538461320e+01
4.212354838709677551e+01
4.187561881188118917e+01
4.223713235294117396e+01
4.218628640776699257e+01
4.237033523086653730e+01
4.217657766990291179e+01
4.271726755218216454e+01
4.249645161290322903e+01
4.285755349728520969e+01
4.266058168316831711e+01
4.291239123912391307e+01
4.297920380273321683e+01
4.200537634408602372e+01
4.242031299904184038e+01
4.344638480392156765e+01
4.370201213669754026e+01
4.370710784313725839e+01
4.306388975884748049e+01
4.313799504950495134e+01
4.327626956244011325e+01
4.214183006535947840e+01
4.206770833333333570e+01
4.286337760910816286e+01
4.240849673202614412e+01
4.251021634615384670e+01
4.292738970588235503e+01
4.262953060011883366e+01
4.268252954327690674e+01
4.299164603960396391e+01
4.288552188552188227e+01
4.270082226438962891e+01
4.255344718532574433e+01
4.258343672456575746e+01
4.233057598039215463e+01
4.311146598530820739e+01
4.336250399233471597e+01
4.273284313725490335e+01
4.226272433068549361e+01
4.210906862745098067e+01
4.259348575007829396e+01
4.285732009925558117e+01
4.314047330097087496e+01
4.285079656862745168e+01
4.236628605769230660e+01
4.192346616065781006e+01
4.212290322580645352e+01
4.240114979239859139e+01
4.121388643718740497e+01
4.173008578431372229e+01
4.284099264705882604e+01
4.262982768865121841e+01
4.259772296015180615e+01
4.240012254901960631e+01
4.257594738490448094e+01
4.269148284313725839e+01
4.195051675540243963e+01
4.184524860253015532e+01
4.260922029702970093e+01
4.239688143571638790e+01
4.256417112299465089e+01
4.223174504950495134e+01
4.205600247524752433e+01
4.133241421568627771e+01
4.252187799425103520e+01
4.215749525616698179e+01
4.239338235294117396e+01
4.235502079619726601e+01
4.178669043374925707e+01
4.148483910891089010e+01
