4.471410499683744177e+01
4.428781512605041826e+01
4.492473118279569633e+01
4.450212378640776478e+01
4.466947115384615330e+01
4.460544217687074564e+01
4.384323243860651331e+01
4.354664289958407863e+01
4.403810381038103827e+01
4.430926916221034162e+01
4.470879440885264700e+01
4.494181818181818500e+01
4.523312500000000114e+01
4.646651193633952204e+01
4.655798969072164795e+01
4.683300653594771035e+01
4.745391246684349795e+01
4.666483870967741865e+01
4.616512296390929748e+01
4.725569985569985221e+01
4.883401360544217340e+01
4.821432783018867951e+01
4.929754689754689423e+01
4.995029761904761756e+01
5.022670097198398764e+01
4.983266704740148612e+01
4.768201997780244028e+01
5.024481792717087103e+01
4.816717233009708821e+01
4.838970588235294201e+01
4.763577522800823516e+01
4.598576732673267031e+01
4.842157451923076650e+01
4.315786314525810496e+01
4.365756302521008081e+01
4.440410539215686470e+01
4.574176470588235333e+01
4.898126839710997871e+01
5.143106796116504853e+01
5.349240041928721467e+01
5.068181818181817988e+01
5.005505952380952550e+01
4.935654761904761756e+01
4.889836601307189312e+01
4.830217086834733919e+01
4.873587740384615330e+01
4.893688118811881083e+01
4.772935483870967488e+01
4.682290322580644926e+01
4.605206004471414616e+01
4.503032258064516213e+01
4.406750000000000256e+01
4.538725490196078738e+01
4.474544873842222614e+01
4.438644801980198196e+01
4.370986394557823473e+01
4.253766320723133276e+01
4.144622697563873714e+01
4.146988795518207382e+01
4.119537815126050617e+01
4.080963938973647487e+01
4.089621365787694174e+01
4.039320388349514701e+01
4.044947209653091846e+01
4.005555555555555713e+01
4.115686274509803866e+01
4.056913290927352023e+01
4.170153460695270553e+01
4.083270082226439257e+01
4.088529411764705657e+01
4.087318153067678850e+01
4.090955091714104697e+01
4.066407766990291606e+01
4.079519230769231086e+01
4.084027560288130587e+01
4.035998774509803866e+01
4.091468749999999943e+01
4.026516089108910990e+01
3.994709677419354676e+01
4.056218750000000028e+01
4.121565594059406124e+01
4.166369578134283813e+01
4.198542857142857088e+01
4.226530005941770440e+01
4.260981240981241314e+01
4.251211072664359847e+01
4.296709956709956657e+01
4.351294191919191690e+01
4.415511551155115200e+01
4.421500721500721198e+01
4.475139146567718029e+01
4.425971428571428845e+01
4.463575145393327404e+01
4.479649435531788271e+01
4.476619132501485154e+01
4.531617647058823195e+01
4.506352941176470495e+01
4.528045763760049169e+01
4.586147186147186261e+01
4.574585459183673208e+01
4.557765151515151558e+01
4.565735294117646959e+01
4.504272727272726939e+01
4.538235294117647101e+01
4.517998163452708837e+01
4.545393327211508705e+01
4.537312519130701105e+01
4.538138965411692993e+01
4.587017231134878159e+01
4.601469237832873915e+01
4.558454545454545581e+01
4.562946428571428470e+01
4.555366161616161946e+01
4.550892857142856940e+01
4.580573453608247547e+01
4.557007575757575779e+01
4.545276292335115897e+01
4.580342136854741852e+01
4.576859504132231393e+01
4.568300653594771177e+01
4.551212121212121531e+01
4.516969696969697168e+01
4.543414341434143466e+01
4.522151515151514900e+01
4.569542362399505464e+01
4.590047534165181276e+01
4.573618538324420513e+01
4.604961378490790480e+01
4.624148703530146776e+01
4.607039141414141170e+01
4.579583715947352118e+01
4.573707664884135227e+01
4.611842918985776407e+01
4.549393939393939235e+01
4.562871135598408046e+01
4.559120617944147114e+01
4.533869949494949481e+01
4.539015151515151558e+01
4.562272727272727479e+01
4.501333333333333542e+01
4.524946434037342868e+01
4.535930735930735835e+01
4.524487297214569992e+01
4.509519436792164271e+01
4.511968166513621270e+01
4.518468750000000256e+01
4.487939393939394250e+01
4.504787878787878697e+01
4.512364945978391262e+01
4.532139577594123381e+01
4.573523109886746596e+01
4.522082208220822253e+01
4.557718750000000085e+01
4.517030303030303173e+01
4.532666666666666799e+01
4.509722222222222143e+01
4.535151515151515156e+01
4.542625000000000313e+01
4.550212121212121019e+01
4.539181818181818073e+01
4.575324675324675638e+01
4.563451945460592185e+01
4.536932192231731165e+01
4.527221856484529638e+01
4.545738636363636687e+01
4.492684419957146957e+01
4.552493686868687206e+01
4.553875000000000028e+01
4.572001262626262275e+01
4.579244053437601991e+01
4.577647442163571156e+01
4.594476010101010388e+01
4.567582070707070585e+01
4.574463383838384090e+01
4.571654040404040131e+01
4.566176470588235503e+01
4.517484848484848214e+01
4.511447811447811773e+01
4.537882653061224403e+01
4.525213956550361871e+01
4.508386899295989991e+01
4.576179846938775597e+01
4.589409243954698780e+01
4.580124777183601026e+01
4.590593112244897611e+01
4.605760368663594306e+01
4.563068181818182012e+01
4.568393613554903965e+01
4.555934343434343248e+01
4.582940051020408134e+01
4.589146567717996561e+01
4.584879093970003083e+01
4.563520408163265074e+01
4.525343749999999687e+01
4.531944444444444287e+01
4.552872474747474740e+01
4.543371212121212466e+01
4.574210858585858830e+01
4.563415404040404155e+01
4.542666666666666941e+01
4.587117346938775597e+01
4.564859693877551194e+01
4.556313131313131493e+01
4.564835858585858830e+01
4.603388725969371364e+01
4.588825757575757791e+01
4.566272727272727394e+01
4.574118738404452955e+01
4.547285353535353636e+01
4.557765151515151558e+01
4.534924292297564108e+01
4.573118622448979664e+01
4.547821969696969546e+01
4.559311868686868507e+01
4.606254114549045653e+01
4.599489795918367463e+01
4.583245556287030809e+01
4.603930412371133940e+01
4.597893350888742248e+01
4.565025252525252597e+01
4.576498724489795933e+01
4.535961657390228652e+01
4.544292091836734926e+01
4.585937500000000000e+01
4.546406249999999716e+01
4.540487162606978444e+01
4.527455357142856940e+01
4.574489795918367463e+01
4.575757575757575779e+01
4.592929292929292728e+01
4.605070153061224403e+01
4.584438775510204067e+01
4.611096938775510523e+01
4.582900432900432719e+01
4.534722222222222143e+01
4.583278472679394611e+01
4.528771586836102614e+01
4.559726295210165858e+01
4.600238095238095326e+01
4.577458256029684946e+01
4.574621212121212466e+01
4.617387096774193367e+01
4.572506313131312794e+01
4.604703608247422864e+01
4.577391581632652873e+01
4.527687499999999687e+01
4.577680026067123009e+01
4.572481895984200406e+01
4.568165526230042417e+01
4.544191919191919027e+01
4.558193548387096428e+01
4.583928571428571530e+01
4.566792929292929415e+01
4.557943067033976092e+01
4.603248984692283585e+01
4.590723562152133752e+01
4.534000000000000341e+01
4.570624613481756171e+01
4.588062442607897395e+01
4.599715909090909349e+01
4.578819444444444287e+01
4.589709595959595845e+01
4.588150098749176919e+01
4.538194444444444287e+01
4.591624999999999801e+01
4.583870967741935232e+01
4.608333333333333570e+01
4.593437500000000284e+01
4.616351010101010388e+01
4.552337063857801525e+01
4.508910891089109185e+01
4.507354797979797922e+01
4.502083333333333570e+01
4.479837983798379497e+01
4.458445844584458229e+01
4.482922979797979934e+01
4.502073019801980536e+01
4.475007500750074740e+01
4.498781937017231058e+01
4.501732673267326845e+01
4.507387096774193225e+01
4.546156249999999943e+01
4.489645161290322761e+01
4.488967741935483957e+01
4.499715909090909349e+01
4.517468749999999744e+01
4.561521464646464352e+01
4.510798267326732969e+01
4.569444444444444287e+01
4.588699494949494806e+01
4.550081459758879276e+01
4.574160631994733706e+01
4.558806818181817988e+01
4.516585206907787864e+01
4.506766666666666765e+01
4.526001955034212898e+01
4.534741935483870634e+01
4.531040157998683071e+01
4.510699999999999932e+01
4.532290322580644926e+01
4.560834147930922455e+01
4.519159335288367885e+01
4.504680581910183435e+01
