4.265442350686681294e+01
4.299588867805186254e+01
4.308886780518658810e+01
4.308548387096774235e+01
4.382890575585072668e+01
4.364966666666666839e+01
4.327199999999999847e+01
4.318900000000000006e+01
4.266272756307888869e+01
4.294191419141914423e+01
4.253561162567869758e+01
4.309466666666666868e+01
4.375241379310345025e+01
4.292079207920792072e+01
4.279559246247205095e+01
4.306675183647396921e+01
4.322366666666666646e+01
4.344950495049504724e+01
4.312666666666666515e+01
4.260891089108910990e+01
4.397302833731649230e+01
4.343188801638784469e+01
4.297507681802662916e+01
4.424333333333333229e+01
4.358019801980198338e+01
4.316339869281046049e+01
4.224787835926449731e+01
4.290290322580645466e+01
4.363462152666879490e+01
4.332417757904822508e+01
4.283040562120728367e+01
4.274587458745874358e+01
4.310132013201319978e+01
4.339901960784313673e+01
4.333799931717310017e+01
4.336482758620689992e+01
4.354699999999999704e+01
4.292333333333333201e+01
4.297157457681252168e+01
4.322706270627062963e+01
4.330189317106152913e+01
4.347217480368726683e+01
4.318033333333332990e+01
4.309326093899712617e+01
4.315849673202614412e+01
4.322533287811539537e+01
4.248052805280528332e+01
4.345799999999999841e+01
4.280499999999999972e+01
4.283136378153944435e+01
4.314800000000000324e+01
4.293866666666666987e+01
4.277843137254902217e+01
4.304593750000000085e+01
4.272937293729373209e+01
4.412862068965517182e+01
4.399133333333332985e+01
4.339548387096774462e+01
4.307000000000000028e+01
4.323466666666666924e+01
4.318275862068965409e+01
4.262133333333333240e+01
4.323620689655172100e+01
4.301333333333333542e+01
4.305247524752475385e+01
4.316768086544962557e+01
4.373088023088023135e+01
4.277887788778878075e+01
4.400419354838710007e+01
4.349830966869506454e+01
4.350133333333333496e+01
4.381366666666666987e+01
4.330231023102309962e+01
4.281241379310344541e+01
4.293513144417890004e+01
4.308467053601911800e+01
4.372145214521452061e+01
4.362805280528052521e+01
4.356862068965516954e+01
4.332046204620461793e+01
4.465979381443298735e+01
4.287986798679867917e+01
4.284700000000000131e+01
4.392783505154638846e+01
4.473911564625850446e+01
4.423591669511778690e+01
4.303448275862069039e+01
4.373677419354838491e+01
4.339330829634687348e+01
4.361848184818482110e+01
4.319183006535947555e+01
4.291771935814271188e+01
4.269666666666666544e+01
4.305046311082720933e+01
4.298444895199459381e+01
4.304399999999999693e+01
4.298333333333333428e+01
4.267607105538139933e+01
4.359694047223145930e+01
4.213482758620689594e+01
4.243762376237624068e+01
4.271446822101565033e+01
4.261612903225806548e+01
4.293135313531352892e+01
4.278934790030726987e+01
4.310166666666666657e+01
4.271090212469523095e+01
4.248241030999651713e+01
4.221993464052287237e+01
4.279472140762463539e+01
4.258976897689768748e+01
4.248354838709677495e+01
4.261749174917491700e+01
4.248422029702970093e+01
4.355700000000000216e+01
4.309740670461732748e+01
4.182240099009901257e+01
4.211868686868687206e+01
4.295536005213424602e+01
4.310443947620568395e+01
4.272955360052134210e+01
4.291951453209836842e+01
4.322866666666666902e+01
4.245480677099968148e+01
4.304982433727244029e+01
4.232637571157495415e+01
4.287548387096774150e+01
4.256044314108829951e+01
4.206907787552948719e+01
4.290612903225806463e+01
4.236179633143579792e+01
4.283675464320625537e+01
4.227870967741935715e+01
4.204870967741935317e+01
4.257290322580644926e+01
4.279903225806451417e+01
4.255349728521239427e+01
4.298754391568188993e+01
4.242542318748003538e+01
4.206838709677419530e+01
4.142391658520691067e+01
4.200065167807102995e+01
4.166145001596933639e+01
4.273874161609709432e+01
4.198687499999999773e+01
4.233483870967742035e+01
4.242079207920792072e+01
4.314983164983164698e+01
4.332832960715426651e+01
4.304884488448844593e+01
4.222344827586206861e+01
4.259853082082401698e+01
4.299433333333332996e+01
4.293266666666666964e+01
4.270774410774410512e+01
4.254389438943894675e+01
4.265800000000000125e+01
4.345900000000000318e+01
4.351758620689655288e+01
4.309000000000000341e+01
4.318578465869106253e+01
4.327448275862069238e+01
4.276454197143852554e+01
4.220827586206896598e+01
4.237034482758620868e+01
4.219967741935484185e+01
4.269129032258064171e+01
4.411397459165154089e+01
4.218967741935483673e+01
4.313533333333333530e+01
4.265570105397636524e+01
4.232567049808429260e+01
4.247266666666666879e+01
4.298815743643329768e+01
4.340740740740740478e+01
4.447382622773880456e+01
4.536203208556149491e+01
4.553513513513513544e+01
4.504372019077901257e+01
4.535400105988341579e+01
4.471122994652406391e+01
4.405773420479302871e+01
4.429602396514161455e+01
4.438730158730158593e+01
4.397248677248677495e+01
4.452379679144384994e+01
4.435295616717635170e+01
4.461310160427807148e+01
4.497619047619047450e+01
4.502590393955747317e+01
4.494474986256184934e+01
4.469050188882892627e+01
4.482280471821756151e+01
4.419370904325032967e+01
4.462779220779221134e+01
4.516094364351245360e+01
4.498191349934469230e+01
4.546868686868686638e+01
4.554861111111111427e+01
4.486544342507644956e+01
4.511192660550458555e+01
4.551922077922078103e+01
4.458741830065359579e+01
4.453198653198653290e+01
4.592003367003366776e+01
4.498785752833243379e+01
4.456834112149532956e+01
4.449599771297884843e+01
4.474423130386433201e+01
4.409257075471698073e+01
4.435672169811320487e+01
4.415711805555555713e+01
4.427730131503716393e+01
4.432598039215686470e+01
4.595505050505050804e+01
4.450435729847494315e+01
4.414787581699346219e+01
4.459263331500824279e+01
4.376003298515667694e+01
4.427329902801601236e+01
4.388044662309368249e+01
4.369880174291939312e+01
4.439503507825148176e+01
4.365893146249325696e+01
4.381246753246752945e+01
4.327187765505522776e+01
4.363837920489296351e+01
4.424716675661090193e+01
4.414608347627215323e+01
4.401054384017758281e+01
4.511336898395722272e+01
4.523235294117647243e+01
4.486346465191581245e+01
4.510142935678944554e+01
4.500701565029681461e+01
4.578287461773700073e+01
4.529997219905477124e+01
4.526545454545454561e+01
4.483505782105903847e+01
4.480086346465191838e+01
4.479492714516999285e+01
4.515495642701525014e+01
4.413813892529488925e+01
4.474411764705882177e+01
4.401956775700934799e+01
4.470582010582010923e+01
4.487601572739187361e+01
4.521962746733388627e+01
4.508145676953016334e+01
4.459397116644822745e+01
4.470252525252525544e+01
4.451848762857937203e+01
4.452239611440906941e+01
4.400485698866702933e+01
4.397970530998053817e+01
4.459093362115488191e+01
4.451515151515151558e+01
4.433078448031719176e+01
4.411784511784512119e+01
4.455098296199213337e+01
4.536926605504586973e+01
4.443246187363834565e+01
4.372352941176470864e+01
4.420000000000000284e+01
4.366993464052287521e+01
4.533959694989106737e+01
4.474621212121212466e+01
4.283741935483870833e+01
4.518257575757575495e+01
4.206103448275862178e+01
4.456106106106106068e+01
4.290299999999999869e+01
4.240398918187965194e+01
4.416980616980617214e+01
4.653256113256113480e+01
4.293517241379310434e+01
4.272904290429043073e+01
4.464324324324324067e+01
4.390265265265265526e+01
4.414797979797980076e+01
4.464112250404748750e+01
4.471691919191918885e+01
4.482020202020201793e+01
4.452293577981651396e+01
4.498860161245482203e+01
4.611809106403701009e+01
4.530580808080807742e+01
4.448648648648648418e+01
4.532645259938838223e+01
4.425674931129476875e+01
4.450155844155844420e+01
4.429068462401795614e+01
4.460961038961038838e+01
4.472782874617737292e+01
4.453997378768021065e+01
4.502272727272727337e+01
4.483058058058058037e+01
4.468756613756613660e+01
4.447193739881273444e+01
4.434511784511784782e+01
4.422807486631015905e+01
4.468082788671024019e+01
4.387375138734739011e+01
4.398138154344306372e+01
4.396126401630989022e+01
4.356157229246839080e+01
4.467979797979798207e+01
4.432976554536187308e+01
4.459006734006734263e+01
4.410295616717635170e+01
4.502542595019659188e+01
4.415648754914809615e+01
4.419598930481283361e+01
4.459814814814814810e+01
4.405342687533729418e+01
4.401861074705111321e+01
4.355706598697253185e+01
4.413091563786008464e+01
4.385529100529100788e+01
4.437662337662337819e+01
4.412529488859764371e+01
4.457038961038961133e+01
4.369894179894179587e+01
4.356623376623376487e+01
4.445588235294117396e+01
4.479492714516999285e+01
4.492994652406417089e+01
4.483324338909876161e+01
4.586311688311688073e+01
4.523809523809524080e+01
4.443743509865004881e+01
4.567149877149876858e+01
4.554570707070707414e+01
4.474090909090909207e+01
4.556345565749235504e+01
4.468282828282828234e+01
4.502129870129870426e+01
4.380010893246187464e+01
4.492275132275132421e+01
4.464637197664720247e+01
4.441014570966001429e+01
4.401996762007555475e+01
4.425680827886710489e+01
4.480753246753246799e+01
4.479921363040629245e+01
4.444389978213507675e+01
4.485298701298701474e+01
4.441778900112233686e+01
4.468389610389610311e+01
4.413636363636363313e+01
4.467701525054466316e+01
4.476605504587156048e+01
4.567810457516339540e+01
4.508868501529052253e+01
4.409786096256684829e+01
4.419616837560712241e+01
4.438705234159779422e+01
4.458202914193200428e+01
4.404115334207077126e+01
4.416501377410468621e+01
4.348649350649350964e+01
4.350828877005347550e+01
4.425845347313236999e+01
4.433650793650793531e+01
4.522692930383162491e+01
4.438496071829405309e+01
4.345565749235473874e+01
4.331498470948012169e+01
4.511166448230668635e+01
4.439064935064934758e+01
4.467029816513761631e+01
4.430714285714285694e+01
4.449930497636919569e+01
4.434034792368125721e+01
4.526389638424176809e+01
4.472086056644879903e+01
4.421231979030144288e+01
4.499554390563564965e+01
4.478465608465608483e+01
4.492401960784313530e+01
4.482433155080214249e+01
4.349189814814814525e+01
4.351810747663551382e+01
4.337634408602150415e+01
4.395439056356487839e+01
4.379816513761468144e+01
4.365682870370370239e+01
4.445969498910675100e+01
4.355740895190436390e+01
4.379716435185185475e+01
4.380034722222222143e+01
4.427675610491407809e+01
4.434988776655443132e+01
4.458876523582405582e+01
4.439764908256880460e+01
4.447306397306397230e+01
4.462142471667566213e+01
4.407117041979427086e+01
4.403241822429906449e+01
4.454074473826227631e+01
4.442892156862745168e+01
4.440686274509803866e+01
4.492309767943874732e+01
4.450661375661375985e+01
4.460757080610022030e+01
4.421875000000000000e+01
4.362928348909657217e+01
4.489153439153439251e+01
4.426146788990825343e+01
4.386792452830188438e+01
4.412864211105002710e+01
4.362412304371289906e+01
4.411274131274131349e+01
4.433810325476991920e+01
4.395914552736982728e+01
4.414106753812636441e+01
4.393882218410520579e+01
4.490300707547169878e+01
4.427474747474747829e+01
4.448791273584905781e+01
4.437588443396226268e+01
4.426077286627745622e+01
4.360712358337830352e+01
4.406308962264150608e+01
4.343585386576040719e+01
4.359134993446919992e+01
4.354488813367318301e+01
4.464882469555367095e+01
4.372539682539682815e+01
4.431473336998350732e+01
4.410049019607843235e+01
4.466043613707164894e+01
4.420669185105234789e+01
4.347346698113207708e+01
4.371813725490196134e+01
4.396124244090159294e+01
4.458580679978413031e+01
4.443313872671670595e+01
4.417841971112999033e+01
4.495697167755991330e+01
4.515067340067339785e+01
4.452532679738562393e+01
4.499942129629629761e+01
4.489793577981651396e+01
4.462009803921568363e+01
4.377675840978593413e+01
4.494647408666100574e+01
4.499319172113289511e+01
4.387967289719626507e+01
4.439960351175304254e+01
4.435364396654718888e+01
4.449214365881032762e+01
4.409408602150537604e+01
4.353315412186380229e+01
4.442174432497013470e+01
4.435706018518518334e+01
4.436980920314253751e+01
4.416425941659586840e+01
4.409595959595959869e+01
4.419314641744548311e+01
4.480657037666383502e+01
4.449617672047578765e+01
4.365186915887850461e+01
4.384055508354573760e+01
4.366771788990825343e+01
4.364923747276688459e+01
4.495202020202020066e+01
4.500509770603228787e+01
4.405447247706422331e+01
4.539366138448707488e+01
4.461653037383177889e+01
4.496997497914929198e+01
4.394450934579439405e+01
4.426262626262626299e+01
4.496845794392523032e+01
4.397565429093122447e+01
4.388376168224299079e+01
4.393084112149532672e+01
4.361631944444444287e+01
4.489908256880733717e+01
4.383653044203502702e+01
4.381308411214953225e+01
4.413628472222222143e+01
4.344090663788450968e+01
4.455145797598628121e+01
4.443310463121783727e+01
4.458215254748266432e+01
4.428535980148883056e+01
4.428755733944954187e+01
4.420135613207547465e+01
4.458998842592592382e+01
4.454654377880184057e+01
4.383659020107618431e+01
4.468649107901444495e+01
4.462580645161290249e+01
4.452251486830925842e+01
4.369135802469136109e+01
4.381483644859812898e+01
4.429742527374963146e+01
4.428744103773584584e+01
4.429234813084111977e+01
4.370093457943925586e+01
4.408304398148148096e+01
4.383404134806004038e+01
4.372897196261682495e+01
4.388360237892948135e+01
4.437524780515434486e+01
4.367181246426529384e+01
4.422984562607204140e+01
4.415668202764977224e+01
4.434806003964882137e+01
4.444310141509433976e+01
4.448452102803738484e+01
4.402859669811320487e+01
4.383511904761904532e+01
4.414516129032258362e+01
4.430208333333333570e+01
4.389523809523809206e+01
4.431560891938250535e+01
4.437908878504672572e+01
4.480344626168223954e+01
4.458726415094339757e+01
4.434112149532710134e+01
4.507568807339449535e+01
4.427738095238095184e+01
4.393712829226848271e+01
4.387878787878787534e+01
4.393195093457944012e+01
4.410442525634106659e+01
4.381250000000000000e+01
4.373728106755629597e+01
4.395898542903400141e+01
4.464401019541206495e+01
4.464562289562289266e+01
4.390011682242990787e+01
4.379770877298764020e+01
4.410582737768004336e+01
4.410821759259259522e+01
4.365771028037383417e+01
4.410914702581369085e+01
4.389858490566037830e+01
4.437293632075471805e+01
4.382532875929102545e+01
4.367369727047146455e+01
4.444791666666666430e+01
4.317536071032186129e+01
4.351515151515151558e+01
4.364799528301886511e+01
4.414770047169811562e+01
4.464525462962962621e+01
4.428183411214953225e+01
4.329643691588785259e+01
4.436536214953270729e+01
4.436628605769230660e+01
4.436586084905660243e+01
4.404982311320754462e+01
4.422771990740740478e+01
4.425982142857142776e+01
4.419725028058361715e+01
4.470086182930219820e+01
4.425292056074766123e+01
4.400357339197361028e+01
4.398793490460157329e+01
4.447108947048082683e+01
4.440128504672897236e+01
4.380177926049485393e+01
4.448994619088077229e+01
4.387765330188679513e+01
4.416323613493424460e+01
4.435844155844155523e+01
4.420535714285714590e+01
4.481761786600496578e+01
4.420440251572327384e+01
4.447815126050419821e+01
4.418896028037383417e+01
4.400836320191159245e+01
4.384762721555174636e+01
4.426892059553350123e+01
4.411764705882352899e+01
4.384991423670668809e+01
4.407564252336448618e+01
4.360178571428571104e+01
4.389898989898989612e+01
4.415380217267009755e+01
4.381308962264150608e+01
4.401172098341909589e+01
4.360317460317460103e+01
4.421991365353481029e+01
4.359405374499714014e+01
4.406933976484775428e+01
4.342624356775300498e+01
4.429068396226415416e+01
4.380645161290322420e+01
4.375728715728715912e+01
4.426989521382044757e+01
4.385535714285714448e+01
4.366195913461538680e+01
4.368337264150943611e+01
4.424185783064287847e+01
4.408777915632754230e+01
4.439393939393939092e+01
4.422642679900744156e+01
4.413864764267989926e+01
4.388629148629148347e+01
4.384399551066217526e+01
4.367467124070897455e+01
4.389416273584905781e+01
4.512120327102803685e+01
4.390892857142856798e+01
4.405774728416238162e+01
4.435893691588785259e+01
4.454958183990441967e+01
4.519668911335578088e+01
4.538408200180886354e+01
4.500391920410009305e+01
4.386094581897901890e+01
4.429275715155203841e+01
4.486291273584905781e+01
4.434895833333333570e+01
4.498326118326118461e+01
4.511817617866005037e+01
4.414253647586981089e+01
4.440119047619047876e+01
4.408347627215551512e+01
4.381071428571428328e+01
4.474308894230769340e+01
4.454248366013072058e+01
4.427584134615384670e+01
4.461388221153845990e+01
4.425986277873070662e+01
4.371983990851915536e+01
4.402884615384615330e+01
4.444546850998463583e+01
4.393118990384615330e+01
4.392577513310366299e+01
4.472168284789643877e+01
4.426615208690680703e+01
4.378425480769230660e+01
4.359724397118696970e+01
4.426697388632872787e+01
4.439881273610361490e+01
4.457210998877665276e+01
4.465276932440657021e+01
4.447380345511186306e+01
4.435791881074899834e+01
4.460388559093362204e+01
4.376372663551401843e+01
4.365403965670316921e+01
4.458777915632754230e+01
4.426577102803738484e+01
4.394791666666666430e+01
4.435722819593787136e+01
4.414320388349514701e+01
4.388502358490566024e+01
4.378476352308128128e+01
4.397026338147833258e+01
4.451486830926083371e+01
4.425828377230246247e+01
4.377644368210405901e+01
4.499875930521091760e+01
4.466822429906542169e+01
4.518553459119496551e+01
4.464951400800457293e+01
4.437116745283018560e+01
4.451005380911922771e+01
4.437854030501089397e+01
4.373611111111111427e+01
4.379351635514018426e+01
4.391273849607183166e+01
4.448027444253859386e+01
4.481060606060606233e+01
4.463290043290043485e+01
4.358461084905660243e+01
4.427244668911335879e+01
4.421840958605664440e+01
4.408850762527232803e+01
4.353240740740740478e+01
4.320135938827527866e+01
4.441737967914438201e+01
