4.129949399114484265e+01
3.981973369750767944e+01
3.920555555555555571e+01
3.924519230769230660e+01
3.940557469464453533e+01
3.902839756592292275e+01
3.704466501240694498e+01
3.634826182273723560e+01
3.601307189542483655e+01
3.568537621359223522e+01
3.478051865907653450e+01
3.438208581271531727e+01
3.430032362459547102e+01
3.439533333333333331e+01
3.390231023102310104e+01
3.371699346405228681e+01
3.420683111954458866e+01
3.417320261437908613e+01
3.396270627062705927e+01
3.339842949812222628e+01
3.331551155115511875e+01
3.337762001352265173e+01
3.354269449715369689e+01
3.352858511657617413e+01
3.377672359266286861e+01
3.395351043643263722e+01
3.327549019607842951e+01
3.340261437908496589e+01
3.351454775458570623e+01
3.362277227722772466e+01
3.360396039603960361e+01
3.354803921568627345e+01
3.411146598530820739e+01
3.396199297349090074e+01
3.347947303921568363e+01
3.349339933993399399e+01
3.313758169934640563e+01
3.286448275862068868e+01
3.290355987055016129e+01
3.328284789644013131e+01
3.299084967320261086e+01
3.363627450980391842e+01
3.332588996763754352e+01
3.281593927893737828e+01
3.356185405574694869e+01
3.365925480769230660e+01
3.333542123394926193e+01
3.307184466019417357e+01
3.313213399503722201e+01
3.268429487179486870e+01
3.290447854682117423e+01
3.297776442307691980e+01
3.310514888337468875e+01
3.292006472491909363e+01
3.293703473945409144e+01
3.297518610421835916e+01
3.327987711213517485e+01
3.348154761904761756e+01
3.352615095521453270e+01
3.413660714285714448e+01
3.402109181141439365e+01
3.420843672456575746e+01
3.392034632034631869e+01
3.385787259615384670e+01
3.381172456575682617e+01
3.378815136476426773e+01
3.367506067961164717e+01
3.354086538461538680e+01
3.348220064724919354e+01
3.355769230769230660e+01
3.431101190476190510e+01
3.418750000000000000e+01
3.363027295285359486e+01
3.345529953917050392e+01
3.353862028301886511e+01
3.333886626996554980e+01
3.313368486352356967e+01
3.330334987593052176e+01
3.322390776699029402e+01
3.349162531017369560e+01
3.342027649769585196e+01
3.347228311932352085e+01
3.394739851343624792e+01
3.378908188585607775e+01
3.421601941747572795e+01
3.403365384615384670e+01
3.417299205648720317e+01
3.406420595533499096e+01
3.388228438228438222e+01
3.424621212121212466e+01
3.439108009708737512e+01
3.391968253968254032e+01
3.375557461406518200e+01
3.360654761904761756e+01
3.370011435105774922e+01
3.385757211538461320e+01
3.402738927738927543e+01
3.362521008403361122e+01
3.361862864077669855e+01
3.346571601941747787e+01
3.310972850678732726e+01
3.357808857808857539e+01
3.388371394230769340e+01
3.345102163461538680e+01
3.299819711538461320e+01
3.299912587412587328e+01
3.322698135198135105e+01
3.345017482517482676e+01
3.324970862470862443e+01
3.359134615384615330e+01
3.371815476190476346e+01
3.454146634615384670e+01
3.410877403846154010e+01
3.381790865384615330e+01
3.359894540942928387e+01
3.379508448540706667e+01
3.373677884615384670e+01
3.333333333333333570e+01
3.364946236559139692e+01
3.388120347394541199e+01
3.384588744588744902e+01
3.380831265508685135e+01
3.416253101736973008e+01
3.461177884615384670e+01
3.437682038834951470e+01
3.412229567307691980e+01
3.410453074433657150e+01
3.406250000000000000e+01
3.398046875000000000e+01
3.422663834951456607e+01
3.378037518037518083e+01
3.388005010961478547e+01
3.400505952380952124e+01
3.392991504854369111e+01
3.354326923076923350e+01
3.360446428571428612e+01
3.384708436724565672e+01
3.395793269230769340e+01
3.429708141321044224e+01
3.451051682692308020e+01
3.416066997518610293e+01
3.381904761904761614e+01
3.409395552771687932e+01
3.377889132477294254e+01
3.409288025889967599e+01
3.394144417475727948e+01
3.350827205882352899e+01
3.373437500000000000e+01
3.388065476190476488e+01
3.419085081585081554e+01
3.374494047619047876e+01
3.348921911421911091e+01
3.366892688679245538e+01
3.427047146401984890e+01
3.360891990291262488e+01
3.375616698292220264e+01
3.299332524271844846e+01
3.319417475728155154e+01
3.325242718446602197e+01
3.302548543689320582e+01
3.235663430420711961e+01
3.237044902912621325e+01
3.308343446601941906e+01
3.315728715728715770e+01
3.346692961165048530e+01
3.343939393939393767e+01
3.324699519230769340e+01
3.250714285714285978e+01
3.239513221153845990e+01
3.285406553398058094e+01
3.258129370629370669e+01
3.302156177156177108e+01
3.299105339105339141e+01
3.308191747572815444e+01
3.315238095238095184e+01
3.327849264705882604e+01
3.330273609885260555e+01
3.322596153846154010e+01
3.311372549019608158e+01
3.362500000000000000e+01
3.348515406162464814e+01
3.336563750714694265e+01
3.293732718894009537e+01
3.348511166253101834e+01
3.362518387761106453e+01
3.268414918414918446e+01
3.310877403846154010e+01
3.283804086538461320e+01
3.314813701923076650e+01
3.275150240384615330e+01
3.274821428571428328e+01
3.293363095238095184e+01
3.320483682983682883e+01
3.335416666666666430e+01
3.337327188940091816e+01
3.330535714285714022e+01
3.313809523809523938e+01
3.317668269230769340e+01
3.292191142191142461e+01
3.308804086538461320e+01
3.307488344988345119e+01
3.370600233100233112e+01
3.269343924683730762e+01
3.266421568627450966e+01
3.281759906759906897e+01
3.363236134934248156e+01
3.350360576923076650e+01
3.314988687782805243e+01
3.379311414392059731e+01
3.338040600176522332e+01
3.326868686868687064e+01
3.268502331002331118e+01
3.323736263736263652e+01
3.336879652605458801e+01
3.351911407766990436e+01
3.309414965986394463e+01
3.316346153846154010e+01
3.360164754339511717e+01
3.386625874125873992e+01
3.294230769230769340e+01
3.384975961538461320e+01
3.383131067961164717e+01
3.339267990074441883e+01
3.330339805825242649e+01
3.301470588235294201e+01
3.332812500000000000e+01
3.317835497835498160e+01
3.260084033613445342e+01
3.241214622641509635e+01
3.274061624649859681e+01
3.323005952380952266e+01
3.267113095238094900e+01
3.268511904761904674e+01
3.270282451923076650e+01
3.241327561327561568e+01
3.264617604617604485e+01
3.256693145042659410e+01
3.264481351981351764e+01
3.273274886877828038e+01
3.293825042881646681e+01
3.298326118326118461e+01
3.299218750000000000e+01
3.279063275434243252e+01
3.278108362041966473e+01
3.243210955710955545e+01
3.271237864077669855e+01
3.261991341991341642e+01
