3.611641164116411318e+01
3.915196078431372229e+01
4.012181218121812520e+01
4.074606060606060254e+01
3.921454326923076650e+01
3.908910891089109185e+01
3.909869051421271280e+01
3.911227071473750527e+01
3.916398809523809632e+01
3.869209558823529704e+01
3.829490291262136026e+01
3.867019711679905924e+01
3.839102564102564230e+01
3.843079584775086488e+01
3.875884747886000525e+01
3.877674278846154010e+01
3.893750000000000000e+01
3.884681372549019329e+01
3.900684261974584643e+01
3.878766050735985260e+01
3.888294711824123340e+01
3.870358910891089010e+01
3.897359735973597594e+01
3.895469255663430630e+01
3.878122005748961953e+01
3.859803921568627771e+01
3.864797794117647101e+01
3.877707770777077911e+01
3.845762175838077468e+01
3.901144801980198196e+01
3.888366336633663423e+01
3.873019801980198196e+01
3.861243872549019329e+01
3.856128640776699257e+01
3.888725490196078738e+01
3.846013533392174111e+01
3.878593750000000284e+01
3.928826530612244738e+01
3.924823348694316394e+01
3.919931271477663159e+01
3.943701618578465684e+01
3.962968750000000284e+01
3.914210061782877403e+01
3.925290322580644897e+01
3.914043662430758985e+01
3.885199999999999676e+01
3.874781250000000199e+01
3.885921717171716949e+01
3.875968749999999829e+01
3.870804822417725433e+01
3.899315738025415357e+01
3.859032258064516441e+01
3.892262430126508121e+01
3.869562499999999972e+01
3.832531250000000256e+01
3.865593750000000028e+01
3.880408040804080372e+01
3.918484848484848726e+01
3.920912091209120831e+01
3.877484848484848357e+01
3.893294117647058528e+01
3.930806451612902919e+01
3.906373762376237835e+01
3.906281565656565391e+01
3.892718750000000227e+01
3.900666666666666771e+01
3.910838709677419445e+01
3.933822091886607808e+01
3.933648989898989612e+01
3.926333333333333542e+01
3.894419441944194205e+01
3.908250000000000313e+01
3.936727272727272720e+01
3.955839646464646364e+01
3.923442989460236419e+01
3.920727272727273061e+01
3.963604797979797922e+01
3.932969696969696827e+01
3.917705882352941416e+01
3.923705808080808310e+01
3.893276515151514872e+01
3.882110969387755262e+01
3.901661779081133830e+01
3.894128787878787534e+01
3.882795698924731198e+01
3.875645161290322704e+01
3.831218750000000028e+01
3.876344086021505575e+01
3.902150537634408778e+01
3.916338418862690673e+01
3.897968749999999716e+01
3.877935606060606233e+01
3.891698232323232531e+01
3.884548387096774036e+01
3.863973063973063660e+01
3.891707920792079278e+01
3.922091886608015443e+01
3.899011479591836604e+01
3.895075757575757791e+01
3.913531249999999773e+01
3.955066797002280765e+01
3.979960899315737777e+01
3.959954382535027406e+01
3.927002700270026736e+01
3.945324209840338625e+01
2.899549954995499590e+01
3.190969096909691061e+01
3.302000588408355242e+01
3.373386636207881395e+01
3.453393665158370851e+01
3.520358929096793332e+01
3.504997144488863370e+01
3.317037259615384670e+01
3.296680272108843468e+01
3.476382978723404449e+01
3.488419117647058698e+01
3.720408163265306456e+01
3.834285714285714164e+01
3.894717304397487112e+01
3.911274509803921262e+01
3.968218161050828030e+01
4.078604382929642469e+01
4.143175328383780709e+01
4.183506343713955999e+01
4.201680168016801531e+01
4.238643864386438764e+01
4.201960784313725839e+01
4.154615138933247920e+01
4.173097643097643328e+01
4.240625000000000000e+01
4.270600000000000307e+01
4.268440594059406124e+01
4.270707070707070585e+01
4.238316831683168573e+01
4.290774193548386961e+01
4.292342782665363643e+01
4.258033333333333559e+01
4.230963096309631055e+01
4.278905755850727388e+01
4.289019224503095273e+01
4.333979591836734357e+01
4.281785597914630159e+01
4.288302378624959488e+01
4.241366666666666418e+01
4.239029064196742524e+01
4.277419354838709609e+01
4.281090561224489477e+01
4.272660491855636877e+01
4.253145959757266326e+01
4.249499999999999744e+01
4.236181818181817960e+01
4.274903225806451701e+01
4.251064516129032000e+01
4.229218749999999716e+01
4.237601824698598563e+01
4.262290322580645352e+01
4.243813387423934813e+01
4.241838709677419672e+01
4.234263426342634062e+01
4.284190354519322597e+01
4.248774509803921262e+01
4.248948019801980536e+01
4.263781539444266855e+01
4.256831119544592212e+01
4.244774193548386876e+01
4.287593749999999915e+01
4.266290322580645267e+01
4.244275990099009732e+01
4.282064516129032228e+01
4.278548387096774519e+01
4.253281249999999858e+01
4.260227272727272663e+01
4.262343750000000142e+01
4.291156250000000227e+01
4.259749999999999659e+01
4.241041200894282781e+01
4.280903225806451928e+01
4.290156249999999716e+01
4.293943383805135028e+01
4.280843749999999659e+01
4.287687499999999829e+01
4.273117311731173373e+01
4.257838709677419331e+01
4.230857142857142605e+01
4.279623123602682710e+01
4.310962566844919763e+01
4.299873497786211374e+01
4.325742574257425588e+01
4.292524509803921262e+01
4.289811561801341355e+01
4.298466666666666924e+01
4.266496327052060167e+01
4.298267326732673155e+01
4.276411764705882490e+01
4.311689556052379402e+01
4.305908655381666961e+01
4.257038834951456607e+01
4.226976597090449417e+01
4.198450347881087907e+01
4.230154486036838790e+01
4.406966369251887272e+01
4.447844827586207117e+01
4.520175438596491091e+01
4.514228675136116209e+01
4.554340277777777857e+01
4.568437500000000284e+01
3.360708166761850180e+01
3.288206739006282220e+01
3.262725684333139498e+01
3.258685868586858447e+01
3.197029114676173478e+01
3.191433466590519785e+01
3.179442401960784181e+01
3.144454251250367705e+01
3.181066176470588402e+01
3.159132281553398158e+01
3.235669975186104352e+01
3.228125919388055109e+01
3.306189320388349273e+01
3.251515151515151558e+01
3.288492555831265207e+01
3.254663136216534269e+01
3.179957932692307665e+01
3.151188354129530467e+01
3.213228155339805880e+01
3.176911407766990436e+01
3.183946078431372584e+01
3.172127212721272116e+01
3.148774509803921617e+01
3.187514417531718536e+01
3.211616161616161946e+01
3.209653465346534773e+01
3.209108159392789617e+01
3.194956683168316758e+01
3.175042832667047321e+01
3.163282732447817835e+01
3.192512376237623783e+01
3.211378490790255569e+01
3.173315681082671347e+01
3.204166666666666430e+01
3.183486519607843235e+01
3.162053056516724325e+01
3.124036481318034575e+01
3.172222222222222143e+01
3.170550161812297674e+01
3.139307359307359135e+01
3.136165048543689338e+01
3.120564872021182623e+01
3.145959595959595845e+01
3.159605766401882931e+01
3.174338942307692335e+01
3.129854368932038966e+01
3.098331310679611761e+01
3.135674504950495134e+01
3.161567599067599232e+01
3.133404126213592278e+01
3.130039977155911046e+01
3.158252427184466171e+01
3.146359223300970953e+01
3.142648883374689817e+01
3.164108009708737868e+01
3.183238456672991745e+01
3.180457250234888988e+01
3.191703442188878981e+01
3.206576886940181481e+01
3.190705128205128105e+01
3.159196428571428683e+01
3.156007281553398158e+01
3.157767857142857082e+01
3.148391990291262132e+01
3.135456730769230660e+01
3.122270471464019792e+01
3.129717548076922995e+01
3.130974005637331814e+01
3.162647058823529278e+01
3.168476525071861971e+01
3.134186525448661342e+01
3.127619047619047521e+01
3.141714104996837520e+01
3.113345983554712149e+01
3.259519291587602652e+01
3.190165988098966565e+01
3.175000000000000000e+01
3.114993990384615330e+01
3.110531309297912728e+01
3.104156553398058094e+01
3.133479486376448619e+01
3.122828784119106871e+01
3.164254192409532251e+01
3.167647058823529349e+01
3.185918003565062406e+01
3.158002481389578264e+01
3.133161407766990436e+01
3.146177184466019483e+01
3.120947337452191661e+01
3.133719548425430901e+01
3.145484548454845353e+01
3.129487179487179560e+01
3.167973856209150441e+01
3.181523058252427205e+01
3.147661076787290213e+01
3.127692769276927720e+01
3.194562499999999972e+01
3.181208894456623781e+01
3.167196234186525317e+01
3.201001213592233086e+01
3.163430420711974023e+01
3.999288366336633516e+01
4.000124999999999886e+01
3.938281250000000000e+01
3.965070055392636306e+01
3.989906249999999943e+01
4.013187500000000085e+01
3.995387205387205398e+01
3.960747365059086889e+01
4.005997474747474740e+01
3.956343749999999915e+01
3.976500000000000057e+01
