2.250452488687782804e+01
2.182933104631217702e+01
2.209933407325194210e+01
2.261673881673881681e+01
2.217619047619047734e+01
2.237541620421753663e+01
2.223222883035967001e+01
2.252913429522752509e+01
2.215901875901876039e+01
2.217502124044180078e+01
2.231089743589743435e+01
2.238627450980392197e+01
2.241038961038961119e+01
2.215323041738136212e+01
2.262113095238095184e+01
2.249196428571428541e+01
2.238060141509433976e+01
2.241812354312354216e+01
2.239191919191919311e+01
2.214793057409879751e+01
2.253630646083476208e+01
2.231708683473389243e+01
2.245029761904761756e+01
2.251369047619047592e+01
2.217866959868059240e+01
2.236531061022540001e+01
2.243100604727872494e+01
2.203564625850340164e+01
2.228427128427128423e+01
2.245367132867133009e+01
2.236688701923077005e+01
2.232242990654205528e+01
2.223837535014005695e+01
2.245512265512265415e+01
2.223025210084033532e+01
2.208710407239819062e+01
2.270833333333333215e+01
2.272355631789594099e+01
2.244593837535013847e+01
2.252072829131652654e+01
2.222673267326732827e+01
2.229093851132686055e+01
2.226868686868686709e+01
2.204642857142857082e+01
2.232512019230769340e+01
2.212189542483660176e+01
2.272841781874040024e+01
2.253215144230769340e+01
2.261964285714285694e+01
2.280804854679016458e+01
2.291089108910891170e+01
2.263199300699300665e+01
2.313733631427658821e+01
2.285104364326375759e+01
2.271574576812519908e+01
2.225021645021644900e+01
2.265633982753114140e+01
2.287260726072607397e+01
2.304152028106036454e+01
2.327301864801864895e+01
2.313003300330032985e+01
2.364421252371916538e+01
2.321494730118173067e+01
2.264246323529411598e+01
2.269424019607843235e+01
2.229926541041200849e+01
2.276732507532641492e+01
2.275759473849044667e+01
2.278842504743833075e+01
2.282450980392156836e+01
2.252254901960784395e+01
2.290291262135922423e+01
2.230066006600659989e+01
2.238038965186841267e+01
2.217362428842504585e+01
2.287191650853889868e+01
2.317612903225806420e+01
2.323240291262136026e+01
2.294059405940594232e+01
2.242797828169913643e+01
2.269771039603960361e+01
2.238830445544554593e+01
2.202849264705882248e+01
2.258096454806770836e+01
2.285860148514851531e+01
2.256032258064515972e+01
2.259735973597359759e+01
2.245225167678058042e+01
2.261960784313725625e+01
2.285907590759076058e+01
2.252933333333333366e+01
2.265709570957095664e+01
2.220718954248366117e+01
2.252722772277227747e+01
2.203768763973171474e+01
2.234622524752475314e+01
2.264388374321303132e+01
2.248855198019801804e+01
2.281881188118811821e+01
2.228860294117647101e+01
2.256180134142446647e+01
