4.437899999999999778e+01
4.489566666666666350e+01
4.493225806451612669e+01
4.499055066797001956e+01
4.538907175773535130e+01
4.474519387422613192e+01
4.471802721088435106e+01
4.435874877810361738e+01
4.446692733789507912e+01
4.473699802501646161e+01
4.452470671880554676e+01
4.431283327408461048e+01
4.421616161616161378e+01
4.417979797979798207e+01
4.429460171165240467e+01
4.418833496252850779e+01
4.487194525904203601e+01
4.476907216494845443e+01
4.435580645161290647e+01
4.446734693877551337e+01
4.501616161616161804e+01
4.473032258064515787e+01
4.412891156462585229e+01
4.460052134245682964e+01
4.443230240549828380e+01
4.441695988740323742e+01
4.418781565656565391e+01
4.411502117953730817e+01
4.416296296296296475e+01
4.448061224489796217e+01
4.403519061583578065e+01
4.446835016835017029e+01
4.446804123711340395e+01
4.432029977191267278e+01
4.429380717804362888e+01
4.398367346938775313e+01
4.423312271366810933e+01
4.397295536005213279e+01
4.396285434995112240e+01
4.386116838487972558e+01
4.422767857142856940e+01
4.469625850340135997e+01
4.478383838383838622e+01
4.442751583391977732e+01
4.459557823129251375e+01
4.464444444444444571e+01
4.391904761904761756e+01
4.358194851743238729e+01
4.389931573802541465e+01
4.489896907216494526e+01
4.490808080808081115e+01
4.430505050505050235e+01
4.430893736805067107e+01
4.435432793807178342e+01
4.459003436426117162e+01
4.485340136054421833e+01
4.454680134680134529e+01
4.416572836030964311e+01
4.414398625429553391e+01
4.413993055555555856e+01
4.432079414838035802e+01
4.432916053019145863e+01
4.416734693877550910e+01
4.394914663880181394e+01
4.391766361717100864e+01
4.396574344023323277e+01
4.388599577762139603e+01
4.383780068728522394e+01
4.394863945578231323e+01
4.353117380703587713e+01
4.353790087463556802e+01
4.383600583090378677e+01
4.422589725545390849e+01
4.444229415904293035e+01
4.431683848797251102e+01
4.427755102040816126e+01
4.441474654377880427e+01
4.406666666666666998e+01
4.459874917709019115e+01
4.428591065292096118e+01
4.468877551020408134e+01
4.440022091310751051e+01
4.422416063199473513e+01
4.387162606978274937e+01
4.445120274914089009e+01
4.409211839042234971e+01
4.374983541803818099e+01
4.408129251700680129e+01
4.397380952380952124e+01
4.451821305841924215e+01
4.404013605442176527e+01
4.396774193548387188e+01
4.415215072875933089e+01
4.418831615120274847e+01
4.454926108374384341e+01
4.461802721088435675e+01
4.482683982683983004e+01
4.466666666666666430e+01
4.474829931972789154e+01
4.509115646258503318e+01
4.518809523809523654e+01
4.500065167807102995e+01
4.497366688610928520e+01
4.522993197278911737e+01
4.500714285714285978e+01
4.460206185567010095e+01
4.471263989466754651e+01
4.481798791325986286e+01
4.468809523809523654e+01
4.480680272108843809e+01
4.519217687074829826e+01
4.464157706093190114e+01
4.425272108843537211e+01
4.417074829931972602e+01
4.459414088215931571e+01
4.400553926360377943e+01
4.375714285714285978e+01
4.386119257086998857e+01
4.387483870967741950e+01
4.365656565656565391e+01
4.399144173798551805e+01
4.374193548387096797e+01
4.363962202671880419e+01
4.327551020408163396e+01
4.340306288693385284e+01
4.348716260697827352e+01
4.421885995777621048e+01
4.419764309764309473e+01
4.429023569023568996e+01
4.420788530465949862e+01
4.378877551020408276e+01
4.372659932659932736e+01
4.404344963791968581e+01
4.402828282828282624e+01
4.340208536982730436e+01
4.335612903225806747e+01
4.378755294884327043e+01
4.371515151515151842e+01
4.386738351254480506e+01
4.398619528619528296e+01
4.368129032258064370e+01
4.463973063973063660e+01
4.498316498316498269e+01
4.442766666666666708e+01
4.417064516129032370e+01
4.382865268396729164e+01
4.424107744107744367e+01
4.410976430976430862e+01
4.403636363636363882e+01
4.391886608015640547e+01
4.386399999999999721e+01
4.386749999999999972e+01
4.429358097100032410e+01
4.393388693708080694e+01
4.366318355973528043e+01
4.372466601498859262e+01
4.380781249999999716e+01
4.381655262300423459e+01
4.355687499999999801e+01
4.462033416281549592e+01
4.432806451612903231e+01
4.454969045291625918e+01
4.452492668621700744e+01
4.385161290322580641e+01
4.404863945578231466e+01
4.419322254806125727e+01
4.373870967741935800e+01
4.343973063973064086e+01
4.357993197278911879e+01
4.352600000000000335e+01
4.396448354512870793e+01
4.379081133919843438e+01
4.378316498316497984e+01
4.425612903225806605e+01
4.446938775510204067e+01
4.420766666666666822e+01
4.410520760028148857e+01
4.514646464646464352e+01
4.419582926034539128e+01
4.488741496598639458e+01
4.463917525773195649e+01
4.481687846203975312e+01
4.440166666666666373e+01
4.454708374063212517e+01
4.438552188552188227e+01
4.413905723905723733e+01
4.430269360269360135e+01
4.460134680134679996e+01
4.454747474747474456e+01
4.477244897959183589e+01
4.499902248289345152e+01
4.465858585858585883e+01
4.458181818181817846e+01
4.458516196447230584e+01
4.432741205154998454e+01
4.377133333333333098e+01
4.416496598639455584e+01
4.420202020202020066e+01
4.419090909090908781e+01
4.451088435374149554e+01
4.467321428571428754e+01
4.461507936507936734e+01
4.467912457912457569e+01
4.461128526645767778e+01
4.462121212121212466e+01
4.447508417508417722e+01
4.456666666666666998e+01
4.406034482758620641e+01
4.458344827586206804e+01
4.504496578690127251e+01
4.500102424035507198e+01
4.564431486880466338e+01
4.607500000000000284e+01
4.654359629511338170e+01
4.612188552188552393e+01
4.551133333333333297e+01
4.571346801346801669e+01
4.554006734006733836e+01
4.550673400673400693e+01
4.475156249999999858e+01
4.535483870967741638e+01
4.517502395400830295e+01
4.506228042159054326e+01
4.524783415841584144e+01
4.527374999999999972e+01
4.484713828652684242e+01
4.460238095238095468e+01
4.475666666666666771e+01
4.429162593678722715e+01
4.451425142514251121e+01
4.405342741935483986e+01
4.365580312603923829e+01
4.385104870245289987e+01
4.387609427609427826e+01
4.387096774193548043e+01
4.403357472021066599e+01
4.386347642505278088e+01
4.355272108843537637e+01
4.379767769176635994e+01
4.398728522336769942e+01
4.432147988505747094e+01
4.423949169110459678e+01
4.385555555555555429e+01
4.377086797472563973e+01
4.382879234167894111e+01
4.388075601374570311e+01
4.410980775496904727e+01
4.446666666666666856e+01
4.428433333333333621e+01
4.365530303030303116e+01
4.382289562289562213e+01
4.369158249158249419e+01
4.374573319400905547e+01
4.355425219941349013e+01
4.379333333333333655e+01
4.327070707070706845e+01
4.406278317152103341e+01
4.371393384940183324e+01
4.388748874887488682e+01
4.404215905461514069e+01
4.394075049374588815e+01
4.341273750879662430e+01
4.367676767676767469e+01
4.301266713581984646e+01
4.281562280084447281e+01
4.346666666666666856e+01
4.355735397607318760e+01
4.319557823129251517e+01
4.349009900990098743e+01
4.349862542955326461e+01
4.383641581632652873e+01
4.337373737373737725e+01
4.337491408934707948e+01
4.361648745519713088e+01
4.327656249999999716e+01
4.348390151515151558e+01
4.392725477287689273e+01
4.379048550016292296e+01
4.426431863067807626e+01
4.374877810361681441e+01
4.362202671880091032e+01
4.343193548387096570e+01
4.337471489084392573e+01
4.291419354838709666e+01
4.343581303489137468e+01
4.340273704789834142e+01
4.387853851217906254e+01
4.372238514173997714e+01
4.392451612903225566e+01
4.346741935483871089e+01
4.330677419354838520e+01
4.398863636363636687e+01
4.354566666666666919e+01
4.357718750000000085e+01
4.385055957867017895e+01
4.321064516129032285e+01
4.327042079207920722e+01
4.318935483870967573e+01
4.371260997067448528e+01
4.332354838709677125e+01
4.322059302704464301e+01
4.331812500000000199e+01
4.332062561094819131e+01
4.377191267513848061e+01
4.371717171717171624e+01
4.370853960396039639e+01
4.330237862495926748e+01
4.281518151815181739e+01
4.239603960396039639e+01
4.278693181818182012e+01
4.294200000000000017e+01
4.295420875420875717e+01
4.308261138613861618e+01
4.327878787878788103e+01
4.301375000000000171e+01
4.314141414141413833e+01
4.341772564353209418e+01
4.323367003367003036e+01
4.301935483870967403e+01
4.369051421271159086e+01
4.315892255892256202e+01
4.317466666666666697e+01
4.320673400673400977e+01
4.298156250000000256e+01
4.324687500000000284e+01
4.255366666666666475e+01
4.299566666666666492e+01
4.290241379310344882e+01
4.367025089605734678e+01
4.342161290322580669e+01
4.333741935483870833e+01
4.339433333333333564e+01
4.316396903589021861e+01
4.349372937293729535e+01
4.402838709677419615e+01
4.371500000000000341e+01
4.317799999999999727e+01
4.293933333333333024e+01
4.328645161290322818e+01
4.300404040404040273e+01
4.321346801346801669e+01
4.314299242424242209e+01
4.265862068965517295e+01
4.301184990125081953e+01
4.305799999999999983e+01
4.313535353535353778e+01
4.276936026936026991e+01
4.326423267326732969e+01
4.312188552188552393e+01
4.333594004561746260e+01
4.324484848484848243e+01
4.370645161290322278e+01
4.300510204081632537e+01
4.278843537414965681e+01
4.321838709677419388e+01
4.350863473444118767e+01
4.339797979797980076e+01
4.312399860675722607e+01
4.291224489795918373e+01
4.314261168384879852e+01
4.308184818481848311e+01
4.348011363636363313e+01
4.363929618768328567e+01
4.400612903225806605e+01
4.397412967103161918e+01
4.370825082508250858e+01
4.350707070707071011e+01
4.362469059405940897e+01
4.345247524752475243e+01
4.303535353535353636e+01
4.333003300330032914e+01
4.317806451612903373e+01
4.272838709677419189e+01
4.356006600660065686e+01
4.381347812200574765e+01
4.319961673586713857e+01
4.340064516129032057e+01
4.328673835125447766e+01
4.292543316831682887e+01
4.279241379310344939e+01
4.335549038774845343e+01
4.344053437601824896e+01
4.289099999999999824e+01
4.284870967741935743e+01
4.319806451612902976e+01
4.399312499999999915e+01
4.393999999999999773e+01
4.370381231671554190e+01
4.353693181818182012e+01
4.386734006734006641e+01
4.354703282828283051e+01
4.366700000000000159e+01
4.353999999999999915e+01
4.358899999999999864e+01
4.320900000000000318e+01
4.330651340996168841e+01
4.312643678160919336e+01
4.305497037524687443e+01
4.300000000000000000e+01
4.254056695992179726e+01
4.317633333333333212e+01
4.346888237210817607e+01
4.337516129032258050e+01
4.336933333333332996e+01
4.296204620462046364e+01
4.332066666666666777e+01
4.310067340067340069e+01
4.365530303030303116e+01
4.371064516129032285e+01
4.412080315997366853e+01
4.345266666666666566e+01
4.366499999999999915e+01
4.335766666666666680e+01
4.312035891089109185e+01
4.311155115511551372e+01
4.324145640370488763e+01
4.314084956882785349e+01
4.315745768125199788e+01
4.321866666666666390e+01
4.309090909090909349e+01
4.307322580645161025e+01
4.396632996632996537e+01
4.383454545454545581e+01
4.361290322580644840e+01
4.360031250000000114e+01
4.308847013733631570e+01
4.300387096774193196e+01
4.316870967741935772e+01
4.277933333333333366e+01
4.277920792079208212e+01
4.292258064516128968e+01
4.265894236482471769e+01
4.327023878858474149e+01
4.356937500000000085e+01
4.331352941176470495e+01
4.378389960208141929e+01
4.356630824372759747e+01
4.329734848484848442e+01
4.337085459183673208e+01
4.305938169574532992e+01
4.419167822468793361e+01
4.360653061224489591e+01
4.330740037950663890e+01
4.339333333333333087e+01
4.323922069626317466e+01
4.272787278727872717e+01
4.276429255828808351e+01
4.245084175084175371e+01
4.283468013468013424e+01
4.325218855218854941e+01
4.347959183673469141e+01
4.299537859936011586e+01
4.344834183673469141e+01
4.327077223851417642e+01
4.298631476050830713e+01
4.288754208754208719e+01
4.334175084175084436e+01
4.300806451612903203e+01
4.340281250000000313e+01
4.295439543954395134e+01
4.330824372759856544e+01
4.321063576945930151e+01
4.372518382352941302e+01
4.347058823529411598e+01
4.331705097087378675e+01
4.300264026402640383e+01
4.337902227722772608e+01
4.347308168316831711e+01
4.325937499999999858e+01
4.357010539763653867e+01
4.322261258383903026e+01
4.359218750000000142e+01
4.325773514851485402e+01
4.335580645161290647e+01
4.358633333333333582e+01
4.320121366975407540e+01
4.319090346534653690e+01
4.347293729372937321e+01
4.345420792079207928e+01
4.308292079207920722e+01
4.315906249999999744e+01
4.310838709677419445e+01
4.311695544554455495e+01
4.267903225806451672e+01
4.260843750000000085e+01
4.282611386138614051e+01
4.324901960784313815e+01
4.289387376237623783e+01
4.311131113111311208e+01
4.296189618961896173e+01
4.361948529411764497e+01
4.337004950495049371e+01
4.319299999999999784e+01
4.359437879271798266e+01
4.337196601941747787e+01
4.336346215266687665e+01
4.379827688651218409e+01
4.387778465346534773e+01
4.367843750000000114e+01
4.324784413925263493e+01
4.343959519291587412e+01
4.317388613861385949e+01
4.319214108910890815e+01
4.348669554455445763e+01
4.352858511657617413e+01
4.309702501690331644e+01
4.329946524064170887e+01
4.340324032403240295e+01
4.333303330333033188e+01
4.329105392156862564e+01
4.351838235294117396e+01
4.361757425742574412e+01
4.316299019607843235e+01
4.309625668449197633e+01
4.333261138613861618e+01
4.339003900390039092e+01
4.323498774509803866e+01
4.339631610219845470e+01
4.357261029411764497e+01
4.356126237623762165e+01
4.334650735294117396e+01
4.338613861386138382e+01
4.335519801980198196e+01
4.321925133689839527e+01
4.265314595975726775e+01
4.293642305407011150e+01
4.301213669754071844e+01
4.330096774193548725e+01
4.301935483870967403e+01
4.268935643564356752e+01
4.287592821782178021e+01
4.262106210621062274e+01
4.288756127450980671e+01
4.253050143724049548e+01
4.291642399534070762e+01
4.295368891727882499e+01
4.259957107843137436e+01
4.336293316831682887e+01
4.320825906120023774e+01
4.352277227722772324e+01
4.320387096774193481e+01
4.335709677419355046e+01
4.351421271159374271e+01
4.319323213156230423e+01
4.299286987522281578e+01
4.308756188118811536e+01
4.291440434366017342e+01
4.283481877599524523e+01
4.283594771241830301e+01
4.329580645161290420e+01
4.314249999999999829e+01
4.301739405439595032e+01
4.332669196710942572e+01
4.334480729626361040e+01
4.292357673267326845e+01
4.320220588235294201e+01
4.329008073817762181e+01
4.329158760278304641e+01
4.369518716577540118e+01
4.314350728155339709e+01
4.269178921568627771e+01
4.235674504950495134e+01
4.269754072181411431e+01
4.269860847564832085e+01
4.289078907890789338e+01
4.268572341105078038e+01
4.266368572341104937e+01
4.277197975964579513e+01
4.274721534653465227e+01
4.279176980198019464e+01
4.249417892156862564e+01
4.285705249841872444e+01
4.298165717900063498e+01
4.326407337128399888e+01
4.333681214421252292e+01
4.278607860786078732e+01
4.327413366336633516e+01
4.363096309630962821e+01
4.370420792079207928e+01
4.353217821782178021e+01
4.316181930693069546e+01
4.301206683168317113e+01
4.331134878193702065e+01
4.294761029411764497e+01
4.324597772277227392e+01
4.308168316831682887e+01
4.343598615916955197e+01
4.345472895040369110e+01
4.346375519904931650e+01
4.365346534653465227e+01
4.348673587081891867e+01
4.337712418300653638e+01
4.346405228758170125e+01
4.310731395720217307e+01
4.333972772277227392e+01
4.360396039603960361e+01
4.355445544554455495e+01
4.306341911764705799e+01
4.319227083998722350e+01
4.246262254901960631e+01
4.245036764705882604e+01
4.272549019607843235e+01
4.320252025202520230e+01
4.327103960396039639e+01
4.300428921568627771e+01
4.285457920792079278e+01
4.253039215686274588e+01
4.265532178217821979e+01
4.284848484848485128e+01
4.267201426024955424e+01
4.329353523587652575e+01
4.336943069306930454e+01
4.299009900990098743e+01
4.315808823529411598e+01
4.326949257425742701e+01
4.269270833333333570e+01
4.296379950495049371e+01
4.297363636363636630e+01
4.294730392156862564e+01
4.262716584158415856e+01
4.267636138613861618e+01
4.263909313725490335e+01
4.239601901366606995e+01
4.273437500000000000e+01
4.297058823529411598e+01
4.311701454775458586e+01
4.288205585264408626e+01
4.371717171717171624e+01
4.316482843137254832e+01
4.261276223776224015e+01
4.272181372549019329e+01
4.266097406704617612e+01
4.243321078431372229e+01
4.287745098039215463e+01
4.254687500000000000e+01
4.244194419441944177e+01
4.237009803921568363e+01
4.210508578431372229e+01
4.268750000000000000e+01
4.301763613861385949e+01
4.312091791703441856e+01
4.353683897801544589e+01
4.330794902912621325e+01
4.301425970873786753e+01
4.292945544554455495e+01
4.275816416593115576e+01
4.294090346534653690e+01
4.278645833333333570e+01
4.289437065148639761e+01
4.300147102088849493e+01
4.296940276551926985e+01
4.252750809061488724e+01
4.323712856722565334e+01
4.281770833333333570e+01
4.251061893203883812e+01
4.274448529411764497e+01
4.248376225490196134e+01
4.260232843137254832e+01
4.271446822101565033e+01
4.280485467901628738e+01
4.304764851485148824e+01
4.324509803921568363e+01
4.300278465346534773e+01
4.294622697563873714e+01
4.321109068627450966e+01
4.318360071301248126e+01
4.321979759645793706e+01
4.329626225490196134e+01
4.326991421568627771e+01
4.283026960784313530e+01
4.335661764705882604e+01
4.329258578431372229e+01
4.306035539215686470e+01
4.298050742574257299e+01
4.312250000000000227e+01
4.323161290322580896e+01
4.319482593420632099e+01
4.308655381667198725e+01
4.330714916151809035e+01
4.315370018975332300e+01
4.303737745098039369e+01
