4.790124999999999744e+01
4.776898012381883518e+01
4.756858911697621295e+01
4.802843137254902217e+01
4.755001629195177770e+01
4.761290322580644840e+01
4.778005865102639405e+01
4.807878787878787818e+01
4.786999022482893196e+01
4.766903225806451871e+01
4.798299999999999699e+01
4.820516129032257879e+01
4.788806451612903459e+01
4.778862068965517551e+01
4.767906517445688053e+01
4.755156250000000284e+01
4.736102965135223286e+01
4.782795698924731198e+01
4.794903225806451275e+01
4.830419354838709722e+01
4.808745874587458502e+01
4.806868686868686780e+01
4.835050505050504910e+01
4.792525252525252455e+01
4.783933333333333593e+01
4.785966666666666924e+01
4.797866666666666902e+01
4.809483870967741836e+01
4.758633333333333582e+01
4.775743200506008890e+01
4.757713190673906212e+01
4.763823529411764923e+01
4.795406249999999915e+01
4.789531250000000284e+01
4.814874999999999972e+01
4.814455445544554379e+01
4.820000000000000284e+01
4.826127946127946444e+01
4.852600394996708388e+01
4.765135223199739301e+01
4.803516129032258419e+01
4.807137931034483103e+01
4.861192570869989993e+01
4.804903225806451417e+01
4.760562500000000341e+01
4.734838709677419644e+01
4.761616161616161946e+01
4.792993197278911310e+01
4.783939393939393625e+01
4.774107744107744367e+01
4.831769305962854588e+01
4.742333333333333201e+01
4.730235690235690527e+01
4.809161290322580840e+01
4.811166666666666458e+01
4.774933333333333252e+01
4.808080485467901610e+01
4.829258064516128712e+01
4.821666666666666856e+01
4.804032258064516014e+01
4.749266666666666481e+01
4.820723362658846867e+01
4.768870967741935374e+01
4.819090909090908781e+01
4.804677419354838719e+01
4.804483870967742121e+01
4.767135100606834897e+01
4.778249158249158057e+01
4.771912675138481319e+01
4.767821067821067516e+01
4.797239057239057303e+01
4.837033333333333474e+01
4.765633333333333610e+01
4.803417438518045657e+01
4.784797189396358874e+01
4.849932659932660073e+01
4.767965517241379558e+01
4.810633333333333184e+01
4.801566666666666805e+01
4.756464646464646506e+01
4.797666666666666657e+01
4.861633333333332985e+01
4.757010539763653867e+01
4.773903225806451900e+01
4.770935483870967886e+01
4.763433333333333053e+01
4.783636363636363598e+01
4.774451612903225595e+01
4.819322580645161480e+01
4.810759075907590443e+01
4.787400000000000233e+01
4.827366666666666362e+01
4.805034482758620840e+01
4.780231023102309962e+01
4.716171617161716512e+01
4.749709677419355103e+01
4.773566666666666691e+01
4.735420875420875575e+01
4.794433333333333280e+01
4.811999999999999744e+01
4.843771043771043594e+01
4.816354838709677466e+01
4.861485148514851318e+01
4.816813294232649412e+01
4.812121212121212466e+01
4.812343647136273717e+01
4.801952861952862150e+01
4.781709677419355131e+01
4.855700000000000216e+01
4.821414141414141596e+01
4.844107744107743940e+01
4.766933333333333422e+01
4.810740740740740762e+01
4.729730639730640007e+01
4.737290322580645352e+01
4.761616161616161946e+01
4.796233333333333348e+01
4.807000000000000028e+01
4.814066666666666805e+01
4.749677419354839003e+01
4.758137931034482904e+01
4.736060606060605949e+01
4.766677419354838463e+01
4.828199999999999648e+01
4.813066666666667004e+01
4.837811447811447607e+01
4.818833333333333258e+01
4.795611285266457458e+01
4.803636363636363882e+01
4.792199999999999704e+01
4.800456174649723096e+01
4.804822417725643646e+01
4.827979797979797638e+01
4.770022808732485942e+01
4.796171617161716227e+01
4.748133333333333184e+01
4.802904290429042788e+01
4.826800000000000068e+01
4.771734270201213945e+01
4.777326732673267173e+01
4.831481481481481666e+01
4.874147727272727337e+01
4.867870967741935573e+01
4.854903225806451417e+01
4.872899999999999920e+01
4.775589225589225606e+01
4.796902356902356956e+01
4.811354838709677750e+01
4.778833333333333400e+01
4.846129032258064484e+01
4.805666666666666487e+01
4.863737373737373559e+01
4.806303630363036206e+01
4.730884701373363299e+01
4.836185567010308972e+01
4.785586206896551431e+01
4.787161942000651749e+01
4.753838709677419416e+01
4.817193548387096769e+01
4.839622026718800640e+01
4.833729372937293789e+01
4.811215604319052375e+01
4.766304694985627322e+01
4.857649313318428597e+01
4.796322580645161082e+01
4.805589225589225322e+01
4.790774410774410796e+01
4.779191919191919169e+01
4.794258064516129281e+01
4.775290322580644897e+01
4.767645161290322875e+01
4.748633333333333439e+01
4.801501117853720757e+01
4.815444770283480125e+01
4.779633333333333667e+01
4.748770360907058574e+01
4.803605442176871065e+01
4.800586510263929796e+01
4.840957072484165735e+01
4.831313131313131493e+01
4.879831649831649543e+01
4.826349409134461865e+01
4.810300000000000153e+01
4.814033333333333076e+01
4.796336633663366200e+01
4.862966666666666526e+01
4.817062706270627359e+01
4.795275333985011201e+01
4.814242424242424079e+01
4.820269360269359993e+01
4.769831649831650111e+01
4.795340501792114907e+01
4.764814814814814525e+01
4.769191919191919027e+01
4.854781144781144775e+01
4.802406249999999943e+01
4.778547854785478677e+01
4.782567611599869650e+01
4.811399999999999721e+01
4.790792079207921006e+01
4.849723036819811028e+01
4.819400905607802343e+01
4.731666666666666998e+01
4.753718750000000171e+01
4.724566666666666492e+01
4.750399999999999778e+01
4.750000000000000000e+01
4.816896551724138220e+01
4.773630363036303947e+01
4.780866666666666731e+01
4.817694027467263140e+01
4.771466666666666612e+01
4.740187499999999687e+01
4.812479635060280003e+01
4.768166666666666487e+01
4.775766666666666538e+01
4.780188986640599325e+01
4.746593750000000256e+01
4.750569259962049529e+01
4.777441077441077510e+01
4.798199999999999932e+01
4.805566666666666720e+01
4.780774193548386819e+01
4.841481481481481808e+01
4.814026402640264024e+01
4.824133333333332985e+01
4.788433333333333053e+01
4.901172413793103289e+01
4.866161290322580868e+01
4.924343434343434467e+01
4.829533333333333189e+01
4.846666666666666856e+01
4.863281250000000000e+01
4.896836734693877702e+01
4.839595959595959584e+01
4.791586206896551658e+01
4.782516129032258334e+01
4.777970297029703062e+01
4.801380471380471704e+01
4.750179211469534124e+01
4.745552297165200173e+01
4.745356793743890478e+01
4.784149659863945914e+01
4.786451612903226049e+01
4.686733333333333462e+01
4.754521452145214511e+01
4.726357118470468066e+01
4.689240924092409557e+01
4.710209601081812281e+01
4.758217821782178447e+01
4.694620462046204779e+01
4.723728234892454481e+01
4.780668756530825192e+01
4.797500000000000142e+01
4.786363636363636687e+01
4.750275862068965438e+01
4.712733333333333263e+01
4.710066179031696265e+01
4.755578231292516733e+01
4.706039603960395823e+01
4.757946127946127746e+01
4.735910832462556641e+01
4.788724137931034619e+01
4.753551724137930989e+01
4.744689655172413723e+01
4.802443792766373321e+01
4.745847994370161871e+01
4.752145214521452488e+01
4.777451612903225708e+01
4.711056105610560962e+01
4.794785478547854751e+01
4.820483870967741780e+01
4.785148514851485402e+01
4.782274033854998407e+01
4.767755775577558097e+01
4.743051201671891448e+01
4.731204088150750664e+01
4.747633333333333638e+01
4.696666666666666856e+01
4.734257425742574554e+01
4.767866666666666475e+01
4.758400000000000318e+01
4.713793103448276156e+01
4.748679867986798797e+01
4.738262535931012565e+01
4.764410774410774252e+01
4.788758169934640563e+01
4.812390572390572174e+01
4.827333333333333343e+01
4.748085808580857758e+01
4.775126262626262275e+01
4.676599999999999824e+01
4.713076135199727190e+01
4.805666666666666487e+01
4.785185185185185475e+01
4.809064516129032540e+01
4.792287581699346077e+01
4.807612903225806633e+01
4.804299999999999926e+01
4.808686868686868365e+01
4.714224422442244133e+01
4.779832810867293347e+01
4.732620689655172441e+01
4.703449377195784109e+01
4.745559038662486984e+01
4.737649542575650941e+01
4.718064516129032171e+01
4.747648902821316597e+01
4.719537953795379792e+01
4.738633333333333297e+01
4.788633333333333297e+01
4.728968380709038399e+01
4.728855218855218823e+01
4.800522466039707581e+01
4.755299999999999727e+01
4.727575757575757365e+01
4.757540926506443668e+01
4.731387096774193424e+01
4.748533333333333672e+01
4.708035714285714590e+01
4.742558922558922774e+01
4.764466666666666583e+01
4.669326599326599592e+01
4.674290322580645096e+01
4.696966666666666868e+01
4.695733333333333093e+01
4.646464646464646364e+01
4.703483106931382451e+01
4.747205387205386984e+01
4.643333333333333002e+01
4.701066666666666549e+01
4.700161290322580498e+01
4.717821782178217660e+01
4.639838709677419359e+01
4.695959595959595845e+01
4.725034013605441885e+01
4.663448275862069181e+01
4.759793103448275531e+01
4.732965517241379416e+01
4.743500000000000227e+01
4.746534653465346310e+01
4.748522167487684698e+01
4.740379310344827246e+01
4.739933333333333110e+01
4.716933333333333422e+01
4.770733333333333093e+01
4.713482758620689594e+01
4.761796536796536827e+01
4.770586206896551573e+01
4.761399999999999721e+01
4.762409812409812560e+01
4.770045280390107933e+01
4.731478320245818026e+01
4.718586206896551971e+01
4.811947056774643272e+01
4.716387096774193566e+01
4.751034482758620925e+01
4.694566666666666777e+01
4.769500000000000028e+01
4.764532019704433452e+01
4.794322535701846277e+01
4.775548589341692463e+01
4.811534701857282670e+01
4.737912457912457853e+01
4.734074074074074190e+01
4.732310344827585880e+01
4.719595959595959300e+01
4.743673469387755404e+01
4.699808367933567865e+01
4.716333333333333400e+01
4.727744107744107538e+01
4.718413793103448484e+01
4.708965517241379217e+01
4.757979797979798064e+01
4.734166666666666856e+01
4.747925170068027256e+01
4.730333333333333456e+01
4.710461760461760150e+01
4.814800000000000324e+01
4.732258064516128826e+01
4.714533333333333331e+01
4.738744588744588526e+01
4.761862068965517381e+01
4.704193548387096513e+01
4.710686241037896593e+01
4.723663366336633374e+01
4.730673400673400408e+01
4.794482758620689822e+01
4.736600660066006441e+01
4.747366666666666646e+01
4.762548387096774150e+01
4.761827586206896257e+01
4.748586206896551687e+01
4.733366666666666589e+01
4.776732845698362695e+01
4.761685823754789482e+01
4.641309113686188681e+01
4.663624070317782611e+01
4.704166666666666430e+01
4.745676567656765599e+01
4.683509730283373074e+01
4.703432343234323554e+01
4.715116684082201459e+01
4.720245817685216849e+01
4.664488448844884516e+01
4.718415841584158699e+01
4.664643883743212882e+01
4.667868437697659800e+01
4.729419354838709921e+01
4.676797385620915293e+01
4.740466304694985666e+01
4.707242251739405248e+01
4.703066666666666862e+01
4.674533333333333474e+01
4.688114478114478345e+01
4.686138613861385949e+01
4.688517241379310008e+01
4.671414141414141596e+01
4.739881574364333261e+01
4.686299999999999955e+01
4.743828382838283630e+01
4.747821782178218086e+01
4.724680134680134813e+01
4.709103448275862291e+01
4.723993399339934030e+01
4.753434343434343390e+01
4.738827586206896569e+01
4.776466666666666328e+01
4.750103448275861950e+01
4.728066666666666862e+01
4.702861952861952943e+01
4.739324277255311557e+01
4.731322580645161224e+01
4.706303630363036206e+01
4.731267965506228279e+01
4.729225589225589488e+01
4.720600447141488587e+01
4.779413793103448427e+01
4.725511551155115342e+01
4.736133333333333439e+01
4.782000000000000028e+01
4.758767167039284374e+01
4.741274509803921688e+01
4.772833333333333172e+01
4.799669966996699344e+01
4.773465346534653264e+01
4.774733333333333007e+01
4.817068965517241708e+01
4.785997910135841238e+01
4.778056426332288709e+01
4.784516565246788389e+01
4.800965517241379388e+01
4.805940594059406124e+01
4.757656765676567545e+01
4.781295715778474431e+01
4.797275862068965324e+01
4.770206896551724185e+01
4.792929292929292728e+01
4.785399999999999920e+01
4.735816326530612486e+01
4.717609427609427541e+01
4.744612903225806377e+01
4.782064516129032228e+01
4.760967741935483843e+01
4.814790764790765110e+01
4.730180949129395884e+01
4.726666666666666572e+01
4.774896551724138050e+01
4.719633333333333525e+01
4.754967565722089518e+01
4.800870776732845968e+01
4.756969696969697026e+01
4.727995903038579684e+01
4.768966666666666754e+01
4.772433333333333394e+01
4.792143085276269687e+01
4.786999999999999744e+01
4.772999999999999687e+01
4.743915681890769775e+01
4.719610348131587330e+01
4.741833333333333655e+01
4.769849888214628209e+01
4.760266666666666424e+01
4.737744107744107680e+01
4.794208754208754186e+01
4.749181469871125216e+01
4.775503034174385419e+01
4.816413793103448171e+01
4.775478547854785205e+01
4.805607802159526187e+01
4.740066666666666606e+01
4.754208754208754328e+01
4.777917102055032927e+01
4.757034482758620442e+01
4.763617171006333706e+01
4.702850105559465277e+01
4.792859630790665193e+01
4.768989898989899245e+01
4.774310344827586050e+01
4.760866666666666447e+01
4.807750000000000057e+01
4.799233333333333462e+01
4.746767676767677102e+01
4.793234323432343302e+01
4.775285714285714533e+01
4.762033333333333474e+01
4.733586206896551829e+01
4.689966329966330250e+01
4.721551724137930961e+01
4.749865319865320146e+01
4.749689655172413438e+01
4.723344827586206662e+01
4.731903225806451729e+01
4.777448275862069238e+01
4.734100000000000108e+01
4.733124346917450254e+01
4.747448275862068812e+01
4.776516129032258107e+01
4.747003367003367202e+01
4.702289562289562497e+01
4.793490499648135028e+01
4.764217687074830110e+01
4.768943894389438753e+01
4.769663299663299938e+01
4.762766666666666993e+01
4.724499999999999744e+01
4.714747474747474598e+01
4.724199999999999733e+01
4.772733333333333405e+01
4.788047138047137707e+01
4.720233333333333547e+01
4.772626262626262417e+01
4.760896551724137993e+01
4.787161716171617343e+01
4.792277227722772182e+01
4.737741935483870748e+01
4.754016445287792436e+01
4.740471813725490335e+01
4.697941176470587976e+01
4.758316498316498411e+01
4.713833333333333542e+01
4.736033333333333672e+01
4.668061322261258539e+01
4.749645161290322903e+01
4.753529223890130595e+01
4.778052805280528048e+01
4.779800000000000182e+01
4.738217821782178163e+01
4.748583134175486720e+01
4.760366666666666902e+01
4.775266666666666993e+01
4.754511784511784356e+01
4.778728840625998231e+01
4.812566666666666748e+01
4.778745874587458786e+01
4.747491749174917430e+01
4.778233333333333377e+01
4.740284653465346310e+01
4.761200000000000188e+01
4.736566666666666947e+01
4.705806451612902919e+01
4.732758620689655515e+01
4.760462046204620634e+01
4.713432343234323696e+01
4.752068965517241139e+01
4.694593749999999943e+01
4.708591504311721820e+01
4.748633333333333439e+01
4.743366666666666731e+01
4.696827586206896399e+01
4.709252304540798661e+01
4.718999999999999773e+01
4.769115646258503460e+01
4.703321622484828879e+01
4.784125412541254008e+01
4.750528052805280765e+01
4.786275179242062450e+01
4.781122112211220809e+01
4.784719471947195046e+01
4.705940594059406124e+01
4.703928457361865156e+01
4.734137931034482705e+01
4.707172413793103516e+01
4.732034482758620442e+01
4.741279461279461316e+01
4.738742393509127737e+01
4.693366666666666731e+01
4.731815181518151547e+01
4.658580858085808529e+01
4.765775577557755582e+01
4.778300000000000125e+01
4.761599999999999966e+01
4.769733333333333292e+01
4.805016835016834875e+01
4.721750239540082816e+01
4.733068965517241367e+01
4.732903225806451530e+01
4.721846055573299594e+01
4.725766666666666538e+01
4.761583577712610094e+01
4.787379310344827843e+01
4.752053872053872396e+01
4.758451612903225936e+01
4.763689655172413495e+01
4.696838709677419388e+01
4.739877091157391931e+01
4.756379310344827616e+01
4.761779081133919789e+01
4.718162128712871350e+01
4.730488221235916768e+01
4.723838709677419700e+01
4.724069648344144667e+01
4.641188118811881225e+01
4.668316831683168289e+01
4.663000000000000256e+01
4.673620689655172100e+01
4.707811447811447891e+01
4.745233333333333547e+01
4.732475247524752149e+01
4.764747474747474598e+01
4.716199999999999903e+01
4.688148148148147953e+01
4.674906111300785483e+01
4.777166666666666828e+01
4.767413793103447972e+01
4.801689655172413751e+01
4.724482758620689538e+01
4.725566666666667004e+01
4.746798679867986692e+01
4.675032679738561825e+01
4.734482758620689680e+01
4.791366666666666418e+01
4.749766666666666737e+01
4.668181818181817988e+01
4.732833333333333314e+01
4.710875420875420616e+01
4.686699669966996851e+01
4.633184286170552468e+01
4.657931034482758292e+01
4.710999999999999943e+01
4.719433333333333280e+01
4.685946981794953814e+01
4.767260726072607468e+01
4.704779411764705799e+01
4.700561056105610902e+01
4.737870967741935146e+01
4.759143155694879823e+01
4.707755775577557955e+01
4.723828382838284057e+01
4.738217821782178163e+01
4.734666666666666401e+01
4.694306930693069546e+01
4.692805280528052947e+01
4.695000000000000284e+01
4.712640264026402548e+01
4.739393939393939092e+01
