3.669902912621359548e+01
3.585910364145658491e+01
3.582946832579185781e+01
3.472511312217194757e+01
3.433679653679653399e+01
3.457287157287156987e+01
3.480280112044817997e+01
3.498614253393665052e+01
3.325159855435084921e+01
3.275868779538504327e+01
3.252258064516129110e+01
3.304957555178268080e+01
3.136735211982736615e+01
3.110080442433383752e+01
3.164025054466230813e+01
3.383328964613368584e+01
3.401616161616161804e+01
3.443277310924369772e+01
3.541413834951456607e+01
3.563844325609031216e+01
3.505580558055805795e+01
3.479325259515570679e+01
3.454442401960784537e+01
3.528929455445544505e+01
3.556580645161290022e+01
3.531818181818182012e+01
3.476507650765076818e+01
3.562450028555111459e+01
3.576093749999999716e+01
3.511200237670826141e+01
3.539520274129068866e+01
3.594230235783633987e+01
3.524213003824654322e+01
3.553185096153845990e+01
3.507272727272727053e+01
3.555601415094339757e+01
3.526781674208145034e+01
3.519177350427350603e+01
3.540491147915476944e+01
3.560793832095944822e+01
3.469676470588235162e+01
3.491212871287128650e+01
3.505333333333333456e+01
3.485178517851785074e+01
3.540656249999999972e+01
3.551562500000000000e+01
3.503952205882352899e+01
3.494121287128712794e+01
3.532735148514851176e+01
3.534502262443439236e+01
3.530040792540792438e+01
3.531123439667128849e+01
3.489950144319076486e+01
3.481442441054091574e+01
3.474884659746251714e+01
3.499833564493758331e+01
3.536107673267326845e+01
3.495927601809954410e+01
3.501427755568246880e+01
3.555436720142602525e+01
3.528383780696744765e+01
3.541087344028520789e+01
3.517226890756302282e+01
3.509570957095709787e+01
3.523140028288543135e+01
3.546020761245674890e+01
3.572727272727272663e+01
3.511792717086834870e+01
3.522500000000000142e+01
3.503489042675894183e+01
3.535378151260503898e+01
3.536660724896019303e+01
3.569719887955182003e+01
3.597233546884100264e+01
3.546463245492371641e+01
3.515399137001078600e+01
3.537711124053581813e+01
3.538905066977285685e+01
3.531570014144271852e+01
3.531566686080373074e+01
3.531563156315631602e+01
3.539370995923121654e+01
3.547001153402537454e+01
3.577434539570462135e+01
3.545714285714285552e+01
3.486130334486735904e+01
3.492521008403361549e+01
3.535701805474665349e+01
3.554642445213379176e+01
3.578748558246827827e+01
3.528622862286228923e+01
3.249926448955574898e+01
3.291727272727272435e+01
3.276747674767477037e+01
3.238629008531921016e+01
3.239958407605466562e+01
3.203960396039603609e+01
3.242814281428142920e+01
3.229857397504456173e+01
3.200445632798574280e+01
3.240040768782760949e+01
3.209609784507862429e+01
3.227825836216839406e+01
3.242424242424242209e+01
3.216860803727431772e+01
3.215287990196078738e+01
3.229586488060570559e+01
3.232969696969696827e+01
3.206690669066906452e+01
3.224062500000000142e+01
3.319591959195919628e+01
3.229222922292229470e+01
3.226262626262626299e+01
3.150259515570934354e+01
3.184757575757575765e+01
3.229612961296129470e+01
3.268545454545454731e+01
3.273387338733873264e+01
3.204238754325259464e+01
3.229121212121211926e+01
3.241062500000000313e+01
3.229912991299129743e+01
3.228125000000000000e+01
3.264583333333333570e+01
3.257039141414141170e+01
3.234023402340233844e+01
3.198272727272727423e+01
3.208340834083408311e+01
3.223642364236423674e+01
3.202606060606060367e+01
3.220636363636363342e+01
3.242909090909090963e+01
3.254484848484848669e+01
3.207410741074107108e+01
3.234973791496796736e+01
3.203990399039903991e+01
3.236822773186409563e+01
3.246212121212121104e+01
3.297385620915032689e+01
3.267086708670866813e+01
3.226441467676179542e+01
3.252085208520852433e+01
3.208160816081608147e+01
3.206959813628421330e+01
3.180361519607843235e+01
3.272899575671852546e+01
3.225374961738597790e+01
3.216656249999999773e+01
3.267515151515151217e+01
3.240121212121211869e+01
3.269617647058823451e+01
3.237636363636363512e+01
3.261393939393939689e+01
3.253848484848484901e+01
3.266785502079619619e+01
3.275727572757275396e+01
3.211131113111311208e+01
3.154950495049504866e+01
3.175121212121212011e+01
3.193636363636363740e+01
3.184639321074964613e+01
3.241242424242424391e+01
3.257823529411764696e+01
3.258705882352941074e+01
3.269947582993593471e+01
3.281363636363636260e+01
3.262288875946418187e+01
3.188401697312588468e+01
3.289303030303030084e+01
3.255530410183875745e+01
3.275156249999999858e+01
3.239181818181818073e+01
3.297090909090908895e+01
3.252446126965637774e+01
3.236662783925451237e+01
3.230303030303030454e+01
3.237353735373537233e+01
3.209424242424242379e+01
3.197679455445544505e+01
3.227452745274527501e+01
3.218211821182118371e+01
3.191991846243447739e+01
3.285508550855085730e+01
3.253412917049280395e+01
3.220500873616773418e+01
3.227902790279027556e+01
3.253315331533153199e+01
3.280588058805880536e+01
3.210529411764705543e+01
3.236914600550964138e+01
3.248223645894000811e+01
3.261294117647058499e+01
3.238969696969697054e+01
3.235468841001747364e+01
3.281966726084372965e+01
3.203151515151515127e+01
3.219818181818181557e+01
3.243713956170703483e+01
3.236093609360936085e+01
3.233882352941176208e+01
3.242399534071054035e+01
3.228411764705882092e+01
3.234411764705882320e+01
3.201980198019801804e+01
3.240648913376185902e+01
3.218811881188118917e+01
3.203168316831683171e+01
3.289021549213745033e+01
3.237090909090908752e+01
3.278794117647058926e+01
3.307121212121212039e+01
3.280138013801380481e+01
3.272593750000000057e+01
3.239718750000000114e+01
3.298640101201770847e+01
3.331172413793103715e+01
3.316896551724138220e+01
3.354800540906017403e+01
3.361642830949761418e+01
3.378641456582633396e+01
3.340333333333333599e+01
3.388270308123249208e+01
3.402846153846153499e+01
3.346368917937545717e+01
3.416792520676015954e+01
3.408306364617044437e+01
3.356105610561056096e+01
3.351785714285714590e+01
3.409186637618009996e+01
3.396659404502541690e+01
3.362254901960784537e+01
3.510885733603786463e+01
3.473861386138614193e+01
3.376064908722109692e+01
3.344781249999999773e+01
3.572697563874034188e+01
3.719987756351392960e+01
3.761500000000000199e+01
3.761851851851852047e+01
3.718911489829577022e+01
3.746322016460905502e+01
3.837910353535353636e+01
3.798709870987098469e+01
3.766130050505050519e+01
3.772687499999999972e+01
3.807593750000000199e+01
3.746337157987643707e+01
3.725387096774193196e+01
3.721493212669683004e+01
3.774067599067598877e+01
3.716088765603328881e+01
3.761224489795918657e+01
3.729181692094313405e+01
3.767120726495726757e+01
3.773131868131868316e+01
3.735910364145658491e+01
3.785027472527472270e+01
3.871692961165048530e+01
3.728567225654604300e+01
3.745219780219780148e+01
3.745202741290690795e+01
3.818789263278127066e+01
3.733592233009708394e+01
3.778186274509803866e+01
3.767744755244755339e+01
3.749519230769230660e+01
3.785865219874357734e+01
3.766078258311267746e+01
3.704804892253931570e+01
3.748602530155928036e+01
3.765210932857991821e+01
3.772597553873034570e+01
3.772577257725772881e+01
3.750663206459054066e+01
3.775757575757575779e+01
3.771347134713471405e+01
3.805614973262031953e+01
3.816969696969697168e+01
3.743285891089109185e+01
3.819312500000000199e+01
3.822093749999999801e+01
3.786187499999999773e+01
3.758222643896268522e+01
3.776908335994890109e+01
3.751843749999999744e+01
3.741758578431372229e+01
3.796374999999999744e+01
3.773452970297029907e+01
3.777114898989898961e+01
3.805908655381666961e+01
3.765300059417706535e+01
3.764399509803921262e+01
3.768865121806297935e+01
3.742097445038621828e+01
3.747564832384566813e+01
3.760656250000000256e+01
3.703527227722772608e+01
3.745662507427213228e+01
3.787031249999999716e+01
3.764276960784313530e+01
3.810374999999999801e+01
3.748258064516129195e+01
3.778000000000000114e+01
3.699219921992199289e+01
3.748419354838709694e+01
3.809198339188757387e+01
3.793161290322580470e+01
3.718811274509803866e+01
3.751144801980198196e+01
3.751918316831682887e+01
3.783384900990098743e+01
3.754300742574257299e+01
3.776109869051420986e+01
3.709000000000000341e+01
3.766607248960190191e+01
3.692095588235294201e+01
3.735140931372549034e+01
3.746124999999999972e+01
3.796998762376237835e+01
3.763875000000000171e+01
3.732096774193548328e+01
3.723321449792037896e+01
3.724628712871287206e+01
3.714993686868687206e+01
3.782689950980392268e+01
3.736718750000000000e+01
3.710024752475247567e+01
3.738687500000000341e+01
3.717667079207920722e+01
3.716051605160516402e+01
3.702042079207920722e+01
3.693099309930993002e+01
3.772696663605754708e+01
3.797500000000000142e+01
3.720011534025374544e+01
3.713985148514851176e+01
3.705017921146953341e+01
3.680569306930693330e+01
3.678094362745098067e+01
3.680978097809781246e+01
3.622742274227422854e+01
3.609127475247525041e+01
3.662125000000000341e+01
3.595513963161022275e+01
3.609840984098409677e+01
3.589839572192513373e+01
