4.627249134948096554e+01
4.649014416004707329e+01
4.616053921568627771e+01
4.686417079207920722e+01
4.722058823529411598e+01
4.696116504854369111e+01
4.687128712871287206e+01
4.624255952380952550e+01
4.664267990074441883e+01
4.706118881118881347e+01
4.711421911421911091e+01
4.689597902097901994e+01
4.708859223300970598e+01
4.764393939393939092e+01
4.713337468982630440e+01
4.716201456310679418e+01
4.667870145631067658e+01
4.672451456310679418e+01
4.652614182692308020e+01
4.641535947712418420e+01
4.603731796116505137e+01
4.589476980895709346e+01
4.640132827324477915e+01
4.687754462887566831e+01
4.661984223300970598e+01
4.630912990196078738e+01
4.634245366284201140e+01
4.640938799762329126e+01
4.624142156862745168e+01
4.638388480392156765e+01
4.666726672667266484e+01
4.673551044424830536e+01
4.664920343137254832e+01
4.632935049019607732e+01
4.624801412180053006e+01
4.639108009708737512e+01
4.656020440753752609e+01
4.646167557932263747e+01
4.630095068330362551e+01
4.619845513963161210e+01
4.560906862745098067e+01
4.609090909090909349e+01
4.591343750000000057e+01
4.611521152115211208e+01
4.634034653465346310e+01
4.585194174757281615e+01
4.551041666666666430e+01
4.604901960784313530e+01
4.678366666666666873e+01
4.659487666034155495e+01
4.635399999999999920e+01
4.590833809251856223e+01
4.650990099009901257e+01
4.602846534653465227e+01
4.635355392156862564e+01
4.618719059405940897e+01
4.630352722772277474e+01
4.660386029411764497e+01
4.654238861386138382e+01
4.622218986604542579e+01
4.583948394839483598e+01
4.577267156862745168e+01
4.588383838383838054e+01
4.609480948094809349e+01
4.616993464052287521e+01
4.636873687368736796e+01
4.653832442067736253e+01
4.666437499999999972e+01
4.625649752475247567e+01
4.665696969696969632e+01
4.635977421271538645e+01
4.669933252427184556e+01
4.678550207961972518e+01
4.661695544554455495e+01
4.707440744074407490e+01
4.616145833333333570e+01
4.633363042186571334e+01
4.655763517528223616e+01
4.628344867358708115e+01
4.671400832177531015e+01
4.647858366647629680e+01
4.660816081608160744e+01
4.622518382352941302e+01
4.661645870469399711e+01
4.631907308377896726e+01
4.636601307189542354e+01
4.554429611650485299e+01
4.593388693708080694e+01
4.542050970873786753e+01
4.583578431372549034e+01
4.604604872251930914e+01
4.583618361836183652e+01
4.605109922756981433e+01
4.583175205566097077e+01
4.560565391205025776e+01
4.622739273927392389e+01
4.631466584158415856e+01
4.617543316831682887e+01
4.593075980392156765e+01
4.567419554455445763e+01
4.566195913461538680e+01
4.547541497024741375e+01
4.575091911764705799e+01
4.615931372549019329e+01
4.662809405940593876e+01
4.645512615777706600e+01
4.625372208436724719e+01
4.614180772916001416e+01
4.639767156862745168e+01
4.588678051865908003e+01
4.623890130948579014e+01
4.549691085613415709e+01
4.613541666666666430e+01
4.660651549025870111e+01
4.637432130309804990e+01
4.608404126213591923e+01
4.559466911764705799e+01
4.593909685086156003e+01
4.550695762175838155e+01
4.595224541429475096e+01
4.603704886617693859e+01
4.549881164587046811e+01
4.622524752475247567e+01
4.605940594059406124e+01
4.631801470588235503e+01
4.621330956625074293e+01
4.599821746880570572e+01
4.620526960784313530e+01
4.631403186274509665e+01
4.622741935483870890e+01
4.635171568627450966e+01
4.655605237943149177e+01
4.610784313725490335e+01
4.620825082508250858e+01
4.645199459093982597e+01
4.634620098039215463e+01
4.601201771030993370e+01
4.655253912488022650e+01
4.682301980198019464e+01
4.626864686468646681e+01
4.645490196078431211e+01
4.634851485148514882e+01
4.647418300653594514e+01
4.631209150326797186e+01
4.741264771638454079e+01
4.711795343137254832e+01
4.675279463430214122e+01
4.627784653465346310e+01
4.625932953826691829e+01
4.664260249554367022e+01
4.628802880288029087e+01
4.631667618503712447e+01
4.684997029114676081e+01
4.678111209179170515e+01
4.665725213298028962e+01
4.677581641659311629e+01
4.571345353675450696e+01
4.677510683760683463e+01
4.604220948410630854e+01
4.414822771213748354e+01
4.305732152162584470e+01
5.213180827886710489e+01
0.000000000000000000e+00
6.349443523561448899e+01
0.000000000000000000e+00
0.000000000000000000e+00
0.000000000000000000e+00
0.000000000000000000e+00
6.375389408099688637e+01
6.509231805929918835e+01
6.212596153846153868e+01
6.292044092978672154e+01
6.106771222305202684e+01
6.293650793650793673e+01
6.229773462783171567e+01
5.952047860101242804e+01
4.601530612244897611e+01
4.937500000000000000e+01
4.769257478632478353e+01
4.792454923717059501e+01
4.739377652050919210e+01
4.811255656108597378e+01
4.645269526952695571e+01
