3.966120049504950629e+01
3.961354838709677750e+01
3.999249999999999972e+01
3.972741935483870890e+01
3.961161290322580442e+01
3.943010752688172005e+01
3.942312499999999886e+01
3.905677419354838520e+01
3.939781250000000057e+01
3.901949257425742701e+01
3.888296568627450966e+01
3.938644509612251454e+01
3.966343750000000057e+01
4.003121212121212125e+01
4.032218749999999829e+01
4.008151515151514843e+01
4.010669191919191690e+01
3.943484848484848726e+01
3.946654040404040131e+01
3.910515151515151189e+01
3.999870967741935601e+01
4.008843749999999773e+01
3.986912128712871350e+01
3.913363636363636289e+01
3.942450495049504866e+01
3.963129032258064655e+01
3.987650700553926697e+01
3.951483870967742007e+01
3.962247474747474740e+01
3.961212121212120962e+01
3.968272727272726996e+01
3.955484693877551194e+01
3.956728316326530859e+01
3.940467171717171624e+01
3.928314393939393767e+01
3.969656249999999886e+01
3.925311942959001499e+01
3.970687499999999659e+01
3.954733910891089010e+01
3.986937499999999801e+01
3.963687500000000341e+01
3.961272727272726968e+01
3.983272727272727565e+01
3.996780303030303116e+01
3.988406249999999886e+01
3.936096256684491834e+01
3.957999999999999829e+01
3.926312500000000227e+01
3.965062499999999801e+01
3.978819444444444287e+01
3.986593750000000114e+01
3.990782828282828376e+01
3.962113232389729944e+01
3.979040404040404155e+01
3.983317041381557289e+01
4.023875000000000313e+01
4.035100606834877368e+01
4.030749999999999744e+01
4.040062499999999801e+01
4.035935483870967744e+01
4.057966764418377181e+01
4.033645161290322534e+01
3.990940656565656752e+01
3.981976010101010388e+01
3.965561224489795933e+01
3.895391705069124555e+01
3.872564017292982896e+01
3.874128380579993802e+01
3.817739898989898961e+01
3.778205882352941103e+01
3.774526515151514872e+01
3.759785353535353636e+01
3.769881500987492018e+01
3.821132323897300864e+01
3.808482142857143060e+01
3.926658163265306456e+01
3.737393939393939490e+01
3.917416590143862720e+01
3.931864095500458944e+01
3.843617998163452398e+01
3.754142857142856826e+01
3.739855942376950537e+01
3.756575757575757279e+01
3.746286393345216936e+01
3.719519094766619816e+01
3.761617647058823621e+01
3.851972222222222086e+01
3.868711484593837469e+01
3.827378378378378443e+01
3.872304730473047130e+01
4.743917761279269030e+01
4.675946418171228913e+01
4.669098474341193139e+01
4.691512605042017015e+01
4.769315610859728594e+01
4.704238754325259464e+01
4.770357142857142918e+01
4.752681660899654048e+01
4.720947337452192016e+01
4.761664603960396391e+01
4.823333333333333428e+01
4.789515151515151814e+01
4.771501998857795712e+01
4.810398098633393005e+01
4.766176470588235503e+01
4.783808674985145615e+01
4.758535853585358666e+01
4.842999999999999972e+01
4.803121212121212125e+01
4.789063392347230064e+01
4.752300524170063767e+01
4.770135746606334948e+01
4.780023296447291870e+01
4.776557093425605416e+01
4.761336379211878977e+01
4.748837893498087936e+01
4.715109573241061014e+01
4.702941176470588402e+01
4.801952214452214207e+01
4.736476355247981473e+01
4.718503712164477548e+01
4.792453951277480684e+01
4.781165158371040746e+01
4.781228373702422374e+01
4.818030303030302974e+01
4.814776334776334465e+01
4.813241758241758106e+01
4.792166952544310732e+01
4.833015873015872899e+01
4.774947494749474686e+01
4.813963449457452981e+01
4.799592074592074908e+01
4.804654483152484090e+01
4.776009227220299636e+01
4.754215421542154019e+01
4.798558823529411654e+01
4.777537485582467980e+01
4.728669043374925707e+01
4.763576357635763259e+01
4.772667266726672608e+01
4.750513176144244198e+01
4.757224443175328332e+01
4.719388920616790273e+01
4.753921568627450966e+01
4.736604542807221918e+01
4.740662478583666228e+01
4.769966996699670148e+01
4.758715871587158830e+01
4.704054825813820884e+01
4.730636492220650524e+01
4.747794117647058698e+01
4.767355021216407351e+01
4.781120448179271420e+01
4.758623643632210332e+01
4.783621683967704996e+01
4.795559555955595243e+01
4.797087658592848669e+01
4.750346740638002530e+01
4.821607454863133313e+01
4.777425742574257583e+01
4.787197231833909683e+01
4.764938846825859287e+01
4.778698727015558489e+01
4.755299941758881488e+01
4.748599167822468559e+01
4.764299583911234492e+01
4.755145631067961176e+01
4.820559114735002737e+01
4.773516483516483788e+01
4.804036908881199253e+01
4.744787419918462490e+01
4.729554540262707008e+01
4.752114285714285558e+01
4.796337946943483388e+01
4.800605536332179923e+01
4.822981545559400018e+01
4.800599657338663917e+01
4.789388696655132804e+01
4.815340253748558297e+01
4.806603229527105015e+01
4.774618585298196649e+01
4.804036908881199253e+01
4.812347117064647506e+01
4.756372549019607732e+01
4.745266106442576870e+01
4.778114186851210832e+01
4.783162274618585030e+01
4.791575757575757422e+01
4.803515151515151160e+01
4.796888260254596759e+01
4.832673267326732969e+01
2.832524110409045548e+01
2.799473337722185562e+01
2.789053803339517756e+01
2.758909090909090978e+01
2.698614690721649367e+01
2.657047193877551194e+01
2.777787878787878739e+01
2.827456382001836488e+01
2.757260101010101039e+01
2.863419117647058698e+01
2.691268382352941302e+01
2.685365099009900902e+01
2.706777451938742374e+01
2.698576732673267387e+01
2.689913366336633516e+01
2.700926221654423642e+01
2.690258703289683950e+01
2.690514212711593700e+01
2.653620049504950629e+01
2.667000000000000171e+01
2.655344718532574433e+01
2.661483870967741794e+01
2.673645161290322747e+01
2.664430147058823550e+01
2.658694306930692974e+01
2.669883578431372584e+01
2.650846374960076801e+01
2.657951732673267387e+01
2.655605237943149177e+01
2.690225806451612911e+01
2.666738861386138737e+01
2.676794554455445407e+01
2.649080882352941302e+01
2.663246324632463313e+01
2.636084756483238323e+01
2.664696782178217660e+01
2.660818181818181927e+01
2.687097772277227747e+01
2.682187499999999858e+01
2.657185718571857080e+01
2.723432343234323483e+01
2.678620049504950629e+01
2.702967171717171624e+01
2.713945910720104138e+01
2.710792079207920935e+01
2.655322580645161423e+01
2.738742261322906657e+01
2.720874999999999844e+01
2.732354797979797922e+01
2.870601928832723715e+01
2.747696969696969660e+01
2.712221534653465227e+01
2.853954081632653228e+01
2.865865701119157194e+01
2.740274672628553176e+01
2.725959595959595916e+01
2.869981060606060552e+01
2.754156250000000128e+01
2.774003795066413502e+01
2.837720959595959513e+01
2.861194506547428773e+01
2.813991203958218890e+01
3.101818181818181941e+01
3.186047979797979934e+01
3.351980198019801804e+01
3.358075495049504866e+01
3.451138519924098347e+01
3.411913126796550699e+01
3.857656765676567545e+01
3.725050505050504768e+01
3.375060954371299005e+01
3.510533333333333417e+01
3.736849132176234889e+01
3.871366666666666845e+01
3.852396514161220153e+01
3.807202111613876383e+01
3.780827886710239483e+01
3.973504574243490595e+01
3.840325936199722889e+01
4.282474226804123418e+01
4.266039707419017901e+01
4.319631273472175081e+01
4.365566666666666862e+01
4.287039764359352034e+01
4.431169871794871540e+01
4.416992534660504788e+01
4.465598705501618326e+01
4.548542183622829072e+01
4.793055555555555713e+01
4.808689927583936452e+01
4.815848806366047796e+01
5.056122448979591866e+01
5.269415807560137210e+01
4.987731397459165095e+01
5.257518796992481214e+01
5.158441091954023250e+01
5.189061488673139166e+01
5.164530744336569512e+01
5.151889920424402902e+01
5.111724137931034306e+01
5.129063275434243252e+01
5.242359346642468410e+01
5.063275613275613551e+01
5.010033670033669750e+01
5.047671525062211373e+01
5.026379310344827900e+01
4.992476489028213393e+01
4.997845117845118068e+01
5.016823406478578562e+01
5.054364261168385042e+01
5.049727891156462789e+01
5.017766666666666708e+01
5.032288401253918408e+01
5.028552188552188795e+01
5.137291148240312566e+01
5.036013745704467226e+01
5.116738505747126453e+01
5.102393225331369564e+01
5.024665728360309913e+01
5.019211822660098221e+01
5.062385643912737265e+01
5.065137931034482932e+01
5.145698362939742054e+01
5.251958762886597754e+01
5.081565656565656752e+01
5.214965277777777430e+01
5.221064139941690740e+01
5.242326388888888999e+01
5.122275405007363958e+01
5.216563573883161808e+01
5.140668325630998936e+01
5.235051546391752453e+01
5.223711340206185838e+01
5.037965865552072131e+01
5.116936671575847129e+01
5.080717804363124657e+01
5.068979591836734500e+01
5.075123152709359431e+01
5.139388553146107341e+01
5.041832114245907093e+01
5.095144264602392781e+01
5.091344123856438841e+01
5.145937500000000142e+01
5.197262708851759783e+01
5.182650862068965836e+01
5.218437719915552719e+01
5.136175438596491460e+01
5.133960292580982099e+01
5.163206541059367538e+01
5.137652385928247867e+01
5.124947220267416981e+01
5.204455081001472649e+01
5.177515899738121874e+01
5.122749999999999915e+01
5.124307580174927068e+01
5.129719161038037356e+01
5.136066150598170310e+01
5.097731958762886251e+01
5.205177304964539076e+01
5.127017543859648896e+01
5.129893617021276242e+01
5.132465277777777857e+01
5.102430555555555713e+01
5.146456140350877462e+01
5.145087719298245332e+01
5.129509981851179390e+01
5.041088435374149412e+01
5.107436332767402121e+01
5.015993265993265737e+01
5.025868055555555713e+01
5.048453608247422864e+01
5.039966329966330250e+01
5.072087542087542289e+01
5.032053872053872112e+01
5.070306122448979380e+01
5.089433838051349568e+01
5.149479166666666430e+01
5.051196340605207524e+01
4.970776732845698120e+01
5.215086206896551602e+01
5.010413793103447944e+01
5.099964450764308310e+01
5.115706997084548391e+01
5.159163059163059017e+01
5.131144781144781319e+01
5.187699964450764156e+01
5.126904761904761898e+01
5.142997888810696594e+01
5.160718094560967018e+01
5.240290178571428470e+01
5.111077441077441108e+01
5.156685432793807422e+01
5.132777777777777573e+01
5.139828834759710219e+01
5.052441106179583130e+01
5.151603498542274195e+01
5.159450171821305986e+01
5.197812499999999858e+01
5.248435374149659793e+01
5.158937368050668226e+01
5.134378265412748021e+01
5.081292517006802711e+01
