4.439479638009049722e+01
4.533723586521987414e+01
4.479719525350593301e+01
4.450437500000000313e+01
4.536866235167205730e+01
4.500828098229582963e+01
4.552760055478501755e+01
4.550041608876560417e+01
4.429599020508111096e+01
4.495714285714285552e+01
4.568194925028834774e+01
4.529642857142857082e+01
4.544049930651872415e+01
4.521886269070735409e+01
4.510596393897364464e+01
4.394558823529411740e+01
4.457851239669421517e+01
4.435620915032679790e+01
4.441060606060606375e+01
4.523704135119394465e+01
4.503900390039003554e+01
4.476272727272727536e+01
4.450212121212121019e+01
4.443121212121211983e+01
4.508848484848484617e+01
4.499779040404040131e+01
4.501928374655647502e+01
4.480624999999999858e+01
4.502212121212121332e+01
4.567897727272727337e+01
4.560393939393939178e+01
4.543909685086156003e+01
4.551333333333333542e+01
4.549311294765840330e+01
4.518331833183318480e+01
4.466986386138614051e+01
4.449181818181818215e+01
4.550441176470588545e+01
4.490277777777777857e+01
4.530713383838384090e+01
4.467727272727272947e+01
4.482303030303030056e+01
4.442791551882461221e+01
4.488515151515151302e+01
4.457991681521093597e+01
4.435823529411764810e+01
4.466452402816039324e+01
4.501652892561983776e+01
4.472517251725172827e+01
4.465472910927456240e+01
4.478877887788778622e+01
4.520267909143855434e+01
4.499575757575757251e+01
4.548790939700030833e+01
4.615411764705882547e+01
4.584507862550960766e+01
4.511389850057670259e+01
4.475566911529862324e+01
4.455497037524687443e+01
4.559161290322580840e+01
4.523795379537953920e+01
4.601843749999999744e+01
4.617630150111785525e+01
4.652858511657617413e+01
4.603295086790232205e+01
4.632156516622536202e+01
4.527767857142857366e+01
4.611032656663724794e+01
4.635576923076923350e+01
4.622351190476190652e+01
4.619855699855699527e+01
4.613957816377170928e+01
4.649824337272436736e+01
4.575610473668726286e+01
4.648515134209023358e+01
4.613758169934640563e+01
4.577400000000000091e+01
4.542999999999999972e+01
4.513652912621359548e+01
4.530190311418684956e+01
4.463126312631263204e+01
4.420242424242424306e+01
4.434886429819452758e+01
4.474161290322580697e+01
4.469461633663366484e+01
4.483152484294689089e+01
4.424781250000000199e+01
4.468460471567267689e+01
4.454222481071636253e+01
4.519017704169046112e+01
4.474107142857143060e+01
4.502196782178217660e+01
4.456196459166190493e+01
4.476895604395604522e+01
4.477545454545454362e+01
4.378331704138155800e+01
4.458621683967704996e+01
4.472519310754604760e+01
4.494145658263305165e+01
4.489902912621359121e+01
4.460560224089635994e+01
4.461346801346801527e+01
4.456218487394958316e+01
4.482013685239491707e+01
4.495918367346938993e+01
4.546582633053220945e+01
4.454949494949494948e+01
4.525520110957004505e+01
4.501932773109243868e+01
4.520315904139433627e+01
4.508052541404911295e+01
4.562351672060410124e+01
4.539176470588235190e+01
4.461588235294117766e+01
4.484758475847584691e+01
4.501687499999999886e+01
4.533342579750346601e+01
4.534729542302358141e+01
4.530952380952381020e+01
4.556218487394958316e+01
4.536340497737556632e+01
4.595961538461538254e+01
4.574769319492502717e+01
4.449030303030303202e+01
4.499694868238557888e+01
4.420000000000000284e+01
4.515923945335710243e+01
4.510562500000000341e+01
4.538834951456311018e+01
4.564646464646464352e+01
4.536458333333333570e+01
4.589018901890189284e+01
4.564359861591695733e+01
4.606882352941176606e+01
4.539461279461279730e+01
4.543907828282828376e+01
4.560406249999999773e+01
4.578029411764705969e+01
4.501608910891089010e+01
4.508384900990098743e+01
4.568003565062388560e+01
4.526020408163265074e+01
4.552073732718893950e+01
4.585092272202999197e+01
4.565597147950089152e+01
4.533419838523644785e+01
4.535739750445632978e+01
4.547207367795603261e+01
4.541824182418241662e+01
4.564430714916151999e+01
4.540804788826072524e+01
4.537492572786690204e+01
4.551426024955436844e+01
4.541363636363636402e+01
4.535452245414294481e+01
4.585852981969486564e+01
4.530838672102504461e+01
4.532976827094474004e+01
4.521568627450980671e+01
4.498579545454545325e+01
4.526355247981545205e+01
4.530812499999999687e+01
4.493998811645870717e+01
4.549673202614378908e+01
4.489494949494949338e+01
4.535006934812759738e+01
4.452789115646258722e+01
4.504723707664884103e+01
4.512272727272727479e+01
4.530629827688651545e+01
4.540612903225806463e+01
4.556126237623762165e+01
4.540484429065743655e+01
4.607983193277311074e+01
4.591367574257425588e+01
4.593159315931593056e+01
4.570927092709271022e+01
4.535687500000000227e+01
4.689933333333333110e+01
4.709187500000000171e+01
4.804620462046204921e+01
5.187272727272727479e+01
5.076909007773205218e+01
5.134915966386554942e+01
5.121045918367347127e+01
4.712151567944250985e+01
4.565811606391925892e+01
4.586617900172117146e+01
4.474918699186991944e+01
4.687579042457091560e+01
4.731325301204819311e+01
4.757707317073170827e+01
4.761171797418073481e+01
4.755464716006884629e+01
nan
4.669779411764705657e+01
4.669459459459459794e+01
5.326394557823129361e+01
4.677225340817962973e+01
5.258807212205270787e+01
3.941958762886597611e+01
4.046113445378151141e+01
4.059087719298245389e+01
3.921995464852607682e+01
3.968961708394697752e+01
3.986277995023107223e+01
3.998659793814432817e+01
3.982588774341351723e+01
3.971090212469523095e+01
4.883042596348884246e+01
4.163776032775691505e+01
4.667829614604462307e+01
4.576683087027914354e+01
4.633452380952380878e+01
4.687579365079365346e+01
4.613137254901960915e+01
4.600542635658914747e+01
4.604392156862745367e+01
4.582430213464696322e+01
4.644581280788177224e+01
4.617658730158730407e+01
4.701666666666666572e+01
4.610631229235880113e+01
4.765736434108526964e+01
4.252552458502974986e+01
4.770326797385620665e+01
4.175102040816326365e+01
4.395624401149792249e+01
4.257508090614886953e+01
4.190231092436975047e+01
4.734495798319327520e+01
4.235849673202614696e+01
4.141414141414141170e+01
4.666555431961438671e+01
4.454607843137254974e+01
4.207934382323401223e+01
4.367800245098039369e+01
4.604456327985739961e+01
4.847115384615384670e+01
4.777529761904762040e+01
4.568480066445182786e+01
4.635659229208924614e+01
4.216993464052287521e+01
4.542275641025641164e+01
4.640436507936507837e+01
4.310460382085812370e+01
4.588139534883720927e+01
4.612520525451559905e+01
4.629647160068847001e+01
4.642515212981744099e+01
4.668637110016420166e+01
4.620875850340136282e+01
4.623769841269841407e+01
4.614627450980392354e+01
4.567176470588235304e+01
4.519302721088435248e+01
4.800819174757281615e+01
4.509552120491478178e+01
4.620077519379844944e+01
4.393705743509048034e+01
4.867619311875693455e+01
4.061552478134110800e+01
4.120646258503401071e+01
4.074494949494949481e+01
4.091204896907216693e+01
4.087596649484535760e+01
4.078698979591836604e+01
4.064812376563528318e+01
4.160321969696969546e+01
4.181188725490196134e+01
4.030875576036866192e+01
4.808039215686274304e+01
4.150390625000000000e+01
5.226753749395258808e+01
4.755455782312925095e+01
5.007381687242798307e+01
4.669639468690701989e+01
4.780839520274128773e+01
4.808403361344537785e+01
4.724814391776128275e+01
4.743969102792632242e+01
4.633484162895927483e+01
4.533578206305479341e+01
4.668719059405940897e+01
4.572834158415841443e+01
4.589302191464820879e+01
4.609893048128342485e+01
4.598259825982598414e+01
4.584343750000000028e+01
4.584915550378567417e+01
4.576909090909090594e+01
4.547794779477947458e+01
4.567878787878787961e+01
4.542728960396039639e+01
4.555865586558655878e+01
4.623090909090909406e+01
4.609930110658124391e+01
4.594879773691654634e+01
4.553785672684915653e+01
4.599176470588235333e+01
4.496999699969997266e+01
4.558153756552125913e+01
4.548631333721607461e+01
4.564557338086749638e+01
4.563309566250742932e+01
