4.631134020618556946e+01
4.723096774193548697e+01
4.719289670902573874e+01
4.687735513686455846e+01
4.721803160919539977e+01
4.743484573502722412e+01
4.712673611111111427e+01
4.685456553755523146e+01
4.678915229885057414e+01
4.672847222222222285e+01
4.739828178694158112e+01
4.827622126436781258e+01
4.763659793814432675e+01
4.709948979591836604e+01
4.706503759398496101e+01
4.699209770114942586e+01
4.656122448979591866e+01
4.695294540229885172e+01
4.692291666666666572e+01
4.629863651479880104e+01
4.680068027210884196e+01
4.744707903780068392e+01
4.696445076430856602e+01
4.663541666666666430e+01
4.686063218390804508e+01
4.653340517241379359e+01
4.680910060433700437e+01
4.741076388888888715e+01
4.718699999999999761e+01
4.708483870967742035e+01
4.683078563810877881e+01
4.667599410898380086e+01
4.722906403940886833e+01
4.691224489795918373e+01
4.652486388384755145e+01
4.677847267939434062e+01
4.643424242424242721e+01
4.674107744107744367e+01
4.672161989795918657e+01
4.615104166666666430e+01
4.618391839183918535e+01
4.643894389438943904e+01
4.621244477172312060e+01
4.630633063306330399e+01
4.662424242424242493e+01
4.677674864260619358e+01
4.698031249999999659e+01
4.675542125844294361e+01
4.727156250000000171e+01
4.705718749999999773e+01
4.668625000000000114e+01
4.655172413793103203e+01
4.690158045977011625e+01
4.656167792392463411e+01
4.652531249999999829e+01
4.714646464646464352e+01
4.664454545454545809e+01
4.730433365917237154e+01
4.732757575757575808e+01
4.652210884353741704e+01
4.651006944444444713e+01
4.629545454545454675e+01
4.678760779303736683e+01
4.610913615357269890e+01
4.646391752577319778e+01
4.661716171617161564e+01
4.611482403128332663e+01
4.652242424242424335e+01
4.691869186918691526e+01
4.660696069606960634e+01
4.712333333333333485e+01
4.582687522218272136e+01
4.686936026936027133e+01
4.636451612903226049e+01
4.658796622097114692e+01
4.577047413793103203e+01
4.700726072607260875e+01
4.693131188118811536e+01
4.672558922558922490e+01
4.646882619296412287e+01
4.687787878787878526e+01
4.712871287128712794e+01
4.594392197840473813e+01
4.695204207920792072e+01
4.731843750000000171e+01
4.740096774193548157e+01
4.703531353135313253e+01
4.686064516129032143e+01
4.608707482993197146e+01
4.662300423590745879e+01
4.612859195402298695e+01
4.588120300751879910e+01
4.717491749174917715e+01
4.631599736668861311e+01
4.605303030303030454e+01
4.683849009900990268e+01
4.729888084265964210e+01
4.691346801346801243e+01
4.742333333333333201e+01
4.784066666666666379e+01
4.711612903225806548e+01
4.633131887664415416e+01
4.717909090909090963e+01
4.692787878787878952e+01
4.718080808080807742e+01
4.726546717171716949e+01
4.665442350686681294e+01
4.702000000000000313e+01
4.664208754208754470e+01
4.739278350515463956e+01
4.767155425219941378e+01
4.746285104870245419e+01
4.814113046569498522e+01
4.708946980854197051e+01
4.822286751361161805e+01
4.722580645161290391e+01
4.699901250822910015e+01
4.685656250000000256e+01
4.734344059405940897e+01
4.715281850765721572e+01
4.658580645161290334e+01
4.759084924292297814e+01
4.773299999999999699e+01
4.676245210727969237e+01
4.689000000000000057e+01
4.674031250000000171e+01
4.692017326732673155e+01
4.719455782312925152e+01
4.717312499999999886e+01
4.672018678160919336e+01
4.676312500000000227e+01
4.649437499999999801e+01
4.606374999999999886e+01
4.683419354838709836e+01
4.634593356242840656e+01
4.631268221574344324e+01
4.699438943894389098e+01
4.740419354838709864e+01
4.560101010101010388e+01
4.604050073637702667e+01
4.700843749999999943e+01
4.653470790378006683e+01
4.651292517006802996e+01
4.637953795379537780e+01
4.698259825982598414e+01
4.646751237623762165e+01
4.667234848484848442e+01
4.666312500000000085e+01
4.644570446735394853e+01
4.682937499999999886e+01
4.681156250000000085e+01
4.666312500000000085e+01
4.706503759398496101e+01
4.696658415841584144e+01
4.669849888214628209e+01
4.617820324005891308e+01
4.644403534609720197e+01
4.815992907801418710e+01
4.666257440476190510e+01
4.660380747126436773e+01
4.686633487380021279e+01
4.689761820120867242e+01
4.636494845360824968e+01
4.646142907927479371e+01
4.747248716067498009e+01
4.681288580246913256e+01
4.669690721649484288e+01
4.628826530612244738e+01
4.649106529209621641e+01
4.663264604810996872e+01
4.689790488859328121e+01
4.687113402061855538e+01
4.657805596465390607e+01
4.628809523809523796e+01
4.637142857142857366e+01
4.751329022988505812e+01
4.700604337006754463e+01
4.708922858158549474e+01
4.646391752577319778e+01
4.653676975945017347e+01
4.671870397643593265e+01
4.709918236757909682e+01
4.658299319727890975e+01
4.673749999999999716e+01
4.688624338624338606e+01
4.673298969072165221e+01
4.673124777817277220e+01
4.639985272459499299e+01
4.612886597938144462e+01
4.606082474226803924e+01
4.608638464273018087e+01
4.614248511904762040e+01
4.794736842105263008e+01
4.648275862068965836e+01
4.662495556345538716e+01
4.594073275862069039e+01
4.592525773195876582e+01
4.653146107358691808e+01
4.660782312925169890e+01
4.607274522712310727e+01
4.620795214637578852e+01
4.603803768218983095e+01
4.624319727891156617e+01
4.609518900343642400e+01
4.593672236046924695e+01
4.614432989690721598e+01
4.736985815602837135e+01
4.598080341272662963e+01
4.601141384388807154e+01
4.583220760753643930e+01
4.597607318789584951e+01
4.590428571428571303e+01
4.634931972789115662e+01
4.679992711370262271e+01
4.634802701741912756e+01
4.614707952146375902e+01
4.642180424939045480e+01
4.629333333333333655e+01
4.715103448275861808e+01
4.670007288629737729e+01
4.666034482758620783e+01
4.737670250896057667e+01
4.593131313131313220e+01
4.577724137931034676e+01
4.708583208395802444e+01
4.680939440993788736e+01
4.741684210526315724e+01
4.631043771043771073e+01
4.637012987012987253e+01
4.744296116504854410e+01
4.654045307443365687e+01
4.599029126213591923e+01
4.590942928039702053e+01
4.603163771712159047e+01
4.690745192307691980e+01
4.721941570298235291e+01
4.629308176100629169e+01
4.700595051675540503e+01
4.613685897435897232e+01
4.614623786407766914e+01
4.613501213592233086e+01
4.575853429376761738e+01
4.578953961791418692e+01
4.659392789373814026e+01
4.634499999999999886e+01
4.612385620915032547e+01
4.569514563106795890e+01
4.483191747572815444e+01
4.431523058252427205e+01
4.461468446601941906e+01
4.512227761742325072e+01
4.560547785547785793e+01
4.431016042780748876e+01
4.560803167420814219e+01
4.604337492572786772e+01
4.622477199176228169e+01
4.665854341736694977e+01
4.716491841491841797e+01
4.728125000000000000e+01
4.694202488687783159e+01
4.679008073817762181e+01
4.665048543689320582e+01
4.634218750000000142e+01
4.584230656075316546e+01
4.573345101500441245e+01
4.567226890756302282e+01
4.667755222124154102e+01
4.605260180995475139e+01
4.652505827505827796e+01
4.674242424242424221e+01
4.552080200501253415e+01
4.557489177489177479e+01
4.577156177156177108e+01
4.542092119866814670e+01
4.550913763563677605e+01
4.607169117647058698e+01
4.566606660666066375e+01
4.517671957671957728e+01
4.598303167420814219e+01
4.528821081830790263e+01
4.560338680926916055e+01
4.571981837606837473e+01
4.612952488687783159e+01
4.651536388140161904e+01
4.747196261682243090e+01
4.722605042016806465e+01
4.734256854256854297e+01
4.745540048543688982e+01
4.665746359223300743e+01
4.647009082367679156e+01
4.663187855787476366e+01
4.658487790526625361e+01
4.505490549054905358e+01
4.402060606060606318e+01
4.429292649098474044e+01
4.374037403740373975e+01
4.294083333333333030e+01
4.388498879761015559e+01
4.750692041522491138e+01
4.932983468905798929e+01
4.842115384615384954e+01
4.764527629233511874e+01
4.693761140819964339e+01
4.757768707482993165e+01
4.732313519813519775e+01
4.717875499714448750e+01
4.495769576957695790e+01
4.340329670329670364e+01
4.504015837104072517e+01
4.368230852211434723e+01
4.414277555682467380e+01
4.256372549019607732e+01
4.437350085665334376e+01
4.295187018701869874e+01
4.306274509803921546e+01
4.559579831932773430e+01
4.453640069889341646e+01
4.093756875687568453e+01
4.144985994397759299e+01
4.140200000000000102e+01
4.149009900990098743e+01
4.128101339545719384e+01
4.026676528599605831e+01
4.021949891067538374e+01
4.060017472335469080e+01
4.262970588235294400e+01
4.139869281045751848e+01
4.089943977591036628e+01
4.207105416423995337e+01
4.200571895424836555e+01
4.186618661866186386e+01
4.166048837893497847e+01
4.281428571428571672e+01
4.124845938375349874e+01
4.023689320388349699e+01
4.135559088500264835e+01
4.515878378378378244e+01
4.726065488565488693e+01
4.663253638253637945e+01
4.701427755568246880e+01
4.667754883596467863e+01
4.629113247863247693e+01
4.692437404190086880e+01
4.748793342579750032e+01
4.688349514563106624e+01
4.786722689075629944e+01
4.777791441219871871e+01
4.733024453024452782e+01
4.736356548856549153e+01
4.708677248677248883e+01
4.673795918367346758e+01
4.684005602240896593e+01
4.577617761776177474e+01
4.622653721682847561e+01
4.181995601979109267e+01
4.183016147635525073e+01
4.144896193771626258e+01
4.157278669043375174e+01
4.392275943396226268e+01
4.246287835522558396e+01
3.906448337141406313e+01
3.857411957411957104e+01
4.002564102564102910e+01
3.994490987560294570e+01
4.569182586908863186e+01
4.631589366515837014e+01
4.711813186813186860e+01
4.702883597883597844e+01
4.327577169481654096e+01
4.168532574320050799e+01
4.290439356435643248e+01
3.979051282051282357e+01
4.016681096681096363e+01
4.073440233236151897e+01
4.091336633663366484e+01
4.033297297297297490e+01
4.052128205128204996e+01
4.019365079365079652e+01
4.045049504950495134e+01
4.217508417508417295e+01
4.092590206185567325e+01
4.312121212121212466e+01
4.233684210526315894e+01
4.486026077097506004e+01
4.382330540746382042e+01
4.160992481203007287e+01
4.022365591397849727e+01
4.236747685185185475e+01
4.216189931350114506e+01
4.158917396745932393e+01
4.063312693498451722e+01
4.120279503105589924e+01
4.117142857142857082e+01
4.052197652197651934e+01
4.241392543859649322e+01
4.092738970588235503e+01
4.120306633291614418e+01
4.110235507246376585e+01
4.070366826156299567e+01
4.089756838905775282e+01
4.127507598784194442e+01
4.153684210526315468e+01
4.112619047619047308e+01
4.310071301247771913e+01
4.339983164983164698e+01
4.378301320528210994e+01
4.165655976676384853e+01
4.180827067669172692e+01
4.217643593519882472e+01
4.264809139035943275e+01
4.181758304696449358e+01
4.346976873780997153e+01
4.438888888888888573e+01
4.144857142857142662e+01
4.221014030612244738e+01
4.103513513513513544e+01
4.307397959183673208e+01
4.197478991596638309e+01
4.235663659793814162e+01
4.186170784103114784e+01
4.122916666666666430e+01
4.057240398293029671e+01
4.135334281650071375e+01
4.117158564814814525e+01
4.145233918128654693e+01
4.203385416666666430e+01
4.555083333333333684e+01
4.204068584713746048e+01
4.420401250651381275e+01
4.490473641958790552e+01
4.469306930693069546e+01
4.124848484848484986e+01
4.492408245349421492e+01
4.377915376676986625e+01
4.482034313725490193e+01
4.465498857578065639e+01
4.474669966996699344e+01
4.521959888296522223e+01
4.189703486477679917e+01
4.475524475524475321e+01
4.486789851075565139e+01
4.512435897435897658e+01
4.492261594580510575e+01
4.385043295722907430e+01
4.448675145733969316e+01
4.469949157077869728e+01
4.449249999999999972e+01
4.395201238390092868e+01
4.443885469628043694e+01
4.414834881320949478e+01
4.456597774244833232e+01
4.397605263157894484e+01
4.374458204334365519e+01
4.417595459236326150e+01
4.341896821261073569e+01
4.337757559539737429e+01
4.323710526315789338e+01
4.347751660705161214e+01
4.460734757686294927e+01
4.480185758513931660e+01
4.436611111111110972e+01
4.393163054695562408e+01
4.470675675675675365e+01
4.471465428276573562e+01
4.471794871794871540e+01
4.400050276520865111e+01
4.369504643962848434e+01
4.361421052631578732e+01
4.390052606408416835e+01
4.385365853658536395e+01
4.437973684210526670e+01
4.502344971339239521e+01
4.374579207920792356e+01
4.421757425742574554e+01
4.543578431372549176e+01
4.457475247524752149e+01
4.623810679611650443e+01
4.446890073622746797e+01
4.486075625958098811e+01
4.395752996352266706e+01
4.406764705882353184e+01
4.437356168049237226e+01
4.442027097446586481e+01
4.386892712550607598e+01
4.517665450755601597e+01
4.487115384615384528e+01
4.517295123177476057e+01
4.512874097007223639e+01
4.429368421052631533e+01
4.479926528470218017e+01
4.525052631578947171e+01
4.413361111111110802e+01
4.490738866396760898e+01
4.238725490196078738e+01
4.125742296918767238e+01
4.249070735090152340e+01
4.163725490196078738e+01
4.141054778554778437e+01
4.219315610859728594e+01
4.202272727272727337e+01
4.193361344537814972e+01
4.178346572521329705e+01
4.459829059829059617e+01
4.182727272727272805e+01
4.280501253132832318e+01
4.196534653465346310e+01
4.303115899825276358e+01
4.368259803921568363e+01
4.551619047619047365e+01
4.162210338680927180e+01
4.301362179487179560e+01
4.441092233009708679e+01
4.151092436974789734e+01
4.299915158371040746e+01
4.142275698158051256e+01
4.260640138408304267e+01
4.182404526166902059e+01
4.194880847308031946e+01
4.189653259361997328e+01
4.179215686274509522e+01
4.313888888888888573e+01
4.416423995340710462e+01
4.326807598039215463e+01
4.342772277227722810e+01
4.236477115117892112e+01
4.168242521367521647e+01
4.149939393939393995e+01
4.205658807212205375e+01
4.204908306364617232e+01
4.257063492063492305e+01
4.171648351648351394e+01
4.182912087912087884e+01
4.162142857142857366e+01
4.186397058823529704e+01
4.189575289575289929e+01
4.231737451737451750e+01
4.215780542986425417e+01
4.195830953740719593e+01
4.046534653465346310e+01
4.151256127450980671e+01
4.064173669467787420e+01
4.034710042432814703e+01
4.077595155709342833e+01
4.009318578916715126e+01
4.168291316526610757e+01
4.158123249299720214e+01
4.072815533980582359e+01
4.050148544266191664e+01
4.277262443438914374e+01
4.104426619132501486e+01
4.507572919454107563e+01
4.734852801519468102e+01
4.580693069306930454e+01
4.584770889487870704e+01
4.516946778711484711e+01
4.688161057692308020e+01
4.604963235294117396e+01
4.613472485768500775e+01
4.553341584158415856e+01
4.558222087378640452e+01
4.442943722943722662e+01
4.481701631701631783e+01
4.398156682027649822e+01
4.487559523809523654e+01
4.448630952380952408e+01
4.385839705465873806e+01
4.480558894230769340e+01
4.457575757575757791e+01
4.521874039938555967e+01
4.364281542056074414e+01
4.463273809523809632e+01
4.530641025641025976e+01
4.467954960438223111e+01
4.510801282051281902e+01
4.522362459546925351e+01
4.579404761904761756e+01
4.543814594425305131e+01
4.503396226415094361e+01
4.472380952380952124e+01
4.431336405529953737e+01
4.459732142857142634e+01
4.490174278846154010e+01
4.537803398058252213e+01
4.540654481132075659e+01
4.442748786407766914e+01
4.437788018433180071e+01
4.515625000000000000e+01
4.630315420560747697e+01
4.636788445199660202e+01
4.456293706293705981e+01
4.368234323432343302e+01
4.616247304097771575e+01
4.602385636989670559e+01
4.584297924297923998e+01
4.580151946818613595e+01
4.621513761467890191e+01
4.588342830009496964e+01
4.644035087719298360e+01
4.592657342657342667e+01
4.516725708502024617e+01
4.510836308006119566e+01
4.498571428571428754e+01
4.510647130647130609e+01
4.479270532668591187e+01
4.520028142589118403e+01
4.527958579881656931e+01
4.497950377562028024e+01
4.549133089133088959e+01
4.471503542377328699e+01
4.534414278531925646e+01
4.504368932038835283e+01
4.593472652218782315e+01
4.525103950103950012e+01
4.571154828819621940e+01
4.583358471593765415e+01
4.571518350930115560e+01
4.574558823529411455e+01
4.581749622926093224e+01
4.552866076081292590e+01
4.592038834951456039e+01
4.517982456140350678e+01
4.483349514563106908e+01
4.545613207547170020e+01
4.510779352226720817e+01
4.518016194331983826e+01
4.537782805429863942e+01
4.567064122946475635e+01
4.434262125902992580e+01
4.429730392156862706e+01
4.538327253778009407e+01
4.221723937099592661e+01
4.400948717948718070e+01
4.485096404377279811e+01
4.288454473891366803e+01
4.486874999999999858e+01
4.508464849354376014e+01
4.466881874701100230e+01
4.535612745098039511e+01
4.557340372046254373e+01
4.511351755041075506e+01
4.532766990291262488e+01
4.568316831683168289e+01
4.542609351432880516e+01
4.528869202709744712e+01
4.595658796648895361e+01
4.614381188118812105e+01
4.495873786407766914e+01
4.535948210205636144e+01
4.564991114496064739e+01
4.513929980276134302e+01
4.508995098039216032e+01
4.498008464027881814e+01
4.487080867850098542e+01
4.526033653846153726e+01
4.563782788771283805e+01
4.532100591715976634e+01
4.493063186813186860e+01
4.563071895424836555e+01
4.453324324324324124e+01
4.532069143446852166e+01
4.499951456310679276e+01
