4.167687500000000256e+01
4.256265912305516252e+01
3.879211878926327728e+01
3.974679487179486870e+01
4.111340497737556632e+01
4.249204920492049098e+01
4.148959778085991701e+01
4.167190177041690191e+01
4.207861990950226527e+01
4.292262430126508121e+01
4.408645276292335069e+01
4.430260180995475139e+01
4.493175328383780709e+01
4.450448179271708682e+01
4.453921568627450966e+01
4.506082238720730970e+01
4.494444444444444287e+01
4.451095732410611561e+01
4.423212709620476346e+01
4.414735591206179777e+01
4.470825906120023774e+01
4.442988710635769678e+01
4.483749257278669376e+01
4.468774193548387075e+01
4.414911491149114653e+01
4.416918767507002741e+01
4.397387096774193793e+01
4.403584558823529704e+01
4.480139778683750507e+01
4.473933509855839930e+01
4.438413429888084494e+01
4.403571428571428470e+01
4.442495062541145501e+01
4.401116071428571530e+01
4.424032258064516299e+01
4.388084265964450026e+01
4.326783968719452389e+01
4.339361355490387950e+01
4.342293906810035509e+01
4.330335614206581596e+01
4.325266666666666993e+01
4.349585459183673208e+01
4.414764030612244738e+01
4.425924744897959329e+01
4.448100000000000165e+01
4.467030260380013829e+01
4.465757575757575637e+01
4.441245791245790997e+01
4.427008928571428470e+01
4.374519387422613192e+01
4.416870748299319871e+01
4.389629629629629903e+01
