4.692445213379469493e+01
4.694002306805074909e+01
4.658537978298115689e+01
4.649857224443175596e+01
4.626351752822341012e+01
4.676470588235294201e+01
4.703135313531353034e+01
4.718124312431243084e+01
4.714313725490195850e+01
4.708044982698962144e+01
4.695799579957995462e+01
4.715657439446366794e+01
4.641288515406162674e+01
4.732410611303345149e+01
4.662468793342579687e+01
4.731708683473389243e+01
4.647115933752141359e+01
4.709914680788467223e+01
4.707920792079207928e+01
4.670645345516847868e+01
4.693733451015004476e+01
4.697201599086236712e+01
4.712745098039215463e+01
4.712889273356401532e+01
4.701066897347174489e+01
4.708362168396770642e+01
4.704054825813820884e+01
4.759551543389633110e+01
4.739907727797000803e+01
4.694665513264128975e+01
4.681096813725490335e+01
4.680260180995475139e+01
4.661245674740484191e+01
4.721212121212121104e+01
4.690166369578134464e+01
4.699446709376820053e+01
4.702287581699346219e+01
4.741001747233546837e+01
4.757167332952598571e+01
4.708590761988820361e+01
4.716651956457781836e+01
4.730570409982174596e+01
4.688992428654630373e+01
4.726242147344374445e+01
4.694953863898500401e+01
4.755254140491148007e+01
4.749163783160322794e+01
4.745543672014260039e+01
4.725882352941176379e+01
4.761274509803921262e+01
4.740612002376708034e+01
4.755882352941176805e+01
4.740903465346534773e+01
4.770333333333333314e+01
4.716828478964401228e+01
4.689071510957324307e+01
4.704565826330532019e+01
4.718835412953060171e+01
4.735804648426007901e+01
4.744460308395202475e+01
4.751155115511551230e+01
4.778127812781278294e+01
4.743336275375110489e+01
4.732096774193548328e+01
4.697088532382650072e+01
4.699940582293523761e+01
4.786588658865886714e+01
4.711230551626591279e+01
4.740242424242424590e+01
4.666859185918591635e+01
4.636746817538896437e+01
4.652058823529412024e+01
4.616265912305516395e+01
4.653725490196078596e+01
4.659027373325567822e+01
4.724711649365628574e+01
4.767880023296446979e+01
4.760279557367501724e+01
4.735360678925035671e+01
4.740938799762329126e+01
4.751355247981545205e+01
4.732223222322232203e+01
4.704696969696969688e+01
4.715628571428571547e+01
4.732184873949579895e+01
4.800861556743909375e+01
4.819831983198319847e+01
4.799857224443175596e+01
4.814735591206179777e+01
4.784980011422044299e+01
4.787611408199643392e+01
4.741234711706464822e+01
4.720933521923620901e+01
4.719607843137254832e+01
4.715637740244612530e+01
4.677827782778278021e+01
4.677864077669902798e+01
4.708225458468177038e+01
4.683137254901960489e+01
4.715910364145658207e+01
4.734630911188004632e+01
4.701471004243281726e+01
4.685686546463245605e+01
4.670308123249299825e+01
4.705536332179930525e+01
4.709502262443439236e+01
4.708769448373409006e+01
4.699405940594059672e+01
4.735329018338727280e+01
4.706967447173043695e+01
4.760978450786254967e+01
4.662968099861303983e+01
4.699250288350634719e+01
4.722029988465974526e+01
4.699775910364145659e+01
4.715574229691876695e+01
4.683986928104575043e+01
4.731545559400230871e+01
4.726411764705882490e+01
4.682800565770862988e+01
4.706113033448673377e+01
4.674471730439748995e+01
4.667736185383244418e+01
4.699400342661336083e+01
4.669411764705882462e+01
4.679873125720876459e+01
4.707324106113033224e+01
4.683588358835883270e+01
4.701941747572815444e+01
4.657991681521093597e+01
4.679640205596801650e+01
4.718846373500856828e+01
4.713501350135013723e+01
4.715048543689320582e+01
4.713494809688581455e+01
4.676081200353044665e+01
4.704248366013072058e+01
4.682064590542098870e+01
4.726797385620915293e+01
4.722878787878787676e+01
4.748418722327640751e+01
4.693263757115749257e+01
4.756806930693069546e+01
4.705759803921568363e+01
4.706127450980392268e+01
4.707991681521093597e+01
4.625233100233100458e+01
4.666959951456311018e+01
4.715109223300970598e+01
4.732615291262136026e+01
4.687196601941747787e+01
4.692238901309485755e+01
4.703428398058252213e+01
4.727213309566250388e+01
4.720065359477123934e+01
4.721565166225360599e+01
4.815792540792541132e+01
4.809267431597528741e+01
4.776559714795008915e+01
4.707738435179896896e+01
4.712900432900433145e+01
4.703137254901960773e+01
4.620000000000000284e+01
4.626950117174422417e+01
4.596855983772819343e+01
4.645436893203883244e+01
4.690620915032679505e+01
4.727998747259630363e+01
4.672928526249209114e+01
4.705089285714285552e+01
4.690543959519291661e+01
4.656419987349778467e+01
4.643942307692307736e+01
4.606792803970223105e+01
4.651287128712871066e+01
4.613141025641025550e+01
4.673719165085388738e+01
4.756460336538461320e+01
4.708643908549952783e+01
4.679692780337941826e+01
4.699843407453805355e+01
4.685142679900744156e+01
4.766766826923076650e+01
4.746060794044664988e+01
4.746495037220843471e+01
4.783651738177263013e+01
4.817381772627622638e+01
4.736763754045307451e+01
4.790199692780338125e+01
4.761225728155339709e+01
4.677788461538461462e+01
4.690967741935483559e+01
4.655882352941176805e+01
4.749909855769230660e+01
4.756340100029420626e+01
4.700532414657062219e+01
4.681668734491314865e+01
4.683828883495145590e+01
4.644881221719457187e+01
4.690354567307691980e+01
4.687833737864077932e+01
4.755916262135922068e+01
4.697256787330316996e+01
4.676178660049627922e+01
4.651294498381876963e+01
4.678473945409429291e+01
4.724494047619047876e+01
4.951446540880503022e+01
4.796317375292935736e+01
4.730148809523809206e+01
4.727281553398058378e+01
4.732979368932038966e+01
4.743336275375110489e+01
4.754035194174757351e+01
4.704063275434243252e+01
4.661993464052287806e+01
4.710314685314685335e+01
4.759968553459119533e+01
4.742767857142857224e+01
4.754146634615384670e+01
4.721743176178659951e+01
4.716054778554778437e+01
4.714404761904761898e+01
4.686439085499529966e+01
4.693389423076923350e+01
4.716651305683564033e+01
4.697211538461538538e+01
4.664183964183963838e+01
4.677726574500768209e+01
4.704447228311932605e+01
4.739215686274509665e+01
4.698566308243727718e+01
4.690163281561130759e+01
4.646328671328671334e+01
4.701170145477545503e+01
4.689605734767025069e+01
4.684007352941176805e+01
4.687500000000000000e+01
4.637793707686180511e+01
4.629477163461538680e+01
4.705475040257648800e+01
4.697399068322981464e+01
4.638181818181818272e+01
4.645997610513739318e+01
4.685891990291262488e+01
4.678056551174830702e+01
4.657347670250896243e+01
4.716167434715821827e+01
4.666925465838509268e+01
4.628684003152088167e+01
4.698107890499194639e+01
4.697010869565217206e+01
4.671227289581015896e+01
4.723232323232323182e+01
4.671925133689839527e+01
4.713015776699029402e+01
4.731491384432560920e+01
4.711246200607902779e+01
4.682561481954647320e+01
4.633363336333633242e+01
4.641562685680332834e+01
4.662902227722772608e+01
4.657567401960784537e+01
4.658929096793174551e+01
4.738379310344827644e+01
4.732370370370370694e+01
4.655889382041652169e+01
4.764774436090225862e+01
4.646599264705882604e+01
4.682451923076923350e+01
4.658252427184466171e+01
4.652063106796116188e+01
4.651048951048951352e+01
4.684373143196672373e+01
4.613320135746606354e+01
4.672376009227220095e+01
4.691694475342973902e+01
4.614371437143714161e+01
4.648093750000000313e+01
4.636316747572815444e+01
4.579146634615384670e+01
4.659742647058823195e+01
4.676502213788741358e+01
4.647308031774051074e+01
4.632069174757281615e+01
4.619690533980582359e+01
4.669172494172494225e+01
4.641747572815533829e+01
4.667007211538461320e+01
4.639263613861385949e+01
4.622843822843822892e+01
4.627213309566250388e+01
4.624065901735804829e+01
4.674521918211238614e+01
4.745297330097087496e+01
4.710967548076923350e+01
4.716656553398058094e+01
4.737300344503601934e+01
4.679227941176470296e+01
4.707372572815533829e+01
4.680012376237623783e+01
4.670714737507906733e+01
4.720976757869961915e+01
4.716573971078976513e+01
4.693642342624490738e+01
4.715092097445038632e+01
4.786912128712871350e+01
4.755729166666666430e+01
4.748128342245989586e+01
4.709252450980392268e+01
4.708455997494519352e+01
4.699652118912081278e+01
4.601577669902912504e+01
4.676205685084637764e+01
4.608980582524272052e+01
4.658302696078431637e+01
4.607031250000000000e+01
4.731556372549019329e+01
4.668750000000000000e+01
4.731492718446602197e+01
4.624889673433362702e+01
4.601041666666666430e+01
4.574387254901960631e+01
4.651868872549019329e+01
4.634034653465346310e+01
4.635383244206773412e+01
4.658040048543688982e+01
4.697501581277672500e+01
4.660459916959437976e+01
4.695995145631067658e+01
4.631492718446602197e+01
4.690196078431372229e+01
4.682962730974005439e+01
4.678458737864077932e+01
4.678983438035408682e+01
4.698164335664335312e+01
4.663197815533980872e+01
4.644356796116505137e+01
4.705207413945277750e+01
4.689453125000000000e+01
4.699749451926088284e+01
4.636538461538461320e+01
4.677622377622377314e+01
4.657199754901960631e+01
4.618036130536130202e+01
4.635039717563989115e+01
4.639168689320388239e+01
4.688568744127779553e+01
4.686907914092380167e+01
4.666019417475727948e+01
4.661352357320099316e+01
4.641247425713444841e+01
4.606796116504854410e+01
4.587671670392845868e+01
4.579233511586452465e+01
4.614563106796116188e+01
4.622947303921568363e+01
4.600940533980582359e+01
4.684503478810879074e+01
4.698572261072261114e+01
4.650637135922330145e+01
4.678944174757281615e+01
4.681553398058252213e+01
4.740588787973692320e+01
4.732416192283364609e+01
4.681616035076730498e+01
4.654854368932038966e+01
4.620552884615384670e+01
4.661290322580644840e+01
4.672360436893203683e+01
4.588592233009708821e+01
4.624984187223276422e+01
4.578553921568627771e+01
4.594704324801411843e+01
4.647426470588235503e+01
4.667812500000000142e+01
4.595998759305211223e+01
4.660011883541294964e+01
4.621741688731979991e+01
4.624177889132477048e+01
4.662654702970296938e+01
4.650000000000000000e+01
4.652506188118811536e+01
4.620746363061353890e+01
4.668124999999999858e+01
4.684019607843137578e+01
4.704346405228758243e+01
4.664906249999999943e+01
4.682291666666666430e+01
4.739247311827956821e+01
4.726862745098038943e+01
4.703476354525524528e+01
4.679795792079207928e+01
4.691948900772430164e+01
4.689816571790006350e+01
4.694207119741100342e+01
4.686963696369637233e+01
4.748240291262136026e+01
4.634808168316831711e+01
4.583902906419674395e+01
4.586881188118811536e+01
4.670024271844660291e+01
4.682209158415841443e+01
4.685028502850285292e+01
4.583995292733156646e+01
4.650976430976430720e+01
4.695892255892255918e+01
4.649903225806451701e+01
4.601531862745098067e+01
4.554757281553398229e+01
4.556072106261859744e+01
4.569306930693069546e+01
4.587871287128712794e+01
4.594028465346534773e+01
4.628527227722772608e+01
4.616761543327007900e+01
4.677359068627450966e+01
4.630803289057558203e+01
4.623345588235294201e+01
4.650551470588235503e+01
4.703584558823529704e+01
4.646046805819101877e+01
4.619323213156230423e+01
4.621797682430316456e+01
4.592314990512333850e+01
4.574832321941871527e+01
4.568502475247525041e+01
4.527222222222222570e+01
4.600000000000000000e+01
4.564610084559974723e+01
4.553505644682115161e+01
4.665745192307691980e+01
4.634629981024667700e+01
4.640260922330097060e+01
4.621421860319448882e+01
4.734270201213669793e+01
4.654490828589500495e+01
4.644244149272612532e+01
4.645351043643263722e+01
4.647628083491461126e+01
4.662162990196078738e+01
4.616729917773560743e+01
4.635376213592233086e+01
4.631024667931689009e+01
4.660324754901960631e+01
4.594049483244597809e+01
4.603713606654783064e+01
4.592401960784313530e+01
4.630575980392156765e+01
4.650221378874130096e+01
4.590006325110689289e+01
4.524240526150955333e+01
4.507824976045991860e+01
4.549082858950031749e+01
4.496426312460467756e+01
4.581315873522836313e+01
4.462184605557330030e+01
4.522815533980582359e+01
4.545435049019607732e+01
4.578178368121442077e+01
4.572865275142314800e+01
4.595816033216225094e+01
4.567463235294117396e+01
4.539338235294117396e+01
4.553367718446602197e+01
4.595813106796116188e+01
4.612871287128712794e+01
4.627013135351227646e+01
4.692321270962047919e+01
4.683142100617828874e+01
4.716268382352941302e+01
4.609951456310679418e+01
4.653063725490196134e+01
4.646279144043436560e+01
4.639753320683112037e+01
4.583700980392156765e+01
4.673513349514563231e+01
4.640686881188118917e+01
4.622846108140225851e+01
4.666115196078431637e+01
4.708615567439096594e+01
4.650695762175838155e+01
4.671446078431372229e+01
4.637017231134878159e+01
4.603799019607843235e+01
4.648987982289690279e+01
4.622549019607843235e+01
4.655525846702317239e+01
4.677579048227403291e+01
4.680361519607843235e+01
4.713141314131413395e+01
4.664016990291262488e+01
4.615625000000000000e+01
4.589561707035755234e+01
4.604375598850207751e+01
4.587818781878187480e+01
4.621292892156862564e+01
4.612346813725490335e+01
4.661666666666666714e+01
4.635906862745098067e+01
4.660311856428361210e+01
4.672855392156862564e+01
4.688664215686274161e+01
4.734759358288769704e+01
4.747610294117647101e+01
4.738909313725490335e+01
4.797124999999999773e+01
4.679611650485436769e+01
4.664534551684751307e+01
4.672845873786408077e+01
4.760210396039603609e+01
4.628030065768869150e+01
4.669179175982114316e+01
4.678921568627450966e+01
4.640314913844325417e+01
4.660416666666666430e+01
4.618964460784313530e+01
4.693005429575215715e+01
4.669945704247844276e+01
4.656465646564656424e+01
4.706750675067506506e+01
4.682598039215686470e+01
4.735355392156862564e+01
4.627243589743589780e+01
4.730005941770647837e+01
4.628805693069306670e+01
4.613909313725490335e+01
4.655692599620493155e+01
4.661673586713509820e+01
4.563187855787476366e+01
4.620544942060757876e+01
4.673837383738374029e+01
4.649762329174093622e+01
4.656684491978609941e+01
4.579837983798379497e+01
4.608288770053476213e+01
4.656428361282730322e+01
4.640181818181817874e+01
4.610891990291262488e+01
4.570291146761734780e+01
4.613675742574257299e+01
4.602818627450980671e+01
4.587160025300443067e+01
4.593259803921568363e+01
4.656495649564956807e+01
4.650306372549019329e+01
4.695161290322580783e+01
4.689123774509803866e+01
4.637819370172311295e+01
4.650495049504950629e+01
4.615196078431372229e+01
4.596584440227704249e+01
4.646647691334598562e+01
4.619265776699029402e+01
4.619322900031938417e+01
4.665907653383933962e+01
4.640417457305503035e+01
4.765996287128712794e+01
4.634702797202797342e+01
4.646030839520274469e+01
4.635442661913250362e+01
4.630157766990291179e+01
4.641212871287128650e+01
4.605055147058823195e+01
4.631189903846154010e+01
4.632223222322232203e+01
4.586244800950683498e+01
4.617830882352941302e+01
4.626351752822341012e+01
4.734454545454545382e+01
4.676113861386138382e+01
4.634882985452245663e+01
4.625398284313725839e+01
4.609557038834951470e+01
4.672436921111466290e+01
4.653060011883541591e+01
4.613992869875222880e+01
4.574747474747474740e+01
4.597659765976597868e+01
4.674544873842222614e+01
4.640562120728201734e+01
4.641237745098039369e+01
4.665533980582524265e+01
4.801774193548386904e+01
4.782890575585072668e+01
4.675015812776723578e+01
4.675765931372549034e+01
4.735148514851485402e+01
4.730693069306930454e+01
4.709361163820366869e+01
4.639563567362429097e+01
4.751366666666666561e+01
4.688267973856208926e+01
4.675933257918551789e+01
4.750312499999999716e+01
4.675819174757281615e+01
4.667900485436893376e+01
4.693879387938793712e+01
4.753308823529411598e+01
4.746541262135922068e+01
4.702757352941176805e+01
4.701608009708737512e+01
4.676213592233009564e+01
4.641556490384615330e+01
4.687683823529411598e+01
4.650109614782336109e+01
4.661305147058823195e+01
4.643927893738140256e+01
4.638266919671094257e+01
4.634528186274509665e+01
4.687437500000000057e+01
4.660891089108910990e+01
4.631309297912713419e+01
4.550871394230769340e+01
4.659799757281553667e+01
4.642709677419355074e+01
4.599632352941176805e+01
4.619056372549019329e+01
4.626732673267326845e+01
4.544910742248669067e+01
4.561728781709990699e+01
4.557685009487666150e+01
4.525963044159097848e+01
4.535421233949264064e+01
4.499146110056926062e+01
4.581906250000000114e+01
4.597540721814117148e+01
4.546778464254192187e+01
4.545418689320388239e+01
4.676103977450673455e+01
4.658878797369245461e+01
4.696633986928104321e+01
4.661620145631067658e+01
4.676286764705882604e+01
4.644022770398481725e+01
4.649746995572422748e+01
4.658607473650590691e+01
4.619326456310679418e+01
4.595161290322580783e+01
4.582858950031625511e+01
4.574794433902593482e+01
4.642478441392526634e+01
4.572080023536334181e+01
4.703805693069306670e+01
4.654626225490196134e+01
4.608976715686274161e+01
4.591636029411764497e+01
4.621170343137254832e+01
4.567142008318479185e+01
4.544522144522144202e+01
4.581376875551632821e+01
4.610618932038835283e+01
4.639099735216240106e+01
4.606677419354839031e+01
4.614859068627450966e+01
4.644866137099146641e+01
4.672609591056193068e+01
4.657070707070707272e+01
4.613062665489849934e+01
4.619947043248014040e+01
4.676169461606355071e+01
4.677993527508090921e+01
4.681788761400412113e+01
4.677165841584158557e+01
4.652420343137254832e+01
4.605288175876410861e+01
4.606268568033274136e+01
4.602559576345984027e+01
4.585018382352941302e+01
4.595761245674740536e+01
4.617371737173717605e+01
4.647512135922330145e+01
4.647216951296647380e+01
4.688526037069726726e+01
4.653045013239187710e+01
4.652568069306930454e+01
4.639099735216240106e+01
4.650606796116505137e+01
4.641503267973855884e+01
4.668780637254901933e+01
4.681965283907031505e+01
4.685025007355104520e+01
4.638449754901960631e+01
4.666856971153845990e+01
4.691960784313725696e+01
4.639803921568627487e+01
4.677258663366336577e+01
4.607812500000000000e+01
4.614531788286877401e+01
4.625116550116550229e+01
4.673940543959519545e+01
4.642829766847652451e+01
4.617788461538461320e+01
4.625023488881929268e+01
4.639805825242718385e+01
4.635736875395319601e+01
4.695964805825242649e+01
4.655157766990291179e+01
4.624288425047438267e+01
4.621300382465430800e+01
4.620366856419987300e+01
4.694560404807084097e+01
4.615627936110241336e+01
4.665778186274509665e+01
4.624040841584158557e+01
4.670177103099304361e+01
4.641605392156862564e+01
4.609405637254901933e+01
4.652222222222222570e+01
4.673452669902912504e+01
4.642924389526331197e+01
4.615064102564102910e+01
4.661519607843137436e+01
4.596093750000000000e+01
4.702123786407766914e+01
4.626638349514563231e+01
4.719199751861042103e+01
4.648106971153845990e+01
4.715032679738562393e+01
4.684010922330097060e+01
4.653084873160037915e+01
4.671726755218216454e+01
4.744851485148515025e+01
4.658267973856209210e+01
4.699525616698291941e+01
4.718143203883494863e+01
4.679759645793801326e+01
4.683333333333333570e+01
4.646200980392156765e+01
4.696078431372549034e+01
4.619674225487064945e+01
4.597702205882352899e+01
4.669658256148195363e+01
4.610681068106810443e+01
4.601378676470588402e+01
4.662656249999999858e+01
4.678370098039215463e+01
4.749499999999999744e+01
4.643783275916066344e+01
4.734010922330097060e+01
4.679047917319135763e+01
4.652039627039626879e+01
4.667937500000000028e+01
4.632107843137254832e+01
4.620312500000000000e+01
4.672690259943626501e+01
4.589138349514563231e+01
4.665824513485831204e+01
4.770366856419987300e+01
4.730191042906357524e+01
4.682461634826182006e+01
4.602275485436893376e+01
4.613804611650485299e+01
