2.918719362745098067e+01
2.887938205585264484e+01
2.928645833333333215e+01
3.001041666666666785e+01
3.121446078431372584e+01
3.186672794117647101e+01
3.234712009803921262e+01
3.275819174757281615e+01
3.288786764705882604e+01
3.327788778877887665e+01
3.313865291262136026e+01
3.324666262135922068e+01
3.270266990291262488e+01
3.289185049019607732e+01
3.307495256166983211e+01
3.358272058823529704e+01
3.471013071895424673e+01
3.514859068627450966e+01
3.649877450980392268e+01
3.643346659051969993e+01
3.652630173564752880e+01
3.604248088360238000e+01
3.554809670781892805e+01
3.602593582887700308e+01
3.668904702970296938e+01
3.581619937694703992e+01
3.557407407407407618e+01
3.576130335943420135e+01
3.572171253822629922e+01
3.706215316315205399e+01
3.617848036715961513e+01
3.525874499332443435e+01
3.539417262231995664e+01
3.510565939771547050e+01
3.540214403518416475e+01
3.599047619047618696e+01
3.667366946778711423e+01
3.607916437603078919e+01
3.613060141509433976e+01
3.572264980758658481e+01
3.585599334073251754e+01
3.585876803551609271e+01
3.546365149833518160e+01
3.575502690455961385e+01
3.538733153638813889e+01
3.554452996151731980e+01
3.541066520065970025e+01
3.548541666666666572e+01
3.491148723640399254e+01
3.467181246426529384e+01
3.476129216695254343e+01
3.587405303030303116e+01
3.634213917525773496e+01
3.610873724489795933e+01
3.617564102564102768e+01
