4.261922833649588682e+01
4.263494091344618653e+01
4.284495439835245634e+01
4.320308857808857539e+01
4.301911407766990436e+01
4.332524271844660291e+01
4.303656957928802740e+01
4.322110867522705746e+01
4.322956467272157965e+01
4.308254269449715679e+01
4.355392156862745168e+01
4.381124241456403468e+01
4.356860841423948472e+01
4.319320388349514417e+01
4.290198019801979967e+01
4.295533980582523981e+01
4.327712418300653496e+01
4.365433270082226613e+01
4.324003795066413858e+01
4.325663430420711819e+01
4.314660194174757635e+01
4.277022653721682843e+01
4.302881302849984024e+01
4.276479799561541029e+01
4.302838283828382515e+01
4.277189542483660034e+01
4.281188725490196134e+01
4.251690331304935455e+01
4.282077205882352899e+01
4.269148284313725839e+01
4.249387254901960631e+01
4.303492647058823195e+01
4.307487623762376217e+01
4.281060364100926563e+01
4.305668650172251688e+01
4.304065533980582359e+01
4.346658415841584144e+01
4.285254854368932342e+01
4.250878313637815609e+01
4.250627062706270465e+01
4.266368572341104937e+01
4.248847087378640452e+01
4.254610148514851176e+01
4.253429376761665992e+01
4.268806764797995612e+01
4.283557782649545942e+01
4.305976941747572795e+01
4.321966019417475735e+01
4.305819101834281781e+01
4.281593927893737828e+01
4.311243344816787015e+01
4.296997764292558486e+01
4.259285937989351822e+01
4.266269965549639664e+01
4.226370184779204209e+01
4.222745098039215605e+01
4.238954248366012934e+01
4.230504227998747524e+01
4.235426682692308020e+01
4.237770122142185869e+01
4.255348557692308020e+01
4.256148018648018905e+01
4.276613363792118605e+01
4.286165048543688982e+01
4.258095834638271526e+01
4.256451612903225623e+01
4.323717948717948900e+01
4.280461165048543393e+01
4.291978609625668639e+01
4.267475728155339709e+01
4.270491320976757521e+01
4.269746320075164192e+01
4.303382398997807456e+01
4.247542475728155154e+01
4.256978155339805880e+01
4.249596774193548043e+01
4.251644841903544858e+01
4.260695270905105048e+01
4.289532766990291179e+01
4.309061488673139451e+01
4.285722610722610426e+01
4.280170777988615072e+01
4.312591938805530845e+01
4.326125330979699868e+01
4.278115117014547764e+01
4.307943512797881880e+01
4.280916262135922068e+01
4.243476941747572795e+01
4.261993464052287806e+01
4.265287990196078738e+01
4.262224264705882604e+01
4.260088551549652180e+01
4.243810679611650727e+01
4.247145432692308020e+01
4.292034313725490335e+01
4.275183823529411598e+01
4.291444174757281615e+01
4.275833333333333286e+01
4.267805812839348789e+01
4.253999999999999915e+01
4.266767676767676676e+01
4.345404411764705799e+01
4.329483870967742121e+01
4.356398940864960423e+01
4.348033333333333417e+01
4.285117574257425588e+01
4.247487745098039369e+01
4.269498562759501681e+01
4.270752427184466171e+01
4.206388975884748049e+01
4.277699323330391223e+01
4.253400735294117396e+01
4.250727387729285311e+01
4.261856617647058698e+01
4.304838709677419217e+01
4.313141025641025550e+01
4.348861480075901653e+01
4.314185049019607732e+01
4.278747628083491605e+01
4.293658088235294201e+01
4.284376976597090447e+01
4.259411421911421769e+01
4.254356971153845990e+01
4.257899382171226677e+01
4.278336495888677860e+01
4.253656978601085825e+01
4.310900000000000176e+01
4.293485135989880064e+01
4.343896268184693099e+01
4.354156553398058094e+01
4.328580097087378675e+01
4.315473300970873538e+01
4.300606796116505137e+01
4.265433270082226613e+01
4.300030940594059103e+01
4.299514563106796317e+01
4.234818481848184746e+01
4.274123588829471032e+01
4.251069945704247743e+01
4.277275485436893376e+01
4.309192961165048530e+01
4.267017326732673155e+01
4.238653198653198473e+01
4.214677419354838861e+01
4.250239540083040879e+01
4.249948787982246756e+01
4.261195445920303371e+01
4.285416666666666430e+01
4.294509450945094642e+01
4.314108830237862691e+01
4.292112211221122209e+01
4.292366656020440985e+01
4.304381127450980671e+01
4.307566666666666322e+01
4.259225806451613039e+01
4.290886313811462571e+01
4.292493872549019329e+01
4.286503267973856168e+01
4.244751213592233086e+01
4.245955882352941302e+01
4.275520833333333570e+01
4.287288406259980889e+01
4.275395319418090168e+01
4.315106994570425059e+01
4.239476205685084409e+01
4.247742127153891545e+01
4.219505736981464850e+01
4.242627427184466171e+01
4.223770748512370687e+01
4.237300344503601934e+01
4.260458958517210704e+01
4.285569852941176805e+01
4.291960784313725696e+01
4.265900735294117396e+01
4.311764705882352899e+01
4.336767929846539005e+01
4.295273075694666431e+01
4.288419117647058698e+01
4.312189542483660176e+01
4.278874130297280232e+01
4.281525735294117396e+01
4.252646414030692057e+01
4.262135922330097060e+01
4.232999999999999829e+01
4.297033333333333616e+01
4.305516129032258021e+01
4.335891990291262488e+01
4.305471220746363059e+01
4.305333333333333456e+01
4.319322580645161480e+01
4.280836793356755265e+01
4.292093611638203754e+01
4.264714805825242649e+01
4.280078007800780426e+01
4.264292558288087065e+01
4.254993872549019329e+01
4.230834914611005360e+01
4.232700822264389728e+01
4.228336495888677860e+01
4.277579048227403291e+01
4.269817949536889046e+01
4.265506228042158909e+01
4.257361865218779684e+01
4.237622549019607732e+01
4.245606435643564680e+01
4.219875222816398974e+01
4.265655637254901933e+01
4.279878633024592460e+01
4.294801980198019464e+01
4.325674019607843235e+01
4.280055147058823195e+01
4.266367574257425588e+01
4.280167079207920722e+01
4.292979127134724848e+01
4.314199873497786086e+01
4.296318069306930454e+01
4.285753676470588402e+01
4.272815533980582359e+01
4.266390931372549034e+01
4.276241830065359295e+01
4.240032679738562393e+01
4.264563106796116188e+01
4.278982843137254832e+01
4.258377701221422029e+01
4.251980198019801804e+01
4.255734223300970598e+01
4.311286407766990436e+01
4.363219481340923522e+01
4.298270631067961034e+01
4.278920472692430366e+01
4.288330170777988570e+01
4.330392156862745168e+01
4.291081593927894033e+01
4.320366856419987300e+01
4.333392751039809809e+01
4.310160427807486627e+01
4.273828382838284057e+01
4.277672359266286861e+01
4.285861650485436769e+01
4.383104439476205982e+01
4.340849673202614412e+01
4.328888888888889142e+01
4.331151170145477636e+01
4.301158784841841509e+01
4.339542483660130756e+01
4.315180265654648650e+01
4.256245954692556666e+01
4.289123774509803866e+01
4.270226537216828433e+01
4.258288770053476213e+01
4.303125000000000000e+01
4.321631878557874984e+01
4.256241830065359721e+01
4.235260300223571051e+01
4.299102722772277474e+01
4.287682038834951470e+01
4.304381127450980671e+01
4.267875816993463900e+01
4.251623774509803866e+01
4.278333333333333144e+01
4.247194719471946911e+01
4.238083307234575869e+01
4.248202614379084707e+01
4.220751633986927942e+01
4.246691176470588402e+01
4.279455057939242124e+01
4.274596774193548043e+01
4.308800501096148139e+01
4.304415909802693108e+01
4.298434074538052130e+01
4.329157532101471872e+01
4.312593052109181002e+01
4.308988412151581571e+01
4.297087378640776478e+01
4.267831715210355981e+01
4.287878787878787534e+01
4.262793611024115137e+01
4.246331435800126286e+01
4.250788834951456607e+01
4.280485467901628738e+01
4.227493990384615330e+01
4.266346153846154010e+01
4.278511326860841280e+01
4.233071895424836839e+01
4.238644509612251454e+01
4.303063118811881083e+01
4.289093137254901933e+01
4.291058168316831711e+01
4.244248308325978059e+01
4.254901960784313530e+01
4.310018382352941302e+01
4.305582524271844846e+01
4.314154411764705799e+01
4.306483551580964786e+01
4.278774193548387217e+01
4.221233949264014740e+01
4.262741935483870748e+01
4.269696969696969546e+01
4.244633333333333525e+01
4.232226125838390374e+01
4.258377896613190927e+01
4.250891265597147850e+01
4.284551396316102512e+01
4.213397277227722526e+01
4.246905940594059103e+01
4.220430107526881613e+01
4.229958479718939657e+01
4.236478960396039639e+01
4.264903225806451559e+01
4.199019607843137436e+01
4.217701770177017551e+01
4.229812499999999886e+01
4.224177579048227216e+01
4.207611386138614051e+01
4.259150431172149354e+01
4.247876077930373384e+01
4.215257352941176805e+01
4.209101941747572795e+01
4.222794117647058698e+01
4.185435962951133604e+01
4.180912990196078738e+01
4.190564320388349273e+01
4.234467821782178021e+01
4.231747045672309326e+01
4.224653465346534631e+01
4.259132281553397803e+01
4.235980148883374596e+01
4.269761029411764497e+01
4.257935483870967630e+01
4.275332068311195144e+01
4.305538366336633516e+01
4.268955605237943018e+01
4.274040841584158557e+01
4.261926192619262110e+01
4.299080882352941302e+01
4.313143382352941302e+01
4.309561635775227728e+01
4.267126225490196134e+01
4.273233333333333661e+01
4.217295792079207928e+01
4.257199754901960631e+01
4.228074866310160473e+01
4.249271844660194120e+01
4.275268817204300831e+01
4.266243075920495187e+01
4.271966911764705799e+01
4.229064841968067867e+01
4.206553398058252213e+01
4.268712871287128507e+01
4.264578766050735936e+01
4.241677419354838463e+01
4.256091450046977798e+01
4.247774193548386990e+01
4.267741935483871174e+01
4.265079862198559368e+01
4.213967741935483957e+01
4.268596813725490335e+01
4.283363970588235503e+01
4.319326456310679418e+01
4.280729166666666430e+01
4.308016608112423995e+01
4.269834983498349601e+01
4.271749755620723477e+01
4.223886138613861618e+01
4.195031250000000256e+01
4.211833333333333229e+01
4.179066666666666663e+01
4.202518203883494863e+01
4.165599999999999881e+01
4.223580645161290192e+01
4.263494091344618653e+01
4.212380952380952692e+01
4.262266666666666737e+01
4.291911764705882604e+01
4.252166666666666828e+01
4.228064516129032313e+01
4.261047366872609388e+01
4.221814116895560431e+01
4.264860632633886439e+01
4.258781249999999829e+01
4.295080445544554237e+01
4.241939393939394165e+01
4.280091234929944477e+01
4.285641998734978131e+01
4.303610436893203683e+01
4.297330097087378675e+01
4.307456683168317113e+01
4.288022995847971686e+01
4.301549652118912093e+01
4.333894389438943762e+01
4.324437927663733916e+01
4.339595192915876254e+01
4.322290322580645494e+01
4.319523514851485402e+01
4.289399999999999835e+01
4.292958144796379827e+01
4.305685084637495663e+01
4.319035451932290215e+01
4.303795066413662340e+01
4.287159653465346310e+01
4.270792079207920722e+01
4.292249999999999943e+01
4.291815181518151689e+01
4.318712871287128507e+01
4.270700000000000074e+01
4.268019801980197769e+01
4.292941552219738099e+01
4.252946650124069805e+01
4.252908496732025867e+01
4.271510699457042648e+01
4.265973597359735692e+01
4.263960396039603751e+01
4.248481848184818688e+01
4.256567656765676588e+01
4.271670047329276798e+01
4.269735973597359902e+01
4.277161716171617201e+01
4.288677419354839060e+01
4.291268382352941302e+01
4.291808981657179345e+01
4.295762175838077468e+01
4.343542218299499780e+01
4.344457013574660920e+01
4.305684389140271406e+01
4.297724514563106624e+01
4.365119047619047876e+01
4.454562211981566833e+01
4.325806451612903203e+01
4.315870098039215463e+01
4.292677696078431637e+01
4.363296568627450966e+01
4.292565880721220850e+01
4.266464821222606929e+01
4.289520274129068866e+01
4.276927470017133004e+01
4.292279411764705799e+01
4.301527149321267274e+01
4.317278554778555133e+01
4.332430069930070005e+01
4.293005952380952550e+01
4.286027644230769340e+01
4.300256996002284637e+01
4.268667255075022382e+01
4.251981351981351764e+01
4.319198246163482935e+01
4.288834951456311018e+01
4.344174757281553667e+01
4.312285539215686470e+01
4.297872960372960449e+01
4.268753953194180895e+01
4.275306372549019329e+01
4.253116191669276702e+01
4.259297912713472556e+01
4.252554086538461320e+01
4.253648606326338921e+01
4.283420745920746242e+01
4.314947552447552681e+01
4.322746394230769340e+01
4.218413793103448484e+01
4.264410774410774252e+01
4.271279461279461032e+01
4.458136792452830122e+01
4.294781144781144633e+01
4.281799999999999784e+01
4.306705097087378675e+01
4.214454893765238808e+01
4.230652680652680431e+01
4.252619047619047876e+01
4.174266666666666481e+01
4.218931034482758946e+01
4.214944306930693330e+01
4.248576051779935625e+01
4.236378153944426828e+01
4.249849759615384670e+01
4.234555288461538680e+01
4.265181518151815254e+01
4.236718750000000000e+01
4.232645161290322733e+01
4.243999999999999773e+01
4.227989573150863123e+01
4.266646039603960361e+01
4.231745049504950629e+01
4.218052805280527906e+01
4.233156249999999687e+01
4.237419354838709751e+01
4.276173746406898601e+01
4.257266666666667021e+01
4.257032258064516128e+01
4.291919191919191690e+01
4.251862373737373701e+01
4.236090705844777915e+01
4.223027786649632986e+01
