4.542067149440421048e+01
4.551380471380471704e+01
4.576925505050505194e+01
4.586862244897959329e+01
4.578667866786678786e+01
4.593032258064516071e+01
4.590312500000000284e+01
4.591645161290322363e+01
4.573579545454545325e+01
4.566484848484848413e+01
4.521548821548821451e+01
4.564749536178107547e+01
4.523272727272727423e+01
4.544412878787878896e+01
4.528125000000000000e+01
4.562085459183673208e+01
4.521031250000000057e+01
4.575829081632652873e+01
4.511458333333333570e+01
4.547030303030302889e+01
4.565124999999999744e+01
4.577480670103092564e+01
4.597601010101010388e+01
4.600847181492342486e+01
4.560343749999999829e+01
4.596089931573802545e+01
4.598892147279244114e+01
4.578612903225806718e+01
4.555620723362658708e+01
4.579966666666666697e+01
4.601578282828283051e+01
4.617497556207233345e+01
4.563233333333333519e+01
4.602709677419354506e+01
4.580133333333333212e+01
4.638437499999999858e+01
4.627663734115346728e+01
4.597437500000000199e+01
4.644451530612244738e+01
4.621179537308569252e+01
4.588233418367347127e+01
4.618597761685319369e+01
4.621290322580644983e+01
4.606741935483871231e+01
4.616225806451613067e+01
4.570451732673267031e+01
4.607562500000000227e+01
4.602633333333333354e+01
4.549242424242424221e+01
4.570120560443140789e+01
4.583032258064515929e+01
4.552792632204396739e+01
4.585858585858586167e+01
4.502545454545454362e+01
4.513696969696970029e+01
4.548908439231019685e+01
4.588812500000000227e+01
4.556843750000000171e+01
4.531757575757576006e+01
4.566363636363636402e+01
4.568031249999999943e+01
4.549443069306930454e+01
4.564125122189638262e+01
4.555620723362658708e+01
4.571045918367347127e+01
4.555903225806451928e+01
4.576609848484848442e+01
4.580161290322580925e+01
4.606645161290322932e+01
4.557706093189964491e+01
