4.578598484848485128e+01
4.599309930993099016e+01
4.614031250000000028e+01
4.590656565656565391e+01
4.562594696969696884e+01
4.287687499999999829e+01
4.262317961165048530e+01
4.310488861386138382e+01
4.525556930693069546e+01
4.491367574257425588e+01
4.722414965986394719e+01
5.128653198653198331e+01
5.066370423035904480e+01
5.288181818181818272e+01
5.242724137931034534e+01
5.313155976676384995e+01
5.276419366074538431e+01
5.044706322484100269e+01
4.836550692106247595e+01
4.944930789375234070e+01
4.890615384615384897e+01
4.729148629148629368e+01
4.612265512265512513e+01
5.041982507288629733e+01
5.791345427059712847e+01
5.821922933034043979e+01
5.635392857142856826e+01
5.137444444444444258e+01
5.234438775510204067e+01
4.893008314436885797e+01
4.780049261083743772e+01
4.886350777934936218e+01
4.820551724137931160e+01
4.875725503584840936e+01
4.918103448275861922e+01
4.848206896551724299e+01
4.866180758017492991e+01
4.705642633228840310e+01
4.761904761904762040e+01
4.713957725947521737e+01
4.747011661807579941e+01
4.801448275862068726e+01
4.727098571926158144e+01
4.757062706270627217e+01
4.735005224660397261e+01
4.781197478991596483e+01
4.793232323232323466e+01
4.772857142857142776e+01
4.839768976897689612e+01
4.827524752475247283e+01
4.790099009900990268e+01
4.773845667299178075e+01
4.744349607374530819e+01
4.713533333333333530e+01
4.743699999999999761e+01
4.761492220650636398e+01
4.759199999999999875e+01
4.768966666666666754e+01
4.852246603970741745e+01
4.823762376237623783e+01
4.773137931034482762e+01
4.743500000000000227e+01
4.749016034985422863e+01
4.716033333333333388e+01
4.755138607167004494e+01
4.634379310344827729e+01
4.666700000000000159e+01
4.674120860361897911e+01
4.737517241379310207e+01
4.759909439219784133e+01
4.722524752475247567e+01
4.713387096774193452e+01
4.749057809006706776e+01
4.692706270627062537e+01
4.736200000000000188e+01
4.719299999999999784e+01
4.718966666666666754e+01
4.835353535353535648e+01
4.834785714285714420e+01
4.787400000000000233e+01
4.767933333333333223e+01
4.796300000000000097e+01
4.765387205387205682e+01
4.703399999999999892e+01
4.730168350168349889e+01
4.771945259042033172e+01
4.797172413793103374e+01
4.711169554455445763e+01
4.741677419354838463e+01
4.792206962631747302e+01
4.776312460468058418e+01
4.727413366336633516e+01
4.715586206896551857e+01
4.556534090909090651e+01
4.635709677419355046e+01
4.830741935483870719e+01
4.708163265306122724e+01
4.781582491582491912e+01
4.772380050505050519e+01
4.796930693069307239e+01
4.702645161290322307e+01
4.700707070707071011e+01
4.692694497153700439e+01
4.759044908285895303e+01
4.721008663366336577e+01
4.774817961165048530e+01
4.795841584158415571e+01
4.734313725490196134e+01
4.713169934640522740e+01
4.781732026143790648e+01
4.780258064516129224e+01
4.795334685598377433e+01
4.778811881188119060e+01
4.680018791105543130e+01
4.722871287128712936e+01
4.789553752535496756e+01
4.738613861386138382e+01
4.757526881720430367e+01
4.802944983818770197e+01
4.694455128205127892e+01
4.711185897435897374e+01
4.708432912256743208e+01
4.691452145214521607e+01
4.713535736875395088e+01
4.715742574257425446e+01
4.759129032258064740e+01
4.747266666666666879e+01
4.700096774193548299e+01
4.744689655172413723e+01
4.736237623762376359e+01
4.731033333333333246e+01
4.762344298946023713e+01
4.741221122112211361e+01
4.792475247524752291e+01
4.794705882352941018e+01
4.739891408495688552e+01
4.719484432541010932e+01
4.712353531971878340e+01
4.770067543547813926e+01
4.743745774171737395e+01
4.732306662202879011e+01
4.750033806626098709e+01
4.742827586206896484e+01
4.767378640776698973e+01
4.751926088318196406e+01
4.754563894523326439e+01
4.731633986928104463e+01
4.726782725142282970e+01
4.750391481365487323e+01
4.765591397849462396e+01
4.780499999999999972e+01
4.764838709677419359e+01
4.777966666666666384e+01
4.769064516129031972e+01
4.786961206896551602e+01
4.793872053872053840e+01
4.739966996699669721e+01
4.741580645161290164e+01
4.735333333333333172e+01
4.763973063973063660e+01
4.757609427609427399e+01
4.752699407871821791e+01
4.757600281491907168e+01
4.760520760028148857e+01
4.731491536250399577e+01
4.718686868686868507e+01
4.728249158249158057e+01
4.748754208754208861e+01
4.751530612244897611e+01
4.719198246163482935e+01
4.781032258064516327e+01
4.779063883617963171e+01
4.730366666666666475e+01
4.735620915032679790e+01
4.751445489376524023e+01
4.768726527825196371e+01
4.768336987159410967e+01
4.745396719116170203e+01
4.778000000000000114e+01
4.754950495049504866e+01
4.793096774193548271e+01
4.794571526118129157e+01
4.807852509388870033e+01
4.799547196098919954e+01
4.779570957095709360e+01
4.758381877022653583e+01
4.820924004017408748e+01
4.796831683168316829e+01
4.841936607453848751e+01
4.899259259259259380e+01
4.838552188552188227e+01
4.762430759204952579e+01
4.787390128465179373e+01
4.781758620689655004e+01
4.831169709263015477e+01
4.803955375253549676e+01
4.830518659076533794e+01
4.858413793103448342e+01
4.827062706270626791e+01
4.757716772681620654e+01
4.802558922558922205e+01
4.809290322580645238e+01
4.785117845117844837e+01
4.760689437065148866e+01
4.793453510436432907e+01
4.817773561037318331e+01
4.815956727518593539e+01
4.805848546315078096e+01
4.844370651486401158e+01
4.786666666666666714e+01
4.828249158249158057e+01
4.851777485187623284e+01
4.853903225806451616e+01
4.840719696969696884e+01
4.802433333333333110e+01
4.799967416096448147e+01
4.799706744868035457e+01
4.819716494845361154e+01
4.809693877551020336e+01
4.823358585858586167e+01
4.817378826530612201e+01
4.815900944933203220e+01
4.863951890034364567e+01
4.796543778801843416e+01
4.831997393287716136e+01
4.814696969696969830e+01
4.825024437927663712e+01
4.852710459183673208e+01
4.837659438775510523e+01
4.867979797979798207e+01
4.869737279680744990e+01
4.856912878787878896e+01
4.813514454893765304e+01
4.850330895158481326e+01
4.859183673469387799e+01
4.899012508229098017e+01
4.817823129251700465e+01
4.835944700460829182e+01
4.858459512837392680e+01
4.864387755102040956e+01
4.845715216682958726e+01
4.862244897959183731e+01
4.830616509926854718e+01
4.859491466388018210e+01
4.881863067807768175e+01
4.863129032258064655e+01
4.865412748171368662e+01
4.890026333113890900e+01
4.826138613861385807e+01
4.807208689927583833e+01
4.845952380952380878e+01
4.868926925608953127e+01
4.831867057673509436e+01
4.915876288659794113e+01
4.898181818181818414e+01
4.905680272108843809e+01
4.917008797653959107e+01
4.886171710063335638e+01
4.887953795379537780e+01
4.956866666666666532e+01
4.939750000000000085e+01
4.930612903225806321e+01
4.921157495256166925e+01
4.920823019801980536e+01
4.831749174917491985e+01
4.701172413793103289e+01
4.682774193548387132e+01
4.436406250000000284e+01
4.424699999999999989e+01
4.386899999999999977e+01
4.367744107744107396e+01
4.383455242075931579e+01
4.307590759075907272e+01
4.334899999999999665e+01
4.327199999999999847e+01
4.297492163009404464e+01
4.302758620689655089e+01
4.261386138613861618e+01
4.268580858085808671e+01
4.306068965517241054e+01
4.324866666666666504e+01
4.269764309764309473e+01
4.261516129032258249e+01
4.218556371766209168e+01
4.230107526881720759e+01
4.249225589225589061e+01
4.228869338546758172e+01
4.208275862068965267e+01
4.184965517241379018e+01
4.168903225806451474e+01
4.202517241379310065e+01
4.181655262300423459e+01
4.177898435004790656e+01
4.195733333333333093e+01
4.185633333333333184e+01
4.201833333333333087e+01
4.226228956228955980e+01
4.244897248345524332e+01
4.276896551724137652e+01
4.270041520281060343e+01
4.225017593244194103e+01
4.190576988733356245e+01
4.233492659610788422e+01
4.234208754208754044e+01
4.200347881087918722e+01
4.224976045991695628e+01
4.251178451178451212e+01
4.256127946127946160e+01
4.293274155001707015e+01
4.298484848484848442e+01
4.279273927392739552e+01
4.306000000000000227e+01
4.310037555479686233e+01
4.359965517241379018e+01
4.420437710437710166e+01
4.464925113200975204e+01
4.433030303030302832e+01
4.411983612154318735e+01
4.420437710437710166e+01
4.463097643097643186e+01
4.373896551724138249e+01
4.363206896551724157e+01
4.572933333333333650e+01
4.596599326599326929e+01
4.368514851485148398e+01
4.442112211221122209e+01
4.383733890630442431e+01
4.315841584158415856e+01
4.403433333333333621e+01
4.421793103448275986e+01
4.492937293729372783e+01
4.450935483870967602e+01
4.304500000000000171e+01
4.265793103448275758e+01
4.272971090212469392e+01
4.246103448275862036e+01
4.205566666666666720e+01
4.198019801980198196e+01
4.161933333333332996e+01
4.219833333333333059e+01
4.241366666666666418e+01
4.176173746406898601e+01
4.193874226132290772e+01
4.209799999999999898e+01
4.190733333333333377e+01
4.212785714285714533e+01
4.202666666666666373e+01
4.206513409961685568e+01
4.218151815181518316e+01
4.211738070358759956e+01
4.136466666666666470e+01
4.189339933993399256e+01
4.177260726072607611e+01
4.146655172413792911e+01
4.204724137931034278e+01
4.188172043010752787e+01
4.196789321789322003e+01
4.198888888888888715e+01
4.183741935483870833e+01
4.160799999999999699e+01
4.161933333333332996e+01
4.197099999999999653e+01
4.166966666666666441e+01
4.195935483870967886e+01
4.155690235690235568e+01
4.120495049504950202e+01
4.105064516129031915e+01
4.188100000000000023e+01
4.150533333333333275e+01
4.173689320388349699e+01
4.188000000000000256e+01
4.133903225806451331e+01
4.151933333333333564e+01
4.197999999999999687e+01
4.186800000000000210e+01
4.134096774193548640e+01
4.108855218855218538e+01
4.239797979797980076e+01
4.207537527946342948e+01
4.268580858085808671e+01
4.196172413793103573e+01
4.230180949129395884e+01
4.200627062706270465e+01
4.189586206896552056e+01
4.203414134516899736e+01
4.160703311710481245e+01
4.148965517241379075e+01
4.155412541254125358e+01
4.079075907590758732e+01
4.141925571867531630e+01
4.165551724137930734e+01
4.212241379310344769e+01
4.149206896551724100e+01
4.147758620689655373e+01
4.126896551724137652e+01
4.107349355625217413e+01
4.142871287128713220e+01
4.100092821782178021e+01
4.162533333333333019e+01
4.114066234209627737e+01
4.147183339023557380e+01
4.162079207920792356e+01
4.143696369636963794e+01
4.154310344827586476e+01
4.146633986928104321e+01
4.218146987112504576e+01
4.195228143504005658e+01
4.159986343461932279e+01
4.168635077793493338e+01
4.125913280983270681e+01
4.135566666666666436e+01
4.176036224312086631e+01
4.146450304259634834e+01
4.211847046773642944e+01
4.158066666666666578e+01
4.154626152270399331e+01
4.175896551724137851e+01
4.142178217821782482e+01
4.140726072607260733e+01
4.161068965517241480e+01
4.181960784313725554e+01
4.166006600660065828e+01
4.168338557993730120e+01
4.160297029702969951e+01
4.133700000000000330e+01
4.163333333333333286e+01
4.141400000000000148e+01
4.083833333333333115e+01
4.116927899686520220e+01
4.081758620689655004e+01
4.088344827586207231e+01
4.030330033003300372e+01
4.091601307189542780e+01
4.082178217821782340e+01
4.089586889723454988e+01
4.081539444267007610e+01
4.104554455445544647e+01
4.081188118811881083e+01
4.073066666666666436e+01
4.059400000000000119e+01
4.065973597359735692e+01
4.051320132013201203e+01
4.063400000000000034e+01
4.109433333333333138e+01
4.082465665921430542e+01
4.088866666666666561e+01
4.074133333333332985e+01
4.146129032258064484e+01
4.070924092409241268e+01
4.073682529543276587e+01
4.105633333333333468e+01
4.107166666666666544e+01
4.082376237623762449e+01
4.113366666666667015e+01
4.053984819734345280e+01
4.078383838383838622e+01
4.077677419354838406e+01
4.092199999999999704e+01
4.121000000000000085e+01
4.091933333333333422e+01
4.109533333333333616e+01
4.103388725969371364e+01
4.110297029702969951e+01
4.086967741935483645e+01
4.040516129032258164e+01
4.097433333333333394e+01
4.071451612903225481e+01
4.033843749999999773e+01
4.052187799425103520e+01
4.029967741935483616e+01
4.015548387096774263e+01
4.044354838709677580e+01
4.021161290322580584e+01
4.123623330074943283e+01
4.286967741935483645e+01
4.342633333333333212e+01
4.267550303417438329e+01
4.223645161290322392e+01
