3.895836873406966561e+01
3.905936819172113417e+01
3.903855140186915662e+01
3.999970794392523032e+01
4.087587616822430192e+01
4.050314465408805376e+01
4.033528037383177889e+01
3.999433588218634839e+01
3.996598056032018320e+01
4.028566919191919027e+01
4.066151202749141191e+01
4.115939849624059832e+01
3.925828262339418728e+01
3.945509193776520362e+01
3.933663366336633516e+01
4.136556603773584584e+01
4.113560779816513957e+01
4.161152522935779530e+01
4.134780092592592382e+01
4.228315412186380229e+01
4.135940353012781401e+01
4.144888133673180164e+01
4.157016509433962170e+01
4.148447961046865373e+01
4.136825396825396695e+01
4.145457559681697290e+01
4.092071759259259522e+01
4.120771781730479688e+01
4.156428571428571672e+01
4.149702380952381020e+01
4.175791090629800095e+01
4.148482142857142918e+01
4.085357142857142776e+01
4.038557516737675002e+01
4.127066052227342396e+01
4.118610421836228142e+01
4.116071428571428470e+01
4.109315646668676436e+01
4.169866893231379379e+01
4.125000000000000000e+01
4.093299278846154010e+01
4.109243176178659951e+01
4.139050868486352641e+01
4.078326118326118177e+01
4.144065733414485919e+01
4.211740654205607370e+01
4.113240078074170469e+01
4.121069182389937424e+01
4.111526479750779117e+01
4.120146074254412838e+01
4.130086848635235697e+01
4.130055831265508459e+01
4.146650124069478949e+01
4.089335664335664688e+01
4.126085607940446920e+01
4.165885575167376942e+01
4.104546850998463725e+01
4.132602163461538680e+01
4.092059553349876211e+01
4.105995130858186570e+01
4.070297619047619264e+01
4.133052884615384670e+01
4.085622119815668185e+01
4.158136792452830122e+01
4.127729528535979853e+01
4.179006410256410220e+01
4.068807060255630148e+01
4.051388888888888573e+01
4.007334144856969260e+01
4.069655373831776046e+01
4.080946638528791226e+01
4.045459905660377586e+01
4.058442367601246303e+01
4.064209905660377586e+01
4.102219626168223954e+01
4.114844006568144152e+01
4.058916256157635161e+01
4.041303066037735903e+01
4.081132075471698073e+01
4.082471089470480763e+01
4.120342679127725916e+01
4.063451004260499388e+01
4.101720430107526738e+01
4.102578616352201379e+01
4.090251572327044016e+01
4.034479610468655153e+01
4.028238993710692029e+01
4.081707717569786809e+01
4.065468509984638956e+01
4.008725038402457841e+01
4.117206349206349358e+01
4.123717357910906145e+01
4.094412698412698148e+01
4.055256410256410504e+01
4.066479952830188438e+01
4.057694575471698073e+01
4.079447004608294947e+01
3.977703081232493076e+01
4.056334776334776393e+01
4.063347763347763220e+01
4.068897405660377586e+01
4.036386554621848433e+01
4.049167591564928159e+01
4.044329004329004107e+01
3.978932178932178942e+01
3.971596638655461931e+01
3.946783947223749323e+01
3.950649350649350566e+01
3.939452214452214207e+01
3.952858776443682132e+01
3.918932038834951470e+01
3.972619047619047450e+01
3.966346153846154010e+01
3.927170868347339194e+01
3.936132756132756327e+01
3.960490620490620728e+01
3.898383838383838196e+01
3.918991596638655750e+01
3.930995670995670821e+01
3.892997198879551490e+01
3.962395382395382626e+01
3.911792717086834870e+01
3.902770562770562890e+01
3.955062217194570451e+01
3.958095238095238244e+01
3.938005390835579789e+01
3.940108633504859625e+01
3.985982142857142918e+01
3.889206349206349245e+01
3.991770361990950278e+01
3.963321898227558648e+01
3.990222984562607422e+01
4.035122655122655289e+01
4.035625000000000284e+01
3.986247086247086457e+01
4.004859919954259340e+01
3.946875000000000000e+01
3.946197827329902452e+01
3.939083710407239636e+01
4.076998556998557177e+01
4.021339285714285694e+01
4.049610389610389660e+01
4.081148018648018905e+01
4.038402457757296560e+01
4.060810023310023098e+01
4.081673881673881965e+01
4.061487236403995382e+01
4.013015873015873325e+01
4.087878787878787534e+01
4.087676767676767753e+01
4.079298642533936459e+01
4.099490950226244479e+01
4.054431103487707588e+01
4.079682539682539755e+01
4.051018099547511042e+01
4.059433962264150608e+01
4.120952380952380878e+01
4.072567873303167119e+01
4.023783936651583559e+01
4.055147058823529704e+01
4.068461312150632381e+01
3.991650485436893092e+01
4.040976584808680627e+01
4.036081632653061035e+01
4.049033189033188762e+01
4.133229638009049722e+01
4.045559954751131215e+01
4.032925407925407768e+01
4.065695792880259063e+01
4.108620182406590260e+01
4.061673881673881681e+01
4.045396270396270211e+01
4.087878787878787534e+01
4.212752487187217554e+01
4.219872185027389122e+01
4.161328125000000000e+01
4.169791666666666430e+01
4.153411910669975526e+01
4.162864077669902940e+01
4.115148809523809348e+01
4.054970238095238244e+01
4.062556561085973073e+01
4.059465144230769340e+01
4.114004118858488113e+01
4.064539627039626879e+01
4.016544117647058698e+01
4.044563279857397475e+01
4.008502500735510665e+01
4.148585972850678871e+01
4.051427738927738886e+01
4.154140491147915526e+01
4.137075242718446333e+01
4.118092691622103274e+01
4.141800356506239211e+01
4.109240924092409131e+01
4.084523129640205497e+01
4.067078552515445722e+01
4.102941176470588402e+01
4.073498349834983401e+01
4.021137309292649320e+01
4.079641990291262488e+01
4.113622572815533829e+01
4.094206773618538620e+01
4.103982843137254832e+01
4.114016089108910990e+01
4.075098039215686185e+01
4.095943787927179613e+01
4.135416666666666430e+01
4.138602941176470296e+01
4.122477199176228169e+01
4.183125371360665667e+01
4.159617718446602197e+01
4.137949743003997582e+01
4.196256684491978461e+01
4.197311827956989561e+01
4.247967233009708821e+01
4.299142156862745168e+01
4.204872251931075766e+01
4.137216828478964459e+01
4.149632244777875911e+01
4.157958223006766474e+01
4.176173499702911585e+01
4.202030008826125140e+01
4.203089143865842914e+01
4.146131215063253705e+01
4.143777581641658969e+01
4.136856617647058698e+01
