4.547521865889212478e+01
4.486623813896541435e+01
4.465829725829726016e+01
4.364927113702623984e+01
4.575570228091236658e+01
4.558613445378151141e+01
4.543077837195484392e+01
4.514022578728461355e+01
4.463011558887847485e+01
4.511840049984380130e+01
4.495928986838077890e+01
4.470978391356542403e+01
4.512026515151514872e+01
4.465924551638837414e+01
4.491904184354154239e+01
4.490034364261168065e+01
4.462953060011883366e+01
4.459626568717477824e+01
4.475046382189239580e+01
4.469573283858998280e+01
4.413484848484848300e+01
4.446042053184910259e+01
4.434260977118120195e+01
4.411845730027548029e+01
4.407131925313743182e+01
4.455627705627705382e+01
4.490636254501800551e+01
4.405058823529411427e+01
4.434093637454981973e+01
4.411152764761012435e+01
4.416282595512431897e+01
4.424429771908763342e+01
4.427335858585858830e+01
4.430896594814120704e+01
4.417409387997623327e+01
4.387084548104956383e+01
4.430884603611876571e+01
4.385561497326203551e+01
4.385203153426319034e+01
4.365526552655265391e+01
4.455831185567010522e+01
4.392363636363636203e+01
4.376434948979591866e+01
4.433121212121211840e+01
4.415307716338644184e+01
4.409093637454981973e+01
4.420757575757576063e+01
4.378339460784313530e+01
4.405010501050104921e+01
4.423011363636363313e+01
4.400117647058823422e+01
4.443696969696969745e+01
4.430742857142857360e+01
4.447415329768271164e+01
4.420646476412347425e+01
4.418277310924369772e+01
4.390272727272727593e+01
4.346524064171123314e+01
4.350663206459054066e+01
4.331343749999999915e+01
4.343121212121211983e+01
4.390069006900689885e+01
4.357733585858586167e+01
4.361111111111111427e+01
4.387561881188118917e+01
4.374437443744374576e+01
4.395080445544554237e+01
4.406531249999999744e+01
4.364738292011019638e+01
4.389978997899790158e+01
4.394264705882353184e+01
4.423713235294117396e+01
4.390009000900089831e+01
4.382628262826282395e+01
4.392096774193548470e+01
4.405937500000000284e+01
4.401264705882353212e+01
4.400303030303030027e+01
4.383678367836783707e+01
4.402670267026702788e+01
4.411131113111311208e+01
4.415939393939393653e+01
4.407308377896612939e+01
4.387076648841354398e+01
4.349785539215686470e+01
4.393843749999999915e+01
4.381311274509803866e+01
4.362623762376237835e+01
4.388687500000000341e+01
4.374288366336633516e+01
4.364232673267326845e+01
4.380742913000977268e+01
4.352750000000000341e+01
4.362248482912807646e+01
4.352168746286393031e+01
4.340655637254901933e+01
4.399969059405940897e+01
4.372150735294117396e+01
4.393459345934593330e+01
4.403248762376237835e+01
4.385755349728520969e+01
4.396965825614819323e+01
4.375521821631878794e+01
4.377011138613861618e+01
4.462031249999999716e+01
4.431290322580645125e+01
4.404393564356435320e+01
4.404626914304333951e+01
4.386999999999999744e+01
4.392093750000000085e+01
4.395668316831682887e+01
4.395677419354838378e+01
4.403161290322580612e+01
4.429683936135548805e+01
4.460538720538720270e+01
4.401596611274030835e+01
4.391499999999999915e+01
4.391612903225806264e+01
4.352032258064516412e+01
4.350516129032258306e+01
4.387806451612902947e+01
4.433960459183673208e+01
4.392147490611129967e+01
4.344225806451613181e+01
4.338025889967637738e+01
4.360741935483871146e+01
4.375907590759075561e+01
4.397764292558287735e+01
4.428188701223063362e+01
4.428125000000000000e+01
4.438718750000000313e+01
4.376014053018204919e+01
4.425757575757575779e+01
4.446838709677419388e+01
4.438606060606060311e+01
4.421468749999999659e+01
4.412096774193548043e+01
4.425969696969696798e+01
4.447333333333333627e+01
4.408648806057076541e+01
4.385622895622895356e+01
4.425966145001596885e+01
4.413548387096773951e+01
4.434878787878788131e+01
4.424483870967741694e+01
4.448050742574257299e+01
4.402846534653465227e+01
4.447963506028022351e+01
4.466460396039603609e+01
4.455969696969697225e+01
4.441968067774519113e+01
4.417647058823529704e+01
4.406862745098039369e+01
4.397679455445544505e+01
4.421632163216321487e+01
4.418378712871287206e+01
4.366738861386138382e+01
4.393133184286170234e+01
4.425343749999999687e+01
4.422516129032258192e+01
4.415011178537208281e+01
4.415408415841584144e+01
4.435580645161290647e+01
4.401660811242414439e+01
4.404088150750558839e+01
4.356899752475247567e+01
4.417792661619103001e+01
4.384094538486106529e+01
4.350247524752474959e+01
4.419914215686274161e+01
4.422181372549019329e+01
4.466126612661265938e+01
4.447457107843137436e+01
4.447334558823529704e+01
4.391819852941176805e+01
4.399540441176470296e+01
4.392919291929192838e+01
4.395793801391524624e+01
4.395189950980392268e+01
4.409313725490196134e+01
4.408487316003758139e+01
4.382720588235294201e+01
4.392585784313725839e+01
4.423587652882935117e+01
4.405290841584158557e+01
4.400059417706476239e+01
4.380317740511915048e+01
4.411090686274509665e+01
4.400309405940593876e+01
4.387500000000000000e+01
4.435086633663366484e+01
4.419090346534653690e+01
4.437500000000000000e+01
4.450367755222124089e+01
4.447549019607843235e+01
4.485968137254901933e+01
4.483026960784313530e+01
4.443264326432642974e+01
4.426378676470588402e+01
4.409739077669902940e+01
4.382641953515739885e+01
4.349953022236141464e+01
4.425211399937362700e+01
4.411336405529954163e+01
4.438709677419355160e+01
4.410669975186104352e+01
4.437305089732274155e+01
4.422487593052109389e+01
4.392884250474383379e+01
4.396617601002192544e+01
4.431224553711243175e+01
4.462715389185977699e+01
