4.400691105769230660e+01
4.410053066037735903e+01
4.417803970223324939e+01
4.384403382398998161e+01
4.397025240384615330e+01
4.371029185867895706e+01
4.335052447552447319e+01
4.341947115384615330e+01
4.358814102564102910e+01
4.366075721153845990e+01
4.398805361305361572e+01
4.380643203883494863e+01
4.436804942630185167e+01
4.383353365384615330e+01
4.389131701631701787e+01
4.415594660194174992e+01
4.382121394230769340e+01
4.370657568238213742e+01
4.374678738317756910e+01
4.396146953405018110e+01
4.431308962264150608e+01
4.351458333333333428e+01
4.369411057692308020e+01
4.403815136476426773e+01
4.400952380952381304e+01
4.382529761904761756e+01
4.408131067961164717e+01
4.398821339950372078e+01
4.366165865384615330e+01
4.401488095238094900e+01
4.352329009433962170e+01
4.384733044733044949e+01
4.447239454094292910e+01
4.401696428571428754e+01
4.400240384615384670e+01
4.355714285714285694e+01
4.345656565656565817e+01
4.421933962264150608e+01
4.349399038461538680e+01
4.374623655913978837e+01
4.361228287841191076e+01
4.325803571428571104e+01
4.318548387096774377e+01
4.315786435786435504e+01
4.311547619047618696e+01
4.358496732026144116e+01
4.404094292803970490e+01
4.410006009615384670e+01
4.405654761904762040e+01
4.359074519230769340e+01
4.310591630591630263e+01
4.365718954248365691e+01
4.312797619047618980e+01
4.325945165945165627e+01
4.339077380952380736e+01
4.375390625000000000e+01
4.365773809523809490e+01
4.412135922330097060e+01
4.403700466200466224e+01
4.369075682382133863e+01
4.384071601941747787e+01
4.354054834054834089e+01
4.377723676202069214e+01
4.389226190476190226e+01
4.405660377358490365e+01
4.384026054590570709e+01
4.451551459293394686e+01
4.331774891774891501e+01
4.413261648745519494e+01
4.422704714640198631e+01
4.392995391705068897e+01
4.360684523809523938e+01
4.445883413461538680e+01
4.306943164362519383e+01
4.309910714285714306e+01
4.421960297766749193e+01
4.404071406201065031e+01
4.398027912621359548e+01
4.394747474747475025e+01
4.340705128205128460e+01
4.341410256410256352e+01
4.316935483870967971e+01
4.364230769230768914e+01
4.356826456310679418e+01
4.334925558312654914e+01
4.364234262449107149e+01
4.333894230769230660e+01
4.367728365384615330e+01
4.330583126550868656e+01
4.292678571428571388e+01
4.366687344913151492e+01
4.364290048543688982e+01
4.365330410272471084e+01
4.343006993006993355e+01
4.351712740384615330e+01
4.433774038461538680e+01
4.402348888192921805e+01
4.380676479799561207e+01
4.347205528846154010e+01
4.279807692307691980e+01
4.274285714285714022e+01
4.411320754716981440e+01
4.401395781637717164e+01
4.402233250620347604e+01
4.353380893300248289e+01
4.303132754342431809e+01
4.342648883374690172e+01
4.395084485407065955e+01
4.361959134615384670e+01
4.406520432692308020e+01
4.455148883374690172e+01
4.405833333333333002e+01
4.344825614636935285e+01
4.411213517665130723e+01
4.385512265512265628e+01
4.358463901689707853e+01
4.358804086538461320e+01
4.446973886328724745e+01
4.372110849056603854e+01
4.340386904761904674e+01
4.383878205128205252e+01
4.365105459057071613e+01
4.349389289069840459e+01
4.382117131224553930e+01
4.331036642655809743e+01
4.332878411910670025e+01
4.368942307692307736e+01
4.367804572502348748e+01
4.305292828061384114e+01
4.350310173697270244e+01
4.399276620370370239e+01
4.355145929339477817e+01
4.379631336405530107e+01
4.349313318428617237e+01
4.421107628004179446e+01
4.342586206896551460e+01
4.281324684192556873e+01
4.330938914027149167e+01
4.342365967365967094e+01
4.410216450216450568e+01
4.367394054395951741e+01
4.402900000000000347e+01
4.351935483870967403e+01
4.391433333333333167e+01
4.361062499999999886e+01
4.455197132616487465e+01
4.469570707070707272e+01
4.482388238823882176e+01
4.434777227722772608e+01
4.419393382352941302e+01
4.339037433155080237e+01
4.449409134461833304e+01
4.430354838709677523e+01
4.375279463430214122e+01
4.286093749999999858e+01
4.356435643564356752e+01
4.453300330033003007e+01
