3.562287581699346362e+01
3.453209837112743230e+01
3.702236519607843235e+01
3.960922029702970093e+01
4.104980498049805249e+01
4.112091209120912083e+01
4.133088470137336401e+01
4.358869534305012650e+01
4.274886799024729811e+01
4.471229536746778166e+01
4.540371456500488989e+01
4.563468013468013140e+01
4.532046204620461793e+01
4.531964809384164283e+01
4.459421804249390675e+01
4.477566666666666606e+01
4.413793103448276156e+01
4.332521974306963841e+01
4.417912457912457569e+01
4.421548821548821451e+01
4.416006600660065828e+01
4.479516129032258220e+01
4.451612903225806406e+01
4.465989997057958050e+01
4.457548387096774434e+01
4.477227722772277474e+01
4.534650735294117396e+01
4.476838235294117396e+01
4.408581271531475210e+01
4.399632352941176805e+01
4.389259708737863974e+01
4.441397849462365599e+01
4.427196782178217660e+01
4.465294117647059124e+01
4.447104710471047184e+01
4.451609848484848442e+01
4.413945910720104138e+01
4.438812500000000227e+01
4.421977349250076372e+01
4.422201607915893362e+01
4.460160427807486627e+01
4.435690235690235994e+01
4.463656249999999659e+01
4.450669642857143060e+01
4.465953654188948008e+01
4.513121212121212267e+01
4.427058463422099521e+01
4.426484848484848555e+01
4.446801346801346710e+01
4.434313725490196134e+01
4.458937499999999687e+01
4.469818181818181557e+01
4.474545454545454248e+01
4.449598021026592676e+01
4.472999999999999687e+01
4.477707770777077911e+01
4.476575757575757564e+01
4.498151515151515412e+01
4.494749999999999801e+01
4.481338133813381575e+01
4.457000000000000028e+01
4.498377716559534889e+01
4.494674744897959329e+01
4.452475247524752433e+01
4.447468750000000171e+01
4.452535253525352488e+01
4.451612903225806406e+01
4.489638318670576922e+01
4.492303030303030198e+01
4.465312500000000284e+01
4.490968749999999687e+01
4.406451612903225623e+01
4.453472222222222143e+01
4.493878787878787762e+01
4.466789103152739671e+01
4.483181818181817846e+01
4.538750000000000284e+01
4.458709677419354733e+01
4.540093749999999773e+01
4.483696969696969603e+01
4.484684405940593876e+01
4.468133333333333468e+01
4.519343750000000171e+01
4.500742574257425588e+01
4.426825495049504866e+01
4.491375000000000028e+01
4.512187500000000284e+01
4.490906249999999744e+01
4.430277866496327022e+01
4.497531250000000114e+01
4.503397612488521418e+01
4.470462197734924814e+01
4.513118811881188464e+01
4.578630952380952124e+01
4.597835497835497875e+01
4.539306526806527131e+01
4.532785359801489022e+01
4.492232142857142918e+01
4.529783549783550001e+01
4.566147186147185977e+01
4.568448540706604888e+01
4.542976190476190368e+01
4.479128959276017952e+01
4.515326340326340215e+01
4.595059523809523938e+01
4.570671476137624722e+01
4.553024417314095729e+01
4.642423349056603854e+01
4.589393939393939092e+01
4.591951650943396146e+01
4.582933104631217702e+01
4.599528301886792292e+01
4.578773584905660243e+01
4.608696933962264097e+01
4.527272727272727337e+01
4.510723039215686470e+01
4.542424242424242209e+01
4.561540841584158557e+01
4.543285799168152295e+01
4.529749417249417576e+01
4.531976911976911992e+01
4.430361871138570251e+01
4.574038461538461320e+01
4.486749851455734017e+01
4.491798642533936459e+01
4.482979325969980522e+01
4.431843891402714775e+01
4.458884803921568363e+01
4.547475961538461320e+01
4.529927884615384670e+01
4.551825928180158343e+01
4.397116799058546377e+01
4.452914663461538680e+01
4.512411674347158197e+01
4.520583717357910558e+01
4.610314465408804807e+01
4.530707196029776895e+01
4.548184523809523938e+01
4.555040792540792438e+01
4.524184704184704486e+01
4.427113095238095042e+01
4.507372572815533829e+01
4.513112745098039369e+01
4.510664335664335312e+01
4.538785046728971651e+01
4.555277625068718805e+01
4.566273584905660243e+01
4.567946428571428896e+01
4.506386554621848717e+01
4.459803921568627771e+01
4.498214844973379201e+01
4.535957324106112765e+01
4.535238095238095468e+01
4.564583333333333570e+01
4.564333536214242315e+01
4.537648809523809490e+01
4.578051543472103901e+01
4.568753573470554841e+01
4.576388125343595448e+01
4.429560308972073557e+01
4.528359062321326434e+01
4.522020202020202362e+01
4.558519153802172497e+01
4.518719909374114962e+01
4.495602795573675081e+01
4.514889277389277566e+01
4.475714285714285978e+01
4.414438502673796449e+01
4.415570934256055580e+01
4.404188948306595108e+01
4.412764134780125858e+01
4.469126912691269382e+01
4.440747278611356563e+01
4.419867358708189187e+01
4.398644752018454795e+01
4.465519270373638960e+01
4.451931075460487364e+01
4.473945335710041604e+01
4.456250000000000000e+01
4.442840166369578014e+01
4.473291740938799421e+01
4.537143714371437397e+01
4.543384338433843084e+01
4.445088520845231272e+01
4.443864386438643521e+01
4.494975490196078738e+01
4.439894086496028081e+01
4.460695187165775621e+01
4.475946418171228913e+01
4.478580097087378675e+01
4.420175970873786753e+01
4.462655122655122852e+01
4.475193107546049021e+01
4.441562685680332834e+01
4.444842233009708821e+01
4.511642156862745168e+01
4.507367795603089888e+01
4.464342453662842303e+01
4.441503267973855884e+01
4.501265077964107064e+01
4.481341019417475735e+01
4.507966876070816653e+01
4.513861386138614051e+01
4.490196078431372229e+01
4.516031250000000341e+01
4.502331523474928332e+01
4.470627062706270749e+01
4.547865754317367504e+01
4.476066666666666549e+01
4.465419354838709864e+01
4.517205387205387268e+01
4.514000665114732413e+01
4.563505154639175032e+01
4.576288659793814162e+01
4.593975515463917247e+01
4.507486979166666430e+01
4.551649122807017278e+01
4.488329081632652873e+01
4.514219881500987697e+01
4.493129251700680271e+01
4.518704284221525569e+01
4.612211221122112192e+01
4.562376563528637519e+01
4.633666237113401820e+01
4.544483870967741979e+01
4.521933333333333138e+01
4.482020202020201793e+01
4.479867986798679880e+01
4.488275862068965694e+01
4.511082721175343124e+01
4.497034864776800589e+01
4.508922558922559176e+01
4.528213166144200841e+01
4.481188118811881083e+01
4.460851926977687754e+01
4.456531459597572820e+01
4.492606060606060936e+01
4.478249158249158057e+01
4.488182689236665368e+01
4.497790404040404155e+01
4.456064516129032427e+01
4.476732673267326845e+01
4.454812499999999886e+01
4.465265558813946001e+01
4.440967741935483559e+01
4.469766666666667021e+01
4.442524509803921262e+01
4.530150111785371791e+01
4.460787259615384670e+01
4.418540557469464147e+01
4.428816105769230660e+01
4.425879139638102089e+01
4.440745192307691980e+01
4.427292852624920982e+01
4.446774193548387188e+01
4.407261029411764497e+01
4.412713472485768307e+01
4.413327205882352899e+01
4.402032258064516412e+01
4.419887955182073114e+01
4.477620689655172725e+01
4.489148073022312246e+01
4.480933333333333479e+01
4.450727387729285311e+01
4.438283828382838436e+01
4.410000000000000142e+01
4.454059405940594019e+01
4.422810457516339966e+01
4.430600118835413070e+01
4.334175486514168796e+01
4.463666072489601788e+01
4.448610667518364892e+01
4.458001265022137716e+01
4.447269243053337817e+01
4.426944971537001550e+01
4.466888045540797236e+01
4.430550284629980951e+01
4.468508463749600423e+01
4.500063251106894313e+01
4.487096774193548043e+01
4.451581277672359249e+01
4.371125869702719768e+01
4.360165016501650115e+01
4.369575163398693007e+01
4.394538486106674924e+01
4.409499999999999886e+01
4.435710041592394504e+01
4.406992574257425588e+01
4.442883663366336577e+01
4.451296647691334840e+01
4.430741935483870719e+01
4.441290322580645267e+01
4.448360148514851176e+01
4.440064516129032057e+01
4.440599999999999881e+01
4.458437500000000142e+01
4.531906250000000114e+01
4.456020440753752609e+01
4.436843769765970791e+01
4.441089108910890815e+01
4.394554455445544505e+01
4.422339108910890815e+01
4.455425219941349013e+01
4.386617694027466996e+01
4.411478960396039639e+01
4.365774193548386961e+01
4.443244969658255883e+01
4.438667929292929415e+01
4.490259329538267252e+01
4.490716911764705799e+01
4.484400000000000119e+01
4.521430852762695451e+01
4.447603155339805880e+01
4.456850846374960184e+01
4.442774193548387274e+01
4.494771039603960361e+01
4.492566747572815444e+01
4.568118811881188179e+01
4.506802938358352151e+01
4.464634900990098743e+01
4.428640776699029402e+01
4.412283415841584144e+01
4.456407828282828376e+01
4.486636363636363711e+01
4.536375000000000313e+01
4.512757575757575523e+01
4.400242424242424022e+01
4.622218749999999687e+01
4.459810223446586974e+01
4.653630050505050519e+01
4.541836734693877276e+01
4.447278911564625759e+01
4.500204081632652731e+01
4.494591072010426558e+01
4.523981753014010820e+01
4.518597761685319369e+01
4.422312500000000313e+01
4.476530612244897611e+01
4.494387096774193679e+01
4.475781250000000000e+01
4.461169554455445763e+01
4.553819444444444287e+01
4.579484848484848669e+01
4.739470588235294457e+01
4.806383647798742231e+01
4.703756552125800994e+01
5.317432598039215463e+01
5.356765676567656698e+01
5.285740291262136026e+01
5.298281887012230840e+01
5.260812324929972306e+01
5.277298686464877164e+01
5.349573403942336114e+01
5.353462009803921262e+01
5.352786421499293112e+01
5.374107410741073920e+01
5.168316498316498553e+01
5.179214285714285637e+01
5.189595959595959584e+01
5.178870967741935516e+01
5.260404040404040416e+01
5.171266666666666367e+01
5.217070707070707414e+01
5.250833333333333286e+01
5.274837828610447588e+01
5.206732673267326561e+01
5.269471947194719519e+01
5.259673202614379051e+01
5.217457305502846054e+01
5.242838283828383084e+01
5.238976897689769174e+01
5.263371459694989341e+01
5.191301272984441084e+01
5.289908796704913385e+01
5.367966666666666953e+01
5.352352941176470580e+01
5.517843750000000114e+01
5.526322580645161509e+01
5.621487603305784830e+01
5.451668197122742754e+01
5.393082788671024019e+01
5.381088235294117794e+01
5.370699257425742701e+01
5.094476010101010388e+01
4.969281045751633741e+01
4.879687000958160326e+01
4.828374999999999773e+01
4.800676470588235389e+01
4.759962871287128650e+01
4.762128712871287206e+01
4.739968749999999886e+01
4.682087542087542431e+01
4.692755102040815984e+01
4.658864795918367463e+01
4.684344059405940897e+01
4.710976430976430862e+01
4.767543316831682887e+01
4.682500000000000284e+01
4.758217993079584573e+01
4.692310049019607732e+01
4.737096774193548043e+01
4.756837871287128650e+01
4.574225806451612897e+01
4.618331833183318480e+01
4.633459835547122196e+01
4.671428571428571530e+01
4.602501645819618403e+01
4.542065819485174671e+01
4.579331683168317113e+01
4.578439568094740508e+01
4.591430433365917452e+01
4.615482054890922115e+01
4.603225806451612812e+01
4.567904855001629016e+01
4.511633663366336577e+01
4.541937500000000227e+01
4.511447811447811773e+01
4.507400379506641031e+01
4.494107744107743940e+01
4.519285714285714306e+01
4.531064516129032427e+01
4.526958525345622064e+01
4.553470185728249930e+01
4.565591397849462396e+01
4.572030651340995888e+01
4.583475971033574581e+01
4.559666666666666401e+01
4.540233333333333121e+01
4.575511551155115342e+01
4.592233333333333434e+01
4.585033333333333161e+01
4.642689655172414120e+01
4.682966666666666811e+01
4.626166666666666316e+01
4.575313531353135232e+01
4.575066666666666748e+01
4.581353135313531055e+01
4.567565722089450020e+01
4.627206896551724213e+01
4.629673202614379335e+01
