4.376094276094276125e+01
4.405050505050505194e+01
4.372955360052134210e+01
4.385757575757575921e+01
4.406122448979591866e+01
4.400032258064516100e+01
4.372935483870967488e+01
4.342429229756418607e+01
4.351942067149440163e+01
4.355935483870968028e+01
4.354674127715602339e+01
4.395307917888563054e+01
4.365084175084174944e+01
4.341899999999999693e+01
4.390572390572390304e+01
4.450505050505050519e+01
4.460763660302831113e+01
4.470638578011850228e+01
4.462424242424242493e+01
4.463762626262626299e+01
4.459591836734693970e+01
4.425319865319865187e+01
4.490999999999999659e+01
4.451710654936461253e+01
4.435420875420875575e+01
4.464781144781144917e+01
4.457768268597761363e+01
4.479183673469388083e+01
4.452558922558922205e+01
4.439863945578231608e+01
4.445617464972303878e+01
4.435185185185185475e+01
4.429098090849242908e+01
4.403785385121790341e+01
4.443580645161290477e+01
4.474291300097751645e+01
4.433212639894667717e+01
4.409064516129032540e+01
4.383807090386458327e+01
4.384406887755102389e+01
4.384196806777451627e+01
4.435516454871293490e+01
4.409057239057239030e+01
4.363541666666666430e+01
4.384693877551020336e+01
4.426296296296296617e+01
4.361751152073732385e+01
4.397290322580645494e+01
4.442258064516128968e+01
4.435172413793103630e+01
4.424896551724138050e+01
4.405068027210884196e+01
4.404437500000000227e+01
4.393181818181817988e+01
4.401357323232323182e+01
4.403453893776474359e+01
4.428315412186380229e+01
4.393844696969696884e+01
4.401806451612903004e+01
4.427306397306397656e+01
4.425806451612903203e+01
4.424720210664911235e+01
4.467285760834148078e+01
4.394930875576037010e+01
4.436502960640891757e+01
4.468338557993730120e+01
4.438379310344827644e+01
4.431199999999999761e+01
4.448160173160173514e+01
4.394897959183673208e+01
4.321919191919192116e+01
4.419727891156462363e+01
4.392794612794612874e+01
4.369662138627656134e+01
4.474713804713804421e+01
4.422640195053988066e+01
4.439233333333333320e+01
4.390625000000000000e+01
4.411344827586206918e+01
4.372566666666666890e+01
4.354509545753785460e+01
4.370233333333333547e+01
4.392023685127133348e+01
4.428148148148147811e+01
4.473299663299663109e+01
4.406765676567656698e+01
4.391548821548821735e+01
4.417407407407407760e+01
4.426864686468646681e+01
4.378448844884488267e+01
4.364999999999999858e+01
4.360542929292929415e+01
4.362599999999999767e+01
4.438484848484848300e+01
4.407037037037036953e+01
4.403771043771043736e+01
4.348903225806451900e+01
4.392709677419355074e+01
4.266419354838709666e+01
4.401784511784511977e+01
4.377906250000000199e+01
4.401818181818181586e+01
4.396387096774193282e+01
4.434137931034482705e+01
4.378571428571428470e+01
4.383968749999999659e+01
4.440469208211143837e+01
4.423548387096774093e+01
4.416225806451613067e+01
4.372380050505050519e+01
4.363194444444444287e+01
4.348061257738677199e+01
4.427193548387096911e+01
4.430492424242424221e+01
4.397329732973297212e+01
4.371903225806451587e+01
4.407121212121212039e+01
4.451967741935484213e+01
4.384532828282828376e+01
4.330645161290322420e+01
4.400684261974584643e+01
4.377291600127754378e+01
4.400064516129032199e+01
4.390903225806451360e+01
4.370404040404040558e+01
4.353111762789182393e+01
4.325454545454545752e+01
4.345327970297029907e+01
4.340785691472373031e+01
4.409579667644183587e+01
4.340125082290980885e+01
4.300852272727272663e+01
4.376580645161290306e+01
4.434746287128712794e+01
4.410129032258064541e+01
4.427387729285262452e+01
4.431516129032257822e+01
4.470138888888888573e+01
4.495637376237623783e+01
4.478143515470704727e+01
4.461064516129032143e+01
4.439598420013166447e+01
4.424677419354839003e+01
4.340299999999999869e+01
4.513981958762886393e+01
4.365917236884978792e+01
4.415509938090583120e+01
4.424343434343434467e+01
4.442281249999999915e+01
4.395218855218855225e+01
4.424258064516128997e+01
4.419517758227435422e+01
4.420853698273052856e+01
4.443645161290322676e+01
4.345235148514851176e+01
4.398403388725969165e+01
4.331769305962854588e+01
4.287643097643097434e+01
4.413587487781035890e+01
4.415129032258064257e+01
4.430235690235690527e+01
4.433064516129032029e+01
4.380333333333333456e+01
4.395791245791245672e+01
4.429191919191919169e+01
4.355322580645161423e+01
4.364062500000000000e+01
4.332222222222222285e+01
4.271638454167997168e+01
4.314300000000000068e+01
4.328265729798786055e+01
4.294488448844884232e+01
4.248002731307613544e+01
4.288494366678047243e+01
4.332442244224422723e+01
4.253498349834983827e+01
4.364834770114942586e+01
4.325794455713320019e+01
4.426715063520871496e+01
4.487326388888888573e+01
4.290858085808580569e+01
4.374687500000000284e+01
4.203806451612903317e+01
4.346736596736596425e+01
4.369844071785819040e+01
4.407293233082706507e+01
4.293350985583995083e+01
4.320631067961164717e+01
4.328094362745098067e+01
4.255822935234699855e+01
4.259915865384615330e+01
4.195444059976932039e+01
4.261680825242718385e+01
4.282615291262136026e+01
4.320104895104895348e+01
4.334700226244343924e+01
4.314621040723982048e+01
4.347143665158370851e+01
4.306185852981969475e+01
4.268563034188034067e+01
4.256476530005942038e+01
4.238914027149321129e+01
4.282466063348416441e+01
4.266647629925756746e+01
4.268580316742081493e+01
4.239243697478991635e+01
4.209236596736596425e+01
4.282512019230769340e+01
4.296266968325792135e+01
4.306052036199095312e+01
4.300294204177698987e+01
4.336863783465724964e+01
4.373462783171520840e+01
4.354089635854342077e+01
4.334005602240896593e+01
4.326018099547511042e+01
4.333033498759305502e+01
4.306278280542986181e+01
4.333506493506493484e+01
4.334869431643625148e+01
4.350072150072150379e+01
4.272965517241379274e+01
4.387532216494845017e+01
4.256592546194801230e+01
4.284379084967320495e+01
4.348758865248226613e+01
4.312457912457912812e+01
4.344540942928039584e+01
4.330332167832168011e+01
4.374038461538461320e+01
4.365945165945166195e+01
4.398527644230769340e+01
4.335606060606060908e+01
4.348362930077691146e+01
4.336403995560488056e+01
4.386864648772129982e+01
4.361237980769230660e+01
4.290445468509984295e+01
4.294035301278150030e+01
4.267861305361305568e+01
4.239599882318329094e+01
4.299200456881781918e+01
4.242884615384615188e+01
4.276071428571428612e+01
4.286464646464646222e+01
4.254106548279689548e+01
4.246337402885682621e+01
4.244435004248088461e+01
4.295140080045740660e+01
4.317269392033542630e+01
4.285094339622641257e+01
4.351748057713651718e+01
4.318879551820728580e+01
4.305554072096128237e+01
4.229892533936651233e+01
4.256853496115427049e+01
4.286986681465038629e+01
4.284086188992731081e+01
4.269605442176870724e+01
4.310536836093660895e+01
4.304779411764705799e+01
4.307816711590296421e+01
4.339510489510489322e+01
4.373433362753750941e+01
4.308207282913165415e+01
4.330021367521367637e+01
4.330028011204481686e+01
4.235339805825242365e+01
4.367472527472527588e+01
4.306864316239316537e+01
4.332070135746606354e+01
4.346408371040723750e+01
4.311742424242424221e+01
4.263371579876434225e+01
4.270707070707070585e+01
4.220404040404040558e+01
4.272977941176470296e+01
4.326357466063348767e+01
4.269114077669902940e+01
4.285436893203883812e+01
4.288039215686274730e+01
4.301161144151798510e+01
4.236386554621848433e+01
4.315322128851540384e+01
4.292452830188679513e+01
4.274978354978355100e+01
4.246522366522366809e+01
4.300452488687783159e+01
4.260784313725490335e+01
4.274540441176470296e+01
4.247896440129449758e+01
4.261312150632539186e+01
4.238290788013318888e+01
4.249969951923076650e+01
4.236334215945866077e+01
4.287849079025549770e+01
4.258625862586258393e+01
4.267166813768755418e+01
4.307873774509803866e+01
4.331060606060606233e+01
4.270050904977375694e+01
4.227254901960784395e+01
4.283238149628783731e+01
4.326456876456876444e+01
4.346047794117647101e+01
4.312341407151095751e+01
4.207352941176470296e+01
4.310326566637246515e+01
4.283525485436893376e+01
4.441529581529581350e+01
4.403583916083915994e+01
4.296692961165048530e+01
4.321503496503496677e+01
4.328117715617715788e+01
4.250756302521008223e+01
4.321616219303255235e+01
4.291685520361991024e+01
4.229691142191142461e+01
4.270845231296402034e+01
4.342861222158766310e+01
4.265518207282913465e+01
4.278470418470418224e+01
4.295492788461538680e+01
4.211307824100514097e+01
4.310722610722610426e+01
4.286684149184149106e+01
4.290582579185520018e+01
4.257239819004524861e+01
4.215617715617715788e+01
4.197316017316017422e+01
4.311085972850678871e+01
4.286522911051213214e+01
4.295322128851540811e+01
4.295126050420167729e+01
4.314564479638008976e+01
4.314039955604883403e+01
4.282324929971989036e+01
4.320682553692262218e+01
4.259831932773109031e+01
4.257142857142856940e+01
4.244682675814751605e+01
4.326329331046311921e+01
4.331645927601810087e+01
4.325214408233276231e+01
4.181803188565145746e+01
4.254772475027746736e+01
4.192175360710321996e+01
4.225611888111887993e+01
4.224889012208657135e+01
4.245294117647058840e+01
4.239765580331618366e+01
4.336134934248141803e+01
4.290177580466149010e+01
4.290351841671247968e+01
4.356075036075036166e+01
4.337298215802888990e+01
4.221624649859943901e+01
4.218895671476137466e+01
4.352315608919382584e+01
4.282861990950226527e+01
4.314875565610859809e+01
4.257575757575757791e+01
4.235930735930735835e+01
4.237733100233100458e+01
4.283530997304582399e+01
4.250388457269700382e+01
4.261887254901960631e+01
4.268438914027149167e+01
4.242044817927170897e+01
4.295654761904761898e+01
4.189483906770255572e+01
4.256899087967049411e+01
4.245782463928967587e+01
4.205188679245283367e+01
4.212078812107367298e+01
4.200392156862745452e+01
4.221578054298642257e+01
4.227878787878788103e+01
4.216918767507002741e+01
4.189423076923076650e+01
4.186291486291486308e+01
4.215243212669683004e+01
4.218608597285067674e+01
4.180606060606060481e+01
4.204603820858127250e+01
4.228732956434985368e+01
4.200952380952381304e+01
4.209972527472527304e+01
4.210765815760266406e+01
4.228948787061994352e+01
4.175558312655086723e+01
4.201680672268907557e+01
4.260808080808080689e+01
4.266600678733031771e+01
4.292958144796379827e+01
4.276544289044289116e+01
4.305452806122448806e+01
4.246367346938775711e+01
4.119572763684913497e+01
4.163962264150943327e+01
4.150748299319727863e+01
4.145070028011204499e+01
4.202403846153845990e+01
4.167946623093681779e+01
4.199803921568627629e+01
4.200000000000000000e+01
4.198921832884096972e+01
4.237927170868347559e+01
4.220556609740670240e+01
4.267803030303030454e+01
4.219673469387755205e+01
4.139583333333333570e+01
4.094085081585081554e+01
4.153192115328037914e+01
4.160196078431372513e+01
4.233915441176470296e+01
4.194178921568627771e+01
4.266573902288187981e+01
4.237278911564625616e+01
4.233979591836734357e+01
4.211170528817587666e+01
4.108222643896268522e+01
4.127247502774694965e+01
4.163510204081632793e+01
4.133578231292516847e+01
4.194085081585081554e+01
4.165675990675990903e+01
4.141841491841491774e+01
4.125242718446602197e+01
4.126272624434388803e+01
4.167561393489434352e+01
4.108496732026144116e+01
4.191742081447964097e+01
4.222341628959276250e+01
4.229035194174757351e+01
4.235693889206167739e+01
4.198783936651583559e+01
4.337878787878787534e+01
4.284980011422044299e+01
4.229072398190045590e+01
4.225242718446602197e+01
4.202638812534359403e+01
4.174500554938956753e+01
4.242912087912088026e+01
4.238823529411764923e+01
4.193386243386243706e+01
4.171563342318059142e+01
4.208758344459278788e+01
4.256409544950055590e+01
4.185322128851540668e+01
4.184929971988795216e+01
4.247425713445130668e+01
4.227884615384615330e+01
4.191263736263736206e+01
4.131346938775509869e+01
4.199143346659052156e+01
4.080202020202020208e+01
4.101113649343232481e+01
4.153333333333333144e+01
4.144395410414827552e+01
4.269988344988345119e+01
4.290414663461538680e+01
4.280700280112044709e+01
4.217899159663865305e+01
4.222759758108851003e+01
4.214465408805031643e+01
4.179077380952381304e+01
4.250441919191919027e+01
4.203232323232322898e+01
4.199858597285067674e+01
4.219510204081632310e+01
4.305099067599067553e+01
4.195468975468975259e+01
4.225183877611062400e+01
4.269711538461538680e+01
4.221901770416904753e+01
4.284010922330097060e+01
4.245192307692308020e+01
4.195899321266968229e+01
4.200221975582685729e+01
4.204043126684636178e+01
4.242212885154061297e+01
4.199139844617091910e+01
4.265238095238095184e+01
4.234970238095237960e+01
4.272958152958153022e+01
4.233657047724750555e+01
4.228244897959183390e+01
4.241852487135506067e+01
4.201994047619047734e+01
4.227669902912621325e+01
4.211890331890332106e+01
4.195526695526695704e+01
4.228080808080807884e+01
4.247035330261136465e+01
4.233962264150943611e+01
4.310180412371133940e+01
4.252324929971988610e+01
4.198170383076043777e+01
4.175600961538461320e+01
4.271166237113401820e+01
4.174621848739495533e+01
4.192590226764612282e+01
4.226695526695526439e+01
4.220980392156862848e+01
4.222878959276017952e+01
4.286970271979759417e+01
4.290833599488981065e+01
4.285718954248365975e+01
4.278368121442125016e+01
4.287223276407337380e+01
4.214589190877850911e+01
4.247310924369747909e+01
4.319889322916666430e+01
4.251344537815126046e+01
4.276414565826330261e+01
4.233165266106442459e+01
4.295560523794314634e+01
4.268331185567010522e+01
4.223303167420814219e+01
4.270435049019607732e+01
4.221232492997199159e+01
4.242310049019607732e+01
4.261798469387755262e+01
4.230373682529543089e+01
4.240986717267551853e+01
4.200743281875357127e+01
4.217650734145579605e+01
4.245454545454545325e+01
4.193506493506493626e+01
4.196907854050711251e+01
4.161636904761904532e+01
4.209885260370697324e+01
4.276330532212885061e+01
4.326913265306122724e+01
4.402281473336998374e+01
4.424985994397759015e+01
4.485960522657770611e+01
4.438453608247422721e+01
4.407795698924731198e+01
4.305052919085012064e+01
4.443503401360544558e+01
4.382002158661629920e+01
4.418070614400889440e+01
4.414917452830188438e+01
4.323636363636363455e+01
4.338747976254722261e+01
4.363599568267674300e+01
4.430277777777777715e+01
4.367142142142142092e+01
4.435227272727272663e+01
4.362247474747474740e+01
4.362776412776413082e+01
4.374533106960950590e+01
4.420638578011850228e+01
4.361385199240987021e+01
4.358500000000000085e+01
4.402937293729372925e+01
4.350033003300330137e+01
4.361511701454775647e+01
4.401267779839208316e+01
4.392962962962963047e+01
4.382545454545454788e+01
4.365110631408526842e+01
4.366958134605193464e+01
4.460714285714285410e+01
4.304761904761905100e+01
4.346386554621848575e+01
4.324365079365079367e+01
4.358818681318681598e+01
4.321133333333333582e+01
4.249224489795918203e+01
4.276666666666666572e+01
4.332054421768707186e+01
4.353433333333333621e+01
4.347230929989550674e+01
4.280978835978835662e+01
4.288455988455988432e+01
4.322822822822822530e+01
4.262487019730010473e+01
4.437412412412412266e+01
4.327480519480519661e+01
4.296000000000000085e+01
4.373738532110091626e+01
4.325925925925925952e+01
4.363262032085561515e+01
4.338505897771953101e+01
4.318518518518518334e+01
4.352987012987013316e+01
4.410870169585766121e+01
4.216125760649087084e+01
4.438870523415977942e+01
4.410469508904478886e+01
4.342614379084967169e+01
4.263333333333333286e+01
4.319616336633663423e+01
4.330361519607843235e+01
4.273075694666241020e+01
4.284411764705882320e+01
4.284504504504504752e+01
4.314224422442244133e+01
4.327352941176470580e+01
4.254301075268817556e+01
4.308514851485148256e+01
4.304941176470588005e+01
4.365578231292516875e+01
4.326030022357074500e+01
4.402525252525252597e+01
4.321633986928104321e+01
4.383568524276488887e+01
4.392709677419355074e+01
4.442265122265122557e+01
4.448597640891218674e+01
4.290396825396825164e+01
4.314595931830676534e+01
4.386377536836252489e+01
4.411999999999999744e+01
4.347354838709677693e+01
4.352470238095238386e+01
4.383924963924963691e+01
4.356682027649769395e+01
4.371451612903225481e+01
4.407548209366391490e+01
4.410415584415584078e+01
4.362259483232545421e+01
4.390631808278867254e+01
4.380648708081363196e+01
4.382712842712842871e+01
4.392832167832168011e+01
4.333424958768554092e+01
4.344450610432852500e+01
4.419609557109556874e+01
4.389842047930283542e+01
4.331011045029736550e+01
4.328058361391694575e+01
4.349823113207547465e+01
4.379134295227525087e+01
4.368196248196247922e+01
4.336703483432455641e+01
4.329085244973095570e+01
4.294906249999999659e+01
4.250309547083740824e+01
4.268787878787878753e+01
4.370310344827586135e+01
4.314723730437560079e+01
4.339867986798680022e+01
4.263788741302973051e+01
4.322012578616352130e+01
4.346138807429129969e+01
4.453688311688311785e+01
4.340208536982730436e+01
4.111213517665130723e+01
4.340673025967143417e+01
4.343110348770726148e+01
4.468469323213156486e+01
4.455065359477124076e+01
4.331829105473965313e+01
4.363199563199562903e+01
4.453899082568807444e+01
4.260417811984606828e+01
4.312659303313508730e+01
4.239644012944983587e+01
4.335191538021726387e+01
4.384154742978272168e+01
4.414225589225588919e+01
4.440051948051947761e+01
4.355312500000000142e+01
4.410413354531001318e+01
4.204454828660436050e+01
4.140262725779967212e+01
4.263200751644221498e+01
4.433682830930537477e+01
4.323305217119649768e+01
4.420454545454545325e+01
4.345187500000000114e+01
4.244916454262248351e+01
4.392712975098296369e+01
4.325901328273244673e+01
4.351237081114938832e+01
4.264803921568627487e+01
4.317839472237493226e+01
4.423571428571428754e+01
4.179775641025641164e+01
4.380727272727272492e+01
4.167051282051281902e+01
4.297443181818182012e+01
4.288593749999999716e+01
4.156048387096774377e+01
4.294502962475312557e+01
4.349703752468729334e+01
4.207512626262626299e+01
4.241469903558363796e+01
4.158366013071895395e+01
4.237732160312805263e+01
4.288380513495720692e+01
4.313025990099009732e+01
4.348782093482554245e+01
4.331909090909091020e+01
4.305492424242424221e+01
4.346422992814745356e+01
4.322853535353535648e+01
4.364187499999999886e+01
4.257305730573057190e+01
4.338553259141494323e+01
4.289869281045751848e+01
4.322939393939393682e+01
4.175868486352356967e+01
4.464973262032085444e+01
4.434241770102536151e+01
4.414129870129870170e+01
4.374562798092210159e+01
4.180210918114143936e+01
4.355085995085995165e+01
4.323375000000000057e+01
4.140374958151991791e+01
4.244867037724180392e+01
4.179711538461538112e+01
4.230249017038007509e+01
4.322451580020387496e+01
4.209151785714285410e+01
4.237557603686636298e+01
4.323090909090909406e+01
4.450775401069518722e+01
4.417408781694496156e+01
4.269913765570105113e+01
4.310103448275862092e+01
4.346468646864686747e+01
4.518985728848114292e+01
4.522120285423037700e+01
4.607365661861074813e+01
4.526395806028833846e+01
4.571967380224261035e+01
4.530196592398426958e+01
4.572942386831275741e+01
4.578389398572884517e+01
4.588668484998760277e+01
4.336533333333333218e+01
4.386387096774193850e+01
4.271406249999999716e+01
4.289206896551723958e+01
4.390566666666666862e+01
4.348291280740977527e+01
4.355069989757596716e+01
4.294086021505376038e+01
4.276141807729160149e+01
4.299566666666666492e+01
4.254933333333333678e+01
4.231506364922206842e+01
4.233468559837728407e+01
4.255786958006145682e+01
4.289182144020853826e+01
