2.191256009615384670e+01
2.261027644230769340e+01
2.213151364764268081e+01
2.204447115384615330e+01
2.172964669738863464e+01
2.208333333333333215e+01
2.202164502164502125e+01
2.231279761904761827e+01
2.219951923076922995e+01
2.202433894230769340e+01
2.206460336538461675e+01
2.245021645021645185e+01
2.190353598014888448e+01
2.205546218487394938e+01
2.245684523809523725e+01
2.228319327731092514e+01
2.222436974789916064e+01
2.182077922077922238e+01
2.184566729917773387e+01
2.184465144230769340e+01
2.174663326025681087e+01
2.183187645687645784e+01
2.226019813519813439e+01
2.196190476190476204e+01
2.268414918414918446e+01
2.214568764568764436e+01
2.207979368932038966e+01
2.156670673076922995e+01
2.166883484162896067e+01
2.190336134453781369e+01
2.232438672438672356e+01
2.241480846197827503e+01
2.247767857142857295e+01
2.269812409812409726e+01
2.263405483405483309e+01
2.247738095238095113e+01
2.223798076923077005e+01
2.207648809523809419e+01
2.283682983682983547e+01
2.231936736958934375e+01
2.224708624708624782e+01
2.232602163461538325e+01
2.242152605459057213e+01
2.279077380952380949e+01
2.231071428571428683e+01
2.238585858585858546e+01
2.222181259600614567e+01
2.254395951929158670e+01
2.252803006576887057e+01
2.210456730769230660e+01
2.241154401154401299e+01
2.208637971698113134e+01
2.282321428571428612e+01
2.239242788461538325e+01
2.246454326923077005e+01
2.303999999999999915e+01
2.174132104454685077e+01
2.259353146853147010e+01
2.204270353302611340e+01
2.228832547169811207e+01
2.268517369727047139e+01
2.244381009615384670e+01
2.282058371735790914e+01
2.252053571428571388e+01
2.247506009615384670e+01
2.262348300970873893e+01
2.274891774891774787e+01
2.282992788461538325e+01
2.238701923076922995e+01
2.248768028846154010e+01
2.217397836538461675e+01
2.243509615384615330e+01
2.283323317307692335e+01
2.282121394230769340e+01
2.263401442307692335e+01
2.231443783275916104e+01
2.298816747572815444e+01
2.313651073845248618e+01
2.268507281553398158e+01
2.290447330447330287e+01
2.357475490196078383e+01
2.286568627450980529e+01
2.229783902286251163e+01
2.320064516129032128e+01
2.278186274509803866e+01
2.351562500000000000e+01
2.353679924835577708e+01
2.342866801893170958e+01
2.376417162543063100e+01
2.288252427184465887e+01
2.362013201320132083e+01
2.319639468690701989e+01
2.349138740995928742e+01
2.372988505747126453e+01
2.309329538266919712e+01
2.368627450980392268e+01
2.317022653721682701e+01
2.339675245098039369e+01
2.304277912621359192e+01
2.286298076923077005e+01
2.268932038834951470e+01
2.300606834877035922e+01
2.334555288461538325e+01
2.278924731182795682e+01
2.289543269230769340e+01
2.295082994049483105e+01
2.293047290948950945e+01
2.345258620689655160e+01
2.341776993233304083e+01
2.327481389578163729e+01
2.258685897435897516e+01
2.304280397022332494e+01
2.262733100233100103e+01
2.287439903846154010e+01
2.355468750000000000e+01
2.336190476190476062e+01
2.329220169119949801e+01
2.306545568430942694e+01
2.310606971153845990e+01
2.299399114484503315e+01
2.331349827748199033e+01
2.329475015812776562e+01
2.368599759615384670e+01
2.335045411838396490e+01
2.337173579109062871e+01
2.339844617092119705e+01
2.328715728715728872e+01
2.346541262135922423e+01
2.330794902912621325e+01
2.323938106796116543e+01
2.340241891148982845e+01
2.280769230769230660e+01
2.288470873786407722e+01
2.295046620046619879e+01
2.302076318742985350e+01
2.272021182700794384e+01
2.274271561771561778e+01
2.288440533980582359e+01
2.265464895635673770e+01
2.240923466160657895e+01
2.360276442307692335e+01
2.275027233115468306e+01
2.279490291262136026e+01
2.265229528535980208e+01
2.281696428571428470e+01
2.302389277389277566e+01
2.320211827007943484e+01
2.228839285714285623e+01
2.244080528846154010e+01
2.282361778846154010e+01
2.274699519230769340e+01
2.284885817307692335e+01
2.265234375000000000e+01
2.283035714285714235e+01
2.284622611963670380e+01
2.363015873015872970e+01
2.321843317972350107e+01
2.300291375291375218e+01
2.292141990291262132e+01
2.281614219114219111e+01
2.293851132686084071e+01
2.322936893203883457e+01
2.300307219662058245e+01
2.283720238095238031e+01
2.292848557692307665e+01
2.319508495145631244e+01
2.306790865384615330e+01
2.350248138957816479e+01
2.309061488673139095e+01
2.349295343137254832e+01
2.369551282051282115e+01
2.316097406704617256e+01
2.256781406295969461e+01
2.303570310053241599e+01
2.273845248602530233e+01
2.277366946778711565e+01
2.257843137254901933e+01
2.239705882352941302e+01
2.282109557109557230e+01
2.291262135922330145e+01
2.268461312150632381e+01
2.262530048076922995e+01
2.303906250000000000e+01
2.282183257918552144e+01
2.246435786435786497e+01
2.272754854368931987e+01
2.238095238095237960e+01
2.308919902912621325e+01
2.320449029126213603e+01
2.297839022862511626e+01
2.269546568627450966e+01
2.264350728155339709e+01
2.258712121212121104e+01
2.305230191042906185e+01
2.333980582524271696e+01
2.340351941747572795e+01
2.273907766990291179e+01
2.285997596153845990e+01
2.248888192922017026e+01
2.229632867132866991e+01
2.249286600496277799e+01
2.239148136548700307e+01
2.259848484848484773e+01
2.250949754901960631e+01
2.287307692307692264e+01
2.364143920595533643e+01
2.410984126984126874e+01
2.310929487179487296e+01
2.374968982630273118e+01
2.355384615384615543e+01
2.327054169202677869e+01
2.304285714285714448e+01
2.322984126984126974e+01
2.326495458816160422e+01
2.292258064516128968e+01
2.327845404747413127e+01
2.361477115117891756e+01
2.326232501521606721e+01
2.339838187702265415e+01
2.301141826923077005e+01
2.287139423076922995e+01
2.220092165898617509e+01
2.211228287841191076e+01
2.219152691968226065e+01
2.225476190476190652e+01
2.261117788461538325e+01
2.238066378066378093e+01
2.274729567307692335e+01
2.269230769230769340e+01
2.245934466019417641e+01
2.238701923076922995e+01
2.273027912621359192e+01
2.223106971153845990e+01
2.290952380952380807e+01
2.274869431643625362e+01
2.284284855769230660e+01
2.314019851116625404e+01
2.300403225806451601e+01
2.248167067307692335e+01
2.229320388349514559e+01
2.268095238095238031e+01
2.286147836538461675e+01
2.244731182795699098e+01
2.289092548076922995e+01
2.230000000000000071e+01
2.261598557692307665e+01
2.227639563106795961e+01
2.199441687344913277e+01
2.250062034739454120e+01
2.231327543424317739e+01
2.274685099846390202e+01
2.255453149001536062e+01
2.299503722084367396e+01
2.273786407766990436e+01
2.365744047619047663e+01
2.341277795176949539e+01
2.465484750805851633e+01
2.355715871254162153e+01
2.519761904761904603e+01
2.536805937328202276e+01
2.366110647762024044e+01
2.337507906388361789e+01
2.390017636684303426e+01
2.563415750915751090e+01
2.808212058212058082e+01
3.080707070707070727e+01
3.238447543966039888e+01
3.157291666666666785e+01
3.143192219679633936e+01
3.219700292397660490e+01
3.530967741935484128e+01
3.558381061473844653e+01
3.683741496598639742e+01
3.561315417256011528e+01
3.605071428571428527e+01
3.414379310344827445e+01
3.233388594164456009e+01
3.116255534471853395e+01
3.141747572815533829e+01
2.962024221453287254e+01
2.956086196854979775e+01
2.802560646900269603e+01
2.600935550935550822e+01
2.299778106508875908e+01
2.200471698113207708e+01
2.194147058823529406e+01
2.173883442265795196e+01
2.171294117647058997e+01
2.205785123966942152e+01
2.193941176470588061e+01
2.201816239316239177e+01
2.404953379953380121e+01
2.243548387096774022e+01
2.476240694789082042e+01
2.429379509379509372e+01
2.333910533910533758e+01
2.320333710407239991e+01
2.317444409646100922e+01
2.277389705882352899e+01
2.255882352941176450e+01
2.290594362745098067e+01
2.220618872549019684e+01
2.271096774193548384e+01
2.224609375000000000e+01
2.257962740384615330e+01
2.294660894660894712e+01
2.342480577136515052e+01
2.235481023830538305e+01
2.682975113122171962e+01
2.668482905982905962e+01
2.626336477987421247e+01
2.744420485175202273e+01
2.962714460784313886e+01
3.089185049019607732e+01
3.202087286527514465e+01
3.333215651662253265e+01
3.385563717662088834e+01
3.633748006379585149e+01
3.479967320261437891e+01
3.506595365418894517e+01
3.531157178217821979e+01
3.555643564356435604e+01
3.522169512966476645e+01
3.511775759473849234e+01
3.565275142314990831e+01
3.494575163398693007e+01
3.531699346405228823e+01
3.614813701923076650e+01
3.840291563275434328e+01
4.114208754208754470e+01
4.110077793493635312e+01
4.104131102765448702e+01
4.105954692556634456e+01
4.081762820512820866e+01
4.007599255583126308e+01
4.025963488843813565e+01
3.950098039215686185e+01
3.925726842461122601e+01
3.862977346278317015e+01
3.841551155115511307e+01
3.848085808580857758e+01
3.852607260726072269e+01
3.865107545237282238e+01
3.838678051865908003e+01
3.867872994195971614e+01
3.869433333333333280e+01
3.915778474399164111e+01
3.894433333333333280e+01
3.877291600127754378e+01
3.840817630150111484e+01
3.891937765205091893e+01
3.920194174757281758e+01
3.998336304218657489e+01
3.992721608609458883e+01
3.877741496598639515e+01
3.685296052631579045e+01
3.650526315789473841e+01
3.562567204301075208e+01
3.104105392156862919e+01
3.051038007026508936e+01
3.018300862344299063e+01
3.096740591397849585e+01
3.031582491582491556e+01
3.051754385964912331e+01
2.965697860108591399e+01
2.993483870967741822e+01
2.918843819865857725e+01
2.938431372549019471e+01
2.952875816993464042e+01
3.040198019801980323e+01
2.999840306611306318e+01
3.060686274509803795e+01
3.000415202810603787e+01
3.017581699346405344e+01
3.077642925582880906e+01
3.079782816991376393e+01
3.054174573055028574e+01
3.028517241379310221e+01
3.017246885978920545e+01
2.988597892047269156e+01
3.004933333333333323e+01
3.011764705882352899e+01
2.945774193548387032e+01
3.015202810603641126e+01
2.953982843137254832e+01
2.971354166666666785e+01
2.979411764705882248e+01
3.008270238788584905e+01
2.996193548387096683e+01
2.954937500000000128e+01
2.947506313131313149e+01
2.929292929292929415e+01
2.920161290322580783e+01
2.885806451612903345e+01
2.982763115021179701e+01
2.995666340827631302e+01
3.025622895622895570e+01
2.956193548387096826e+01
2.972843749999999829e+01
2.955496137849079119e+01
2.960709677419354691e+01
3.022937293729372854e+01
3.039399509803921617e+01
2.982050463110827110e+01
2.909166666666666501e+01
2.970873786407766914e+01
2.961312150632538831e+01
3.003000594177064642e+01
3.037128712871287206e+01
2.966145833333333215e+01
2.960179455445544505e+01
3.003125000000000000e+01
3.030481099656357458e+01
2.951549982584465326e+01
2.970370370370370239e+01
2.988225806451612954e+01
2.984921116504854410e+01
2.959712009803921617e+01
2.959498762376237480e+01
2.987407178217821624e+01
2.968646864686468589e+01
2.916703928457361883e+01
3.010334158415841443e+01
3.037571157495256102e+01
2.975490196078431282e+01
2.933500000000000085e+01
2.993468749999999901e+01
3.034788108791903838e+01
2.995404411764705799e+01
3.026392326732673155e+01
3.038865291262136026e+01
3.019165085388994285e+01
2.969307860945819044e+01
2.981930693069307026e+01
3.036938646426312616e+01
3.002537128712871350e+01
3.022125000000000128e+01
2.999114484503478906e+01
2.952691831683168289e+01
2.979271798147556538e+01
2.982880868732034330e+01
3.011306291919514422e+01
3.054679016288725535e+01
3.037986798679867917e+01
2.998464052287581794e+01
2.992904290429043002e+01
2.977603277569136253e+01
3.000187911055433787e+01
3.025577557755775615e+01
3.001601307189542567e+01
3.010468058191018415e+01
2.943627450980392268e+01
