5.205117845117845121e+01
5.118484848484848726e+01
5.220538720538720412e+01
5.122266666666666879e+01
5.202653061224489761e+01
5.208922558922559176e+01
5.195096774193548583e+01
5.132142857142856940e+01
5.170646258503401071e+01
5.135451932290003185e+01
5.178976897689769032e+01
5.190061909416748165e+01
5.201140436624307739e+01
5.194680134680134387e+01
5.223265993265993501e+01
5.261313131313131208e+01
5.197572660491855601e+01
5.233886937080804813e+01
5.174864260619610690e+01
5.146757901596611617e+01
5.216379310344827758e+01
5.204663046949855953e+01
5.177600000000000335e+01
5.194075049374588815e+01
5.155741935483870719e+01
5.183387096774193736e+01
5.231870967741935630e+01
5.173905723905723875e+01
5.161993464052287806e+01
5.216026936026936056e+01
5.145218855218855225e+01
5.202716823406478852e+01
5.170837406321277285e+01
5.134967741935484042e+01
5.193400673400673639e+01
5.201985370950887955e+01
5.180113636363636687e+01
5.128114478114478203e+01
5.184913652655588123e+01
5.124312086381051756e+01
5.167999999999999972e+01
5.213457152166829900e+01
5.214511784511784498e+01
5.265290322580645466e+01
5.186966666666666725e+01
5.209174917491748857e+01
5.194713804713804706e+01
5.179399999999999693e+01
5.236224312086380905e+01
5.212419354838709751e+01
5.188349834983497999e+01
5.150833333333333286e+01
5.178787878787878896e+01
5.181548821548821593e+01
5.198645161290322392e+01
5.203517938000696574e+01
5.205993265993266306e+01
5.157811447811447891e+01
5.144379310344827871e+01
5.175333333333333030e+01
5.182000000000000028e+01
5.187297677691766040e+01
5.160606060606060908e+01
5.210548387096774547e+01
5.141309648206200222e+01
5.134199999999999875e+01
5.212771560236998170e+01
5.170068027210884054e+01
5.182380952380952266e+01
5.137912457912457853e+01
5.117366666666666930e+01
5.185521885521885821e+01
5.129461279461279588e+01
5.136195286195286513e+01
5.161599999999999966e+01
5.133771043771043452e+01
5.057433333333333536e+01
5.107272727272727053e+01
5.146203975236232964e+01
5.155185185185185048e+01
5.116976213750407254e+01
5.097100032583903584e+01
5.075959595959596271e+01
5.050263331138906864e+01
5.071380471380471278e+01
5.050133333333333496e+01
5.095690235690235426e+01
5.101349572086899542e+01
5.111768707482993079e+01
5.075824915824915706e+01
5.057323232323232531e+01
5.013203463203463173e+01
5.033472657610588641e+01
5.021827586206896399e+01
5.030370370370370381e+01
5.064750957854406010e+01
5.010241379310345167e+01
4.969733333333333292e+01
4.998137931034482762e+01
4.937555479685899940e+01
4.994636015325670542e+01
5.000553926360377943e+01
4.981733333333333036e+01
4.953503401360543990e+01
4.973702542668059579e+01
4.983033333333333559e+01
4.943965517241379359e+01
4.907766666666666566e+01
4.925517241379310462e+01
5.001419354838709808e+01
4.927623762376237693e+01
4.916617790811339006e+01
4.940945384861066714e+01
4.985466666666666669e+01
4.918514851485148398e+01
4.868931034482758946e+01
4.907788778877888092e+01
4.906765676567656698e+01
4.902366666666666362e+01
4.877033333333333331e+01
4.906033333333333246e+01
4.922500000000000142e+01
4.904310344827586476e+01
4.897724137931034250e+01
4.903594771241829875e+01
4.865528146742568083e+01
4.943201320132013166e+01
4.958677419354838634e+01
4.912741935483870748e+01
4.895177259661450364e+01
4.847748323219418864e+01
4.875510204081632537e+01
4.894525904203323563e+01
4.898664059954382566e+01
4.831010101010100755e+01
4.878724137931034477e+01
4.830476190476190368e+01
4.862766666666666993e+01
4.844166666666666998e+01
4.889586206896552056e+01
4.844966666666666555e+01
4.847333333333333627e+01
4.915433333333333366e+01
4.826100000000000279e+01
4.873737373737373701e+01
4.879833333333333201e+01
4.908466666666666356e+01
4.830806451612902919e+01
4.813866666666666561e+01
4.810658307210031381e+01
4.747275862068965324e+01
4.846536796536796743e+01
4.868517241379310434e+01
4.838720538720538400e+01
4.843300330033003576e+01
4.812020202020202220e+01
4.805218855218855367e+01
4.794857872884062289e+01
4.819108910891089437e+01
4.835771319067390550e+01
4.807999999999999829e+01
4.870471380471380485e+01
4.860199999999999676e+01
4.856530825496342629e+01
4.873965517241379075e+01
4.864399999999999835e+01
4.817491749174917715e+01
4.828517241379310576e+01
4.837199999999999989e+01
4.818966666666666754e+01
4.807384186694531536e+01
4.863566666666666549e+01
4.839916405433646673e+01
4.852700000000000102e+01
4.863724137931034619e+01
4.870254266805991250e+01
4.839464285714285552e+01
4.853806759986343167e+01
4.852517241379310065e+01
4.851088435374149554e+01
4.875384090133151460e+01
4.885629629629629278e+01
4.776209150326797470e+01
4.851125967628430402e+01
4.849233333333333462e+01
4.891793103448275559e+01
4.825983977708115447e+01
4.856137931034482591e+01
4.802053872053872396e+01
4.847695459201092660e+01
4.805757575757575495e+01
4.819680677745193975e+01
4.845275862068965722e+01
4.844275862068965210e+01
4.820396039603960503e+01
4.766468646864686320e+01
4.764933333333333110e+01
4.775827927620348134e+01
4.821355685131195656e+01
4.839677301063439785e+01
4.869366666666666532e+01
4.861897157457681118e+01
4.844175084175083867e+01
4.829054284738818836e+01
4.789724834552420418e+01
4.798181818181818414e+01
4.759137931034482705e+01
4.782739273927392532e+01
4.787606691703653183e+01
4.841241379310344684e+01
4.770588235294117396e+01
4.784566666666666634e+01
4.788533333333333530e+01
4.784761904761904816e+01
4.821533333333333360e+01
4.792831541218637881e+01
4.790166666666666373e+01
4.813758272378962033e+01
4.808091498805053021e+01
4.788484848484848300e+01
4.843399339933993275e+01
4.790396039603960077e+01
4.822962962962962763e+01
4.841838709677419672e+01
4.847862068965517324e+01
4.825931034482758974e+01
4.838068965517241082e+01
4.820933472657610253e+01
4.799724137931034562e+01
4.809299895506791955e+01
4.870202020202020066e+01
4.838350168350168445e+01
4.846266666666666367e+01
4.818645161290322676e+01
4.841931034482758633e+01
4.869537953795379792e+01
4.777666666666666373e+01
4.789636963696369776e+01
4.825903225806451502e+01
4.856206896551724128e+01
4.889645161290322761e+01
4.824133333333332985e+01
4.836138613861385949e+01
4.811469534050178964e+01
4.767432814710042521e+01
4.754521452145214511e+01
4.779084967320261512e+01
4.812800000000000011e+01
4.841660802251935536e+01
4.752937293729372925e+01
4.763571184704677108e+01
4.799259259259259380e+01
4.794129032258064171e+01
4.741199999999999903e+01
4.792175023954008140e+01
4.757099999999999795e+01
4.741424465027147761e+01
4.793580645161290477e+01
4.845344827586206549e+01
4.823733333333333206e+01
4.881311881188118917e+01
4.848514851485148824e+01
4.840766666666666396e+01
4.836851271334030145e+01
4.816129032258064768e+01
4.835967741935483843e+01
4.829612903225806519e+01
4.819492574257425588e+01
4.810891089108910990e+01
4.774199999999999733e+01
4.777623762376237693e+01
4.797458745874587294e+01
4.764917491749174872e+01
4.700607142857143117e+01
4.738013468013468099e+01
4.786551724137930819e+01
4.812794612794612448e+01
4.850561056105610902e+01
4.834689655172413580e+01
4.858129251700680129e+01
4.830517241379310178e+01
4.798833333333333684e+01
4.840605207600281545e+01
4.811402107952730489e+01
4.792821067821067516e+01
4.786617694027466996e+01
4.767614379084967169e+01
4.808267973856209210e+01
4.765621734587251979e+01
4.771957840945384532e+01
4.750347881087918722e+01
4.764766131785592052e+01
4.757973856209150654e+01
4.755199999999999960e+01
4.810028149190710423e+01
4.780165016501650399e+01
4.783137254901960489e+01
4.836224312086380905e+01
4.826996699669967228e+01
4.753260498463639294e+01
4.784719471947195046e+01
4.758976897689768748e+01
4.792541254125412564e+01
4.765082508250824844e+01
4.742189542483659892e+01
4.789504950495049229e+01
4.751045751633986924e+01
4.761960784313725270e+01
4.806214285714285950e+01
4.797944966910483799e+01
4.788972345510413220e+01
4.815896551724137709e+01
4.890534834623504423e+01
4.811413793103448455e+01
4.744752475247524615e+01
4.719100000000000250e+01
4.747653061224490045e+01
4.764206896551723958e+01
4.753158074428132807e+01
4.798448275862068613e+01
4.811947194719471810e+01
4.797241379310344911e+01
4.788613861386138382e+01
4.762320261437908187e+01
4.834554455445544363e+01
4.788266666666666538e+01
4.737187288708587118e+01
4.796534653465346310e+01
4.816237623762376074e+01
4.814334009465855502e+01
4.842164561283714619e+01
4.797227722772277048e+01
4.770137931034482648e+01
4.838778877887789065e+01
4.836143790849673252e+01
4.799504950495049371e+01
4.858580858085808529e+01
4.899199999999999733e+01
4.878586206896551403e+01
4.885313531353135375e+01
4.858316831683168147e+01
4.775999999999999801e+01
4.783071895424836839e+01
4.767429156708774229e+01
4.750529190850119221e+01
4.808118811881188037e+01
4.815022191874359692e+01
4.809477124183006680e+01
4.773028337316490166e+01
4.798053943325366788e+01
4.845709570957095735e+01
4.810163398692810688e+01
4.804563894523326439e+01
4.807581699346405202e+01
4.788448275862069181e+01
4.814356435643564680e+01
4.791633333333333411e+01
4.773003300330032772e+01
4.802870967741935715e+01
4.788539553752535483e+01
4.839364970979856651e+01
4.829306930693068978e+01
4.837161716171617343e+01
4.803464052287581865e+01
4.816301272984441084e+01
4.774608751197700229e+01
4.756666666666666998e+01
4.813310344827586107e+01
4.822026143790849773e+01
4.807715944008194242e+01
4.791567087743256792e+01
4.815196078431372229e+01
4.824923181973369424e+01
4.789172788246566626e+01
4.816419354838709666e+01
4.823352680095595701e+01
4.781000000000000227e+01
4.828706419028999619e+01
4.710762800417973040e+01
4.800032679738561825e+01
4.771862068965517523e+01
4.770310344827586135e+01
4.822800000000000153e+01
4.822965517241379274e+01
4.795800614544212692e+01
4.849281045751634167e+01
4.836266666666666936e+01
4.847614379084967595e+01
4.810551724137931018e+01
4.782828282828283051e+01
4.798243372724369493e+01
4.815666666666666629e+01
4.783366666666666589e+01
4.759655172413793167e+01
4.788607167004732901e+01
4.794200000000000017e+01
4.744915824915825198e+01
4.806103448275862178e+01
4.798463639467394870e+01
4.826698531922157542e+01
4.812996632996632940e+01
4.806433333333333024e+01
4.788172413793103743e+01
4.714919767838853204e+01
4.805411255411255667e+01
4.810827586206896456e+01
4.780103448275862377e+01
4.827979797979797638e+01
4.824455445544554522e+01
4.801967741935484213e+01
4.759032258064516441e+01
4.737218750000000256e+01
4.817269468882371797e+01
4.780066666666666464e+01
4.775233333333333263e+01
4.804379310344827303e+01
4.823551724137931274e+01
4.790699999999999648e+01
4.791433333333333167e+01
4.774366666666666958e+01
4.775733333333333519e+01
4.753838709677419416e+01
4.743393649709798865e+01
4.756336633663366342e+01
4.764517241379310519e+01
4.746270232230823183e+01
4.744066666666666521e+01
4.768482758620689310e+01
4.772966666666666669e+01
4.785174323884001524e+01
4.787633333333333496e+01
4.785050505050504910e+01
4.811354928596308156e+01
4.792689655172414120e+01
4.735742574257425730e+01
4.765933333333333621e+01
4.738705137227304931e+01
4.751677419354838605e+01
4.742871287128713220e+01
4.729873677022875000e+01
4.775689655172413950e+01
4.745827586206896598e+01
4.729498122226015511e+01
4.741437908496732234e+01
4.720947712418300313e+01
4.772866666666666902e+01
4.748833333333333684e+01
4.803872053872053982e+01
4.785963079066527115e+01
4.743967741935483673e+01
4.785999999999999943e+01
4.787042842215255689e+01
4.736764705882352899e+01
4.770532915360501391e+01
4.774833333333333485e+01
4.811586206896551943e+01
4.807482758620689367e+01
4.788000000000000256e+01
4.768775510204081769e+01
4.766700000000000159e+01
4.705233333333332979e+01
4.766133333333333155e+01
4.777642857142857480e+01
4.755094219099328967e+01
4.770924092409241268e+01
4.829133333333333411e+01
4.815068965517241395e+01
4.750000000000000000e+01
4.768133333333333468e+01
4.753004427577482716e+01
4.821413793103448597e+01
4.797302833731649230e+01
4.818379310344827360e+01
4.821129141311696742e+01
4.837966666666666526e+01
4.791155115511551088e+01
4.814000000000000057e+01
4.786632996632996395e+01
4.779588993382096618e+01
4.777933333333333366e+01
4.823225806451613096e+01
4.772929292929293155e+01
4.751830065359477118e+01
4.727258064516129110e+01
4.747999999999999687e+01
4.778612903225806718e+01
4.744200626959247558e+01
4.827676767676767611e+01
4.804466666666666441e+01
4.848585858585858688e+01
4.826930693069306955e+01
4.774866666666666504e+01
4.848677419354838491e+01
4.795903225806451786e+01
4.771144781144781177e+01
4.767741935483871174e+01
4.718793103448275872e+01
4.784620689655172754e+01
4.780724137931034790e+01
4.748821548821548788e+01
4.767866666666666475e+01
4.802805280528053089e+01
4.822229319706163864e+01
4.790160891089109185e+01
4.752466666666666839e+01
4.790259329538267252e+01
4.804917491749174729e+01
4.717064516129032370e+01
4.769166666666666998e+01
4.747899999999999920e+01
4.763909294155222085e+01
4.784829128074098037e+01
4.852129032258064711e+01
4.814851485148514598e+01
4.827138047138047483e+01
4.803385499840306494e+01
4.753281249999999858e+01
4.746137931034482449e+01
4.781064516129032427e+01
4.767793103448276071e+01
4.767425742574257441e+01
4.802209595959595845e+01
4.798133333333333184e+01
4.811497923985947267e+01
4.755062280421590515e+01
4.798855218855219107e+01
4.755066666666666464e+01
4.767758620689654947e+01
4.754096774193548214e+01
4.757755102040816553e+01
4.730198537095088795e+01
4.733439795592462218e+01
4.765548387096774263e+01
4.815498737373737725e+01
4.779967741935483616e+01
4.747301181731076269e+01
4.832670454545454675e+01
4.809174917491748857e+01
4.883131313131313078e+01
4.835973597359735976e+01
4.812718749999999801e+01
4.805724137931034790e+01
4.794343434343434041e+01
4.764356435643564680e+01
4.784141414141414117e+01
4.781633333333333269e+01
4.813733333333333064e+01
4.743085276269562200e+01
4.798548387096774093e+01
4.767199999999999704e+01
4.732399999999999807e+01
4.719157088122605614e+01
4.785995777621393188e+01
4.834377104377104217e+01
4.771833333333333371e+01
4.792206962631747302e+01
4.767333333333333201e+01
4.771193548387096683e+01
4.772741935483870890e+01
4.655605237943149177e+01
4.777451293516448771e+01
4.719618169848584444e+01
4.687799425103800388e+01
4.731182795698924792e+01
4.737516129032258050e+01
4.743032258064516071e+01
4.773069306930693045e+01
4.762034824172072689e+01
4.777029702970297365e+01
4.746432062561094511e+01
4.719405940594059246e+01
4.760707070707070443e+01
4.803900000000000148e+01
4.727672359266286861e+01
4.710344827586207117e+01
4.748517432388400294e+01
4.784623504574243213e+01
4.822873900293254934e+01
4.798129032258064797e+01
4.854066666666666663e+01
4.875756509500352109e+01
4.907878787878787818e+01
4.802321611471491991e+01
4.773630363036303947e+01
4.861693410720382502e+01
4.802900000000000347e+01
4.790035132545512653e+01
4.711200000000000188e+01
4.791414141414141170e+01
4.787033333333333474e+01
4.805612903225806321e+01
4.862448275862068670e+01
4.805533333333332990e+01
4.832399999999999807e+01
4.827766666666666850e+01
4.784882154882154737e+01
4.828491814698710982e+01
4.774780058651026593e+01
4.727100000000000080e+01
4.724300000000000210e+01
4.778061868686868507e+01
4.709689655172413580e+01
4.755700000000000216e+01
4.760032258064516242e+01
4.747056774642981480e+01
4.744533333333333047e+01
4.714092409240924297e+01
4.768412647716384356e+01
4.816419354838709666e+01
4.765899999999999892e+01
4.718652187799425235e+01
4.765252525252525118e+01
4.721973810284254114e+01
4.713960396039603751e+01
4.787290322580645352e+01
4.732935049019607732e+01
4.735499999999999687e+01
4.753387096774193310e+01
4.729919554455445763e+01
4.755096774193548725e+01
4.754888613861385949e+01
4.760968749999999972e+01
4.691419354838709666e+01
4.693803896518684127e+01
4.747575757575757649e+01
4.754965211891207844e+01
4.778625000000000256e+01
4.736354838709677750e+01
4.713833333333333542e+01
4.721221122112211077e+01
4.751645161290322505e+01
4.696646438837431958e+01
4.742574257425742701e+01
4.709141914191419431e+01
4.713905723905723733e+01
4.745819618169848297e+01
4.779516129032258220e+01
4.822266666666666879e+01
4.798333333333333428e+01
4.772574257425742417e+01
4.779483870967742121e+01
4.760354838709677239e+01
4.783419354838709836e+01
4.811980198019801946e+01
4.831052460084718092e+01
4.806228042159054326e+01
4.761699999999999733e+01
4.738799999999999812e+01
4.784500174155346741e+01
4.754899999999999949e+01
4.769436298468556856e+01
4.760866666666666447e+01
4.805741935483870719e+01
4.760182469859888954e+01
4.729188436084987757e+01
4.778657543173672195e+01
4.763066666666667004e+01
4.703806451612903317e+01
4.734521452145214226e+01
4.707124183006536100e+01
4.738193548387096854e+01
4.795451612903225680e+01
4.743168316831683029e+01
4.840891089108910705e+01
4.813709677419355160e+01
4.779366666666666674e+01
4.796552814674257093e+01
4.843344827586206947e+01
4.818999999999999773e+01
4.810516129032257737e+01
4.818956228956228927e+01
4.772592592592592808e+01
4.840096774193548157e+01
4.813612903225806150e+01
4.781386138613861192e+01
4.782574320050601102e+01
4.794624999999999915e+01
4.782096774193548328e+01
4.815870967741935260e+01
4.803844900619094460e+01
4.804115646258503602e+01
4.774877810361681441e+01
4.814795918367347127e+01
4.789764309764309758e+01
4.819764309764309473e+01
4.856402640264026616e+01
4.807333333333333059e+01
4.828944618599791028e+01
4.790528052805280623e+01
4.796166666666666600e+01
4.771419354838709381e+01
4.823266666666666680e+01
4.792861952861952801e+01
4.747301181731076269e+01
4.710862068965517579e+01
4.741481481481481808e+01
4.745483870967741780e+01
4.844276094276094113e+01
4.730899999999999750e+01
4.770499999999999829e+01
4.757495256166983211e+01
4.784781250000000341e+01
4.783718749999999886e+01
4.758794845001741436e+01
4.802823129251700607e+01
4.800903225806451502e+01
4.803198653198653290e+01
4.797138047138047057e+01
4.812251547735418455e+01
4.742190993292877721e+01
4.796709677419354989e+01
4.808569566634082548e+01
4.835777126099706891e+01
4.754107744107744082e+01
4.783400673400673497e+01
4.724437927663733916e+01
4.753448275862069039e+01
4.790471380471380769e+01
4.789433333333333564e+01
4.803602693602693563e+01
4.791633333333333411e+01
4.774456879526003661e+01
4.744680134680134387e+01
4.812838057999348251e+01
4.720723796517582826e+01
4.715862068965517295e+01
4.804309764309764574e+01
4.797721088435373815e+01
4.757633333333333070e+01
