4.571687462863933149e+01
4.617971797179718152e+01
4.598731257208766010e+01
4.562456747404844037e+01
4.530489225393127839e+01
4.517881788178817715e+01
4.603373702422145186e+01
4.545276292335115897e+01
4.577887788778878075e+01
4.529969696969696713e+01
4.594899489948994642e+01
4.615656249999999972e+01
4.608242424242424562e+01
4.598690514212711378e+01
4.621415441176470296e+01
4.653937499999999972e+01
4.607903225806451530e+01
4.589093137254901933e+01
4.622738772928526174e+01
4.618333333333333002e+01
4.540005827505827796e+01
4.532925407925407768e+01
4.535241336633663423e+01
4.596997549019607732e+01
4.571292892156862564e+01
4.565268065268065101e+01
4.620999367488931142e+01
4.640967741935483559e+01
4.586538461538461320e+01
4.652396844660194120e+01
4.608070388349514701e+01
4.586242884250474106e+01
4.617475728155339709e+01
4.591515151515151416e+01
4.568311195445919992e+01
4.538664215686274161e+01
4.474969362745098067e+01
4.550804455445544505e+01
4.543060606060605977e+01
4.538463846384638600e+01
4.510437499999999744e+01
4.545900000000000318e+01
4.602020202020202078e+01
4.555392636037797160e+01
4.554579207920792072e+01
4.533063973063973151e+01
4.579657965796579333e+01
4.596709677419354989e+01
4.575215586074736507e+01
4.516677419354838463e+01
4.514480198019801804e+01
4.509400000000000119e+01
4.538181818181818272e+01
4.525039923347173243e+01
4.539031862745098067e+01
4.545721925133690178e+01
4.571132425742574412e+01
4.527970297029703062e+01
4.557301980198019464e+01
4.601425970873786753e+01
4.483609068627450966e+01
4.504920169436298494e+01
4.718571428571428328e+01
4.707759841404701007e+01
4.621142857142856997e+01
4.703501400560224255e+01
4.527156177156177108e+01
4.600424208144796268e+01
4.618557823129251716e+01
4.675694444444444287e+01
4.397634930260763753e+01
4.711422044545973620e+01
4.910938775510204124e+01
4.875918367346938709e+01
4.542056932966023908e+01
4.738879246218695585e+01
4.820370370370370239e+01
4.743800539083557766e+01
4.628922892289229196e+01
4.651400800457404472e+01
4.638288834951456607e+01
4.640034965034965353e+01
4.549897028537804999e+01
4.555339805825242649e+01
4.519780853517877972e+01
4.579763349514563231e+01
4.555913978494623962e+01
4.585086155674390795e+01
4.620102798400913713e+01
4.600856653340947844e+01
4.592979297929792892e+01
4.554839658723153661e+01
4.527315084449621452e+01
4.548212226066897301e+01
4.604218657159833583e+01
4.592516016307513382e+01
4.563437139561707312e+01
4.583040562120728367e+01
4.581698169816981903e+01
4.567121212121212182e+01
4.478937893789378677e+01
4.574226485148514598e+01
4.545311589982527778e+01
4.674312499999999915e+01
4.759528186274509665e+01
4.683492063492063551e+01
4.555910364145658065e+01
4.571003605769230660e+01
4.533359538784067411e+01
4.549898011218765959e+01
4.580715871254162153e+01
4.616726190476190794e+01
4.612560646900269745e+01
4.690234375000000000e+01
4.685918114143920832e+01
4.583508663366336577e+01
4.617678571428571388e+01
4.582661290322580783e+01
4.603722943722943484e+01
4.637302631578947398e+01
4.638064516129032455e+01
4.583333333333333570e+01
4.667295813315030983e+01
4.638435140700068615e+01
4.755134957208689883e+01
4.673015873015872756e+01
4.582812500000000000e+01
4.578095238095237818e+01
4.541206179441473267e+01
4.494666666666666544e+01
4.500366666666666760e+01
4.547870967741935289e+01
4.561448019801980536e+01
4.567666666666666941e+01
4.533641456582633111e+01
4.491666666666666430e+01
4.532060606060606034e+01
4.509030903090309295e+01
4.519377162629757549e+01
4.520420168067226996e+01
4.525300442757747987e+01
4.527144607843137436e+01
4.508384900990098743e+01
4.567507002801120564e+01
4.538291316526610331e+01
4.554584775086505033e+01
4.585265562535693817e+01
4.590308123249299399e+01
4.601066897347174489e+01
4.544780853517877972e+01
4.545571428571428640e+01
4.566358543417366889e+01
4.516742857142857304e+01
4.553785672684915653e+01
4.560058823529411853e+01
4.497764705882352843e+01
4.509882352941176720e+01
4.519470588235294173e+01
4.479931972789115946e+01
4.558415841584158557e+01
4.445165987186953771e+01
4.573499702911467324e+01
4.595714722987450074e+01
4.556393939393939263e+01
4.565030303030302861e+01
