7.721464646464646364e+01
7.668497474747475451e+01
7.677870967741935715e+01
7.805370537053705959e+01
7.889848197343454217e+01
7.928137975087831535e+01
7.980759075907590727e+01
7.938937764744215997e+01
7.950935483870968312e+01
7.957108843537415055e+01
7.897926267281106050e+01
7.942587161942000762e+01
7.898754208754208150e+01
7.805333759182370557e+01
7.991453275690057012e+01
7.967419354838709467e+01
7.948908439231020395e+01
7.941077441077440824e+01
7.873842222931970980e+01
7.907109940750493138e+01
7.900612903225805894e+01
7.886806451612903857e+01
7.895847994370161871e+01
7.822770398481974041e+01
7.774905303030303116e+01
7.771322580645161793e+01
7.766218750000000171e+01
7.820996927278935118e+01
7.801229088426083536e+01
7.826862068965517949e+01
7.726031249999999773e+01
7.783168316831682887e+01
7.754903225806451417e+01
7.698687499999999773e+01
7.754377880184331673e+01
7.785733333333332951e+01
7.749332029977190928e+01
7.754209183673469852e+01
7.708491161616161946e+01
7.756598240469207894e+01
7.704687500000000000e+01
7.720675505050505194e+01
7.652892561983470898e+01
7.694362984685565721e+01
7.585264997087944039e+01
7.541003460207612363e+01
7.680600247524752433e+01
7.764175084175084862e+01
7.710380747126437484e+01
7.659303160919540687e+01
7.605738831615120432e+01
7.616770833333333712e+01
7.611805555555555713e+01
7.661700680272109309e+01
7.683951890034364851e+01
7.617259727302959504e+01
7.627765804597700594e+01
7.560114247311827285e+01
7.575577675079985340e+01
7.643986254295532490e+01
7.572517006802721085e+01
7.633541666666666003e+01
7.705335753176044022e+01
7.565200391006843006e+01
7.596346280447663446e+01
7.604054982817869757e+01
7.701914580265095367e+01
7.609587628865979525e+01
7.652577319587628324e+01
7.602542955326460117e+01
7.594364261168384189e+01
7.568605442176870213e+01
7.640446735395188682e+01
7.630998933522928951e+01
7.669624447717231419e+01
7.617663617171005797e+01
7.619493314567206710e+01
7.625478645066273486e+01
7.592349137931034875e+01
7.612951388888889426e+01
7.663757183908046500e+01
7.662966954022988375e+01
7.629043725559900224e+01
7.642090295058656579e+01
7.612139338494017693e+01
7.679446064139941086e+01
7.655807560137456846e+01
7.649896907216495379e+01
7.613945578231292188e+01
7.679618055555555145e+01
7.677708333333333712e+01
7.634838250977604446e+01
7.623061224489795507e+01
7.666426116838488269e+01
7.672916666666667140e+01
7.656038291605301538e+01
7.602322308233638637e+01
7.580274914089346794e+01
7.691954022988505812e+01
7.622132301196340620e+01
7.624315677212939590e+01
7.638499822253821492e+01
7.632172058300746187e+01
7.697483870967741382e+01
7.635187500000000682e+01
7.694882154882155589e+01
7.690774410774410796e+01
7.667454487384222261e+01
7.703733333333333633e+01
7.735252525252525402e+01
7.708966666666667322e+01
7.642499999999999716e+01
7.680033003300330563e+01
7.696379310344828184e+01
7.692904290429042646e+01
7.700759075907591011e+01
7.662531250000000682e+01
7.723935483870967289e+01
7.663156250000000114e+01
7.591545454545455129e+01
7.589363636363636090e+01
7.658750000000000568e+01
7.621906250000000682e+01
7.620486111111111427e+01
7.629484848484848669e+01
7.618876262626262985e+01
7.624606060606060964e+01
7.631218434343433898e+01
7.601281249999999545e+01
7.690355164548712708e+01
7.720488721804511556e+01
7.694493320299771710e+01
7.699869664385794010e+01
7.679495368891727480e+01
7.698273053111762465e+01
7.707135874877810977e+01
7.618151515151515696e+01
7.706583278472679410e+01
7.593759375937594314e+01
7.683838383838383379e+01
7.666815713829447532e+01
7.652629950495050082e+01
7.729504950495049798e+01
7.665480943738657515e+01
7.638210526315789650e+01
7.604432989690721456e+01
7.728055555555555145e+01
7.704741379310344485e+01
7.664232673267326845e+01
7.700228087324860837e+01
7.674544873842222614e+01
7.710668103448276156e+01
