6.148514851485148824e+01
6.239032258064516157e+01
6.228187499999999943e+01
6.225838709677419303e+01
6.216483870967741865e+01
6.243988269794721191e+01
6.219250000000000256e+01
6.213967741935483957e+01
6.182124999999999915e+01
6.203589108910890815e+01
6.176348039215686470e+01
6.226099706744867746e+01
6.210625000000000284e+01
6.164212121212121076e+01
6.182687500000000114e+01
6.131303030303030255e+01
6.172821969696969546e+01
6.102151515151515326e+01
6.192582070707070585e+01
6.159090909090909349e+01
6.226741935483870805e+01
6.202343750000000000e+01
6.177413366336633516e+01
6.162454545454545496e+01
6.192326732673267031e+01
6.212870967741935146e+01
6.228282828282828376e+01
6.199483870967741694e+01
6.180492424242424221e+01
6.141818181818182154e+01
6.129575757575757677e+01
6.188775510204081343e+01
6.199904336734693544e+01
6.190214646464646364e+01
6.159343434343434609e+01
6.165406250000000199e+01
6.069310754604872216e+01
6.171531250000000313e+01
6.155600247524752433e+01
6.175500000000000256e+01
6.181531249999999744e+01
6.147151515151514900e+01
6.148757575757575466e+01
6.151167929292929415e+01
6.199031250000000171e+01
6.098098633392751111e+01
6.124968750000000028e+01
6.141656249999999773e+01
6.124968750000000028e+01
6.146401515151514872e+01
6.118281249999999716e+01
6.145170454545454675e+01
6.176366030283080732e+01
6.151609848484848442e+01
6.212479635060280003e+01
6.246437499999999687e+01
6.269083359948898249e+01
6.202843750000000256e+01
6.174218750000000000e+01
6.192774193548387274e+01
6.192733789507983033e+01
6.111677419354838747e+01
6.058175505050505194e+01
5.980397727272727337e+01
5.955102040816326792e+01
5.907669519420671378e+01
5.944562687063518780e+01
5.916976213750407254e+01
5.789362373737373701e+01
5.702382352941176435e+01
5.734848484848485128e+01
5.734564393939393767e+01
5.778176431863067819e+01
5.786175115207372954e+01
5.769738520408163396e+01
5.705006377551020336e+01
5.683757575757575609e+01
5.717018671564126464e+01
5.738261401897765523e+01
5.730670339761248755e+01
5.598114285714285643e+01
5.617196878751500577e+01
5.673272727272727423e+01
5.677035056446820960e+01
5.604186704384724038e+01
5.706000000000000227e+01
5.743500000000000227e+01
5.852408963585434520e+01
5.720324324324324294e+01
5.771892189218922198e+01
6.726442033123929320e+01
6.697961560861968167e+01
6.610319001386962157e+01
6.650224089635854341e+01
6.803308823529411598e+01
6.710294117647059409e+01
6.778186813186813708e+01
6.708391003460207003e+01
6.744807296263607554e+01
6.841150990099009732e+01
6.818459383753501868e+01
6.752090909090908610e+01
6.690291262135922068e+01
6.762626262626262985e+01
6.718656286043828629e+01
6.769073083778965838e+01
6.691959195919591252e+01
6.900548387096773695e+01
6.801272727272727536e+01
6.728754997144488925e+01
6.676412347117064883e+01
6.740384615384616041e+01
6.792719860221316708e+01
6.763581314878892670e+01
6.748600799543118001e+01
6.748308325978229050e+01
6.700749711649365281e+01
6.766458704693998527e+01
6.861421911421911091e+01
6.722404844290657877e+01
6.712050256996002418e+01
6.799613784907901959e+01
6.759671945701357743e+01
6.730767012687428519e+01
6.845424242424242323e+01
6.883722943722943910e+01
6.817307692307691980e+01
6.843710691823899595e+01
6.864184704184704344e+01
6.847464746474646802e+01
6.867532838378069471e+01
6.864102564102563520e+01
6.848743575099942404e+01
6.794636678200691904e+01
6.821782178217821979e+01
6.812705882352940989e+01
6.796597462514417032e+01
6.800772430184194661e+01
6.852175217521752870e+01
6.817251725172516785e+01
6.735783633841886342e+01
6.792233009708738223e+01
6.787721302113078536e+01
6.802652825836216266e+01
6.812725684333139498e+01
6.772301541976013084e+01
6.837683768376837179e+01
6.825292529252925533e+01
6.804054825813820173e+01
6.757340876944837760e+01
6.856058823529411939e+01
6.806053748231965983e+01
6.800980392156863275e+01
6.836607652769845345e+01
6.851701268742790774e+01
6.858895889588958994e+01
6.835813148788926696e+01
6.767877947295423269e+01
6.806988934187536699e+01
6.767241867043847492e+01
6.797145328719723523e+01
6.818142108328480333e+01
6.755388967468175565e+01
6.819801980198019464e+01
6.757780859916782390e+01
6.766324549237170061e+01
6.775256588072122099e+01
6.868433313919626926e+01
6.769587912087912684e+01
6.863523644752018527e+01
6.768258590564938970e+01
6.776784694460307890e+01
6.759114285714285586e+01
6.846943483275663311e+01
6.843223760092271846e+01
6.840513264129181437e+01
6.852912621359223522e+01
6.779613610149942815e+01
6.822981545559400729e+01
6.840167243367935157e+01
6.764521497919555770e+01
6.845991926182237819e+01
6.801426907396621857e+01
6.795098039215686470e+01
6.777787114845938277e+01
6.854498269896193108e+01
6.784687933425797723e+01
6.903242424242424136e+01
6.897787878787879379e+01
6.808826025459688935e+01
6.877377737773777255e+01
4.790754905221150750e+01
4.775115207373271886e+01
4.690445269016697694e+01
4.686242424242423965e+01
4.722777061855670411e+01
4.675542091836734926e+01
4.693060606060605977e+01
4.720293847566574641e+01
4.714804292929292728e+01
4.737867647058823195e+01
4.643688725490196134e+01
4.648793316831682887e+01
4.723167155425220187e+01
4.624474009900990268e+01
4.644337871287128650e+01
4.690035132545512653e+01
4.713414244650271456e+01
4.708751197700415503e+01
4.621813118811881083e+01
4.650124999999999886e+01
4.664864010120177085e+01
4.682000000000000028e+01
4.708193548387096428e+01
4.642003676470588402e+01
4.640841584158415856e+01
4.650520833333333570e+01
4.637783455764931517e+01
4.626639851485148824e+01
4.671702331523474783e+01
4.700290322580644897e+01
4.642388613861385949e+01
4.653774752475247567e+01
4.628860294117647101e+01
4.653735373537353581e+01
4.674889310562934952e+01
4.641646039603960361e+01
4.616393939393939405e+01
4.656188118811881083e+01
4.646437499999999687e+01
4.620372037203720339e+01
4.760561056105610334e+01
4.664016089108910990e+01
4.761174242424242209e+01
4.752134245682632496e+01
4.786468646864686605e+01
4.720580645161290079e+01
4.763180188986640928e+01
4.712406250000000085e+01
4.732765151515151558e+01
4.829531094113734468e+01
4.706696969696970001e+01
4.711726485148514598e+01
4.781823979591836604e+01
4.831599736668861311e+01
4.813030980517406476e+01
4.853198653198653290e+01
4.828125000000000000e+01
4.817249999999999943e+01
4.836907020872865104e+01
4.829703282828283051e+01
4.843660172468860026e+01
4.729576690489280111e+01
5.113737373737373559e+01
5.100631313131312794e+01
5.120266089108910990e+01
5.128063118811881083e+01
5.278399746995572173e+01
5.370839987224528755e+01
5.448250825082508442e+01
5.547474747474747403e+01
5.716266109369557569e+01
5.748299999999999699e+01
5.687850467289719347e+01
5.919366666666666532e+01
5.914379084967320210e+01
6.089140271493212708e+01
5.958206245461147432e+01
6.179627023223082460e+01
5.985991678224687718e+01
6.465521191294386938e+01
6.368164402647160927e+01
6.430522362581085360e+01
6.471299999999999386e+01
6.505927835051546992e+01
6.856450320512820440e+01
6.729434767152505970e+01
6.656860841423947761e+01
6.674193548387096087e+01
7.086381172839506348e+01
7.037425938117182511e+01
6.996187002652520448e+01
7.282883475971033249e+01
7.359896907216494810e+01
7.645480943738657231e+01
7.765977443609023112e+01
7.679597701149425859e+01
7.533171521035598062e+01
7.597443365695792750e+01
7.645026525198939282e+01
7.614975369458127830e+01
7.510421836228287873e+01
7.888602540834845911e+01
7.765836940836940983e+01
7.635185185185184764e+01
7.772840383931745123e+01
7.711793103448276554e+01
7.710553814002089723e+01
7.637676767676767042e+01
7.703169627307558187e+01
7.704914089347079198e+01
7.663877551020408418e+01
7.641899999999999693e+01
7.703169627307558187e+01
7.635420875420875575e+01
7.816637042303590022e+01
7.717800687285223660e+01
7.836027298850574141e+01
7.878865979381443196e+01
7.761224489795918657e+01
7.776671358198451856e+01
7.756263194933146110e+01
7.726172413793103999e+01
7.817450365726227801e+01
7.812749140893470212e+01
7.773484848484848442e+01
7.829513888888888573e+01
7.909475218658892004e+01
7.860659722222222001e+01
7.854602356406479657e+01
7.831580756013745770e+01
7.847067188055456199e+01
7.830618556701030286e+01
7.887273373622467432e+01
7.720236851271333478e+01
7.866715758468335196e+01
7.794792399718508591e+01
7.769897959183673208e+01
7.810168895144263956e+01
7.854923569143262796e+01
7.763079066527342320e+01
7.831069669247008846e+01
7.835890218156228570e+01
7.834652777777777999e+01
7.898506932100960398e+01
7.900107758620688969e+01
7.904644616467277274e+01
7.859228070175439029e+01
7.825705329153605305e+01
7.898151439744044922e+01
7.830929989550679693e+01
7.818824771287825115e+01
7.967893961708394102e+01
7.958211747100635591e+01
7.912321428571428328e+01
7.925109329446064521e+01
7.894560966939211255e+01
7.855453905700211692e+01
7.770584192439862647e+01
7.917553191489361097e+01
7.800701754385964648e+01
7.859042553191488878e+01
7.826597222222221717e+01
7.800555555555555998e+01
7.817157894736841683e+01
7.840280701754386428e+01
7.875172413793103487e+01
7.719081632653060865e+01
7.779830220713073174e+01
7.665286195286195436e+01
7.749340277777777430e+01
7.692542955326460685e+01
7.672121212121211897e+01
7.723333333333333428e+01
7.643939393939393767e+01
7.703843537414965681e+01
7.667314022383146721e+01
7.811979166666667140e+01
7.748311048557353331e+01
7.705781957506096091e+01
7.904130747126437484e+01
7.648103448275861638e+01
7.793885531461073413e+01
7.833600583090378677e+01
7.821572871572871577e+01
7.701178451178451212e+01
7.849448986846782361e+01
7.732823129251700323e+01
7.773082336382829283e+01
7.857376466405972337e+01
7.975483630952381020e+01
7.740168350168350742e+01
7.836875439831105439e+01
7.797708333333333997e+01
7.725082290980908795e+01
7.690611130078525548e+01
7.838083090379008411e+01
7.797010309278350348e+01
7.827152777777777715e+01
7.788809523809523228e+01
7.825404644616467920e+01
7.796865203761755936e+01
7.731258503401360827e+01
