3.859558823529411598e+01
3.845769010863350701e+01
3.839900110987791493e+01
3.882828282828283051e+01
3.793165266106442601e+01
3.828690344062152917e+01
3.838969130557915577e+01
3.812874583795782257e+01
3.878672438672438716e+01
3.838062871707731460e+01
3.807400932400932447e+01
3.800420168067226712e+01
3.828311688311688243e+01
3.810834762721555080e+01
3.856755952380952124e+01
3.862470238095237818e+01
3.833579009433962170e+01
3.817220279720280018e+01
3.833477633477633617e+01
3.774392523364485896e+01
3.859777015437392578e+01
3.810476190476190794e+01
3.876994047619047734e+01
3.875148809523809490e+01
3.792770753161077835e+01
3.801319406267180057e+01
3.797526113249038104e+01
3.770693877551020279e+01
3.832207792207792352e+01
3.806060606060606233e+01
3.842578125000000000e+01
3.854643691588785259e+01
3.792941176470588260e+01
3.867012987012986969e+01
3.800812324929972164e+01
3.787613122171945435e+01
3.852447552447552681e+01
3.836049170954831311e+01
3.792156862745098067e+01
3.798655462184873954e+01
3.927359735973597310e+01
3.908576051779935057e+01
3.847561327561327715e+01
3.840208333333333002e+01
3.863010817307691980e+01
3.885424836601307419e+01
3.895668202764976940e+01
3.848918269230769340e+01
3.864017857142857082e+01
3.907952730756946380e+01
3.927524752475247283e+01
3.846066433566433318e+01
3.911913126796550699e+01
3.889373814041745447e+01
3.915777706802938241e+01
3.839278499278499623e+01
3.891216863621846045e+01
3.933960396039604035e+01
3.886458000638773314e+01
3.836917249417249565e+01
3.922046204620462362e+01
3.950221378874130096e+01
3.953465346534653690e+01
3.874019607843137436e+01
3.882812500000000000e+01
3.907122325135739516e+01
3.955473719450954206e+01
3.892420920764171655e+01
3.870809614168248203e+01
3.906078431372549176e+01
3.909084967320261228e+01
3.839411407766990436e+01
3.882970297029702778e+01
3.893899712551900194e+01
3.872865275142314800e+01
3.852656546489563283e+01
3.903290322580645011e+01
3.821814320388349273e+01
3.885180453529223854e+01
3.843500479080166343e+01
3.844678217821782340e+01
3.852537128712871350e+01
3.831678921568627771e+01
3.850495049504950629e+01
3.841924504950495134e+01
3.914741935483871060e+01
3.915214521452145391e+01
3.871063557968700053e+01
3.878529411764706225e+01
3.906699669966996424e+01
3.902300000000000324e+01
3.913762376237623641e+01
3.892483660130719159e+01
3.844801980198019464e+01
3.892654104120089187e+01
3.844028465346534773e+01
3.881571382944746063e+01
3.842852722772277474e+01
3.897095709570957212e+01
3.812714460784313530e+01
3.873682529543276587e+01
