7.135032258064515531e+01
7.060767326732673155e+01
7.043012650779641604e+01
7.131715106994570874e+01
7.096806132226126351e+01
7.078743811881187753e+01
7.102587032896838082e+01
7.088664215686274872e+01
7.134882985452244952e+01
7.168099999999999739e+01
7.070064516129032484e+01
7.053558168316831711e+01
7.091429455445545216e+01
7.054072181411689257e+01
7.025282234105763735e+01
7.054641089108910990e+01
7.036386138613860908e+01
7.064573019801980536e+01
7.122804215905460978e+01
7.062407178217821979e+01
7.021329802883201410e+01
7.018259803921569073e+01
7.032889851485148824e+01
7.012591938805530845e+01
7.036045792079207217e+01
7.075968749999999829e+01
7.062809405940593876e+01
7.016268382352940591e+01
7.043750000000000000e+01
7.017191719171917441e+01
7.057518564356435320e+01
7.053712871287129360e+01
7.062407178217821979e+01
7.010681068106811153e+01
6.994119411941194642e+01
7.116996699669967086e+01
7.031490384615383959e+01
7.042384708737864685e+01
7.028155940594059814e+01
7.054902587032897543e+01
7.065059086553816314e+01
7.041268382352940591e+01
7.048187500000000227e+01
7.006219059405940186e+01
6.957635763576357135e+01
7.036680825242719095e+01
7.120677419354838378e+01
6.995919591959196282e+01
7.088343749999999943e+01
7.026575757575757564e+01
7.002010201020101476e+01
6.978067806780677529e+01
7.013118811881187753e+01
6.975393939393939036e+01
6.927932793279327939e+01
6.949333333333333940e+01
6.943848484848484759e+01
6.940534053405340842e+01
6.931323132313231383e+01
7.023968750000000227e+01
7.020187500000000114e+01
6.978589108910891525e+01
6.956333333333333258e+01
7.012531250000000682e+01
6.957667584940311656e+01
7.014325495049504866e+01
6.949564956495649426e+01
7.019554455445545216e+01
7.032125000000000625e+01
7.020468750000000568e+01
7.052096774193547901e+01
7.021271159374002480e+01
7.001420454545454675e+01
6.939613970588234793e+01
6.940084008400840787e+01
6.953165316531652707e+01
6.970761138613860908e+01
6.901909090909090594e+01
6.967909090909090253e+01
6.909054209919261780e+01
6.981745049504949918e+01
7.012933168316831711e+01
7.098580645161290192e+01
6.992233910891089010e+01
6.971070544554454784e+01
7.014215686274509665e+01
7.085856079404466357e+01
7.062591911764705799e+01
7.071580645161290590e+01
6.971182412358882630e+01
6.960272727272727877e+01
7.059035389915439396e+01
6.966577540106952426e+01
6.987818781878188190e+01
6.886101499423298833e+01
6.909400230680508059e+01
7.008547794117646390e+01
7.004932598039215463e+01
7.076502213788741358e+01
6.907871972318339715e+01
6.908309537407195933e+01
6.987106357694592873e+01
6.966272727272726684e+01
7.008570544554454784e+01
7.014168689320388239e+01
6.934235294117647186e+01
6.963725490196078738e+01
7.018250000000000455e+01
6.989393939393939092e+01
7.042718750000000227e+01
6.957787878787878810e+01
6.953969696969697623e+01
6.992636138613860908e+01
6.984610814022578040e+01
6.924602460246025259e+01
6.945107746068724452e+01
7.015437500000000171e+01
6.971878787878787875e+01
6.987284610814022301e+01
6.989483065953653806e+01
7.131792803970223815e+01
7.157782649545882236e+01
7.062837009803921262e+01
7.061881188118812247e+01
7.074195544554454784e+01
7.110060683487704125e+01
7.071379950495050082e+01
7.079763349514563231e+01
7.063699494949494806e+01
6.980878787878788216e+01
6.987967914438502248e+01
6.965808823529411598e+01
7.007886904761905100e+01
7.043030303030303685e+01
7.116408188585607775e+01
6.992364824717765259e+01
6.953028538147933091e+01
6.935481023830539016e+01
6.943624362436243302e+01
6.949354935493549590e+01
7.059548387096774036e+01
6.941674167416741170e+01
6.961090909090908951e+01
6.945034503450345653e+01
6.960121212121211443e+01
7.032673267326732969e+01
6.998345588235294201e+01
6.956327985739750375e+01
6.888441176470588800e+01
6.958230198019802515e+01
7.012749999999999773e+01
7.028904503353561495e+01
7.002500000000000568e+01
7.012530637254901933e+01
6.984839108910891525e+01
6.959298871063576541e+01
6.959239453357101013e+01
6.968440594059406124e+01
6.978589108910891525e+01
7.037387096774193651e+01
7.020548387096773979e+01
6.939848484848485555e+01
6.971658415841584144e+01
6.968471534653465937e+01
6.961664603960396391e+01
6.998156249999999545e+01
6.901080108010800984e+01
7.019516129032257368e+01
6.992349234923491963e+01
6.956120023767083183e+01
6.990468749999999432e+01
6.919291929192918644e+01
7.033199257425742701e+01
6.987939393939393540e+01
6.935373537353734719e+01
6.962929528246942823e+01
7.014727722772276763e+01
6.925112511251124658e+01
7.048762376237623073e+01
6.952184041933604419e+01
7.004380438043804702e+01
6.948212226066897301e+01
6.993609360936093822e+01
7.045036764705882604e+01
6.993459345934593330e+01
6.954155415541553964e+01
6.931430219146481875e+01
6.914100346020761378e+01
7.008517156862744457e+01
6.991859774212714740e+01
7.053589108910891525e+01
6.990424242424242607e+01
6.999792038027332808e+01
7.010272277227723237e+01
7.056125000000000114e+01
6.983727272727273316e+01
7.018564356435643958e+01
6.916249271986022507e+01
7.018716577540106982e+01
7.056031249999999488e+01
6.966216621662165664e+01
7.080354838709676812e+01
7.036397058823528994e+01
7.076763613861386659e+01
6.975307530753075014e+01
7.026732673267326845e+01
7.019183168316831711e+01
6.923238206173559206e+01
7.052656249999999716e+01
7.037443744374436960e+01
7.019756387403445785e+01
6.980272727272726740e+01
7.001782531194295700e+01
7.005600247524752433e+01
6.997445038621509639e+01
7.026432643264325861e+01
7.017401960784313530e+01
7.009718750000000398e+01
7.041584158415841443e+01
6.991245791245790997e+01
7.011218750000000455e+01
7.024787878787878981e+01
7.001439950980392268e+01
6.995843750000000227e+01
7.050316255534471566e+01
7.047406704617330320e+01
6.933727272727273316e+01
6.887283737024220898e+01
6.929768270944741460e+01
6.994718749999999829e+01
6.902700270027003171e+01
6.936212121212120962e+01
6.954424242424242664e+01
6.876674432149097527e+01
7.001281249999999545e+01
6.943311906948270007e+01
6.979406249999999545e+01
6.910192837465564253e+01
6.939573019801980536e+01
6.963576357635763259e+01
6.861589982527664233e+01
6.942550505050505194e+01
6.868316831683168289e+01
6.910081008100810607e+01
6.912661266126612247e+01
6.917424242424242209e+01
6.964225806451612755e+01
7.030290322580644613e+01
6.977484522645812604e+01
6.953187499999999943e+01
6.965343749999999545e+01
6.881314878892733589e+01
6.961624999999999375e+01
6.882411764705882717e+01
6.941374999999999318e+01
6.904890489048905522e+01
6.949040841584158557e+01
6.912848484848484532e+01
6.883364254792826387e+01
6.922159090909090651e+01
6.997262952101661426e+01
6.888088808880888791e+01
6.915301530153014653e+01
6.964218750000000568e+01
6.901530153015301039e+01
6.979406249999999545e+01
7.009932928776748895e+01
6.996167358671351622e+01
6.929393939393939661e+01
6.906587009803921262e+01
6.918719362745098067e+01
6.891740938799762262e+01
6.890235690235689958e+01
6.948700495049504866e+01
6.944709158415841443e+01
6.963289141414141170e+01
6.904890489048905522e+01
6.917728960396038929e+01
6.957544191919191690e+01
6.891888582797673735e+01
6.960024752475247567e+01
6.947029114676173833e+01
7.006004471414883028e+01
6.924535891089108475e+01
6.910117574257425588e+01
6.846286393345216936e+01
6.900600060006000547e+01
6.928562499999999602e+01
6.992378826530612912e+01
6.936987522281640395e+01
6.859075630252101519e+01
6.874898078043098337e+01
6.961478960396038929e+01
6.976000000000000512e+01
6.920732073207321378e+01
6.964093750000000682e+01
6.884890426758938986e+01
6.895069204152248687e+01
6.984158415841584144e+01
6.933453345334532969e+01
6.957272727272727764e+01
6.944437973209085158e+01
6.945242424242424306e+01
7.021343749999999773e+01
6.996194306930692619e+01
6.964223871366728247e+01
6.968707482993197289e+01
7.006374999999999886e+01
6.956915691569156479e+01
6.916058823529411370e+01
6.913951395139514489e+01
7.019059405940593876e+01
6.985416666666667140e+01
6.889558955895589065e+01
7.047516129032257481e+01
6.942810457516340250e+01
6.966789215686274872e+01
6.934878193701723603e+01
6.966027227722771897e+01
7.041718749999999716e+01
6.961289364230540855e+01
6.952877475247524330e+01
6.910075713453697688e+01
6.876237623762376927e+01
6.855848484848485214e+01
6.961750000000000682e+01
6.951544860368389323e+01
6.926608910891089010e+01
6.950615061506150028e+01
7.050225806451612698e+01
6.885351787773933552e+01
6.920757575757575353e+01
6.936781249999999943e+01
6.877147058823528880e+01
6.841288515406162674e+01
6.970687499999999659e+01
6.955303030303029743e+01
6.978693181818181301e+01
6.941859774212714740e+01
6.933993399339934172e+01
6.950424242424242038e+01
6.963484848484849010e+01
6.920072007200720066e+01
6.898379837983797813e+01
6.963787878787879038e+01
6.955121212121211727e+01
6.922682268226822089e+01
6.885088235294116998e+01
7.027626956244012035e+01
7.028904503353561495e+01
7.016703928457361883e+01
6.976874999999999716e+01
6.841059988351776155e+01
6.886676470588234622e+01
6.977750000000000341e+01
6.940372474747475451e+01
6.948200757575757791e+01
6.884128412841283762e+01
6.895386389850057185e+01
6.938757575757576035e+01
6.880767012687428519e+01
6.967272727272727195e+01
6.945969696969696372e+01
6.911851185118511864e+01
6.949121212121211499e+01
7.053483870967741609e+01
6.998375000000000057e+01
6.935493549354934828e+01
6.958910891089108475e+01
6.954919554455445052e+01
6.925352535253524877e+01
6.921182118211821432e+01
6.950000000000000000e+01
6.942060606060606176e+01
6.937878787878787534e+01
6.959065594059406124e+01
6.978650990099009732e+01
6.931484848484848271e+01
6.863977868375073399e+01
7.025071862024911695e+01
6.975031250000000682e+01
6.883382352941175952e+01
6.989204545454545325e+01
6.914941494149414325e+01
6.946954695469547403e+01
6.987940006121824865e+01
6.908911764705882774e+01
6.952090909090908610e+01
6.997299757281552957e+01
7.004567230916640597e+01
6.967388613861386659e+01
6.870267909143855434e+01
6.941354723707664220e+01
6.965656565656566102e+01
7.023271550456016143e+01
7.072846852489821856e+01
7.054810049019607732e+01
7.010477941176471006e+01
7.007750000000000057e+01
6.942274227422741717e+01
6.940984098409840897e+01
6.913101604278074319e+01
7.017870967741934862e+01
6.992312499999999886e+01
6.975340346534653690e+01
7.008430843084308037e+01
6.885876528829354015e+01
6.859327731092436409e+01
6.908940894089408857e+01
6.887064534551684858e+01
6.931030303030303230e+01
6.979656249999999318e+01
6.984749999999999659e+01
6.983812500000000512e+01
6.974500000000000455e+01
6.946999999999999886e+01
6.971812500000000057e+01
6.965796579657965992e+01
6.922741982936157967e+01
7.128840625998083169e+01
7.012444836716682062e+01
7.060891990291261777e+01
7.041676980198019464e+01
7.080123818833496330e+01
6.989968749999999886e+01
6.989470462197735401e+01
7.043999999999999773e+01
6.929732973297329579e+01
6.987188718871887261e+01
6.981157178217821979e+01
6.870502569960022754e+01
6.933933393339333406e+01
6.965655940594059814e+01
6.968575757575757734e+01
7.007656249999999432e+01
6.937390797903319140e+01
6.996429642964297102e+01
7.093931651229638646e+01
6.965864527629233294e+01
6.979951025405570419e+01
7.031281250000000682e+01
7.034406250000000682e+01
6.944974497449744888e+01
6.977930823385368342e+01
7.017343750000000568e+01
7.009593750000000512e+01
6.987654702970297649e+01
6.969727272727273260e+01
7.001841948900772650e+01
6.976262626262625588e+01
7.018718749999999318e+01
7.012961296129613231e+01
6.964909090909091560e+01
7.020977722772276763e+01
6.973484848484848442e+01
6.942899584076054964e+01
6.955606060606061192e+01
6.931623162316230946e+01
6.957272727272727764e+01
6.941666666666667140e+01
6.919681968196819355e+01
6.923372337233723783e+01
6.971472772277228103e+01
6.909429065743944420e+01
6.939939393939394563e+01
6.958181818181817846e+01
6.945424242424242323e+01
6.930483048304830618e+01
6.995169516951695243e+01
7.013656249999999659e+01
6.984224598930481420e+01
6.972808535178776879e+01
7.032468749999999602e+01
7.054641089108910990e+01
6.996699669966996282e+01
6.950640652300523925e+01
6.954426324985439578e+01
6.938759464181711678e+01
7.039634900990098743e+01
7.033281250000000284e+01
7.058753523332289603e+01
6.927104959630911196e+01
6.953407105416424372e+01
6.968287711124052919e+01
6.939079790331975062e+01
7.066305693069307381e+01
7.079937499999999773e+01
7.041687500000000455e+01
6.967303030303030198e+01
7.062215909090909349e+01
6.934443444344434226e+01
6.953090909090909122e+01
6.976500297088531966e+01
6.931199538638985302e+01
7.030334595959595845e+01
7.040129950495050082e+01
7.029300742574257299e+01
6.991989198919891635e+01
7.009562499999999829e+01
7.019124999999999659e+01
6.940448456610367600e+01
6.982147058823530017e+01
7.003390339033903444e+01
7.045451732673267031e+01
7.014399509803921262e+01
6.964424242424242095e+01
6.935294117647059409e+01
6.987428742874287479e+01
6.967033976124885442e+01
7.070749999999999602e+01
7.032642326732673155e+01
7.026082920792079278e+01
6.972307230723072280e+01
6.952696969696970086e+01
7.021031250000000057e+01
6.951636363636363569e+01
6.964212121212121076e+01
6.942589388696654851e+01
6.956493884682585360e+01
6.966926182237601495e+01
6.976557949912638890e+01
6.982999999999999829e+01
7.068688118811881793e+01
7.117598211434047073e+01
7.062345297029702351e+01
6.975424242424242038e+01
7.031062500000000171e+01
7.075935483870968312e+01
6.989909090909091560e+01
7.037144682210156077e+01
7.028221610039791756e+01
7.098032258064516498e+01
7.007545454545454788e+01
6.983488642981944849e+01
7.145129351644841620e+01
7.004470588235294315e+01
6.959609784507863139e+01
7.030454545454544757e+01
6.958590564938846512e+01
7.095389851485148824e+01
7.065749999999999886e+01
7.005460546054605686e+01
7.057181818181818755e+01
6.995469546954694806e+01
6.954117647058824048e+01
7.020642064206420230e+01
7.072586633663365774e+01
7.042062500000000114e+01
7.088490099009901257e+01
7.004636363636363683e+01
7.010070400979492433e+01
7.022664141414141170e+01
7.081126237623762165e+01
7.023545792079207217e+01
7.017312499999999886e+01
7.045562499999999773e+01
7.008477722772276763e+01
7.011131113111311208e+01
7.048499999999999943e+01
7.006060606060606233e+01
7.031497524752475670e+01
7.040814393939393767e+01
6.981741409435061030e+01
7.085709677419355046e+01
7.088129032258063944e+01
7.034525710635580253e+01
7.069709677419355387e+01
6.978817587641117370e+01
7.049937500000000057e+01
7.009450945094509677e+01
6.986696969696969006e+01
7.039187499999999886e+01
6.970977722772276763e+01
6.993375000000000341e+01
7.004656249999999318e+01
6.977393939393940059e+01
7.043053337591823038e+01
7.013644801980197485e+01
6.984181818181818358e+01
6.968286828682867906e+01
6.950975097509750356e+01
7.041105078249761107e+01
6.973835784313725128e+01
7.016565533980582359e+01
6.966576657665765993e+01
7.045645161290322278e+01
7.096774193548387188e+01
7.034501262626262985e+01
7.021935679611650016e+01
7.039836165048544103e+01
7.120082226438962891e+01
7.083199257425742701e+01
7.032163216321632149e+01
7.032133213321331766e+01
7.081320132013200919e+01
7.076173746406898601e+01
7.104193548387097223e+01
7.017401740174017277e+01
7.057230392156863275e+01
7.053676470588234793e+01
6.954999999999999716e+01
7.101701732673267031e+01
7.048281249999999432e+01
7.025160697887970684e+01
7.054531249999999432e+01
7.059687499999999716e+01
7.003515151515151160e+01
7.032433252427183845e+01
7.051544860368389323e+01
7.072794117647059409e+01
7.080187499999999545e+01
7.060798267326732969e+01
7.062438118811881793e+01
7.113811462574381039e+01
7.158735228361545921e+01
7.092717981475567512e+01
7.049257425742574412e+01
7.075433168316831711e+01
7.120664324496965492e+01
7.171033333333333815e+01
7.172903225806452099e+01
7.129967741935483616e+01
7.175866666666667015e+01
7.096531249999999602e+01
7.100419354838709296e+01
7.123733333333333917e+01
6.920187500000000114e+01
6.872579656862744457e+01
6.784034653465346310e+01
6.752673796791444261e+01
6.868733333333332780e+01
6.838516129032258561e+01
6.823059725327371439e+01
6.869633333333332814e+01
6.853709677419354307e+01
6.858193548387096428e+01
6.875633333333333042e+01
6.817512376237623073e+01
6.802062499999999545e+01
6.852741935483871316e+01
6.788106875203649793e+01
6.775237191650853674e+01
6.756593750000000398e+01
6.815394442670073261e+01
6.830213989140850117e+01
6.849504950495050082e+01
6.813701692749920369e+01
6.788656249999999659e+01
6.854967741935483616e+01
6.692439243924393111e+01
6.779187500000000455e+01
6.777781249999999602e+01
6.752925292529252488e+01
6.755909653465346310e+01
6.773143564356435320e+01
6.773054070112893044e+01
6.899933993399339727e+01
6.827435646790485180e+01
6.856371766208879137e+01
6.834593750000000512e+01
6.818382352941176805e+01
6.822742274227422854e+01
6.819761029411765207e+01
6.876930596285434660e+01
6.851452020202020776e+01
6.835999999999999943e+01
6.933056531459597238e+01
6.821392139213921268e+01
6.877970297029702351e+01
6.793048128342246628e+01
6.904774193548387018e+01
6.918354838709677779e+01
6.868843750000000625e+01
6.822459893048127810e+01
6.815329768270945010e+01
6.855925592559255222e+01
6.816993464052288232e+01
6.845304530453044833e+01
6.789601901366607706e+01
6.863937500000000114e+01
6.887698769876988081e+01
6.912376237623762165e+01
6.858385838583858174e+01
6.897462871287129360e+01
6.892233910891089010e+01
6.835442661913249651e+01
6.772306348281887267e+01
6.857659313725490335e+01
6.951932290003193771e+01
6.882210156499520792e+01
6.897246287128713504e+01
6.934903225806451132e+01
6.936748893105630032e+01
6.903558168316831711e+01
6.943611638203668690e+01
6.882261029411765207e+01
6.914603960396038929e+01
6.963526030022356395e+01
6.956717820231756377e+01
7.078798224650051907e+01
7.023750790638835895e+01
6.964838709677418649e+01
6.957611386138613341e+01
7.030550284629981661e+01
6.915042892156863275e+01
7.014212711593739868e+01
