6.574573055028463386e+01
6.414225690276110470e+01
6.574636306135357700e+01
6.512500000000000000e+01
6.499128605769230660e+01
6.475046382189239580e+01
6.376727584237578839e+01
6.359180035650624063e+01
6.430063006300629525e+01
6.427183600713011913e+01
6.437536400698893146e+01
6.506515151515151274e+01
6.559906250000000227e+01
6.785709549071617630e+01
6.813692010309277691e+01
6.869509803921567936e+01
6.979442970822280756e+01
6.722193548387096484e+01
6.738038965186841267e+01
6.892178932178931916e+01
6.889170068027210903e+01
6.927034198113207708e+01
6.987301587301587347e+01
6.988779761904761756e+01
7.149313893653516061e+01
7.119760137064534433e+01
7.039789123196447918e+01
7.223277310924369488e+01
6.958919902912622035e+01
6.814058823529411768e+01
6.735186819652838608e+01
6.729424504950495134e+01
6.970462740384616041e+01
6.480972388955582630e+01
6.591656662665066335e+01
6.632475490196078738e+01
6.767294117647058727e+01
7.059700294353760341e+01
7.354285714285714448e+01
7.378328092243187086e+01
7.137327823691460083e+01
7.070654761904762609e+01
7.018660714285714164e+01
7.056862745098038658e+01
7.081932773109244295e+01
7.095643028846153300e+01
7.036014851485148824e+01
6.944612903225807088e+01
6.874903225806451701e+01
6.762727563078888693e+01
6.690838709677419160e+01
6.590468749999999432e+01
6.422395833333332860e+01
6.428137975087831535e+01
6.385767326732673155e+01
6.406020408163264790e+01
6.376498158687646622e+01
6.204693998811645628e+01
6.321708683473389101e+01
6.311939775910364148e+01
6.279611650485436769e+01
6.332454361054766423e+01
6.310090152565880572e+01
6.384653092006033148e+01
6.233660130718953951e+01
6.262875816993464184e+01
6.273250753264144919e+01
6.314594425305355685e+01
6.384629981024667700e+01
6.432875816993464468e+01
6.340733712839974601e+01
6.335958254269449696e+01
6.359805825242718669e+01
6.408333333333332860e+01
6.386877544628875825e+01
6.305085784313725839e+01
6.333968749999999659e+01
6.259870049504950629e+01
6.283322580645161537e+01
6.308124999999999716e+01
6.274876237623762165e+01
6.186304218657159737e+01
6.219314285714285973e+01
6.257070707070707272e+01
6.267445887445887109e+01
6.267848904267589205e+01
6.340606060606060623e+01
6.626546717171717660e+01
6.597539753975397048e+01
6.499249639249639188e+01
6.623623995052567182e+01
6.460828571428571365e+01
6.535904499540863810e+01
6.481580510992276345e+01
6.487700534759358106e+01
6.505264705882352416e+01
6.465264705882353269e+01
6.505132962275818898e+01
6.557421150278292998e+01
6.552742346938775597e+01
6.524936868686869218e+01
6.492117647058823593e+01
6.486454545454544984e+01
6.518330362448008941e+01
6.512641567187021963e+01
6.554759718396081780e+01
6.504224058769513306e+01
6.495071931435568047e+01
6.530451574569221407e+01
6.547444138353229448e+01
6.533666666666667311e+01
6.584056122448978954e+01
6.556407828282827666e+01
6.580325255102040671e+01
6.610953608247422153e+01
6.560921717171717660e+01
6.513309566250742932e+01
6.536464585834333718e+01
6.573308846036118780e+01
6.512269756387404129e+01
6.540999999999999659e+01
6.480393939393938751e+01
6.519981998199820339e+01
6.485575757575757905e+01
6.544094001236858560e+01
6.504634581105169389e+01
6.516755793226381854e+01
6.510308972073677580e+01
6.567260231177756680e+01
6.559753787878787534e+01
6.521579430670340116e+01
6.515508021390374438e+01
6.595392702535559692e+01
6.486484848484847987e+01
6.579797979797979224e+01
6.520647653000594346e+01
6.582417929292928704e+01
6.573106060606060908e+01
6.557757575757575808e+01
6.501606060606060566e+01
6.520661157024792942e+01
6.549907235621520840e+01
6.520569329660239077e+01
6.527946127946127319e+01
6.520079583715947535e+01
6.547093750000000512e+01
6.493878787878787762e+01
6.500060606060606005e+01
6.465456182472989610e+01
6.486685032139577345e+01
6.542638506274869314e+01
6.482808280828082559e+01
6.543656249999999375e+01
6.509606060606060396e+01
6.509424242424242379e+01
6.516351010101010388e+01
6.512030303030303457e+01
6.548312500000000114e+01
6.517303030303030198e+01
6.524333333333333940e+01
6.559585652442795833e+01
6.651945460591952042e+01
6.616425279789335434e+01
6.614614878209347637e+01
6.583743686868686495e+01
6.486531986531986149e+01
6.577904040404040131e+01
6.538656249999999659e+01
6.571243686868686495e+01
6.628967090257413020e+01
6.567122841316390236e+01
6.579071969696970257e+01
6.579734848484848442e+01
6.576704545454545325e+01
6.574494949494949481e+01
6.556147058823529505e+01
6.559151515151515355e+01
6.548209366391184005e+01
6.614030612244897611e+01
6.601612903225806406e+01
6.522405876951332004e+01
6.595089285714286120e+01
6.567156412610958682e+01
6.534670231729054990e+01
6.591549744897959329e+01
6.644009216589861921e+01
6.565909090909090651e+01
6.626751384815901247e+01
6.573737373737374412e+01
6.600286989795918657e+01
6.593290043290043911e+01
6.575573921028465918e+01
6.596715561224489477e+01
6.534749999999999659e+01
6.563162878787878185e+01
6.583743686868686495e+01
6.572506313131313505e+01
6.570359848484848442e+01
6.595770202020202078e+01
6.517333333333333201e+01
6.608737244897959329e+01
6.611479591836734926e+01
6.580618686868686495e+01
6.582070707070707272e+01
6.638514173998045464e+01
6.587342171717172334e+01
6.561848484848485441e+01
6.559678416821273572e+01
6.592077020202020776e+01
6.613920454545454675e+01
6.613890717577353939e+01
6.621301020408162685e+01
6.596275252525252597e+01
6.584122474747475451e+01
6.667346938775510523e+01
6.612627551020408134e+01
6.603061224489795222e+01
6.634503865979381487e+01
6.668597761685319369e+01
6.613099747474747403e+01
6.632589285714286120e+01
6.590940012368584178e+01
6.579400510204081343e+01
6.640369897959183731e+01
6.576125000000000398e+01
6.609447004608294662e+01
6.583322704081632537e+01
6.635267857142856940e+01
6.576839826839827197e+01
6.597095959595959869e+01
6.630102040816326792e+01
6.637149234693877986e+01
6.633354591836734926e+01
6.580519480519480169e+01
6.593371212121212466e+01
6.669256089532586884e+01
6.608536982730531406e+01
6.646334310850440374e+01
6.722448979591837315e+01
6.610636982065553013e+01
6.616603535353534937e+01
6.680129032258064115e+01
6.601515151515151558e+01
6.685341494845360444e+01
6.636096938775510523e+01
6.577500000000000568e+01
6.657934180514826039e+01
6.649637919684002441e+01
6.663668947539915166e+01
6.605808080808080263e+01
6.622483870967741382e+01
6.640338010204081343e+01
6.610606060606060908e+01
6.575788184879094445e+01
6.628616057482037149e+01
6.599196042053185352e+01
6.573093749999999602e+01
6.590043290043290369e+01
6.560116314661769366e+01
6.587815656565656752e+01
6.617329545454545325e+01
6.618907828282827666e+01
6.637228439763002541e+01
6.564835858585858830e+01
6.589093750000000682e+01
6.645029624753126996e+01
6.627462121212121815e+01
6.595125000000000171e+01
6.621464646464646364e+01
6.580941408821593086e+01
6.470567056705669984e+01
6.525726010101010388e+01
6.529829545454545325e+01
6.439453945394539858e+01
6.442424242424242209e+01
6.495422979797979224e+01
6.489851485148514598e+01
6.450165016501649973e+01
6.488413547237077239e+01
6.506621287128713504e+01
6.524903225806451701e+01
6.528343750000000512e+01
6.531032258064516327e+01
6.536129032258064342e+01
6.513825757575757791e+01
6.545468750000000568e+01
6.564930555555555713e+01
6.516120049504949918e+01
6.561047979797979224e+01
6.599463383838383379e+01
6.590485500162920118e+01
6.622975641869651042e+01
6.602304292929292728e+01
6.594916911045943664e+01
6.628866666666667129e+01
6.597686542847833380e+01
6.605870967741935829e+01
6.623337722185648602e+01
6.625233333333333974e+01
6.605129032258064115e+01
6.586217008797653705e+01
6.595601173020527597e+01
6.575173940543959361e+01
