7.650240549828178871e+01
7.708032258064515929e+01
7.701270772238514439e+01
7.665588339850692989e+01
7.703412356321838672e+01
7.703666061705989421e+01
7.685902777777778283e+01
7.733726067746685828e+01
7.674461206896552312e+01
7.635173611111110858e+01
7.682714776632302289e+01
7.761206896551723844e+01
7.720839469808541367e+01
7.691690962099124818e+01
7.685375939849623705e+01
7.675610632183908422e+01
7.688246409674981408e+01
7.680818965517241281e+01
7.667499999999999716e+01
7.540738277352843966e+01
7.592721088435374099e+01
7.654570446735395706e+01
7.635335940277283839e+01
7.649964080459770344e+01
7.653699712643678765e+01
7.601867816091953500e+01
7.617312477781727864e+01
7.597048611111111427e+01
7.716899999999999693e+01
7.674322580645161906e+01
7.634020618556701265e+01
7.702209131075110804e+01
7.678008444757213624e+01
7.594081632653060865e+01
7.621851179673321042e+01
7.655464121132324351e+01
7.551909090909090594e+01
7.643030303030303685e+01
7.597161989795918657e+01
7.585763888888888573e+01
7.537443744374436960e+01
7.534413441344133844e+01
7.694329896907215982e+01
7.534143414341434664e+01
7.651010101010101039e+01
7.617821782178218371e+01
7.585093750000000057e+01
7.655136864557411513e+01
7.585281249999999886e+01
7.596218749999999886e+01
7.595125000000000171e+01
7.642374688944187255e+01
7.675000000000000000e+01
7.638677568432278520e+01
7.620781250000000284e+01
7.589741161616161946e+01
7.538515151515152013e+01
7.643369175627239542e+01
7.572696969696970370e+01
7.577040816326530148e+01
7.645520833333333144e+01
7.612973484848484418e+01
7.653561162567869758e+01
7.652470671880554676e+01
7.656487735513685777e+01
7.568916891689168835e+01
7.669249911126911456e+01
7.604909090909090708e+01
7.573297329732973537e+01
7.568526852685268125e+01
7.590787878787878640e+01
7.654674724493423810e+01
7.740000000000000568e+01
7.685419354838710149e+01
7.783497536945812101e+01
7.657435344827585766e+01
7.713267326732673723e+01
7.689542079207920722e+01
7.749494949494949481e+01
7.748275862068965125e+01
7.597484848484847930e+01
7.699108910891088442e+01
7.758690351793799778e+01
7.630012376237623073e+01
7.655812500000000398e+01
7.665096774193548868e+01
7.706105610561056096e+01
7.629516129032258220e+01
7.561666666666666003e+01
7.647898338220919356e+01
7.653160919540229656e+01
7.699962406015038141e+01
7.698745874587459070e+01
7.619651086240948246e+01
7.615606060606060623e+01
7.645575495049504866e+01
7.695095457537853179e+01
7.758787878787879322e+01
7.753266666666667106e+01
7.745099999999999341e+01
7.685387096774194049e+01
7.655563455385708949e+01
7.600575757575757052e+01
7.608454545454544871e+01
7.785151515151514445e+01
7.663636363636364024e+01
7.678281699137656346e+01
7.701741935483870805e+01
7.703333333333333144e+01
7.672646048109965022e+01
7.673672205930270707e+01
7.633629576964095520e+01
7.715890508354070221e+01
7.693335787923416547e+01
7.792413793103447972e+01
7.683245556287030809e+01
7.692626728110599288e+01
7.661124999999999829e+01
7.618285891089108475e+01
7.688367546432063193e+01
7.671774193548387188e+01
7.687261356155364922e+01
7.710899999999999466e+01
7.749808429118773745e+01
7.647468750000000171e+01
7.657062500000000682e+01
7.621163366336634226e+01
7.738639455782312382e+01
7.635656249999999545e+01
7.748239942528735469e+01
7.635593749999999602e+01
7.633374999999999488e+01
7.640593749999999318e+01
7.699967741935483900e+01
7.826269568537610155e+01
7.703170553935859743e+01
7.716567656765676020e+01
7.681806451612902720e+01
7.614502164502164305e+01
7.691310751104565213e+01
7.625875000000000625e+01
7.641924398625430115e+01
7.607755102040816553e+01
7.554605460546054019e+01
7.538283828382837726e+01
7.616243811881187753e+01
7.621496212121212466e+01
7.629718750000000682e+01
7.576735395189002986e+01
7.630500000000000682e+01
7.622499999999999432e+01
7.624875000000000114e+01
7.814624060150376295e+01
7.649226485148514598e+01
7.681283934845097860e+01
7.716642120765831692e+01
7.667893961708394102e+01
7.659468085106382773e+01
7.698697916666667140e+01
7.683010057471264531e+01
7.636580163526484455e+01
7.683469605403483627e+01
7.589690721649483862e+01
7.696089584073942547e+01
7.754658840792369290e+01
7.815856481481480955e+01
7.586151202749141476e+01
7.657725947521865351e+01
7.588797250859106214e+01
7.600962199312715484e+01
7.608945793149318604e+01
7.677356406480117812e+01
7.683026509572901830e+01
7.586428571428571388e+01
7.579115646258503602e+01
7.735668103448276156e+01
7.670316388197653623e+01
7.666690366157128267e+01
7.608969072164948955e+01
7.610859106529210294e+01
7.702356406480117812e+01
7.664273018130110415e+01
7.627040816326530148e+01
7.643472222222222001e+01
7.709901738473166688e+01
7.612096219931271435e+01
7.674262353359402766e+01
7.688070692194403932e+01
7.621374570446735675e+01
7.618419243986254230e+01
7.634660504799147418e+01
7.708035714285713880e+01
7.786428571428571388e+01
7.669036615712762739e+01
7.666228226093139142e+01
7.660272988505747094e+01
7.693777614138438992e+01
7.675328830430146354e+01
7.658163265306122014e+01
7.570473996050033350e+01
7.652076002814919775e+01
7.684073942410238089e+01
7.661564625850340349e+01
7.672783505154639272e+01
7.665943832207607045e+01
7.664059722715961698e+01
7.711312056737588705e+01
7.661606825453252156e+01
7.729086892488953708e+01
7.625879843583362572e+01
7.628430682617874936e+01
7.607285714285714562e+01
7.586088435374149697e+01
7.660313411078716683e+01
7.633416281549946802e+01
7.606650246305419216e+01
7.583072100313479780e+01
7.509333333333333371e+01
7.588034482758621380e+01
7.617310495626821876e+01
7.534689655172414291e+01
7.657025089605734536e+01
7.490673400673401261e+01
7.542551724137931046e+01
7.741529235382309082e+01
7.709433229813664923e+01
7.630105263157894058e+01
7.513265993265993359e+01
7.558189033189033523e+01
7.621875000000000000e+01
7.614595469255662863e+01
7.605922330097087070e+01
7.545471464019851737e+01
7.564516129032257652e+01
7.551983173076922640e+01
7.595891661594643551e+01
7.547893081761006329e+01
7.674318822424052655e+01
7.541570512820513272e+01
7.485527912621358837e+01
7.471662621359223522e+01
7.512245537112433169e+01
7.507485123708111985e+01
7.572643896268183994e+01
7.578499999999999659e+01
7.469934640522875213e+01
7.436310679611651153e+01
7.330097087378641163e+01
7.253003640776698546e+01
7.260800970873786753e+01
7.094410915770139070e+01
7.288461538461538680e+01
7.229322638146167890e+01
7.229524886877828749e+01
7.343493761140820197e+01
7.336863783465724964e+01
7.280056022408963656e+01
7.318240093240093813e+01
7.462653186274509665e+01
7.390073529411765207e+01
7.392560553633218490e+01
7.374985722444317560e+01
7.462312500000000171e+01
7.395057369814651338e+01
7.298940864960282227e+01
7.309999999999999432e+01
7.344101206237128565e+01
7.236566742081447501e+01
7.275116550116550229e+01
7.325252525252524549e+01
7.092556390977443925e+01
7.369062049062048914e+01
7.393210955710955545e+01
7.303662597114318089e+01
7.353312392918331852e+01
7.456158088235294201e+01
7.369276927692769164e+01
7.237116402116402014e+01
7.348501131221719618e+01
7.236726768377253904e+01
7.349910873440285286e+01
7.207398504273504614e+01
7.328280542986425417e+01
7.302695417789757926e+01
7.475810885101704173e+01
7.483137254901960489e+01
7.466002886002885930e+01
7.516838592233010274e+01
7.460618932038835283e+01
7.492389602254932868e+01
7.490164452877925783e+01
7.395292733156810527e+01
7.246054605460545872e+01
7.012000000000000455e+01
7.081914008321774645e+01
6.972387238723872827e+01
6.885750000000000171e+01
6.887154592979835854e+01
7.412716262975779102e+01
7.627604303332458358e+01
7.608598901098901024e+01
7.539245395127747429e+01
7.486125965537729599e+01
7.549959183673469454e+01
7.519463869463869798e+01
7.481467732724158282e+01
7.260216021602160197e+01
6.932225274725274744e+01
7.081419683257918507e+01
6.977076591154261109e+01
7.062649914334666335e+01
6.913051470588234793e+01
7.009137635636778896e+01
6.730528052805280481e+01
6.746974789915965687e+01
7.038319327731092301e+01
6.907658707047175994e+01
6.513118811881187753e+01
6.664173669467787420e+01
6.639742857142857702e+01
6.639053905390538546e+01
6.651310425160163220e+01
6.364866863905325545e+01
6.443464052287581012e+01
6.522044263249854623e+01
6.854529411764706026e+01
6.601742919389978681e+01
6.483921568627451393e+01
6.666045428072219181e+01
6.584232026143790506e+01
6.777017701770176927e+01
6.760253015592822123e+01
6.904453781512604849e+01
6.576274509803921831e+01
6.455644937586684762e+01
6.609644939056703095e+01
7.141580041580041893e+01
7.418425155925156389e+01
7.345530145530145205e+01
7.435608223872073097e+01
7.342440460262243107e+01
7.306089743589743080e+01
7.353934593765968941e+01
7.372482662968100442e+01
7.293282602991341435e+01
7.378347338935574840e+01
7.417609444171175426e+01
7.432972972972973480e+01
7.508082120582120922e+01
7.564894179894180581e+01
7.508217687074829882e+01
7.412492997198879152e+01
7.307800780078007108e+01
7.342306560753162614e+01
6.769351291918636093e+01
6.740628604382929723e+01
6.616349480968858643e+01
6.652911467617350638e+01
6.766391509433962881e+01
6.611107938320959931e+01
6.250545823813150292e+01
6.101337701337700992e+01
6.307256410256410106e+01
6.236963696369637233e+01
7.102849984340745948e+01
7.227601809954751388e+01
7.309780219780219568e+01
7.297830687830688134e+01
6.901659871869540552e+01
6.748545224541429377e+01
6.811912128712870640e+01
6.356256410256410305e+01
6.415064935064934559e+01
6.486239067055393548e+01
6.585286028602860142e+01
6.476999999999999602e+01
6.485307692307692662e+01
6.479336219336219926e+01
6.540186371578334956e+01
6.725533108866441978e+01
6.697777061855670411e+01
6.893226381461676056e+01
6.764944178628388727e+01
7.169557823129251517e+01
6.976948464077176482e+01
6.736090225563910394e+01
6.605714285714286405e+01
6.768836805555555713e+01
6.616075514874141561e+01
6.627722152690863311e+01
6.582352941176471006e+01
6.661863354037267015e+01
6.666335403726708364e+01
6.482500682500682387e+01
6.735252192982456165e+01
6.581648284313725128e+01
6.690707133917396732e+01
6.623762077294685469e+01
6.585007974481658266e+01
6.615531914893617227e+01
6.761306990881459456e+01
6.660350877192982466e+01
6.608154761904762609e+01
6.834967320261438317e+01
6.814393939393939092e+01
6.926560624249700027e+01
6.715510204081633105e+01
6.577551020408162685e+01
6.734432989690721172e+01
6.738060741153525157e+01
6.714404352806414522e+01
6.819308999721370412e+01
6.882323232323231821e+01
6.546828571428571308e+01
6.817697704081632537e+01
6.589621621621621728e+01
6.822448979591837315e+01
6.703001200480191812e+01
6.806217783505154273e+01
6.572959183673469852e+01
6.660995370370370949e+01
6.491209103840682815e+01
6.553143669985774977e+01
6.532841435185184764e+01
6.547368421052631504e+01
6.588396990740740478e+01
7.063638888888888800e+01
6.640656785818076457e+01
6.897681083897863630e+01
7.087208991169387673e+01
7.057060969254820293e+01
6.551515151515151558e+01
7.019959778783308479e+01
7.026289989680083181e+01
6.975122549019607732e+01
7.033764914953033554e+01
6.919114411441144341e+01
6.987255648641787786e+01
6.774584555229716898e+01
7.065034965034965353e+01
7.024020959735246095e+01
7.069461538461538908e+01
7.014721208963001686e+01
6.883678824455523682e+01
6.986724960254372263e+01
6.990741236285791160e+01
6.977388888888889085e+01
6.944401444788441324e+01
7.049719025956649432e+01
6.943498452012383382e+01
7.018150503444621791e+01
6.900894736842104749e+01
6.894298245614035636e+01
6.947523219814242168e+01
6.860265763418446738e+01
6.922906074391222830e+01
6.907131578947368666e+01
6.902324987225344444e+01
7.069280875455966395e+01
7.033513931888545301e+01
7.066500000000000625e+01
6.993034055727554232e+01
7.100783783783784031e+01
7.086867905056759298e+01
7.036992780682101056e+01
6.931347410759175887e+01
6.883797729618163430e+01
6.961184210526316463e+01
6.931563845050214923e+01
6.957843137254901933e+01
7.014394736842105260e+01
7.074413757165190475e+01
6.944257425742574696e+01
6.862128712871286496e+01
6.961274509803921262e+01
6.913688118811880656e+01
7.123810679611651153e+01
6.999212998222898818e+01
7.055952989269289333e+01
6.976680562793121965e+01
6.900759803921567936e+01
7.029542413700829684e+01
7.060943199583115870e+01
6.870167004048583692e+01
7.102840020844189439e+01
7.033581730769230944e+01
7.042835595776772095e+01
7.074767801857585425e+01
6.999921052631579244e+01
7.003857255313566554e+01
7.073684210526316463e+01
6.981499999999999773e+01
6.987120445344129394e+01
6.747347174163783734e+01
6.613613445378150857e+01
6.744632454923717546e+01
6.632296918767507066e+01
6.749970862470863153e+01
6.674519230769230660e+01
6.719842657342657333e+01
6.600476190476190652e+01
6.664048249485142605e+01
6.964529914529914834e+01
6.632303030303030766e+01
6.706616541353383809e+01
6.703057658707047040e+01
6.804164239953406934e+01
6.919803921568627914e+01
7.044357142857143117e+01
6.649257278669043103e+01
6.756250000000000000e+01
6.954878640776699683e+01
6.641736694677871355e+01
6.760435520361990314e+01
6.607843137254901933e+01
6.740397923875433150e+01
6.708231966053747897e+01
6.715592821418064773e+01
6.681858529819695036e+01
6.658123249299720214e+01
6.847882288228822745e+01
6.871287128712870640e+01
6.850674019607842524e+01
6.828797736916548899e+01
6.679389736477115491e+01
6.700801282051281760e+01
6.631696969696969290e+01
6.734063800277392886e+01
6.677427184466019128e+01
6.732962962962963616e+01
6.727280219780219284e+01
6.726703296703296076e+01
6.656785714285713595e+01
6.727799773755656076e+01
6.684272844272844338e+01
6.718584298584298153e+01
6.791063348416290069e+01
6.805539691604796815e+01
6.625618811881187753e+01
6.775735294117646390e+01
6.573809523809524080e+01
6.482659123055162809e+01
6.608621683967704996e+01
6.537973209085613746e+01
6.714873949579832413e+01
6.559439775910364290e+01
6.575173370319001265e+01
6.558793820558526022e+01
6.817590497737556632e+01
6.640879382055852886e+01
7.051993577736152474e+01
7.258784425451092659e+01
7.235038503850384473e+01
7.196522911051212645e+01
7.131904761904762324e+01
7.448677884615383959e+01
7.408670343137255543e+01
7.453795066413661630e+01
7.422741336633663423e+01
7.420449029126213247e+01
7.236075036075035882e+01
7.232575757575757791e+01
7.230015360983102823e+01
7.241666666666667140e+01
7.243363095238095184e+01
7.101982441234777355e+01
7.273257211538461320e+01
7.182164502164502551e+01
7.313947772657449775e+01
7.162850467289719347e+01
7.258541666666666003e+01
7.339615384615385096e+01
7.252038953134510280e+01
7.277275641025640596e+01
7.319773462783172135e+01
7.256547619047618980e+01
7.287660507359849760e+01
7.305723270440250872e+01
7.287956989247311412e+01
7.282519201228878103e+01
7.217083333333333428e+01
7.253034855769230660e+01
7.296207524271844136e+01
7.236438679245283367e+01
7.128094660194174992e+01
7.201382488479262634e+01
7.105739182692308020e+01
7.271670560747664069e+01
7.287822146700651160e+01
7.092162004662004904e+01
6.966721672167216184e+01
7.160987299305055842e+01
7.216625676340383677e+01
7.130915750915751516e+01
7.056291547958214494e+01
7.095252293577981106e+01
7.058784425451092659e+01
7.126290726817042298e+01
7.095687645687645784e+01
7.027252024291497889e+01
7.046226415094339757e+01
7.001190476190475920e+01
7.075579975579975667e+01
7.074232484912096197e+01
7.008724202626642352e+01
7.088954635108481739e+01
7.080043149946062897e+01
7.044713064713064909e+01
7.060561532406192953e+01
6.987732528908999541e+01
6.944563106796115903e+01
7.079179566563468029e+01
7.088669438669438705e+01
7.071180378129790256e+01
7.072850678733031771e+01
7.115057817998994949e+01
7.042401960784313530e+01
7.086224233283056151e+01
7.042417926003126638e+01
7.052815533980582074e+01
7.064680082559340235e+01
6.981504854368931490e+01
7.049221698113207424e+01
7.158628542510120951e+01
7.111892712550607598e+01
7.106636500754147789e+01
7.099523052464229522e+01
7.023503611971104021e+01
7.004093137254902501e+01
7.134940072954664458e+01
6.880867792661618410e+01
7.067512820512820326e+01
7.097550807712350718e+01
6.826607189713985235e+01
7.050889423076922924e+01
7.013103778096603946e+01
7.007484457197513450e+01
7.094656862745098636e+01
7.093489190548014278e+01
7.071570823998008848e+01
7.116796116504853842e+01
7.187369547765587185e+01
7.100703871292107294e+01
7.114721208963001686e+01
7.106778370144706969e+01
7.124801980198019180e+01
7.006189320388349984e+01
7.069459253617669958e+01
7.078725564864178921e+01
7.045340236686391222e+01
7.035955882352941160e+01
6.997610156833458461e+01
7.008777120315582465e+01
7.041177884615385096e+01
7.054486884491485910e+01
7.091198224852071519e+01
6.987980769230769340e+01
7.113851181498240805e+01
6.999891891891891760e+01
7.103070175438595868e+01
6.990582524271844989e+01
