6.784229860928890332e+01
6.633258145363409142e+01
6.754627594627594078e+01
6.661422018348623908e+01
6.767383177570093267e+01
6.818185941043084597e+01
6.836108299595142057e+01
6.719519230769230944e+01
6.851658653846153868e+01
6.735945815191098518e+01
6.940619260036736193e+01
7.056840247131509614e+01
6.865964912280701071e+01
6.838572553135659859e+01
6.814440154440154629e+01
6.901947115384615472e+01
7.024185463659148354e+01
6.836768732885238364e+01
6.830617408906883270e+01
6.716682006442705699e+01
6.884829059829060327e+01
6.875989974937343163e+01
6.978564128768523744e+01
6.898780184217076794e+01
6.898684839789574141e+01
6.811690283400810131e+01
6.703125000000000000e+01
6.792285714285713993e+01
6.754006968641114383e+01
6.729511834319526997e+01
6.728922305764410794e+01
6.669324045407637414e+01
6.674822874493926861e+01
6.677064220183486043e+01
6.769548872180450871e+01
6.795769798327594913e+01
6.923649489668906654e+01
7.081025641025641448e+01
7.241442715700141264e+01
7.294175317185697338e+01
7.148529411764705799e+01
7.176380628717078025e+01
7.386286407766989726e+01
7.297896634615383959e+01
7.206707855251544004e+01
7.096765734265734693e+01
7.111944689614593074e+01
7.195051675540244673e+01
7.091709548313322387e+01
7.089472087378641163e+01
7.169370497964297329e+01
7.046116504854369111e+01
6.927926898914905962e+01
6.687278444825614088e+01
6.755018028846153300e+01
6.776602564102563520e+01
6.560424328147099970e+01
6.616218487394958458e+01
6.657843137254901933e+01
6.610746606334841147e+01
6.548664529914529453e+01
6.626456043956044084e+01
6.659206349206348818e+01
6.708600427350427253e+01
6.638198198198197986e+01
6.722035256410256920e+01
6.643758043758043641e+01
6.718998951781971130e+01
6.665585585585586159e+01
6.634803671596124275e+01
6.759794079794079380e+01
6.818856837606837473e+01
6.834398868458274023e+01
6.893585434173670023e+01
7.020859076198881610e+01
7.117457932692308020e+01
7.095395127748068376e+01
7.042502883506344347e+01
7.137310606060606233e+01
7.110843749999999375e+01
7.146451612903226192e+01
6.982809822958309098e+01
7.034272727272727366e+01
7.109056122448978954e+01
7.056727272727272293e+01
7.051065106510651503e+01
7.071458333333333712e+01
7.015034722222222285e+01
7.114062500000000000e+01
7.095520833333333144e+01
7.152806451612903516e+01
7.032889923511805819e+01
7.074534739454094279e+01
7.167966666666666242e+01
7.055303030303029743e+01
7.019454545454544814e+01
7.059465946594659158e+01
7.151806451612903004e+01
7.146957928802588356e+01
7.148647734956051636e+01
7.133915857605178701e+01
7.121270058040286699e+01
7.111130078525093268e+01
7.116353704335951136e+01
7.020354838709677381e+01
7.059516129032257936e+01
7.078559235233868208e+01
7.074564697849095296e+01
7.098987982289689569e+01
7.088823529411764923e+01
7.083039215686274304e+01
7.064068987543915057e+01
7.128283828382838294e+01
7.091108857336037374e+01
7.087065455684309256e+01
6.992287581699346788e+01
7.094521452145214369e+01
7.055956563398275705e+01
7.074521452145214084e+01
7.060882352941176521e+01
7.011803751803752505e+01
7.104313725490196418e+01
7.063363095238095468e+01
7.065299091763232298e+01
7.101568627450980387e+01
7.119411764705881751e+01
7.123986928104575611e+01
7.136270627062705785e+01
7.071319067390609803e+01
7.115544554455445336e+01
7.140000000000000568e+01
7.049354838709678006e+01
7.105033333333332735e+01
7.120827439886845411e+01
7.107244862417276465e+01
7.076397306397306863e+01
7.032942326490713469e+01
6.983548387096773524e+01
7.108022519352569191e+01
6.986709677419354136e+01
6.979193548387097223e+01
6.958013613861386659e+01
6.997458455522971121e+01
6.942003676470588402e+01
7.047079037800686763e+01
6.983870967741935942e+01
7.012211221122112192e+01
7.007458745874588146e+01
7.058921568627451393e+01
7.071218846022533455e+01
7.066206896551723560e+01
7.000193548387096598e+01
7.115417256011315317e+01
6.996422868093260661e+01
7.020231023102310530e+01
6.980363036303630508e+01
6.989204726924305078e+01
7.029405940594060098e+01
7.039019607843137294e+01
7.057391601229087996e+01
7.032614379084967027e+01
7.059178571428572013e+01
6.954494047619047592e+01
7.075907590759075561e+01
7.136292249914646391e+01
7.134004779788322992e+01
7.082277227722772750e+01
7.062614379084966743e+01
7.056148195464707840e+01
7.041848184818482537e+01
7.089471947194719803e+01
7.108184818481848311e+01
7.021339869281045765e+01
7.073517241379310860e+01
7.127170868347339194e+01
7.097679738562091245e+01
7.096928104575162877e+01
7.215142857142856769e+01
7.130673400673400408e+01
7.081338742393509733e+01
7.105462615227040146e+01
7.066336633663365774e+01
7.099965858654830697e+01
7.094624746450304542e+01
7.127381358825537916e+01
7.086133333333333439e+01
7.082399999999999807e+01
7.153965517241378791e+01
7.114208754208753760e+01
7.108888888888888857e+01
7.116870748299319871e+01
7.061400000000000432e+01
7.098181818181818414e+01
7.124482758620689538e+01
7.128724137931034477e+01
7.083102310231022614e+01
7.058833333333333826e+01
6.989338235294117396e+01
7.004255952380952976e+01
6.996753640776698546e+01
7.062663685723410367e+01
7.051806451612903004e+01
7.088580858085808245e+01
7.047071719386157440e+01
6.990563118811881793e+01
7.010421836228287873e+01
7.059160663952395964e+01
7.042436580018791403e+01
7.022640931372548323e+01
7.046993464052287948e+01
7.029136904761904248e+01
7.016892688679244827e+01
7.069514563106795890e+01
6.974180825242719095e+01
6.998542183622828361e+01
7.065974842767295172e+01
7.062442244224422438e+01
7.003815136476427483e+01
7.001333746898262689e+01
6.997476844458638823e+01
7.002977346278316872e+01
6.944260817307691980e+01
6.966532258064516725e+01
6.971155652990917417e+01
6.964799528301887221e+01
6.989578023222883019e+01
7.007790626902009024e+01
7.126977687626775548e+01
7.025071862024911695e+01
7.095165652467883888e+01
6.963149752475247567e+01
7.078674255105457291e+01
7.084455445544554664e+01
7.043407453805198770e+01
7.034600000000000364e+01
7.012258064516129252e+01
6.975630788885339939e+01
7.016700000000000159e+01
7.019700000000000273e+01
7.055670103092784018e+01
6.965377917102054539e+01
6.997440455030216810e+01
6.901666666666666572e+01
6.999644507643085944e+01
7.051830065359477828e+01
7.042679738562091529e+01
6.980279126213592633e+01
6.998346235045742958e+01
6.942244897959183447e+01
7.065841584158415856e+01
7.012448979591836462e+01
7.039936664320900661e+01
7.097689299680057218e+01
7.011446853892641684e+01
7.052024035420619441e+01
7.040122126436781969e+01
6.970748299319727437e+01
7.075431034482758719e+01
7.006151202749140339e+01
7.053462009803921262e+01
7.110341555977230144e+01
7.129836309523810201e+01
7.088588695343050006e+01
7.094276573053679158e+01
7.128311011904762040e+01
7.037156931738212506e+01
7.018333333333333712e+01
7.114539637397795957e+01
7.119293078055964941e+01
7.072804834696053433e+01
7.060824742268040666e+01
7.073195876288659178e+01
7.060611446853891948e+01
6.978148148148147811e+01
7.007789115646258438e+01
7.009183673469387088e+01
7.062955326460480876e+01
7.071924398625429831e+01
7.041855670103092280e+01
7.068752221827230642e+01
6.993129251700680982e+01
7.022467116956985933e+01
7.028571428571429180e+01
7.033594027728403830e+01
6.931000000000000227e+01
7.093221574344023850e+01
6.992721088435374099e+01
6.963737373737373559e+01
6.962929292929293013e+01
7.064507140369209992e+01
7.092784256559767186e+01
7.088192419825072932e+01
7.107989690721649367e+01
7.052533427163969293e+01
7.126251840942562410e+01
6.915033333333333587e+01
7.021839080459770344e+01
7.090437255599005084e+01
6.999455782312925578e+01
7.084464984002843835e+01
7.018841107871719487e+01
7.078883753999288331e+01
6.981277020285999413e+01
7.046481351161153839e+01
7.017839549612948247e+01
6.911326530612244312e+01
7.096100583090378677e+01
7.141996370235933966e+01
6.990639730639730942e+01
7.048524706718805533e+01
7.029850226401950408e+01
6.963956550362080122e+01
7.048275862068965125e+01
7.134094256259204769e+01
7.079885057471264531e+01
7.180617559523810201e+01
6.939784946236558483e+01
7.029761904761905100e+01
7.138802177858438824e+01
7.170397643593520343e+01
7.102517006802720800e+01
7.097262708851759783e+01
7.069321009598293415e+01
7.132288629737608687e+01
7.161192930780559607e+01
7.107003199431211726e+01
7.120654105936722544e+01
7.175368188512518941e+01
7.137826541274817771e+01
7.143586005830903218e+01
7.128608247422680222e+01
7.134339080459770344e+01
7.075538793103447688e+01
7.131500572737685673e+01
7.159933035714286120e+01
7.156296023564064512e+01
7.094683908045976750e+01
7.256914893617020823e+01
7.161450662739322581e+01
7.033402995471961106e+01
7.140169366715758770e+01
7.131716954022988375e+01
7.119403534609719486e+01
7.123564064801178120e+01
7.120066273932253864e+01
7.111377025036819077e+01
7.227185948835433749e+01
6.880066666666667174e+01
7.111045655375552599e+01
7.117739068610025299e+01
7.164869281045751848e+01
6.841451209341117590e+01
6.899334490740740478e+01
6.890740740740740478e+01
6.885687830687830058e+01
6.888975694444444287e+01
6.782379924446843233e+01
6.856414613423959281e+01
6.914003537735848681e+01
6.847841338370210451e+01
6.879983319432861322e+01
6.968981481481480955e+01
6.604178119846069706e+01
6.556849132176235173e+01
6.729679144385026746e+01
6.758229897463571945e+01
6.799221573533499452e+01
6.919008264462810587e+01
6.650944414463032217e+01
6.958281786941580549e+01
6.954147196261682495e+01
6.879797979797979224e+01
6.838877887788778764e+01
6.980471380471379916e+01
6.891516129032258675e+01
6.694349747474747403e+01
6.479522497704316208e+01
6.493941326530612912e+01
6.364707682889500973e+01
6.463046949856276058e+01
6.551547070441080223e+01
6.413498622589531806e+01
6.389529411764706168e+01
6.451870967741935203e+01
6.405370537053705959e+01
6.550337009803921262e+01
6.778846153846153300e+01
6.767422969187674653e+01
6.840709180868608996e+01
6.917500926955877105e+01
6.558349146110056438e+01
6.622182994998529182e+01
6.692870145631067658e+01
6.771741452991453514e+01
6.785718571857185566e+01
6.884935483870967232e+01
6.831674208144796978e+01
6.739302191464821590e+01
6.831400832177531868e+01
6.923826500297089126e+01
6.862184873949580322e+01
6.721923076923076223e+01
6.679746494066881723e+01
6.838770053475936095e+01
6.700663206459054777e+01
6.706580366774541346e+01
6.762658592848904959e+01
6.705406162464986153e+01
6.723817762399077935e+01
6.712343966712899146e+01
6.751159502262443368e+01
6.683899676375403942e+01
6.631808278867102047e+01
6.643803418803419447e+01
6.681176470588235361e+01
6.599896049896049988e+01
6.668456196581196593e+01
6.679476806903991815e+01
6.919852941176471006e+01
6.997175480769230660e+01
7.020411663807890079e+01
6.951486830926083371e+01
7.173480148883375307e+01
7.159863339275104011e+01
7.063869463869464482e+01
6.883687500000000625e+01
6.996936026936026565e+01
6.973354838709677495e+01
6.981178451178450928e+01
7.012166666666666970e+01
6.976866666666666106e+01
6.975049504950494850e+01
6.992096774193548470e+01
6.983063973063973151e+01
6.988080808080808026e+01
6.949233333333333462e+01
6.961290322580644840e+01
6.969966666666667265e+01
6.946694346854040703e+01
6.874812500000000171e+01
6.887451612903225850e+01
6.933771043771044162e+01
6.869019482593419923e+01
6.888580645161290761e+01
6.962508250825082712e+01
6.943861386138614478e+01
6.929071969696970257e+01
6.920290322580645181e+01
6.963700000000000045e+01
6.961548387096773638e+01
6.981032258064516327e+01
7.019433333333333280e+01
6.952785923753665998e+01
6.822645812968393386e+01
6.735903225806451644e+01
6.732375000000000398e+01
6.761773989898989612e+01
6.656528465346534063e+01
6.633750000000000568e+01
6.647645161290321880e+01
6.658160322952710430e+01
6.657548387096774434e+01
6.741124999999999545e+01
6.643137254901961342e+01
6.680940594059406124e+01
6.617233009708738223e+01
6.653247549019607732e+01
6.687500000000000000e+01
6.678045157456922709e+01
6.626243932038835283e+01
6.716717233009708821e+01
6.608734402852050493e+01
6.609982174688056489e+01
6.670344218887908028e+01
6.660997596153846700e+01
6.694270833333332860e+01
6.702877925363694089e+01
6.658191747572816155e+01
6.617016317016316407e+01
6.746170343137255543e+01
6.785436893203883812e+01
6.756730769230769340e+01
6.732324660633484825e+01
6.812726244343890869e+01
6.761407766990291179e+01
6.709104567307691980e+01
6.749086236436322395e+01
6.804413062665490486e+01
6.849120145631067658e+01
6.831774051191527519e+01
6.840100029420418082e+01
6.876691967109424297e+01
6.897910906298002942e+01
6.730591630591631258e+01
6.823251748251747983e+01
6.764817606270726458e+01
6.882391826923077360e+01
6.803236245954693118e+01
6.817202669902913215e+01
6.850631009615383959e+01
6.997554347826087451e+01
6.702551020408162685e+01
6.803264604810996730e+01
7.113687600644122710e+01
7.028713659896455113e+01
7.182238152130625508e+01
7.219768403639371002e+01
6.990564320388349984e+01
6.969307860945818334e+01
6.993811274509803866e+01
6.974287503914813158e+01
6.895804195804196013e+01
7.044807692307692548e+01
7.067924528301887221e+01
6.970138888888888573e+01
6.970583012725658989e+01
6.826071428571428612e+01
6.640420711974110191e+01
6.726254694434960868e+01
6.722887085868829615e+01
7.037917933130698600e+01
6.787206896551724356e+01
6.699057239057239599e+01
6.762812960235640958e+01
6.393758169934640279e+01
6.718824404761905100e+01
6.344771241830065378e+01
6.346045751633987209e+01
6.362273813588255678e+01
6.452167975418231549e+01
6.339126213592233228e+01
6.405713319810682549e+01
6.318974358974359262e+01
6.303856209150326606e+01
6.350000000000000000e+01
6.575729166666666003e+01
6.505769887333561030e+01
6.594037356321838672e+01
6.384246112237998716e+01
6.318006535947712621e+01
6.392123056118999358e+01
6.303415559772295751e+01
6.587202275151084052e+01
6.370216362407031596e+01
6.207641716254306630e+01
6.316695254431103734e+01
6.394854202401371879e+01
6.600451388888889426e+01
6.297828477185266394e+01
6.256753812636165435e+01
6.207229246838922165e+01
6.314500141602945149e+01
6.511454904542462430e+01
6.227802441731409289e+01
6.524884792626727403e+01
6.251225490196078738e+01
6.253477633477633191e+01
6.160610225398570350e+01
6.283185349611542847e+01
6.310535259133389729e+01
6.285483870967741638e+01
