6.538898500576701167e+01
6.577699323330391223e+01
6.620343137254901933e+01
6.711974009900990268e+01
6.703094362745098067e+01
6.628246359223301454e+01
6.767062706270627359e+01
6.658095238095238244e+01
6.683933002481388996e+01
6.652360139860140009e+01
6.687237762237762695e+01
6.657546620046619523e+01
6.674575242718447043e+01
6.649941724941724885e+01
6.712965260545905721e+01
6.707766990291261777e+01
6.707736650485436769e+01
6.713986650485436769e+01
6.672415865384616041e+01
6.735555555555555429e+01
6.695358009708738223e+01
6.680739116818038781e+01
6.708602150537635112e+01
6.741434387723144539e+01
6.699120145631067658e+01
6.683118872549019329e+01
6.632538982053544885e+01
6.661824123588829138e+01
6.667432598039215463e+01
6.662469362745098067e+01
6.695109510951094478e+01
6.683612827302147252e+01
6.699969362745098067e+01
6.705698529411765207e+01
6.622918505442777359e+01
6.675697815533980872e+01
6.728489300542958063e+01
6.654159239453356633e+01
6.647088532382649362e+01
6.641206179441473978e+01
6.625337009803921262e+01
6.667806780678067469e+01
6.675562499999999488e+01
6.655805580558055112e+01
6.700433168316831711e+01
6.638501213592232375e+01
6.604963235294117396e+01
6.667248774509803866e+01
6.740366666666666617e+01
6.685199240986717939e+01
6.745766666666666822e+01
6.558252427184466171e+01
6.712159653465346310e+01
6.646967821782178021e+01
6.609650735294117396e+01
6.647091584158415856e+01
6.642202970297029196e+01
6.658639705882353610e+01
6.676392326732673155e+01
6.642283051834594687e+01
6.624752475247524330e+01
6.643229166666667140e+01
6.660576351752821722e+01
6.677167716771677419e+01
6.640879382055852886e+01
6.663246324632463313e+01
6.625668449197860355e+01
6.671687500000000171e+01
6.643007425742574412e+01
6.687212121212121474e+01
6.605882352941176805e+01
6.659557038834951470e+01
6.615567439096851388e+01
6.624443069306930454e+01
6.637023702370237288e+01
6.602757352941176805e+01
6.619726678550208021e+01
6.616310160427806863e+01
6.566608996539792997e+01
6.544382801664355043e+01
6.600057110222729762e+01
6.638973897389739420e+01
6.617738970588234793e+01
6.611111111111111427e+01
6.607189542483659750e+01
6.601812240047533464e+01
6.509921116504854410e+01
6.617757904822740045e+01
6.508646844660194120e+01
6.587745098039215463e+01
6.599405822935234767e+01
6.567566756675667250e+01
6.597593582887699881e+01
6.648450347881087907e+01
6.522444317532838909e+01
6.657491749174917572e+01
6.602165841584158557e+01
6.608384900990098743e+01
6.578462009803921262e+01
6.549876237623762165e+01
6.535637019230769340e+01
6.555120576260570431e+01
6.586856617647059409e+01
6.623651960784313530e+01
6.749009900990098743e+01
6.739092941552219429e+01
6.689826302729528607e+01
6.730501437240498319e+01
6.648468137254901933e+01
6.640512333965844505e+01
6.671893963589907628e+01
6.530214769049720758e+01
6.614246323529411598e+01
6.711497923985946557e+01
6.709389971255190233e+01
6.643901699029126462e+01
6.619730392156863275e+01
6.638057040998216962e+01
6.632416192283365319e+01
6.694908285895003530e+01
6.723858192270840561e+01
6.638383838383838054e+01
6.711417079207920722e+01
6.643285891089108475e+01
6.670710784313725128e+01
6.618716577540106982e+01
6.630986333927509691e+01
6.678400735294117396e+01
6.683792892156863275e+01
6.731161290322580726e+01
6.679442401960784537e+01
6.684861066751835779e+01
6.725490196078430927e+01
6.735049504950495702e+01
6.765212981744421938e+01
6.671017156862744457e+01
6.673908918406071678e+01
6.707377834557649976e+01
6.692357673267326845e+01
6.684917491749175156e+01
6.709477124183005969e+01
6.726897689768976818e+01
6.702516339869281126e+01
6.705261437908497157e+01
6.724433088470136965e+01
6.672457107843136725e+01
6.641648035771319769e+01
6.646720297029702351e+01
6.677830487033523355e+01
6.642156862745098067e+01
6.636033603360336031e+01
6.577270131353512284e+01
6.640671420083184273e+01
6.612444836716682062e+01
6.702265372168284330e+01
6.691056192997940855e+01
6.654951456310679703e+01
6.697329059829060327e+01
6.407582073996873362e+01
6.099462943071965526e+01
6.114773319437206567e+01
6.927859477124182774e+01
0.000000000000000000e+00
8.094008998342410166e+01
0.000000000000000000e+00
0.000000000000000000e+00
0.000000000000000000e+00
0.000000000000000000e+00
8.161370716510903378e+01
8.219474393530997247e+01
7.997235576923077360e+01
8.145315121016055571e+01
7.936071695294995720e+01
8.113821733821734483e+01
7.948797965788257613e+01
7.749447768062586306e+01
6.635544217687075275e+01
6.950947368421053341e+01
7.015758547008546486e+01
7.025104022191401043e+01
6.979999999999999716e+01
7.049208144796379827e+01
6.876980198019802515e+01
