6.227244406683659150e+01
6.295615468409585702e+01
6.376139018691588944e+01
6.458703271028036852e+01
6.563405373831776046e+01
6.565597484276729290e+01
6.432126168224299079e+01
6.358595298782214655e+01
6.338336192109777301e+01
6.372127525252525260e+01
6.543539518900342955e+01
6.665789473684210975e+01
6.345774171737660652e+01
6.364816124469589909e+01
6.356966053748232071e+01
6.570047169811320487e+01
6.534116972477063712e+01
6.581995412844037219e+01
6.556250000000000000e+01
6.583990442054958692e+01
6.519993913572733391e+01
6.486292834890966219e+01
6.546049528301887221e+01
6.611959829580035830e+01
6.629555555555555202e+01
6.694595490716180564e+01
6.517418981481480955e+01
6.589388001205908552e+01
6.495803571428571388e+01
6.494910714285714448e+01
6.549247311827957674e+01
6.492053571428571956e+01
6.497202380952380452e+01
6.536031649421789780e+01
6.543379416282641614e+01
6.577636476426799561e+01
6.481874999999999432e+01
6.528700633102201323e+01
6.506683659020107768e+01
6.453379953379953804e+01
6.505378605769230660e+01
6.550682382133994963e+01
6.552047146401984890e+01
6.421962481962482627e+01
6.541570298234935876e+01
6.565800233644860384e+01
6.676675341574495803e+01
6.634465408805031927e+01
6.599096573208723271e+01
6.599026171637248694e+01
6.580210918114143226e+01
6.578008684863523570e+01
6.572053349875930905e+01
6.498980186480186205e+01
6.582351116625309828e+01
6.584479610468655153e+01
6.539231950844853714e+01
6.513221153846153300e+01
6.573480148883375307e+01
6.580066950699939810e+01
6.478928571428571104e+01
6.493689903846153300e+01
6.530384024577573143e+01
6.521196933962264097e+01
6.525124069478907529e+01
6.608653846153846700e+01
6.555143031040779533e+01
6.531076388888888573e+01
6.519415702982350069e+01
6.498335280373831324e+01
6.514802532408802449e+01
6.533166273584905070e+01
6.574049844236759554e+01
6.510966981132075659e+01
6.470385514018691708e+01
6.596847290640394590e+01
6.605714285714286405e+01
6.513295990566037119e+01
6.553104077906269254e+01
6.564668289713938520e+01
6.576510903426790833e+01
6.569902617163724301e+01
6.592442396313363417e+01
6.585754716981132617e+01
6.575786163522012373e+01
6.534053560559951279e+01
6.580911949685534523e+01
6.635336617405583581e+01
6.551397849462365741e+01
6.563010752688171578e+01
6.579238095238095241e+01
6.544792626728110463e+01
6.555238095238095752e+01
6.572467948717948616e+01
6.465477594339623124e+01
6.474764150943396146e+01
6.435053763440859598e+01
6.218739495798319439e+01
6.331630591630591454e+01
6.332150072150071907e+01
6.347965801886792292e+01
6.275546218487394867e+01
6.234433962264150608e+01
6.297344877344877290e+01
6.324329004329004533e+01
6.253025210084033603e+01
6.278916987355690082e+01
6.312323232323232247e+01
6.284731934731934899e+01
6.335305889079474184e+01
6.322481796116505137e+01
6.334583333333333144e+01
6.247581585081584876e+01
6.169411764705882462e+01
6.283636363636363598e+01
6.275930735930735693e+01
6.190043290043290369e+01
6.224985994397759015e+01
6.253477633477633191e+01
6.227843137254902217e+01
6.342193362193361850e+01
6.294145658263305165e+01
6.301904761904761898e+01
6.328478506787330105e+01
6.350937950937950660e+01
6.190053908355795187e+01
6.321326472269868191e+01
6.325059523809523654e+01
6.211428571428571388e+01
6.305062217194570451e+01
6.309548313321898405e+01
6.334762721555174636e+01
6.274199134199134420e+01
6.314345238095238244e+01
6.231381118881118653e+01
6.332532875929102545e+01
6.314553571428571388e+01
6.344511149228130620e+01
6.296210407239819062e+01
6.392582972582972900e+01
6.457589285714286120e+01
6.478932178932178942e+01
6.458245920745920898e+01
6.513947772657449775e+01
6.419318181818181301e+01
6.393217893217893533e+01
6.385016648168701181e+01
6.443809523809524364e+01
6.495411255411255524e+01
6.486753246753247026e+01
6.463009049773755521e+01
6.429242081447964097e+01
6.418010291595197714e+01
6.449552669552669215e+01
6.453223981900453055e+01
6.345782463928967587e+01
6.468455988455988859e+01
6.386623303167420573e+01
6.380627828054298334e+01
6.428704751131222395e+01
6.465283907031479771e+01
6.386601941747572653e+01
6.400628212450028798e+01
6.366911564625850417e+01
6.388282828282828518e+01
6.450509049773755521e+01
6.378506787330316996e+01
6.434965034965034647e+01
6.472992056487201751e+01
6.466343042071197544e+01
6.481010101010100755e+01
6.436800699300698625e+01
6.424504662004662237e+01
6.575369309617123292e+01
6.625045648204503834e+01
6.584465144230769340e+01
6.611160714285713880e+01
6.547363523573200439e+01
6.543992718446601486e+01
6.516458333333333997e+01
6.487589285714285836e+01
6.507437782805429549e+01
6.514242788461538680e+01
6.500058840835539797e+01
6.487062937062937351e+01
6.440526018099546945e+01
6.532679738562092098e+01
6.516769638128860720e+01
6.512500000000000000e+01
6.502738927738927543e+01
6.524328954882923881e+01
6.553549757281552957e+01
6.529144385026738462e+01
6.511586452762922761e+01
6.518061806180618589e+01
6.435294117647059409e+01
6.412974404236540238e+01
6.519964349376114399e+01
6.552904290429043499e+01
6.367656033287101280e+01
6.454035194174757351e+01
6.453125000000000000e+01
6.433689839572193137e+01
6.510386029411765207e+01
6.572555693069307381e+01
6.608104575163399375e+01
6.597572660491856311e+01
6.582261029411765207e+01
6.594669117647059409e+01
6.600294204177698987e+01
6.626500297088531966e+01
6.632675970873786753e+01
6.556624785836665126e+01
6.651396316102199080e+01
6.654712207463630591e+01
6.657675970873786753e+01
6.635018382352940591e+01
6.629916815210933123e+01
6.606737275669314613e+01
6.601353339217416760e+01
6.610444248308326110e+01
6.621330956625074293e+01
6.566548984995587546e+01
6.562047661076786653e+01
6.580906148867313732e+01
6.573727566931449928e+01
6.659375000000000000e+01
