6.448576850094876534e+01
6.442540116080573398e+01
6.322091503267974133e+01
6.204647435897435770e+01
6.219605386783589296e+01
6.243542934415145140e+01
6.067152605459057213e+01
5.984278108362042303e+01
5.926339869281045480e+01
5.792566747572815444e+01
5.797027197975964441e+01
5.732727842154713471e+01
5.719417475728155154e+01
5.717833333333333456e+01
5.660594059405940470e+01
5.612810457516339824e+01
5.631941808981657260e+01
5.642941176470588260e+01
5.657986798679868201e+01
5.636872652782519566e+01
5.584851485148514882e+01
5.612373225152129663e+01
5.574320050600885423e+01
5.615330565314595646e+01
5.576691967109424297e+01
5.571537001897533514e+01
5.565490196078431495e+01
5.566045751633986782e+01
5.578273244781783546e+01
5.586831683168316687e+01
5.573861386138614193e+01
5.549084967320261086e+01
5.605589268604279596e+01
5.605844778026190056e+01
5.572242647058823195e+01
5.615214521452145391e+01
5.599411764705882177e+01
5.642551724137931046e+01
5.581715210355987011e+01
5.643818770226537396e+01
5.623202614379084707e+01
5.616960784313725696e+01
5.589741100323624323e+01
5.564927261227071398e+01
5.586783589101158753e+01
5.528786057692308020e+01
5.577231443783276177e+01
5.553689320388349415e+01
5.505676178660049658e+01
5.586025641025641164e+01
5.558502975258377887e+01
5.448347355769230660e+01
5.532071960297766822e+01
5.545210355987055095e+01
5.496246898263026992e+01
5.566563275434243252e+01
5.545407066052227663e+01
5.525714285714285978e+01
5.566457876605073807e+01
5.524613095238095184e+01
5.607661290322580783e+01
5.570440446650123789e+01
5.528946608946608876e+01
5.616556490384615330e+01
5.602574441687345086e+01
5.592152605459057213e+01
5.571510922330097060e+01
5.533713942307691980e+01
5.529714621947631770e+01
5.594262820512820866e+01
5.529136904761904958e+01
5.540446428571428328e+01
5.548418114143920832e+01
5.532657450076804651e+01
5.528862028301886511e+01
5.587002818665831683e+01
5.568083126550868656e+01
5.554218362282878729e+01
5.562682038834951470e+01
5.546122828784118752e+01
5.520706605222733998e+01
5.580739116818039491e+01
5.487535734705546275e+01
5.573418114143920832e+01
5.534375000000000000e+01
5.547746394230769340e+01
5.516357752280082138e+01
5.565942928039702053e+01
5.484702797202797342e+01
5.483828671328671334e+01
5.551790048543688982e+01
5.578126984126983956e+01
5.466895368782161313e+01
5.466130952380952124e+01
5.455831903945111350e+01
5.478786057692308020e+01
5.448688811188811343e+01
5.445938375350139893e+01
5.508343446601941906e+01
5.530218446601941906e+01
5.475141402714932326e+01
5.517278554778555133e+01
5.534675480769230660e+01
5.547085336538461320e+01
5.516646634615384670e+01
5.532604895104895348e+01
5.530419580419580683e+01
5.521561771561771792e+01
5.533741258741258662e+01
5.547115384615384670e+01
5.516071428571428470e+01
5.518930288461538680e+01
5.525691105769230660e+01
5.546965144230769340e+01
5.568083126550868656e+01
5.571705069124423915e+01
5.553245192307691980e+01
5.589062980030721661e+01
5.581812596006144389e+01
5.605738213399503422e+01
5.503520923520923702e+01
5.599255583126550562e+01
5.598697270471463838e+01
5.568179086538461320e+01
5.582372572815533829e+01
5.587259615384615330e+01
5.641715210355987153e+01
5.541676682692308020e+01
5.538972355769230660e+01
5.561165048543688982e+01
5.514025974025974364e+01
5.580488568744127775e+01
5.526339285714285410e+01
5.547178398058252213e+01
5.547776442307691980e+01
5.551160714285714448e+01
5.606668734491314865e+01
5.567578125000000000e+01
5.590875576036866335e+01
5.568389423076923350e+01
5.609987593052109389e+01
5.586298003072196394e+01
5.593391794550579732e+01
5.580112746633260201e+01
5.596634304207119470e+01
5.520115291262136026e+01
5.552879901960784537e+01
5.491887019230769340e+01
5.525922619047619122e+01
5.496212121212121104e+01
5.532232142857142776e+01
5.460547785547785793e+01
5.489917452830188438e+01
5.505552109181141418e+01
5.402821601941747787e+01
5.453352308665401438e+01
5.333373786407766914e+01
5.327396844660194120e+01
5.336078922643282141e+01
5.303125000000000000e+01
5.398349514563106766e+01
5.340018203883494863e+01
5.371510922330097060e+01
5.306233766233766147e+01
5.375849514563106624e+01
5.325466200466200206e+01
5.344801682692308020e+01
5.259697802197802474e+01
5.350631009615384670e+01
5.345449029126213247e+01
5.305448717948718240e+01
5.330565268065267759e+01
5.313448773448773466e+01
5.350667475728155154e+01
5.317893217893217894e+01
5.362101715686274161e+01
5.355486907914092143e+01
5.390264423076923350e+01
5.264957983193277613e+01
5.347512135922330145e+01
5.274201680672268822e+01
5.357175528873641923e+01
5.401290322580645409e+01
5.436104218362282836e+01
5.348102383053839048e+01
5.348368298368298213e+01
5.382752403846154010e+01
5.350420673076923350e+01
5.376412259615384670e+01
5.377824519230769340e+01
5.353154761904762182e+01
5.345952380952380878e+01
5.348630536130536228e+01
5.375119047619047308e+01
5.387711213517665243e+01
5.413601190476190794e+01
5.327030812324930054e+01
5.379236778846154010e+01
5.359265734265733983e+01
5.401502403846154010e+01
5.357430069930070005e+01
5.420833333333333570e+01
5.396351868196528301e+01
5.397671568627450966e+01
5.368036130536130202e+01
5.347598627787306924e+01
5.368239182692308020e+01
5.300707013574660920e+01
5.418951612903225623e+01
5.349926448955574898e+01
5.301125541125541218e+01
5.336363636363636687e+01
5.335082417582417236e+01
5.420006203473945305e+01
5.396875000000000000e+01
5.285714285714285410e+01
5.384675480769230660e+01
5.361076787290379286e+01
5.369405594405594684e+01
5.291204751131221684e+01
5.380108173076923350e+01
5.415412621359223522e+01
5.406513647642680098e+01
5.416171116504854410e+01
5.305175339366515885e+01
5.386027644230769340e+01
5.325050505050504768e+01
5.279747899159664115e+01
5.335495283018867951e+01
5.290672268907562881e+01
5.366904761904761756e+01
5.366071428571428470e+01
5.360386904761904958e+01
5.371784855769230660e+01
5.319249639249639472e+01
5.311341991341991076e+01
5.347749338040600264e+01
5.336130536130536228e+01
5.301216063348416441e+01
5.355031446540880324e+01
5.329494949494949196e+01
5.410126201923076650e+01
5.459150124069478949e+01
5.459755715627935757e+01
5.361538461538461320e+01
5.428731796116505137e+01
5.326464646464646790e+01
