6.627946017116524047e+01
6.655387205387205540e+01
6.620422979797979224e+01
6.646619897959183731e+01
6.570507050705070640e+01
6.636032258064516043e+01
6.582375000000000398e+01
6.619580645161290988e+01
6.579987373737374412e+01
6.570545454545454334e+01
6.551147842056933257e+01
6.651205936920221973e+01
6.592363636363636203e+01
6.612720959595959869e+01
6.613604797979797922e+01
6.640529336734694255e+01
6.588281250000000000e+01
6.642538265306122014e+01
6.595928030303029743e+01
6.592151515151515184e+01
6.627093750000000227e+01
6.677641752577319778e+01
6.648832070707071296e+01
6.702704463994786011e+01
6.635124999999999318e+01
6.711436950146627112e+01
6.704887585532746641e+01
6.667193548387096769e+01
6.642359074617138504e+01
6.671899999999999409e+01
6.657007575757575069e+01
6.706516780710329328e+01
6.679966666666666697e+01
6.680903225806451928e+01
6.672166666666666401e+01
6.678843750000000057e+01
6.693450635386119529e+01
6.630124999999999602e+01
6.695248724489795222e+01
6.711371782339524827e+01
6.627008928571429180e+01
6.693844634628044332e+01
6.699290322580645807e+01
6.705451612903225111e+01
6.705741935483871430e+01
6.635241336633663423e+01
6.650000000000000000e+01
6.714833333333332632e+01
6.640625000000000000e+01
6.688106875203649793e+01
6.662258064516129252e+01
6.512091503267973280e+01
6.645486111111111427e+01
6.522575757575756938e+01
6.521090909090908383e+01
6.631085043988269945e+01
6.600124999999999886e+01
6.560562500000000341e+01
6.508060606060605835e+01
6.537818181818181529e+01
6.549062499999999432e+01
6.524288366336634226e+01
6.607461713913326662e+01
6.605311176278918595e+01
6.647512755102040671e+01
6.641677419354839174e+01
6.600094696969696884e+01
6.594516129032257368e+01
6.647354838709676983e+01
6.626425545780384141e+01
