8.076064516129032711e+01
8.084161290322580840e+01
7.978650990099009732e+01
8.125300000000000011e+01
8.069449838187702539e+01
7.945000000000000284e+01
8.045032679738561399e+01
7.992977346278317441e+01
8.001213669754072555e+01
8.009517725966145463e+01
8.026828489300542913e+01
8.000525990099009732e+01
8.057109940750493138e+01
7.986437499999999545e+01
7.919636363636364251e+01
7.933446782178218371e+01
7.929342934293428868e+01
7.921275252525252597e+01
7.961181818181817960e+01
7.974936868686869218e+01
7.957453321089684550e+01
7.956593750000000398e+01
7.969454656862744457e+01
7.974040841584158557e+01
8.008001265022137716e+01
8.051797385620915293e+01
7.929282928292829524e+01
8.012527403695584383e+01
8.064326375711574713e+01
7.997702205882353610e+01
7.955754950495050082e+01
8.004048070841240303e+01
7.948363636363636431e+01
7.942575757575757223e+01
7.944295900178252623e+01
8.007750000000000057e+01
8.037221534653465937e+01
8.022957920792079278e+01
8.030167079207920722e+01
8.051387096774193708e+01
8.084541679974448414e+01
7.992656250000000284e+01
8.025372168284789609e+01
7.992340686274509665e+01
7.988419117647059409e+01
8.004319852941176805e+01
7.984243176178659951e+01
8.038284789644012562e+01
8.022926980198019464e+01
8.078039215686274588e+01
7.972846852489821856e+01
8.002308665401643850e+01
8.037993527508091063e+01
8.032506203473946016e+01
7.978406250000000455e+01
8.017615433270081837e+01
8.062244224422441619e+01
7.973483910891089010e+01
7.972029702970297649e+01
7.981126237623762165e+01
8.016476913345984201e+01
8.035130718954248152e+01
7.997412967103161918e+01
8.003225806451612812e+01
7.993516448419035214e+01
8.006293485135989840e+01
8.013124604680581342e+01
8.081766666666666765e+01
7.986649632705206159e+01
8.023561037318152955e+01
7.962775735294117396e+01
7.980485467901628738e+01
8.052666879591184568e+01
7.986521877994250929e+01
8.055541360587672273e+01
8.048578728840625729e+01
7.956188725490196134e+01
8.088725490196078738e+01
7.980971534653465937e+01
7.986094581897901890e+01
7.953374999999999773e+01
7.928862886288628431e+01
8.008455997494519352e+01
7.956035539215686470e+01
8.018937499999999829e+01
7.936498786407767625e+01
7.959681372549019329e+01
7.954534313725490335e+01
7.955656249999999829e+01
7.942334233423342482e+01
8.044580645161290988e+01
7.974877450980392268e+01
7.977830487033523355e+01
7.988917278824656876e+01
7.985875352333228250e+01
7.998390151515151558e+01
7.941460396039603609e+01
8.048930054295752257e+01
7.962530637254901933e+01
7.990578090067070605e+01
7.930909653465346310e+01
7.965062500000000512e+01
7.989437065148639761e+01
8.095911849249441161e+01
7.993106617647059409e+01
8.002881302849984024e+01
8.017710309930423307e+01
7.922442244224421870e+01
7.986251174444096534e+01
7.981024667931689009e+01
7.982625000000000171e+01
7.940156249999999716e+01
7.872874374816122156e+01
7.992953335421233874e+01
7.927154126213592633e+01
7.890962009803921262e+01
7.952139037433154556e+01
7.932615291262135315e+01
8.009444444444444855e+01
7.876201923076922640e+01
8.008725490196079022e+01
7.950796568627451677e+01
8.001138519924099057e+01
7.946997549019607732e+01
7.971414883423825870e+01
7.977930373682529819e+01
7.937476280834914633e+01
7.935895003162555383e+01
7.939911448450348530e+01
7.977866496327051493e+01
7.940322580645161565e+01
7.995233333333332837e+01
7.954332700822264712e+01
7.955913978494623962e+01
7.978377515170872414e+01
7.950749999999999318e+01
7.966034155597722588e+01
7.962040441176471006e+01
7.963567362428842955e+01
7.964958886780519265e+01
7.997093580325774553e+01
7.960151802656545783e+01
7.920833333333332860e+01
7.907444852941176805e+01
7.944417475728155864e+01
8.028368121442125016e+01
8.118778877887788781e+01
8.010741935483871146e+01
7.986907020872865814e+01
8.032745098039215748e+01
7.976748642606196427e+01
8.018153067678684920e+01
8.013266666666666538e+01
8.003672947939955407e+01
8.026122707147375479e+01
7.905361519607842524e+01
8.019797596457938482e+01
7.958762254901961342e+01
7.976045991695943371e+01
7.954718137254901933e+01
7.973906100287447885e+01
7.980238970588234793e+01
7.955313092979126566e+01
8.003449377195784109e+01
7.932190533980582359e+01
7.968290441176471006e+01
8.039763653784733322e+01
7.992302778664962659e+01
7.981635260300222967e+01
7.972549019607842524e+01
7.938397277227723237e+01
8.025533333333333985e+01
7.978621125869702269e+01
7.972404982433727127e+01
7.941646039603961071e+01
7.974625000000000341e+01
8.009773235388054502e+01
8.021111111111110858e+01
7.977197975964578802e+01
8.012871287128713504e+01
8.026862745098038943e+01
7.934323432343234117e+01
7.995477545857052348e+01
7.954411764705882604e+01
8.107750085353363545e+01
8.044330884701373918e+01
8.001437500000000114e+01
8.035707441711913646e+01
7.988597892047269511e+01
8.078766666666666652e+01
7.980321782178218371e+01
7.958446782178218371e+01
7.994750158127767747e+01
8.066533333333333644e+01
8.026572979878632452e+01
8.032481635260300834e+01
8.075709677419354193e+01
8.013935483870967857e+01
8.040977323538805877e+01
8.034376018246986462e+01
7.978217821782178021e+01
7.966911529862663599e+01
8.039100684261974550e+01
8.011096774193548242e+01
8.030980517406580077e+01
8.072548387096773581e+01
8.095966666666666356e+01
8.064917491749174872e+01
8.026258064516129309e+01
8.017141049968374489e+01
7.990843923101986945e+01
8.005206004471415326e+01
8.013597359735973669e+01
8.012805280528053231e+01
7.947443181818181301e+01
8.026221654423507346e+01
8.013957202171829408e+01
7.953465346534653690e+01
8.011683168316831427e+01
8.010817855979146884e+01
7.948855198019802515e+01
7.971709677419354989e+01
7.925347222222222854e+01
7.972419354838709182e+01
7.967935483870967062e+01
7.945833333333332860e+01
7.916750000000000398e+01
7.923031249999999659e+01
7.917781250000000171e+01
7.948855198019802515e+01
7.960164141414141170e+01
7.906570657065707053e+01
7.965183080808080263e+01
7.964741161616161946e+01
7.934538937764743594e+01
7.984598214285713880e+01
7.949681122448978954e+01
7.970801767676768179e+01
7.945265151515151558e+01
7.988660801564027736e+01
7.976881377551021046e+01
7.907937499999999886e+01
7.903939393939394620e+01
7.957412838057999238e+01
7.907562500000000227e+01
7.960516129032258448e+01
7.901818181818181586e+01
7.925589225589224895e+01
8.032409240924091876e+01
7.891696969696970143e+01
7.921496212121212466e+01
7.916172680412371676e+01
7.914141414141414543e+01
7.957047193877551194e+01
7.930693069306930454e+01
7.892531250000000398e+01
7.855012376237623073e+01
7.960171165240289781e+01
7.900687499999999375e+01
7.921806451612903288e+01
7.895843750000000227e+01
7.854667891031527915e+01
7.939158163265305745e+01
7.968959842001316929e+01
7.980400000000000205e+01
7.999866666666666504e+01
7.978258064516128911e+01
7.991366666666667129e+01
8.006632653061224403e+01
8.007733333333332837e+01
7.966501650165017168e+01
7.985136054421768392e+01
8.000233333333333974e+01
7.987933333333333508e+01
7.932709677419354932e+01
7.929903225806451417e+01
7.955161290322580214e+01
7.997373737373737868e+01
7.969064516129031972e+01
8.003063973063973435e+01
7.913257575757575069e+01
7.973911564625849735e+01
7.985235969387754551e+01
7.951483585858585457e+01
7.992741935483870463e+01
7.927812500000000284e+01
7.954764851485148824e+01
8.060763660302831113e+01
7.984666666666666401e+01
7.918062500000000625e+01
8.005069124423962990e+01
8.057171717171716807e+01
8.019310344827586334e+01
7.969075907590759300e+01
7.992655172413793707e+01
7.965709570957095309e+01
7.986400000000000432e+01
8.003400000000000603e+01
8.044409613375130164e+01
7.964548387096773752e+01
7.884190354519323307e+01
7.974116161616161946e+01
7.962580645161290249e+01
8.029166666666667140e+01
8.062222222222222001e+01
8.021034482758621209e+01
7.991433333333333167e+01
8.024208754208754613e+01
8.063911564625850303e+01
8.033636363636364308e+01
8.003933333333333167e+01
8.018250825082508015e+01
7.957617374640689434e+01
7.957585435962951692e+01
7.979738562091503695e+01
7.981300000000000239e+01
7.964483870967741552e+01
7.996741935483871089e+01
8.029966996699670290e+01
8.059869281045752132e+01
7.998193548387096996e+01
8.019570957095709218e+01
8.063899999999999579e+01
8.022475247524752717e+01
7.984096774193548640e+01
8.052966666666667095e+01
8.020169436298468213e+01
7.961609709358032205e+01
8.084952978056426787e+01
8.059348255431204677e+01
7.987677419354838548e+01
8.010660066006600744e+01
7.941520281060364539e+01
7.928161290322580612e+01
7.985709677419355046e+01
7.982064516129032938e+01
8.053570184604667759e+01
8.000612903225805894e+01
8.088068965517241793e+01
8.076833333333333087e+01
8.022929292929292444e+01
7.999366666666666958e+01
8.019932659932659647e+01
7.992451612903225566e+01
8.049634273772204551e+01
8.007857142857142208e+01
8.028137931034483188e+01
8.048653198653198615e+01
8.050272108843537922e+01
7.980264026402640809e+01
8.033646812957157124e+01
7.971933333333333849e+01
8.021931034482759060e+01
7.987741935483870748e+01
8.090344827586207543e+01
8.035392156862745594e+01
7.978429455848811358e+01
8.000838709677420013e+01
8.092517241379310633e+01
8.022157054415119148e+01
8.082500000000000284e+01
7.961616161616161946e+01
7.970533333333332848e+01
7.982548387096774434e+01
7.999677419354839003e+01
7.986533333333333928e+01
7.990392156862745310e+01
8.017953795379537496e+01
7.990903225806451360e+01
8.048265306122449658e+01
7.973741935483870691e+01
8.016006600660065828e+01
8.033597359735973953e+01
8.095611285266457458e+01
8.026699669966995998e+01
8.048129251700680697e+01
7.984999999999999432e+01
8.007854785478548365e+01
8.076785714285713880e+01
8.040924092409241553e+01
7.923529411764705799e+01
8.020202020202020776e+01
8.026897689768976818e+01
8.048651416865824615e+01
7.997833333333333883e+01
8.013566666666666549e+01
8.026366666666666561e+01
8.068033333333333701e+01
7.977610986905142454e+01
8.086899999999999977e+01
8.018548387096774377e+01
8.077398429498121857e+01
8.060792079207921290e+01
8.016767805812838787e+01
8.119724137931034136e+01
8.107965517241379416e+01
8.081836804370092864e+01
8.059803921568627061e+01
8.120275862068965012e+01
8.130172413793103203e+01
8.040924092409241553e+01
8.103038579720040957e+01
8.073766666666666936e+01
8.048283828382838578e+01
8.071166666666667311e+01
8.045117845117844979e+01
8.097517241379310349e+01
8.142911877394635667e+01
8.101241379310344826e+01
8.162428571428571900e+01
8.049918540241121434e+01
8.095680272108843667e+01
8.078700000000000614e+01
8.117833507488680311e+01
8.175035714285714050e+01
8.150035186488388206e+01
8.046645161290322790e+01
8.155724137931034079e+01
8.105589225589226032e+01
8.103653123933082725e+01
8.063933333333334019e+01
8.099965858654830697e+01
8.093564356435643958e+01
8.060540892798957202e+01
8.115034013605442453e+01
8.177515833919774479e+01
8.136453201970442706e+01
8.064266666666667049e+01
8.097701149425287781e+01
8.114707952146375192e+01
8.077603277569136253e+01
8.026967741935483502e+01
8.045903225806451076e+01
8.164994775339603450e+01
8.095319865319865471e+01
8.067033333333333189e+01
8.132965517241379416e+01
8.115699999999999648e+01
8.084511784511784072e+01
8.059433333333333849e+01
8.095390918402185321e+01
8.060699999999999932e+01
8.055228758169934622e+01
8.150757575757575069e+01
8.105599999999999739e+01
8.167467781260884863e+01
8.160118425635667450e+01
8.142785714285714960e+01
8.045226458129684488e+01
8.117965517241378848e+01
8.052700000000000102e+01
8.062033333333333474e+01
8.068533333333333246e+01
8.057933333333333792e+01
7.959311868686869218e+01
8.037108843537414771e+01
8.049360269360269626e+01
8.041818181818182154e+01
8.045892255892255207e+01
8.043670033670034059e+01
