6.358764111705288258e+01
6.352475247524752433e+01
6.303633217993079541e+01
6.403090309030902461e+01
6.368478906714200605e+01
6.339364518976169194e+01
6.289720159908623742e+01
6.266580161476355215e+01
6.313339275103980697e+01
6.300828098229582963e+01
6.363449754901960631e+01
6.258585298196948798e+01
6.300513992004568564e+01
6.279382929642445532e+01
6.273529411764705799e+01
6.254590846047156560e+01
6.253536754507628359e+01
6.234894346087949657e+01
6.235351227869788460e+01
6.272289504036908880e+01
6.358910891089109185e+01
6.292644895557516804e+01
6.302393310265282622e+01
6.276753393665158143e+01
6.220390271493212708e+01
6.309851513420902336e+01
6.304309842748980941e+01
6.281343713956170660e+01
6.293593476994758618e+01
6.329644729178799878e+01
6.322489601901366285e+01
6.306170703575547520e+01
6.330401863715783151e+01
6.310629004076878346e+01
6.338118811881188464e+01
6.234036061026352371e+01
6.372697852309502764e+01
6.342899584076054964e+01
6.266106442577030577e+01
6.309292649098474470e+01
6.338057040998217673e+01
6.334254307783719895e+01
6.292387543252595350e+01
6.334491978609625562e+01
6.336631016042780828e+01
6.319982698961937473e+01
6.312283737024221608e+01
6.288663620788121023e+01
6.319073083778965838e+01
6.299327731092436977e+01
6.562105263157894797e+01
6.252184873949580179e+01
6.326674432149097527e+01
6.343800461361014698e+01
6.415134803921569073e+01
6.372587093089663313e+01
6.425371360665478448e+01
6.424817961165048530e+01
6.339206167904055178e+01
6.460831310679611761e+01
6.339475201845444019e+01
6.395189950980392268e+01
6.381924614505996374e+01
6.381224004753416779e+01
6.393995098039215463e+01
6.278585034013605792e+01
6.372403648131803777e+01
6.339915966386554658e+01
6.294060536836093434e+01
6.321136101499423177e+01
6.316961736150771145e+01
6.225721153846154010e+01
6.311418685121107330e+01
6.207006035161374768e+01
6.259112343966712899e+01
6.299038461538461320e+01
6.302970297029703062e+01
6.272073101085094038e+01
6.227656033287101423e+01
6.250901525658807145e+01
6.215345199568500334e+01
6.270069348127600506e+01
6.295210084033613640e+01
6.332044817927170755e+01
6.275450762829403573e+01
6.297808535178777589e+01
6.256813186813187144e+01
6.294174757281553667e+01
6.290540915395284571e+01
6.282163661581137148e+01
6.281747572815533687e+01
6.283467406380027853e+01
6.295934256055363676e+01
6.289320388349514701e+01
6.294945745288406869e+01
6.289155982905982967e+01
6.261812297734628174e+01
6.267286947141315778e+01
6.350893886966551349e+01
6.333123929183323497e+01
6.348090523338048285e+01
6.337745098039215463e+01
6.397264705882352587e+01
6.365966386554622147e+01
6.355168475157053365e+01
6.363762376237623641e+01
6.349019607843137436e+01
6.376270702455739325e+01
6.393575099942889750e+01
6.382135922330097344e+01
6.485079656862744457e+01
6.378033980582524265e+01
6.325271273557967078e+01
6.336750428326670459e+01
6.384694460308395492e+01
6.316476299257566751e+01
6.343289548829240232e+01
6.318184389140271406e+01
6.342118789263277989e+01
6.339520274129068866e+01
6.374279123414071790e+01
6.361303344867359044e+01
6.338307905686546206e+01
6.369377162629757549e+01
6.402214805825242649e+01
6.369550173010380689e+01
6.385086155674390795e+01
6.362745098039215463e+01
6.382857142857142918e+01
6.343734087694483748e+01
6.335633484162895712e+01
6.379103641456582352e+01
6.364934323243860348e+01
6.360765276984579941e+01
6.356367789834380488e+01
6.338039215686274730e+01
6.363977591036414339e+01
6.336366158113730762e+01
6.335228848821081726e+01
6.306903991370010942e+01
6.366761850371216269e+01
6.337081891580161397e+01
6.378526556253569169e+01
6.339446366782006947e+01
6.362047661076787364e+01
6.315334094802969389e+01
6.335524798154555981e+01
6.357400932400932447e+01
6.389037433155080237e+01
6.347439886845827317e+01
6.367734420500873682e+01
6.407935049019607732e+01
6.311650485436893376e+01
6.404963235294117396e+01
6.396579657965796883e+01
6.289309954751131215e+01
6.374331550802138935e+01
6.366666666666666430e+01
6.389001225490196134e+01
6.361997670355270884e+01
6.422763480392157476e+01
6.427302730273027009e+01
6.419891989198919191e+01
6.335173370319001407e+01
6.363548102383053617e+01
6.306025128498001209e+01
6.340073529411764497e+01
6.319029126213592207e+01
6.327681660899654048e+01
6.394521337946943618e+01
6.366190748143917943e+01
6.314565826330532161e+01
6.316554621848739259e+01
6.298086807538549436e+01
6.297544260422615992e+01
6.295002855511136630e+01
6.396642899584075792e+01
6.311988795518207240e+01
6.390433749257278606e+01
6.273370319001386974e+01
6.354026270702456003e+01
6.296918767507002457e+01
6.341414701803051202e+01
6.281636615811373048e+01
6.274836601307189454e+01
6.301620879120878982e+01
6.320328719723183042e+01
6.359737292975442813e+01
6.313221288515406115e+01
6.314873949579831702e+01
6.349855824682814642e+01
6.349769319492502717e+01
6.341061130334486506e+01
6.346019013666072794e+01
6.309391796322489654e+01
6.326448955575169464e+01
6.312110726643598468e+01
6.283781512605042252e+01
6.297507002801120279e+01
6.344088811995386123e+01
6.346914648212226240e+01
6.299411764705882177e+01
6.315830449826989934e+01
6.289467787114845976e+01
6.296402055968018630e+01
6.283193277310924429e+01
6.382238223822382395e+01
6.353267973856209494e+01
6.363091118800461032e+01
6.337464306110793899e+01
6.270868347338935678e+01
6.306712898751733576e+01
6.296049596309111962e+01
6.280196078431372797e+01
6.267058823529411882e+01
6.251051779935274766e+01
6.312582417582417804e+01
6.270901525658807429e+01
6.327641347801256444e+01
6.292164073550212322e+01
6.337611408199643392e+01
6.315282583621684154e+01
6.237170596393897171e+01
6.254733893557423130e+01
6.334265734265733983e+01
6.326750700280111772e+01
6.315743944636678009e+01
6.264845938375350443e+01
6.202750809061488724e+01
6.271416333523701070e+01
6.313321799307958315e+01
6.312860438292964460e+01
6.285351227869788460e+01
6.288210818307905470e+01
6.260532212885154024e+01
6.312514417531718891e+01
6.319867358708189187e+01
6.310697808535179121e+01
6.295238095238094900e+01
6.317214532871972210e+01
6.312226066897347465e+01
6.301288515406162816e+01
6.303949579831932937e+01
6.304466019417476019e+01
6.360774606872451642e+01
6.374450386215092124e+01
6.351277480689245181e+01
6.296414565826330545e+01
6.416986386138613341e+01
6.381747404844290372e+01
6.332380952380952266e+01
6.391299129912991361e+01
6.338834951456311018e+01
6.375007500750074740e+01
6.273606789250353444e+01
6.378637863786378404e+01
6.303229527104959828e+01
6.382904411764705799e+01
6.354995499549954729e+01
6.335701805474665349e+01
6.268347338935573987e+01
6.328683750728013990e+01
6.307670126874278793e+01
6.306138613861386233e+01
6.342661619103086679e+01
6.316948165404775750e+01
6.339364230540701328e+01
6.291061130334486506e+01
6.293598615916955197e+01
6.327169481654047445e+01
6.337730243612596581e+01
6.339294117647058613e+01
6.301718112987769160e+01
6.282035755478661798e+01
6.360306030603060634e+01
6.270333710407239636e+01
6.297318339100345952e+01
6.294261822376009263e+01
6.244901960784313388e+01
6.289792387543252516e+01
6.304872251931075766e+01
6.302109328579916792e+01
6.247787114845938561e+01
6.320821199767035381e+01
6.313428401663696121e+01
6.298529411764705799e+01
6.322341057635175332e+01
6.325668449197861065e+01
6.335799168152109218e+01
6.361146114611461400e+01
6.371047104710471132e+01
6.333779848573092863e+01
6.320845231296402034e+01
6.286303344867359044e+01
6.368286828682868617e+01
6.259159663865546008e+01
6.307583621683967579e+01
6.323796791443849941e+01
6.315805109922757055e+01
6.342814281428142920e+01
6.321193771626297320e+01
6.326527698458023963e+01
6.347874199184624189e+01
6.319867358708189187e+01
6.338116458704693912e+01
6.294144271570014126e+01
6.297850070721357696e+01
6.291711456859971463e+01
6.362826282628262931e+01
6.347058823529411598e+01
6.381847602235951911e+01
6.298896746817538883e+01
6.305685997171145374e+01
6.273333333333333428e+01
6.315608619685497871e+01
6.312114285714285700e+01
6.346309111880046316e+01
6.294653465346534915e+01
6.299660537482319711e+01
6.328669043374925707e+01
6.284611032531824293e+01
6.264089635854341509e+01
6.316278392545137166e+01
6.277941176470588402e+01
6.297675786996175162e+01
6.345454545454545325e+01
6.326252625262526408e+01
6.291299129912991361e+01
6.292513368983956923e+01
6.315567439096850677e+01
6.326886512180630007e+01
6.304411764705882604e+01
6.358912655971479211e+01
6.405147058823528994e+01
6.392968520152986400e+01
6.424752475247524330e+01
6.447908016608111836e+01
6.284276018099547656e+01
6.357899382171226677e+01
6.329700115340254030e+01
6.367825311942959132e+01
6.294033613445377995e+01
6.232291666666666430e+01
6.278373702422145186e+01
6.264191890348372027e+01
6.261054091539528343e+01
6.227794729542302576e+01
6.271102227298686671e+01
6.261536264991433143e+01
6.222130211307823799e+01
6.267855020796197607e+01
6.205576923076922924e+01
6.203461538461538538e+01
6.218976244343891580e+01
6.253060606060606119e+01
6.225472547254725697e+01
6.272987012987012889e+01
6.148627450980391984e+01
6.190604395604395904e+01
6.246850861556743695e+01
6.231674208144796268e+01
6.221525658807212267e+01
6.293256090314913820e+01
6.406737588652482884e+01
6.186519607843137436e+01
6.212971952535059472e+01
6.223813376483279569e+01
6.272464985994398035e+01
6.183523965141612422e+01
6.310755478662053264e+01
6.435814950980392268e+01
6.396440129449837997e+01
6.343460879497430227e+01
6.407189542483659750e+01
6.451201771030993370e+01
6.441237745098038658e+01
6.288292404340376862e+01
6.306463245492371783e+01
6.318137254901960631e+01
6.327854671280276477e+01
6.276582633053221372e+01
6.289708737864077648e+01
6.259313725490196134e+01
6.452132980288320141e+01
6.361581137309292444e+01
6.342233142233142473e+01
6.165016501650165281e+01
6.427272727272726627e+01
6.517489177489177621e+01
6.370600744284954686e+01
6.323994845360824968e+01
6.587376093294460588e+01
6.510289115646259006e+01
6.470711527854385281e+01
6.411842105263157521e+01
6.427765843179376759e+01
6.369911041339612723e+01
6.351674515960230138e+01
6.328049728049727918e+01
6.351981351981351764e+01
6.443633324045694621e+01
6.638104956268222168e+01
6.657503001200480242e+01
6.681443298969071520e+01
6.603911564625850872e+01
6.583820160366552443e+01
6.660794420861128629e+01
6.597171717171717376e+01
6.576530612244897611e+01
6.591457725947522306e+01
6.412615301139446444e+01
6.396535982814178567e+01
6.472200772200771723e+01
6.564052478134111368e+01
6.388327721661055136e+01
6.388542568542568745e+01
6.505404561074664116e+01
6.441363636363635692e+01
6.529749999999999943e+01
6.485264408793820223e+01
6.444077134986225985e+01
6.516875000000000284e+01
6.515253712871286496e+01
6.518811881188118207e+01
6.519245049504949918e+01
6.571031619290961601e+01
6.529468749999999488e+01
6.450525052505250301e+01
6.412800000000000011e+01
6.434828571428570854e+01
6.433705882352941785e+01
6.526816608996540481e+01
6.471712802768166739e+01
6.442574257425742701e+01
6.434624344787420114e+01
6.436895748398369221e+01
6.420529994175888078e+01
6.407814302191464151e+01
6.366218487394957748e+01
6.329153952843272890e+01
6.401706384230655544e+01
6.392109728506787292e+01
6.341747572815533829e+01
6.364826629680998593e+01
6.362641402714932326e+01
6.295996732026144116e+01
6.377784123358080848e+01
6.350735294117647101e+01
6.352527777777778084e+01
6.328848821081830778e+01
6.318879551820728580e+01
6.355219236209335065e+01
6.320364145658263055e+01
6.337254901960784537e+01
6.367849284928492892e+01
6.355602240896358524e+01
6.432553255325532859e+01
6.432853285328532422e+01
6.388492290119931738e+01
6.375770308123249208e+01
6.363972789115646123e+01
6.329999999999999716e+01
6.404621848739495249e+01
6.366185852981969617e+01
6.407395773843518327e+01
6.482440302853814273e+01
6.439762443438914374e+01
6.443865842894969376e+01
6.378223981900452344e+01
6.336978021978021758e+01
6.397857142857142776e+01
6.441681521093285312e+01
6.356754507628293993e+01
6.369202488687783159e+01
6.439510489510489322e+01
6.354452149791955406e+01
6.379780219780219852e+01
6.409238011179758132e+01
6.338503401360544132e+01
6.407170329670329068e+01
6.367275132275132421e+01
6.433033303330333297e+01
6.403436225975538321e+01
6.337854030501089397e+01
6.245819848975188648e+01
6.338002773925104094e+01
6.368475157053112667e+01
6.399714448886350482e+01
