6.760115448048378539e+01
6.851226635514018426e+01
6.842260514018691708e+01
6.840745192307691980e+01
6.728594771241830585e+01
6.843691588785046065e+01
6.895564516129032029e+01
6.810405946255002618e+01
6.756789444749863094e+01
6.844411057692308020e+01
6.896495037220843471e+01
6.802548853016142516e+01
6.887251861042183521e+01
6.829818925233644222e+01
6.834465144230769340e+01
6.892245657568237505e+01
6.854056490384616041e+01
6.812827380952380452e+01
6.837431457431456749e+01
6.830274971941638285e+01
6.901843317972350178e+01
6.861232311320755173e+01
6.836594626168223954e+01
6.799166666666666003e+01
6.778787878787878185e+01
6.880089285714285552e+01
6.794050480769230660e+01
6.878095238095238528e+01
6.868867924528301216e+01
6.798125000000000284e+01
6.795773809523809916e+01
6.906000000000000227e+01
6.792857142857143060e+01
6.818954439252335931e+01
6.797983870967742348e+01
6.955501618122977447e+01
6.870931603773584584e+01
6.852660256410256068e+01
6.847896634615383959e+01
6.795163170163169752e+01
6.782542067307691980e+01
6.852135176651306381e+01
6.791706730769230660e+01
6.855084485407066097e+01
6.838030660377359027e+01
6.798273809523809064e+01
6.853394777265745574e+01
6.772611832611832483e+01
6.884639016897081376e+01
6.830446428571428896e+01
6.874793632075471805e+01
6.834734133790738042e+01
6.873167067307691980e+01
6.822440476190476488e+01
6.886731588557516659e+01
6.769117647058823195e+01
6.783839285714286405e+01
6.798414047012177264e+01
6.902916666666666856e+01
6.852163461538461320e+01
6.860727163461538680e+01
6.814265294453973354e+01
6.813877054169202552e+01
6.867548076923077360e+01
6.845867895545315207e+01
6.827987421383647870e+01
6.836049170954831311e+01
6.932684114424831989e+01
6.870462740384616041e+01
6.820102163461538680e+01
6.844538834951455897e+01
6.817809466019417641e+01
6.784848484848484418e+01
6.850120192307691980e+01
6.853034855769230660e+01
6.780565476190476204e+01
6.798717948717948900e+01
6.798988095238095752e+01
6.830560320182961220e+01
6.801904761904762609e+01
6.848110599078340499e+01
6.835075934579438695e+01
6.872444980403979287e+01
6.861488095238095752e+01
6.797955607476635009e+01
6.814272836538461320e+01
6.845448717948717388e+01
6.879935275080906365e+01
6.925224358974358552e+01
6.841720430107527307e+01
6.840054086538461320e+01
6.844136904761904816e+01
6.801111778846153300e+01
6.859677419354838435e+01
6.843079365079364607e+01
6.796969696969696884e+01
6.842660256410256636e+01
6.774728416237850581e+01
6.821727594339623124e+01
6.783571428571428896e+01
6.842338709677419217e+01
6.772648809523809632e+01
6.774757004002286465e+01
6.849587301587301624e+01
6.804300144300144382e+01
6.759403935185184764e+01
6.833962264150943611e+01
6.816428571428571104e+01
6.808333333333332860e+01
6.866524650030432042e+01
6.818556067588325220e+01
6.873493609251369207e+01
6.813491586538461320e+01
6.800549752611324550e+01
6.760348770726129430e+01
6.795722087378641163e+01
6.805916262135922068e+01
6.839166666666666572e+01
6.892073732718894519e+01
6.879597355769230660e+01
6.829356971153846700e+01
6.812049278846153300e+01
6.845661407766989726e+01
6.856308962264151319e+01
6.850029205607476968e+01
6.836517857142857224e+01
6.849285305889080178e+01
6.801515151515151558e+01
6.785454545454545894e+01
6.836696428571428896e+01
6.796824009324009808e+01
6.845432692307691980e+01
6.878608414239482727e+01
6.781125541125541645e+01
6.837708333333333144e+01
6.856017369727047139e+01
6.976579670329670080e+01
6.939711538461538964e+01
6.885173697270471393e+01
6.893858560794045331e+01
6.901856763925729865e+01
6.926923076923077360e+01
6.849459134615383959e+01
6.891492063492063380e+01
6.862251861042183521e+01
6.891047745358089571e+01
6.823686635944700640e+01
6.827281105990783772e+01
6.833855606758832835e+01
6.831551459293395112e+01
6.841136712749616322e+01
6.839967948717948332e+01
6.876643920595533643e+01
6.784104567307691980e+01
6.804345238095237391e+01
6.821228878648233263e+01
6.763531839622640973e+01
6.833301282051282044e+01
6.849720843672456283e+01
6.861521035598705964e+01
6.889132477294080559e+01
6.863523573200993155e+01
6.843567961165048530e+01
6.840460829493088113e+01
6.895647807164378662e+01
6.824813895781637996e+01
6.856828478964401086e+01
6.801519851116624693e+01
6.817275641025641164e+01
6.809010922330097060e+01
6.825305355465080481e+01
6.872784215471342861e+01
6.819110576923077360e+01
6.831069711538461320e+01
6.849773462783171851e+01
6.825032051282050816e+01
6.739783653846153300e+01
6.833385530848731548e+01
6.873379267146883365e+01
6.805676178660048947e+01
6.815268817204301399e+01
6.838617511520737935e+01
6.866035980148883766e+01
6.839711538461538964e+01
6.848987982289689569e+01
6.860522875816992894e+01
6.791377171215880537e+01
6.778380893300247578e+01
6.847332506203474622e+01
6.779851190476190936e+01
6.820764171625430095e+01
6.780459057071959705e+01
6.788306451612903913e+01
6.692969187675069520e+01
6.786579427875837212e+01
6.731603773584905070e+01
6.765833333333333144e+01
6.872533667397432566e+01
6.860983102918586951e+01
6.851395631067961745e+01
6.889069840275602985e+01
6.855645161290323131e+01
6.862996277915632959e+01
6.809104567307691980e+01
6.866315136476427483e+01
6.778601190476190652e+01
6.800744047619048160e+01
6.860711974110031974e+01
6.879935897435898084e+01
6.857093642342624662e+01
6.798571428571428044e+01
6.825737179487180128e+01
6.849902912621358553e+01
6.822949308755760001e+01
6.887433687002652505e+01
6.798511904761905100e+01
6.824519230769230660e+01
6.852977346278316872e+01
6.843376135295959273e+01
6.879435483870967971e+01
6.789613095238095752e+01
6.749720843672456283e+01
6.839815668202764698e+01
6.861570512820512135e+01
6.807444168734491541e+01
6.851987179487178992e+01
6.827574441687345086e+01
6.776705955334988118e+01
6.874822006472491864e+01
6.781482630272952861e+01
6.870388349514563231e+01
6.845358090185676758e+01
6.817444409646100212e+01
6.839935897435897516e+01
6.822611367127495896e+01
6.856761904761904702e+01
6.764539682539682985e+01
6.823739430003131190e+01
6.846574500768049631e+01
6.840933291575321107e+01
6.796122828784119463e+01
6.750420673076922640e+01
6.770029761904761756e+01
6.760952380952380736e+01
6.820064102564101916e+01
6.812073732718893382e+01
6.867692307692307452e+01
6.860918114143920832e+01
6.812313895781637996e+01
6.830844854070660688e+01
6.823621794871795032e+01
6.793924209207641240e+01
6.735390818858560635e+01
6.767741935483870463e+01
6.767586848635235697e+01
6.751240694789082397e+01
6.760714285714286120e+01
6.768928571428571672e+01
6.773437500000000000e+01
6.717277644230769340e+01
6.775837468982629730e+01
6.816504854368932342e+01
6.775434243176178484e+01
6.783188585607940979e+01
6.815440025054807904e+01
6.824491074224866338e+01
6.781358560794045331e+01
6.782971464019851737e+01
6.854807692307691980e+01
6.775982142857142776e+01
6.782976190476190936e+01
6.888684298627384806e+01
6.722222222222222854e+01
6.724386724386724268e+01
6.779553571428571956e+01
6.736358173076922640e+01
6.824911556603773022e+01
6.820826808643909089e+01
6.770803571428571388e+01
6.804745657568237505e+01
6.808791903858318051e+01
6.820252403846153300e+01
6.773907766990291179e+01
6.788660714285714448e+01
6.836580018791104862e+01
6.760036057692308020e+01
6.871723300970873538e+01
6.839555277168807379e+01
6.848011274663326731e+01
6.843532727842155339e+01
6.822890818858560635e+01
6.813630952380952976e+01
6.856592546194801230e+01
6.915128205128205252e+01
6.840921658986175657e+01
6.832886904761905100e+01
6.886875000000000568e+01
6.836579427875837212e+01
6.866698717948717956e+01
6.880024813895781222e+01
6.790119047619047876e+01
6.866082054494205522e+01
6.824193548387096087e+01
6.847628205128205536e+01
6.861259600614438625e+01
6.827648809523809348e+01
6.912068965517241281e+01
6.774545454545454959e+01
6.860737179487179560e+01
6.802760545905707090e+01
6.903841269841269934e+01
6.876333746898262689e+01
6.858525345622119573e+01
6.893300248138957897e+01
6.893517369727047139e+01
6.865595238095238528e+01
6.865345622119815516e+01
6.969358974358974024e+01
6.862890625000000000e+01
6.810261136712749419e+01
6.817415048543689693e+01
6.886504854368932627e+01
6.807410714285714448e+01
6.859191982461635462e+01
6.848677884615383959e+01
6.882506203473946016e+01
6.827619047619047876e+01
6.808129370629370669e+01
6.807261904761904248e+01
6.861751152073732385e+01
6.848459119496855863e+01
6.869391025641026260e+01
6.805459057071959705e+01
6.832083333333333997e+01
6.861259305210917603e+01
6.838863287250383394e+01
6.838064516129031745e+01
6.835576923076922640e+01
6.840673076923076223e+01
6.909018567639257924e+01
6.851762820512820440e+01
6.922162705055239940e+01
6.827434715821812006e+01
6.826420890937019692e+01
6.822147435897436196e+01
6.865601736972705282e+01
6.789416273584905070e+01
6.837788461538461604e+01
6.842642089093702396e+01
6.886539682539682872e+01
6.799375000000000568e+01
6.822724358974359404e+01
6.852221545952525616e+01
6.759915966386554942e+01
6.831863317757009213e+01
6.916792452830188154e+01
6.851255841121495394e+01
6.857165012406947824e+01
6.817922077922078472e+01
6.873125000000000284e+01
6.797857142857142776e+01
6.820952380952381588e+01
6.908173076923077360e+01
6.842487980769230660e+01
6.844133254716980730e+01
6.802321428571428896e+01
6.851488095238094900e+01
6.888895781637717164e+01
6.839774506733479598e+01
6.829032258064516725e+01
6.800530660377359027e+01
6.875195740682742951e+01
6.881208894456624137e+01
6.833219602977666796e+01
6.795440115440115392e+01
6.889267990074441173e+01
6.806339285714285836e+01
6.883440860215053192e+01
6.838003072196620735e+01
6.800833333333333997e+01
6.809644522144522227e+01
6.812172619047619548e+01
6.912912621359222953e+01
6.817767857142857224e+01
6.893168880455408498e+01
6.823169975186104352e+01
6.822351190476190652e+01
6.856911057692308020e+01
6.779365079365079794e+01
6.799494047619047876e+01
6.884708436724565672e+01
6.816736778846153300e+01
6.828185096153846700e+01
6.791488095238095468e+01
6.768369408369407836e+01
6.805710955710955545e+01
6.808422619047618696e+01
6.833072345756342258e+01
6.831203473945409144e+01
6.825161290322580498e+01
6.743299278846153300e+01
6.762841191066998192e+01
6.761600496277915795e+01
6.830194174757281189e+01
6.833333333333332860e+01
6.800691105769230660e+01
6.836666666666666003e+01
6.832320099255582591e+01
6.734254807692308020e+01
6.917051282051282612e+01
6.795904126213592633e+01
6.787096774193548754e+01
6.806850998463902158e+01
6.698630952380952408e+01
6.781087919038583323e+01
6.760695270905104337e+01
6.803722084367245770e+01
6.688065476190476488e+01
6.822392734105856960e+01
6.829846539304729447e+01
6.818728468524898290e+01
6.820388349514563231e+01
6.772815533980582359e+01
6.807234575634200269e+01
6.845641025641025124e+01
6.786622390891839984e+01
6.836405228758169983e+01
6.804590570719602738e+01
6.811217948717948900e+01
6.746960297766749193e+01
6.807532051282051100e+01
6.770476190476190936e+01
6.794326923076923208e+01
6.742467898528029480e+01
6.792556634304207819e+01
6.745223927341058356e+01
6.780170777988614361e+01
6.753366739743188418e+01
6.766253101736973008e+01
6.775031017369727238e+01
6.795239586595677395e+01
6.834471853257431917e+01
6.848608414239481590e+01
6.818003072196620451e+01
6.839784946236558483e+01
6.812676886792452535e+01
6.856928104575163729e+01
6.862912621359222953e+01
6.775713399503722201e+01
6.881633986928105173e+01
6.862002008704385503e+01
6.792201691199498725e+01
6.857971464019851737e+01
6.847735732009925869e+01
6.860352564102564088e+01
6.837571157495256102e+01
6.829294871794871824e+01
6.857344190416536378e+01
6.791315136476427483e+01
6.840000000000000568e+01
6.799939903846153300e+01
6.827396844660194120e+01
6.851294498381876963e+01
6.844983818770226947e+01
6.813732718894009110e+01
6.867679900744417409e+01
6.828018433179722990e+01
6.831152073732718577e+01
6.787379807692308020e+01
6.741249999999999432e+01
6.768869401816473896e+01
6.805885922330097060e+01
6.769801682692308020e+01
6.803573687539531534e+01
6.750000000000000000e+01
6.808349146110056438e+01
6.776511118070780526e+01
6.743238213399503422e+01
6.754732142857142208e+01
6.802975258377701095e+01
6.744417475728155864e+01
6.760983009708738223e+01
6.745418689320388239e+01
6.734469696969696884e+01
6.805136235515189469e+01
6.695440115440115392e+01
6.804948324459755327e+01
6.743719660194174992e+01
6.704466501240695209e+01
6.831650485436892950e+01
6.890880503144654767e+01
6.839078341013825479e+01
6.847831715210355696e+01
6.768827543424318094e+01
6.730618990384616041e+01
6.724047619047618696e+01
6.679747596153846700e+01
6.730535546507985600e+01
6.736838942307691980e+01
6.671445221445220852e+01
6.773118279569892763e+01
6.735327380952381304e+01
6.680779220779220395e+01
6.675150240384616041e+01
6.658616504854369111e+01
6.648918269230769340e+01
6.703640776699029402e+01
6.670943509615383959e+01
6.673035714285714448e+01
6.704900744416873692e+01
6.712742718446601486e+01
6.745223927341058356e+01
6.787637540453074791e+01
6.701954094292804598e+01
6.712894417475727948e+01
6.683353365384616041e+01
6.740306921390541106e+01
6.743419471153846700e+01
6.733374689826302983e+01
6.722172619047618980e+01
6.728101736972705282e+01
6.769683683056686618e+01
6.786848635235732274e+01
6.749613095238095184e+01
6.791826923076922640e+01
6.708884966166519348e+01
6.780958346382712421e+01
6.837779156327543717e+01
6.843042071197410792e+01
6.787159411212026328e+01
6.817564102564102768e+01
6.794711538461538680e+01
6.843915857605178132e+01
6.799592859379893639e+01
6.749069478908188557e+01
6.752700242718447043e+01
6.804455128205128744e+01
6.869934640522875213e+01
6.748574029126213247e+01
6.827047146401984890e+01
6.874318822424052655e+01
6.756128640776698546e+01
6.802724710303789379e+01
6.849534739454094279e+01
6.799217037269025354e+01
6.846957928802588356e+01
6.891078431372548607e+01
6.882973856209150654e+01
6.845016181229773622e+01
6.848697270471464549e+01
6.816786720952082135e+01
6.853815136476427483e+01
6.858033498759304791e+01
6.848449131513648069e+01
6.810320512820513272e+01
6.864954588161603510e+01
6.789101158784842482e+01
6.823169975186104352e+01
6.801292067307691980e+01
6.861259004071406764e+01
6.826333746898262689e+01
6.858591811414392225e+01
6.847859801488833398e+01
6.830955334987592664e+01
6.760416666666667140e+01
6.814516129032257652e+01
6.751964285714285552e+01
6.812127791563275991e+01
6.756874412777952443e+01
6.706129807692308020e+01
6.740114182692308020e+01
6.805096153846153584e+01
6.820952380952381588e+01
6.829627309740055807e+01
6.847483660130718874e+01
6.784871794871794748e+01
6.781182795698924792e+01
6.690331890331890463e+01
6.844253053554650990e+01
6.753695913461538680e+01
6.705565476190476204e+01
6.724423543689320582e+01
6.737469660194174992e+01
6.648294036061025736e+01
6.748786407766989726e+01
6.758980582524272052e+01
6.756735436893204394e+01
6.756820913461538680e+01
6.719501201923077360e+01
6.742767857142857224e+01
6.760216346153846700e+01
6.707561327561327857e+01
6.717380952380952408e+01
6.715922619047618980e+01
6.710576923076922640e+01
6.736190476190476772e+01
6.716249999999999432e+01
6.809832506203474622e+01
6.756760817307691980e+01
6.647198879551820028e+01
6.720595238095238244e+01
6.866807356044618871e+01
6.908333333333332860e+01
6.825310173697270955e+01
6.796554963983714970e+01
6.856278317152103341e+01
6.853009708737863548e+01
6.811817617866005037e+01
6.816377171215880537e+01
6.784071601941747076e+01
6.819199751861042103e+01
6.770582932692308020e+01
6.816428571428571104e+01
6.766105769230769340e+01
6.799211165048544103e+01
6.768274350140933393e+01
6.796814903846153300e+01
6.766616586538461320e+01
6.816408188585607775e+01
6.813833746898262689e+01
6.695134032634032906e+01
6.708033498759304791e+01
6.732271634615383959e+01
6.743563748079877485e+01
6.744993932038835283e+01
6.820388349514563231e+01
6.735456730769230660e+01
6.781025641025641448e+01
6.793456221198157152e+01
6.830334987593052176e+01
6.837184466019417073e+01
6.800641025641026260e+01
6.785328784119106160e+01
6.789391025641025124e+01
6.788294930875575517e+01
6.859542483660131040e+01
6.739073426573426673e+01
6.809247311827957105e+01
6.760549419427924533e+01
6.809675480769230660e+01
6.846635944700460641e+01
6.864317460317460018e+01
6.770883413461538680e+01
6.796282051282051384e+01
6.751709905660376876e+01
6.823014888337469586e+01
6.836213592233009706e+01
6.790694789081885574e+01
6.725238095238094616e+01
6.812903225806451246e+01
6.791357273280584650e+01
6.725654761904762324e+01
