6.890441176470588402e+01
6.957053112507138337e+01
6.863241639697950802e+01
6.911249999999999716e+01
6.856634304207119612e+01
6.867761279268988517e+01
6.901220527045769870e+01
6.903384188626907303e+01
6.823109886746250652e+01
6.883543956043955347e+01
6.961014994232986908e+01
6.872170329670329636e+01
6.898391123439667183e+01
6.897558945908460259e+01
6.900000000000000000e+01
6.722647058823528710e+01
6.855065809611264172e+01
6.744414735591206522e+01
6.766303030303029686e+01
6.865259172976121249e+01
6.929942994299429415e+01
6.875030303030303003e+01
6.877939393939394108e+01
6.875969696969697509e+01
6.936272727272726968e+01
6.939204545454545325e+01
6.937343128252219060e+01
6.907406249999999659e+01
6.850151515151515014e+01
6.925315656565656752e+01
6.877272727272726627e+01
6.853119429590017830e+01
6.862727272727272521e+01
6.896051423324151131e+01
6.840114011401139749e+01
6.835303217821781629e+01
6.804363636363636658e+01
6.880500000000000682e+01
6.807260101010101039e+01
6.854450757575757791e+01
6.769969696969697281e+01
6.849696969696969973e+01
6.814722987450259950e+01
6.857272727272727764e+01
6.804248366013071347e+01
6.733411764705881808e+01
6.756412610958065557e+01
6.792225283134374081e+01
6.816081608160816074e+01
6.797153351698806034e+01
6.798259825982597704e+01
6.825334886429818937e+01
6.764757575757575125e+01
6.810009182736455102e+01
6.891823529411765037e+01
6.890302853814793593e+01
6.830997693194925091e+01
6.879878633024593171e+01
6.832422646477945705e+01
6.923741935483870691e+01
6.903630363036303663e+01
6.926718750000000568e+01
6.961258383902907099e+01
6.989013094857872943e+01
6.915945866431303557e+01
6.976228302441894868e+01
6.895267857142857792e+01
6.981935863489260896e+01
7.045432692307691980e+01
7.003541666666666288e+01
6.959942279942279697e+01
7.053473945409429291e+01
7.101181731076333392e+01
6.929538099441012378e+01
6.914563106796116188e+01
7.022516339869281410e+01
6.974500000000000455e+01
6.965866666666666163e+01
6.930764563106795606e+01
6.843194925028835485e+01
6.813591359135914161e+01
6.740545454545454618e+01
6.718229470005823600e+01
6.854032258064516725e+01
6.817110148514851176e+01
6.824985722444317560e+01
6.801624999999999943e+01
6.746629680998613310e+01
6.716569598136284469e+01
6.760365505425471611e+01
6.748054846938775597e+01
6.780321782178218371e+01
6.758766419189035446e+01
6.728214285714285836e+01
6.749333333333333940e+01
6.700260671228413401e+01
6.747174163783159884e+01
6.792661913250148586e+01
6.731344537815125761e+01
6.737975034674063579e+01
6.741960784313725696e+01
6.817878787878787250e+01
6.760812324929972306e+01
6.829618768328445810e+01
6.872380952380952124e+01
6.808067226890756274e+01
6.859191919191918885e+01
6.799861303744799557e+01
6.743949579831932795e+01
6.745642701525054008e+01
6.814991433466590820e+01
6.746467098166127130e+01
6.833794117647059352e+01
6.786411764705881922e+01
6.835283528352834992e+01
6.882500000000000284e+01
6.828571428571429180e+01
6.843439667128987480e+01
6.801008403361345245e+01
6.883165266106442459e+01
6.832777149321266563e+01
6.821016483516483220e+01
6.850403690888120423e+01
6.819454545454544814e+01
6.865104022191400190e+01
6.897266666666666879e+01
6.900059417706476950e+01
6.863468749999999829e+01
6.819874357509993956e+01
6.890285204991087653e+01
6.866414141414141170e+01
6.884758475847584691e+01
6.834602076124566850e+01
6.865999999999999659e+01
6.908383838383838338e+01
6.844223484848484418e+01
6.909562499999999829e+01
6.860588235294117965e+01
6.887221534653465937e+01
6.883415841584158557e+01
6.854931669637551295e+01
6.898265306122449658e+01
6.884660961158657244e+01
6.795963091118800037e+01
6.844800950683303142e+01
6.791724336793541283e+01
6.837908496732026720e+01
6.831313131313130782e+01
6.861716171617162274e+01
6.804619005589879066e+01
6.903126039241769263e+01
6.845246583481878133e+01
6.836274509803921262e+01
6.818272727272727707e+01
6.885768500948766757e+01
6.779167822468792792e+01
6.812376237623762165e+01
6.781521093285799395e+01
6.773172905525846943e+01
6.832133838383838054e+01
6.793656286043828629e+01
6.872656250000000000e+01
6.832234105763517107e+01
6.820944741532976252e+01
6.836666666666666003e+01
6.771539528432732880e+01
6.867244897959183447e+01
6.813963161021985115e+01
6.824727272727272975e+01
6.795335710041592847e+01
6.865451612903225964e+01
6.841491336633663423e+01
6.795818915801615390e+01
6.832969187675070089e+01
6.902320544554454784e+01
6.907140714071407217e+01
6.898799879987998906e+01
6.890968750000000398e+01
7.059233333333332894e+01
7.043906250000000568e+01
7.217920792079208070e+01
7.387792207792207932e+01
7.709465020576131167e+01
7.569537815126049907e+01
7.680654761904762040e+01
7.380400696864111865e+01
7.204205214465937956e+01
7.295783132530119985e+01
7.120853658536584874e+01
7.447560975609755474e+01
7.444801427933957427e+01
7.565463414634146488e+01
7.145680238331678424e+01
7.418373493975903443e+01
nan
7.048700980392156623e+01
7.149324324324324209e+01
7.737170068027211300e+01
7.309061748195669850e+01
7.678945908460471514e+01
6.039862542955326319e+01
6.038725490196078738e+01
6.303157894736842337e+01
6.048752834467120465e+01
6.098969072164948102e+01
6.135015997156061474e+01
6.055120274914089151e+01
6.230087819778541558e+01
5.999756182514803271e+01
7.524259634888437631e+01
6.003687265278252028e+01
7.271277890466531346e+01
7.147167487684728826e+01
7.179999999999999716e+01
7.246150793650794242e+01
7.105764705882353383e+01
7.119883720930232585e+01
7.116784313725490563e+01
7.164449917898193121e+01
7.243801313628900118e+01
7.159642857142857508e+01
7.219087301587300942e+01
7.175124584717607945e+01
7.293255813953489053e+01
6.016504854368932342e+01
7.365882352941176237e+01
6.068537414965986443e+01
6.172532737144682358e+01
6.000776699029125894e+01
6.035049019607843235e+01
7.274159663865546577e+01
5.994673202614379193e+01
6.011683501683501873e+01
7.085576566555431555e+01
6.228333333333333144e+01
6.076899899564780583e+01
6.116758578431372229e+01
6.314765300059417541e+01
6.503139140271493090e+01
6.496726190476189799e+01
7.163205980066445022e+01
7.208600405679513301e+01
6.077483660130719301e+01
6.260224358974358694e+01
7.186626984126984041e+01
6.122705919198246249e+01
7.107054263565891006e+01
7.252750410509031553e+01
7.274225473321858715e+01
7.158377281947261395e+01
7.170114942528735469e+01
7.201913265306122014e+01
7.091825396825396410e+01
7.134823529411764298e+01
7.077490196078431950e+01
7.056547619047618980e+01
6.355491504854369111e+01
6.969242964724534772e+01
7.088527131782946356e+01
6.804366640440598246e+01
6.412624861265260279e+01
6.322776967930029457e+01
6.263027210884353480e+01
6.118087121212121104e+01
6.128286082474226504e+01
6.264078608247422864e+01
6.129815051020408134e+01
6.096708360763660295e+01
6.270928030303030454e+01
6.292095588235294201e+01
6.084726793943384138e+01
7.318588235294117794e+01
6.280826822916666430e+01
7.559022738268021158e+01
7.110122448979592491e+01
7.270267489711933706e+01
7.070050600885515735e+01
6.959051970302684254e+01
6.960476190476190084e+01
6.861964591661907775e+01
6.919934640522875213e+01
6.892788461538461320e+01
6.877318640955004980e+01
6.914665841584158557e+01
6.844771039603961071e+01
6.862629757785467177e+01
6.920796197266786010e+01
6.858055805580558228e+01
6.880593749999999886e+01
6.788031450203844486e+01
6.850878787878788501e+01
6.820792079207920722e+01
6.850545454545454049e+01
6.867079207920792783e+01
6.810231023102309678e+01
6.886121212121211954e+01
6.835410599883518046e+01
6.831541725601131532e+01
6.815666860803727900e+01
6.829705882352941160e+01
6.817251725172516785e+01
6.806144437973209449e+01
6.803086779266162409e+01
6.853208556149732544e+01
6.900564468211527469e+01
