5.396939393939393881e+01
5.413025990099009732e+01
5.394974300399771749e+01
5.438570167696381219e+01
5.415903465346534773e+01
5.373572261072261114e+01
5.336664603960396391e+01
5.269187500000000313e+01
5.240870098039215463e+01
5.164676761793826643e+01
5.225510817307691980e+01
5.207954545454545325e+01
5.221790006325110767e+01
5.195368891727882499e+01
5.210752688172043179e+01
5.194870967741935175e+01
5.178974514563106624e+01
5.179335675503034508e+01
5.112616550116550229e+01
5.184350047908016279e+01
5.215306767868437987e+01
5.212808349146109776e+01
5.114820544554455495e+01
5.123154555940023158e+01
5.125625183877610880e+01
5.136656250000000057e+01
5.129656250000000028e+01
5.137781249999999744e+01
5.136422477199176484e+01
5.125849514563106624e+01
5.140686274509803866e+01
5.108282766990291179e+01
5.101001213592233086e+01
5.116411641164116730e+01
5.127798861480076198e+01
5.151960784313725839e+01
5.135451603412768407e+01
5.130375000000000085e+01
5.140012254901960631e+01
5.095792880258899515e+01
5.101723113487819461e+01
5.188885340146917713e+01
5.057882352941176407e+01
5.122531250000000114e+01
5.175402227722772608e+01
5.157444852941176805e+01
5.102614379084967311e+01
5.159068627450980671e+01
5.155715571557155386e+01
5.147916666666666430e+01
5.158088235294117396e+01
5.143052184466019128e+01
5.161029411764705799e+01
5.154166666666666430e+01
5.152134900990098743e+01
5.143535539215686470e+01
5.122418358340688371e+01
5.179917773561037109e+01
5.213946869070208834e+01
5.164913366336633516e+01
5.198576850094876534e+01
5.210056925996205024e+01
5.167358671351006194e+01
5.168124999999999858e+01
5.195718750000000341e+01
5.157301980198019464e+01
5.175835396039603609e+01
5.230437710437710308e+01
5.179380139152435447e+01
5.164123774509803866e+01
5.172273284313725839e+01
5.182675970873786753e+01
5.138111888111887993e+01
5.181433823529411598e+01
5.134878193701722893e+01
5.179411764705882604e+01
5.186642156862745168e+01
5.151531862745098067e+01
5.231182795698924792e+01
5.240037128712871350e+01
5.287194719471947479e+01
5.249824337272436736e+01
5.274129671031619182e+01
5.271045751633987209e+01
5.192453951277480684e+01
5.179932598039215463e+01
5.144031141868511980e+01
5.260396039603960361e+01
5.199673202614378908e+01
5.187878787878787534e+01
5.263110827211753673e+01
5.256843750000000171e+01
5.293741935483870975e+01
5.260416666666666430e+01
5.297225806451612584e+01
5.270018564356435320e+01
5.282444852941176805e+01
5.201515151515151558e+01
5.283175205566097077e+01
5.236213235294117396e+01
5.190968508615567600e+01
5.210042475728155154e+01
5.194727272727272549e+01
5.196028243601059415e+01
5.242574257425742701e+01
5.230606617647058698e+01
5.235947712418300881e+01
5.305359477124183343e+01
5.253712871287128650e+01
5.187658592848904249e+01
5.260042475728155154e+01
5.230629827688651545e+01
5.226442307692308020e+01
5.242384708737863974e+01
5.320231023102310530e+01
5.287871287128712794e+01
5.240315594059406124e+01
5.291208096141682660e+01
5.196791443850267456e+01
5.162370242214532823e+01
5.242883663366336577e+01
5.237500000000000000e+01
5.211467617349970283e+01
5.206476530005942038e+01
5.203594771241829875e+01
5.219240953221535761e+01
5.277292852624920982e+01
5.209031491384432400e+01
5.299933993399339727e+01
5.255349728521239427e+01
5.207635175282234030e+01
5.255924624720536542e+01
5.256894370651486526e+01
5.215810643564356752e+01
5.221967821782178021e+01
5.249920153305652804e+01
5.144517418617932947e+01
5.245946782178217660e+01
5.260811242414563793e+01
5.260876225490196134e+01
5.151604278074866272e+01
5.215962009803921262e+01
5.226577970297029907e+01
5.276493133184285966e+01
5.231669637551990348e+01
5.227243306854957439e+01
5.219429590017825404e+01
5.259405940594059103e+01
5.292125237191650911e+01
5.236422477199176484e+01
5.273514851485148824e+01
5.289943074003794976e+01
5.298228969006957811e+01
5.305534471853257372e+01
5.218123543123542873e+01
5.324816352603001945e+01
5.245989304812834320e+01
5.181096516276413411e+01
5.238481906443071523e+01
5.328954248366012791e+01
5.250242718446602197e+01
5.297390776699029402e+01
5.311488970588235503e+01
5.295955882352941302e+01
5.277480689245395240e+01
5.322229319706163864e+01
5.354206198608475376e+01
5.315937400191631923e+01
5.342567994939911102e+01
5.272786690433749612e+01
5.277396844660194120e+01
5.272947303921568363e+01
5.331651229639093259e+01
5.283897801544860329e+01
5.295782766990291179e+01
5.282798573975044576e+01
5.285145573380867745e+01
5.327971813725490335e+01
5.210793832095944822e+01
5.269667549279199648e+01
5.321629901960784537e+01
5.290759075907590869e+01
5.267814062959693899e+01
5.316990291262136026e+01
5.287193627450980671e+01
5.187166262135922068e+01
5.004683038263848971e+01
4.783040048543688982e+01
4.746596534653465227e+01
4.754455445544554237e+01
4.665460429538099163e+01
4.693385922330097060e+01
4.652839070314798420e+01
4.627018454440599982e+01
4.627449249779346729e+01
4.621123859958811408e+01
4.628243601059134704e+01
4.627978817299205616e+01
4.652020202020202078e+01
4.627688651218063143e+01
4.638020833333333570e+01
4.654166666666666430e+01
4.656280637254901933e+01
4.672803217821782340e+01
4.724612903225806804e+01
4.659926470588235503e+01
4.691935483870967971e+01
4.684591584158415856e+01
4.665414663461538680e+01
4.642953809944101096e+01
4.706230234029095527e+01
4.634516594516594523e+01
4.709550917141049808e+01
4.688419117647058698e+01
4.682342233009708821e+01
4.714958886780518554e+01
4.656009615384615330e+01
4.672269417475727948e+01
4.668750000000000000e+01
4.697947303921568363e+01
4.684799757281553667e+01
4.628537805236834402e+01
4.655941770647653044e+01
4.700316255534471566e+01
4.703510436432637221e+01
4.729575215586074677e+01
4.592975442604225833e+01
4.620192307692308020e+01
4.660546642899583958e+01
4.641541629891144538e+01
4.667973856209150085e+01
4.647224722472247294e+01
4.675579322638146351e+01
4.670172311348781591e+01
4.728462009803921262e+01
4.659284890426759063e+01
4.660547219770520400e+01
4.649043836422477227e+01
4.622015990862364276e+01
4.707251213592233086e+01
4.722390776699029402e+01
4.699851455733808336e+01
4.661841718152398073e+01
4.662900853192115136e+01
4.731435800126502045e+01
4.678405413356869502e+01
4.704501323918799471e+01
4.725092821782178021e+01
4.740343750000000256e+01
4.709746287128712794e+01
4.760268284893005131e+01
4.696019013666072794e+01
4.718842821782178021e+01
4.718750000000000000e+01
4.724350247524752433e+01
4.792941552219738099e+01
4.824656659214308263e+01
4.803257745129351974e+01
4.717387466902030013e+01
4.793968749999999801e+01
4.800606834877036277e+01
4.750123762376237835e+01
4.709180035650624063e+01
4.755531249999999943e+01
4.768096774193548271e+01
4.776870967741935203e+01
4.752187799425103520e+01
4.822999999999999687e+01
4.760709677419355046e+01
4.802145214521452488e+01
4.762903225806451957e+01
4.772290322580645494e+01
4.676297629762976271e+01
4.700154702970296938e+01
4.666576657665766703e+01
4.761322261258384003e+01
4.725092821782178021e+01
4.728937381404174545e+01
4.769019482593420634e+01
4.734870049504950629e+01
4.719678217821782340e+01
4.761034813158735091e+01
4.694177064765300145e+01
4.696761734997028981e+01
4.696256684491978461e+01
4.741215158158471610e+01
4.679493968814357174e+01
4.694325609031491098e+01
4.744660194174757351e+01
4.749325980392156765e+01
4.725827205882352899e+01
4.727998747259630363e+01
4.732301980198019464e+01
4.723927696078431637e+01
4.681407828282828376e+01
4.727052060044714210e+01
4.642984068627450966e+01
4.669577205882352899e+01
4.671875000000000000e+01
4.614913366336633516e+01
4.640379901960784537e+01
4.668688118811881083e+01
4.706068348770360643e+01
4.681714108910890815e+01
4.643474264705882604e+01
4.637473747374737343e+01
4.681992574257425588e+01
4.687413029728020319e+01
4.686527514231499225e+01
4.670327669902912504e+01
4.633003300330032914e+01
4.685374999999999801e+01
4.660365099009901257e+01
4.665594059405940897e+01
4.681531249999999744e+01
4.644177064765300145e+01
4.698781249999999687e+01
4.746426312460467756e+01
4.701645161290322505e+01
4.656745049504950629e+01
4.674388111888112007e+01
4.755339805825242649e+01
4.759597572660491949e+01
4.659653679653679603e+01
4.612044817927171181e+01
4.656806722689075428e+01
4.744599999999999795e+01
4.679031249999999886e+01
4.676499708794408861e+01
4.640862364363221104e+01
4.659090909090909349e+01
4.657251019219569343e+01
4.571305285868392332e+01
4.897664835164835040e+01
4.942376950780312228e+01
5.220367132867132653e+01
5.290937411498158838e+01
5.291342952275249445e+01
5.397322741982936378e+01
5.521616161616161378e+01
5.647348484848485128e+01
5.744696969696969546e+01
5.769931467732724428e+01
5.783908371040723750e+01
5.883378337833783434e+01
5.799799999999999756e+01
5.862442607897153124e+01
5.820352941176470551e+01
5.772192362093352358e+01
5.734600862998921400e+01
5.796638655462184886e+01
5.927486991123354443e+01
5.825061224489795819e+01
5.762834224598930177e+01
5.856656250000000341e+01
5.830839646464646364e+01
5.872955360052134210e+01
5.750165016501649973e+01
5.701805938169574262e+01
5.742750000000000199e+01
5.648252766453116180e+01
5.584111880046135923e+01
5.572549019607843235e+01
5.653000594177064642e+01
5.612889273356401532e+01
5.587871148459383619e+01
5.578151260504201758e+01
5.597619047619047450e+01
5.575000000000000000e+01
5.595316804407713818e+01
5.612727272727272521e+01
5.605677419354838520e+01
5.499729972997299399e+01
5.320702070207020995e+01
5.314999999999999858e+01
5.130843084308430946e+01
5.029787878787878697e+01
4.895619561956195298e+01
4.783184789067141907e+01
4.579571428571428271e+01
4.640439560439560296e+01
4.589353099730458041e+01
4.858041237113402389e+01
4.835068027210884622e+01
4.805409946236559193e+01
4.626951357466063541e+01
4.629383484162895712e+01
4.635179897201599175e+01
4.645333710407239636e+01
4.686249285305888890e+01
4.690009000900089831e+01
4.675205882352940989e+01
4.700683303624479947e+01
4.741454545454545411e+01
5.471054292929292728e+01
5.578282828282828376e+01
5.630208333333333570e+01
5.717468749999999744e+01
5.859354838709677438e+01
5.928661616161615910e+01
5.981484848484848271e+01
6.119093749999999687e+01
6.208039579468150748e+01
6.340277777777777857e+01
6.477683080808080263e+01
6.606287030941409455e+01
6.631493182573994716e+01
6.652398989898989612e+01
6.708920342330480935e+01
6.769504489524443613e+01
6.864523809523809916e+01
6.795138888888888573e+01
6.849071358748777527e+01
6.840355497037525367e+01
6.881073074391046873e+01
6.848749999999999716e+01
6.892374999999999829e+01
6.871999999999999886e+01
6.837260358688929784e+01
6.970309414088215760e+01
6.885565330726620914e+01
6.857833430401863950e+01
6.942376237623761881e+01
6.959696969696969404e+01
6.992966666666666242e+01
6.917986314760509003e+01
6.911274030628869980e+01
6.883615458320025482e+01
6.888483870967742462e+01
6.892774193548386563e+01
6.900841750841750866e+01
6.884999999999999432e+01
6.839343750000000455e+01
6.894133333333333269e+01
6.817093749999999375e+01
6.813687500000000341e+01
6.837026515151515582e+01
6.816161616161616621e+01
6.859483870967741836e+01
6.863709677419355160e+01
6.817530140110785908e+01
6.867677419354838264e+01
6.827997448979591866e+01
6.794925742574257299e+01
6.794437499999999375e+01
6.776874999999999716e+01
6.707650765076508037e+01
6.774812500000000171e+01
6.785968750000000682e+01
6.838290322580645864e+01
6.752805280528052378e+01
6.809837112743532828e+01
6.829483870967742121e+01
6.789552696078430927e+01
6.806060606060606233e+01
6.822096774193548185e+01
6.823580645161290192e+01
6.848225806451613096e+01
6.927744107744108248e+01
6.928417508417508941e+01
6.833935483870968142e+01
6.818812499999999943e+01
6.777450980392157476e+01
6.767064950980392268e+01
6.790355164548712708e+01
6.723596938775510523e+01
6.833422015297638552e+01
6.820821114369501004e+01
6.838840013033561149e+01
6.841577060931899723e+01
6.845723905723905034e+01
6.894392197840473102e+01
6.777444306930692619e+01
6.746030303030302377e+01
6.761850247524752433e+01
6.755514705882353610e+01
6.754564950980392268e+01
6.712303030303030482e+01
6.681312499999999943e+01
6.670049504950495134e+01
6.587572696663605143e+01
6.484562211981567259e+01
6.427380952380951840e+01
6.327169936814100737e+01
6.269025674786043112e+01
6.186966754927919965e+01
6.226500000000000057e+01
6.202248289345063625e+01
6.147815958066394870e+01
6.174129032258064598e+01
6.151838709677419104e+01
6.147637666992505956e+01
6.236734006734006641e+01
6.184364713627386578e+01
6.139031250000000028e+01
6.168980123818833761e+01
6.169729553600521399e+01
6.171749755620723477e+01
6.170022808732485942e+01
6.191507570770243518e+01
6.164109848484848442e+01
6.158775252525252597e+01
6.199078341013824911e+01
6.175631313131312794e+01
6.167013888888888573e+01
6.186899275839368073e+01
6.179098090849242908e+01
6.209421768707483125e+01
6.124585459183673208e+01
6.144128787878787534e+01
6.206188281764318759e+01
6.200097751710654848e+01
6.307653061224489477e+01
6.272975641869651042e+01
6.276201448321263854e+01
6.273032258064515787e+01
6.282721175343341002e+01
6.315306122448979664e+01
6.325346605047991488e+01
6.216727941176470296e+01
6.367698019801980536e+01
6.338112745098039369e+01
6.345580645161290079e+01
6.356691152986266502e+01
6.342063238581922491e+01
6.364356435643564680e+01
6.333036303630363051e+01
6.222926980198019464e+01
6.177450980392156765e+01
6.216218750000000171e+01
6.235313531353135375e+01
6.229879439556859211e+01
6.146468749999999659e+01
6.191504311721494958e+01
6.164520202020202078e+01
6.162187500000000284e+01
6.171548387096774491e+01
6.049912638322656022e+01
6.024942329873125857e+01
5.995297029702970093e+01
6.056138613861386233e+01
6.024000000000000199e+01
6.018843819865857370e+01
5.972877287728773155e+01
6.228496287128712794e+01
6.153063725490196134e+01
6.193871359223300743e+01
6.246774193548387188e+01
6.206764797995615623e+01
6.263142765889492125e+01
6.115719696969696884e+01
6.067728960396039639e+01
6.142295792079207928e+01
6.170680293835835073e+01
6.264884488448844735e+01
6.185977421271538645e+01
6.217048267326732969e+01
6.238909313725490335e+01
6.290765338393421757e+01
6.231433823529411598e+01
6.256704617330803586e+01
6.228625117444409653e+01
6.197916666666666430e+01
6.257242251739405248e+01
6.285478547854785347e+01
6.278129032258064512e+01
6.326599999999999824e+01
6.285020760140530172e+01
6.260548387096774547e+01
6.311933333333332996e+01
6.280325774512935055e+01
6.271521668295861929e+01
6.235814950980392268e+01
6.385655172413792968e+01
6.218971574576812600e+01
6.357128712871286780e+01
6.222868093260939304e+01
6.112830528846154010e+01
6.120254342431761785e+01
6.171176470588235219e+01
6.158268398268398158e+01
6.234773139745916382e+01
5.886306135357368419e+01
5.835673624288425287e+01
5.741650853889942852e+01
5.621277915632754230e+01
5.615105459057071613e+01
5.515800000000000125e+01
5.407750085353362834e+01
5.309869051421271280e+01
5.237476280834914633e+01
5.412500000000000000e+01
5.261448019801980536e+01
5.315306767868437987e+01
4.790528052805280623e+01
4.772320261437908329e+01
4.753300653594771319e+01
4.735926628716002540e+01
4.762810457516339824e+01
4.632322303921568363e+01
4.755620915032680074e+01
4.637759952465835056e+01
4.714312558722204471e+01
4.733111954459202764e+01
4.719096774193548072e+01
4.691212871287128650e+01
4.670741421568627771e+01
4.640594660194174992e+01
4.635650623885918264e+01
4.640047534165181276e+01
4.609544405997693417e+01
4.560138696255201296e+01
4.629420417769932072e+01
4.561373626373626422e+01
4.576070816676185160e+01
4.475773514851485402e+01
4.503000300030002734e+01
4.544949494949494806e+01
4.501272727272727536e+01
4.446114611461145927e+01
4.408117647058823252e+01
4.433401281304600872e+01
4.474181818181818215e+01
4.432636363636363797e+01
4.375829935934770276e+01
4.441830065359476976e+01
4.447296494355317975e+01
4.334257703081232194e+01
4.477506188118811536e+01
4.441118229470005474e+01
4.469785230950279242e+01
4.460034602076124344e+01
4.412572087658593034e+01
4.523161764705882604e+01
4.457575757575757791e+01
4.453885388538854073e+01
4.475519904931669402e+01
4.497855392156862564e+01
4.495637376237623783e+01
4.453585358535853800e+01
4.513459158415841443e+01
4.481587009803921262e+01
4.515315594059406124e+01
4.487622549019607732e+01
4.517246885978920545e+01
4.445281862745098067e+01
4.476856435643564680e+01
4.487902227722772608e+01
4.463112745098039369e+01
4.442186571598336542e+01
4.506924019607843235e+01
4.408066394874781935e+01
4.496292892156862564e+01
4.476237623762376217e+01
4.493409653465346310e+01
4.485042475728155154e+01
4.491955445544554237e+01
4.467052881758763760e+01
4.514201732673267031e+01
4.514583333333333570e+01
4.458180147058823195e+01
4.432103210321032094e+01
4.482766089108910990e+01
4.457996323529411598e+01
4.440503640776699257e+01
4.452757352941176805e+01
4.510736386138614051e+01
4.513222612583839322e+01
4.441454545454545411e+01
4.516640051101884268e+01
4.484968750000000171e+01
4.541871606515490356e+01
4.492450495049504866e+01
4.495637376237623783e+01
4.543580645161290477e+01
4.513937500000000114e+01
4.525687500000000085e+01
4.479411764705882604e+01
4.554048070841239593e+01
4.553561162567869758e+01
4.501856435643564680e+01
4.489016990291262488e+01
4.501423267326732969e+01
4.506435643564356752e+01
4.480693069306930454e+01
4.540689875439156964e+01
4.433244206773618856e+01
4.507249999999999801e+01
4.435883588358835539e+01
4.482642326732673155e+01
