6.685110294117646390e+01
6.687522281639928678e+01
6.632958477508650219e+01
6.670202020202020776e+01
6.712438118811881793e+01
6.658616504854369111e+01
6.702400240024002187e+01
6.633123929183324208e+01
6.717574257425742701e+01
6.735989879822896853e+01
6.696752450980392268e+01
6.624356617647059409e+01
6.692483660130719159e+01
6.751144801980197485e+01
6.793612903225806576e+01
6.671004159239453202e+01
6.730043316831682887e+01
6.723081683168317113e+01
6.698958333333332860e+01
6.683088235294117396e+01
6.698223039215686470e+01
6.723824257425742701e+01
6.691574754901961342e+01
6.714449257425742701e+01
6.688242574257425588e+01
6.747785194174757351e+01
6.701500441306266964e+01
6.730778371954842498e+01
6.625346020761246280e+01
6.738056930693069546e+01
6.695557516916740326e+01
6.660593946316390657e+01
6.718848829854522364e+01
6.710294117647059409e+01
6.670703575547865682e+01
6.741460396039603609e+01
6.722708399872244911e+01
6.595761245674739826e+01
6.744673202614379193e+01
6.670023767082589927e+01
6.674203431372548323e+01
6.700450045004500055e+01
6.632055852644087679e+01
6.667156862745098067e+01
6.641044104410441662e+01
6.662685680332738514e+01
6.662837009803921262e+01
6.653585358535853800e+01
6.668343630479553497e+01
6.686121323529411598e+01
6.712226941747573505e+01
6.756495098039215463e+01
6.753145959757266326e+01
6.665048543689320582e+01
6.709127475247524330e+01
6.705078249760460096e+01
6.749537953795379508e+01
6.687654702970297649e+01
6.635069137981759013e+01
6.664854426619132255e+01
6.673131127450980671e+01
6.688770053475936095e+01
6.675612745098038658e+01
6.645859508852085185e+01
6.659803921568627061e+01
6.630479552809650556e+01
6.700303398058252924e+01
6.684648058252426495e+01
6.729486386138613341e+01
6.670418689320388239e+01
6.732394801980197485e+01
6.711764705882353610e+01
6.724717765894236265e+01
6.713511029411765207e+01
6.710876225490196134e+01
6.709957107843136725e+01
6.726113861386139092e+01
6.697596457938013259e+01
6.662596553773023800e+01
6.704718137254901933e+01
6.710140931372548323e+01
6.708639705882353610e+01
6.726918316831682887e+01
6.685998774509803866e+01
6.682347749338040899e+01
6.734498762376237835e+01
6.693129312931293384e+01
6.717493872549019329e+01
6.729022277227723237e+01
6.773562499999999886e+01
6.784477802618971509e+01
6.713296568627451677e+01
6.742961165048544103e+01
6.717701770177018261e+01
6.780900670712232170e+01
6.791376557010539727e+01
6.749133663366336577e+01
6.730352722772276763e+01
6.753398058252426495e+01
6.778399746995572173e+01
6.707575757575757791e+01
6.793771957840945674e+01
6.695187165775401184e+01
6.726330445544554948e+01
6.746660539215686470e+01
6.749907178217821979e+01
6.716191325014854385e+01
6.726507796410709261e+01
6.779950495049504866e+01
6.749908980582524975e+01
6.718686868686869218e+01
6.789140849568828173e+01
6.690968508615567600e+01
6.699411591644602026e+01
6.795879910571701998e+01
6.811258064516128741e+01
6.695513963161022275e+01
6.771347248576850575e+01
6.774161922833648930e+01
6.758656249999999943e+01
6.712811281128112739e+01
6.678550207961973229e+01
6.775087831363781277e+01
6.697824754901961342e+01
6.730198019801980536e+01
6.745111386138613341e+01
6.722727272727273373e+01
6.723618538324420513e+01
6.685531788472964365e+01
6.708762254901961342e+01
6.749545881616035103e+01
6.777387416160971156e+01
6.723774509803921262e+01
6.712837009803921262e+01
6.790363036303629940e+01
6.714185049019607732e+01
6.699540441176471006e+01
6.697824754901961342e+01
6.730445544554454784e+01
6.716769801980197485e+01
6.636809269162210967e+01
6.735953648606326283e+01
6.684803921568627061e+01
6.714851485148514598e+01
6.700337009803921262e+01
6.733727243692111131e+01
6.686611519607842524e+01
6.777036090705844629e+01
6.726960784313725128e+01
6.706892453951277844e+01
6.679084967320261512e+01
6.737560679611650016e+01
6.676143790849673110e+01
6.711170528817586955e+01
6.722192513368983668e+01
6.680570409982175306e+01
6.703060011883540881e+01
6.681098300970873538e+01
6.685495734039423610e+01
6.627184466019417641e+01
6.674315975286849323e+01
6.691881127450980671e+01
6.738106796116504427e+01
6.702052696078430927e+01
6.687105582524272052e+01
6.672663834951455897e+01
6.701138519924099057e+01
6.695189950980392268e+01
6.727413366336634226e+01
6.709313725490196134e+01
6.665138408304498796e+01
6.679847013827595958e+01
6.771221122112211788e+01
6.706002475247524330e+01
6.720946782178218371e+01
6.719482593420632099e+01
6.728001237623762165e+01
6.732915753210147614e+01
6.686764705882353610e+01
6.680188106796116188e+01
6.721008663366336577e+01
6.715717821782178021e+01
6.694845034788109217e+01
6.680606617647059409e+01
6.719730392156863275e+01
6.659952465834818724e+01
6.720833333333332860e+01
6.722512135922329435e+01
6.681556372549019329e+01
6.711417079207920722e+01
6.727227722772276763e+01
6.705123339658443626e+01
6.696721813725490335e+01
6.630023296447291159e+01
6.691881127450980671e+01
6.717790841584158557e+01
6.718254950495050082e+01
6.699652118912081278e+01
6.698682598039215463e+01
6.721078431372548323e+01
6.698513349514563231e+01
6.703701456310679418e+01
6.679082082965578593e+01
6.727629950495050082e+01
6.688143571638717333e+01
6.752696078431372939e+01
6.690441176470588402e+01
6.691758578431372939e+01
6.716491336633663423e+01
6.725327371446822156e+01
6.708823529411765207e+01
6.699683744465528434e+01
6.698223039215686470e+01
6.694148284313725128e+01
6.732736650485436769e+01
6.693412990196078738e+01
6.727115937400191115e+01
6.768032258064516782e+01
6.715934405940593876e+01
6.731204088150749953e+01
6.677017701770176927e+01
6.730022357074416561e+01
6.703984819734345990e+01
6.683517156862744457e+01
6.692463235294117396e+01
6.688986650485436769e+01
6.697881087919039089e+01
6.696629901960784537e+01
6.713636363636364024e+01
6.639070314798469497e+01
6.684308430843084636e+01
6.611385701676964288e+01
6.672370766488413096e+01
6.694148284313725128e+01
6.649821746880570572e+01
6.632695602512849575e+01
6.697794117647059409e+01
6.691207107843136725e+01
6.676737967914438343e+01
6.674887488748875342e+01
6.689016990291261777e+01
6.737843137254901649e+01
6.706096813725490335e+01
6.703496287128713504e+01
6.686337760910815575e+01
6.709715346534653690e+01
6.699877450980392268e+01
6.661259655377303091e+01
6.701918316831682887e+01
6.629916815210933123e+01
6.681158088235294201e+01
6.652085208520851722e+01
6.660458958517210704e+01
6.662716584158415856e+01
6.664480198019802515e+01
6.739882425742574412e+01
6.711721494730117854e+01
6.710581683168317113e+01
6.696410891089108475e+01
6.659648058252426495e+01
6.702413366336634226e+01
6.680729166666667140e+01
6.681924019607842524e+01
6.708783136378153245e+01
6.670373639305678637e+01
6.675273058252426495e+01
6.620035304501324447e+01
6.708210784313725128e+01
6.651485148514851176e+01
6.695389851485148824e+01
6.684993811881187753e+01
6.708312499999999545e+01
6.694474608751197309e+01
6.670746363061353179e+01
6.676628716002529984e+01
6.649540441176471006e+01
6.696329966329966510e+01
6.650122549019607732e+01
6.720588235294117396e+01
6.647860962566845444e+01
6.721170343137255543e+01
6.740817630150111484e+01
6.688437775816416320e+01
6.751069945704247743e+01
6.681224004753416068e+01
6.695544554455445052e+01
6.674111519607842524e+01
6.709803921568627061e+01
6.670772058823528994e+01
6.714229368932038255e+01
6.700278465346534063e+01
6.638379469434832458e+01
6.717324029126213247e+01
6.722232764073370959e+01
6.700030940594059814e+01
6.716991376557010085e+01
6.703867574257425588e+01
6.668259803921569073e+01
6.681368136813681247e+01
6.694492574257425588e+01
6.738422229319705536e+01
6.730062499999999659e+01
6.741875000000000284e+01
6.718162128712870640e+01
6.708950242718447043e+01
6.692067736185383353e+01
6.688148814881488136e+01
6.698391089108910990e+01
6.700402227722771897e+01
6.665418894830659724e+01
6.736672794117646390e+01
6.715315594059406124e+01
6.689368872549019329e+01
6.711695544554454784e+01
6.739696782178218371e+01
6.716421568627451677e+01
6.717095588235294201e+01
6.698499849984997923e+01
6.689302191464821590e+01
6.749281379750878784e+01
6.739675245098038658e+01
6.721256188118812247e+01
6.689850057670126660e+01
6.764927261227072108e+01
6.706090609060906615e+01
6.711011101110111099e+01
6.684521687462863326e+01
6.718842821782178021e+01
6.652335640138407769e+01
6.757858910891089010e+01
6.715501237623762165e+01
6.674963224477787094e+01
6.705662128712870640e+01
6.662253604001176654e+01
6.657016769638129006e+01
6.692840166369578014e+01
6.713675742574257299e+01
6.714889705882353610e+01
6.761673586713510531e+01
6.692463235294117396e+01
6.659506833036245155e+01
6.746394686907021310e+01
6.659635186819653541e+01
6.708106435643564680e+01
6.720730198019802515e+01
6.717667079207920722e+01
