7.504562500000000114e+01
7.546301726946887811e+01
7.553926360377973026e+01
7.595882352941175952e+01
7.537992831541218663e+01
7.531378299120234487e+01
7.518149234278266135e+01
7.599730639730640291e+01
7.513620071684587742e+01
7.497290322580644784e+01
7.568266666666666254e+01
7.535064516129031631e+01
7.564129032258064456e+01
7.614793103448275247e+01
7.561520737327188613e+01
7.484906250000000227e+01
7.515835777126099515e+01
7.529488432714239821e+01
7.540064516129032768e+01
7.537516129032258050e+01
7.587722772277227534e+01
7.596464646464646364e+01
7.598787878787878469e+01
7.594646464646464779e+01
7.560599999999999454e+01
7.572499999999999432e+01
7.553799999999999670e+01
7.546935483870967687e+01
7.559766666666666879e+01
7.495951929158759697e+01
7.532609389971254643e+01
7.556372549019607732e+01
7.478468750000000398e+01
7.477406249999999943e+01
7.480468750000000000e+01
7.579108910891089579e+01
7.553700000000000614e+01
7.578787878787878185e+01
7.540585911784069140e+01
7.520267188009123061e+01
7.543129032258065081e+01
7.612137931034482108e+01
7.578918214402085596e+01
7.531354838709677324e+01
7.475031250000000682e+01
7.496838709677419388e+01
7.591750841750841516e+01
7.595408163265305745e+01
7.579292929292928704e+01
7.579259259259259807e+01
7.563962202671879709e+01
7.557299999999999329e+01
7.519292929292929273e+01
7.533032258064515929e+01
7.548633333333333439e+01
7.551966666666666583e+01
7.512168636218460449e+01
7.534935483870967232e+01
7.555400000000000205e+01
7.554225806451613323e+01
7.577966666666667095e+01
7.582437275985662950e+01
7.547096774193548185e+01
7.566632996632996822e+01
7.543129032258065081e+01
7.543677419354838776e+01
7.534621526668796321e+01
7.527205387205387410e+01
7.580221570544151177e+01
7.634920634920635507e+01
7.575387205387205825e+01
7.587500000000000000e+01
7.552200000000000557e+01
7.575183647396997344e+01
7.495081443628234297e+01
7.638922558922558892e+01
7.602344827586206577e+01
7.598033333333333417e+01
7.590033333333333587e+01
7.560942760942761254e+01
7.581133333333333724e+01
7.643566666666666265e+01
7.489172788246565915e+01
7.525419354838709296e+01
7.531483870967741723e+01
7.533700000000000330e+01
7.572424242424241925e+01
7.537193548387097053e+01
7.544967741935484185e+01
7.572409240924092444e+01
7.534666666666666401e+01
7.593099999999999739e+01
7.607689655172413268e+01
7.583201320132013734e+01
7.546501650165016883e+01
7.554096774193548924e+01
7.616599999999999682e+01
7.566868686868686211e+01
7.599466666666666015e+01
7.538806451612903459e+01
7.563973063973064370e+01
7.548677419354838491e+01
7.649240924092408989e+01
7.576735092864124965e+01
7.663299663299663678e+01
7.578406846609611591e+01
7.622659932659932736e+01
7.529903225806451417e+01
7.584199999999999875e+01
7.621649831649831697e+01
7.621212121212121815e+01
7.599566666666666492e+01
7.639225589225588919e+01
7.571414141414140886e+01
7.543225806451613380e+01
7.643678160919540687e+01
7.613533333333333530e+01
7.605133333333333212e+01
7.611466666666666470e+01
7.552322580645160599e+01
7.613068965517241793e+01
7.580942760942761538e+01
7.520483870967741780e+01
7.616233333333333633e+01
7.619400000000000261e+01
7.651548821548821877e+01
7.623066666666666436e+01
7.643364681295716423e+01
7.567373737373736731e+01
7.602500000000000568e+01
7.567383512544802215e+01
7.559302704463995326e+01
7.621683501683502016e+01
7.559693711306614716e+01
7.635016501650164855e+01
7.594566666666666777e+01
7.547887788778878360e+01
7.579800000000000182e+01
7.561354199936123166e+01
7.554884488448844593e+01
7.602929292929293581e+01
7.508743686868686495e+01
7.550129032258064399e+01
7.550419354838709296e+01
7.634666666666666401e+01
7.622996632996633082e+01
7.607070707070707272e+01
7.560870967741935544e+01
7.571599999999999397e+01
7.552612903225806917e+01
7.559233333333332894e+01
7.566734006734006357e+01
7.502871287128712652e+01
7.480357713190673508e+01
7.631408934707903313e+01
7.601862068965517949e+01
7.576702508960573823e+01
7.523322580645161395e+01
7.532774193548387132e+01
7.558260019550341724e+01
7.547161716171616774e+01
7.613479623824451892e+01
7.486138613861386659e+01
7.535132545512615820e+01
7.501000000000000512e+01
7.536363636363635976e+01
7.543973063973064086e+01
7.544612794612794460e+01
7.524870967741935601e+01
7.524032258064515588e+01
7.531096774193548526e+01
7.533366666666667300e+01
7.482018524433088658e+01
7.544802867383512535e+01
7.571466666666667322e+01
7.474768444586393912e+01
7.573605442176871350e+01
7.550961225154773615e+01
7.639479239971851143e+01
7.615569487983280794e+01
7.616026936026935346e+01
7.565346534653465937e+01
7.593233333333333235e+01
7.582133333333332814e+01
7.551056105610561531e+01
7.585833333333333428e+01
7.555181518151815112e+01
7.491495601173021157e+01
7.571548821548822161e+01
7.590505050505051088e+01
7.603265993265993927e+01
7.580156402737047472e+01
7.604410774410774820e+01
7.601919191919192542e+01
7.595589225589225180e+01
7.484562499999999829e+01
7.544983498349834861e+01
7.564385793418051662e+01
7.571299999999999386e+01
7.545874587458746419e+01
7.550667970022809072e+01
7.607558342041100730e+01
7.592166666666666686e+01
7.505124999999999602e+01
7.594566666666666777e+01
7.596033333333333815e+01
7.558514851485148256e+01
7.656034482758620641e+01
7.573960396039603893e+01
7.609799999999999898e+01
7.576333439795592994e+01
7.602400000000000091e+01
7.514124999999999943e+01
7.598859563375692971e+01
7.580633333333332757e+01
7.578499999999999659e+01
7.588074291300097229e+01
7.488812500000000227e+01
7.497185325743200224e+01
7.600740740740741330e+01
7.565866666666666163e+01
7.570766666666666822e+01
7.496483870967742291e+01
7.606902356902357099e+01
7.549141914191419289e+01
7.564733333333333576e+01
7.503900000000000148e+01
7.628551724137930989e+01
7.516967741935484071e+01
7.591616161616161662e+01
7.591266666666666652e+01
7.574933333333333962e+01
7.492312499999999886e+01
7.578333333333333144e+01
7.596565656565655900e+01
7.573103448275861638e+01
7.522580645161289681e+01
7.420482673267326845e+01
7.523737373737374412e+01
7.505604431410883137e+01
7.505441511893124584e+01
7.510361681329423789e+01
7.620952380952381588e+01
7.543290322580645579e+01
7.474566666666666492e+01
7.508613861386137955e+01
7.495629907818367599e+01
7.428778877887788212e+01
7.478634212305611584e+01
7.488976897689768464e+01
7.438085808580858327e+01
7.498429498122226278e+01
7.570672239637757173e+01
7.555466666666666242e+01
7.500875420875421185e+01
7.560758620689655629e+01
7.558100000000000307e+01
7.592789968652037658e+01
7.621802721088435817e+01
7.550594059405941039e+01
7.584680134680134245e+01
7.602647161267850606e+01
7.549482758620689538e+01
7.551379310344827900e+01
7.559482758620688969e+01
7.588074291300097229e+01
7.634940182969739908e+01
7.541287128712870924e+01
7.560741935483871146e+01
7.536171617161716085e+01
7.578745874587458786e+01
7.559322580645161338e+01
7.591532946398088200e+01
7.530150111785371791e+01
7.532211221122112477e+01
7.613166144200627627e+01
7.484222293197061049e+01
7.588700000000000045e+01
7.518999999999999773e+01
7.543894389438943904e+01
7.571299999999999386e+01
7.577766666666666140e+01
7.569965517241379871e+01
7.528976897689769032e+01
7.454710954966463987e+01
7.523097643097642617e+01
7.497320261437909039e+01
7.510707070707070443e+01
7.588200000000000500e+01
7.456534653465347162e+01
7.532670454545454675e+01
7.505599999999999739e+01
7.529873677022874290e+01
7.569233333333333746e+01
7.606026936026935914e+01
7.563774193548387359e+01
7.565653594771241330e+01
7.546354838709677892e+01
7.572100000000000364e+01
7.606262626262626725e+01
7.457161716171617627e+01
7.590769766631835580e+01
7.574379310344826877e+01
7.458607473650590691e+01
7.587809125740160709e+01
7.631808585503166853e+01
7.477709677419355216e+01
7.591257401602229038e+01
7.446171617161715517e+01
7.467866666666667186e+01
7.536766666666666481e+01
7.432577451293516901e+01
7.497777777777777430e+01
7.569522814350401063e+01
7.469066666666667231e+01
7.505488215488215076e+01
7.584813653779171716e+01
7.428258064516128911e+01
7.560866666666666447e+01
7.546892857142857736e+01
7.497575757575756938e+01
7.559833333333332916e+01
7.504006734006733836e+01
7.454096774193548924e+01
7.564266666666667049e+01
7.552466666666666129e+01
7.594670846394984665e+01
7.573214907697666831e+01
7.591616161616161662e+01
7.467533333333332735e+01
7.471233333333333348e+01
7.477741935483871316e+01
7.509832707408672547e+01
7.372709677419355501e+01
7.535458028561477306e+01
7.546156462585034319e+01
7.493758620689655459e+01
7.547413793103447688e+01
7.536758620689654720e+01
7.481300000000000239e+01
7.509218163195629359e+01
7.559746657283602644e+01
7.560275862068965580e+01
7.509533333333332905e+01
7.490800000000000125e+01
7.513033333333333985e+01
7.495620689655171986e+01
7.592676767676768179e+01
7.543379310344828070e+01
7.516866666666666674e+01
7.600901875901875826e+01
7.593416927899686186e+01
7.543735063161489052e+01
7.582172413793102805e+01
7.619052594914663246e+01
7.521064516129031574e+01
7.636793103448276554e+01
7.511933333333332996e+01
7.630928571428572127e+01
7.573223082336383527e+01
7.608324625566004329e+01
7.607453848833159782e+01
7.492766373411534175e+01
7.504747474747475167e+01
7.504545454545454675e+01
7.540827586206896171e+01
7.516026936026935346e+01
7.543673469387755404e+01
7.450207601405301716e+01
7.478266666666667106e+01
7.507306397306396661e+01
7.540103448275861808e+01
7.551034482758620925e+01
7.499326599326599307e+01
7.473666666666666458e+01
7.544659863945578593e+01
7.517900000000000205e+01
7.593145743145743154e+01
7.539133333333333553e+01
7.468290322580645579e+01
7.471099999999999852e+01
7.589069264069263454e+01
7.536068965517240770e+01
7.478322580645161111e+01
7.525196312734722426e+01
7.473432343234323127e+01
7.526329966329966226e+01
7.549206896551724810e+01
7.528316831683167720e+01
7.501366666666666561e+01
7.441225806451612357e+01
7.561758620689654720e+01
7.560137931034482506e+01
7.482800000000000296e+01
7.593660745384883626e+01
7.600383141762452510e+01
7.406326338866270476e+01
7.520655848546314814e+01
7.487733333333333974e+01
7.527953795379538349e+01
7.546159098668488241e+01
7.515313531353135090e+01
7.531138975966561588e+01
7.540935472857630373e+01
7.479108910891089579e+01
7.531221122112211219e+01
7.478441392526349318e+01
7.438994307400379569e+01
7.505387096774192912e+01
7.452058823529411313e+01
7.479367614180772250e+01
7.442220113851992380e+01
7.518399999999999750e+01
7.528633333333333155e+01
7.566835016835017313e+01
7.559030385797200324e+01
7.576586206896551801e+01
7.546632996632996537e+01
7.609648206199929632e+01
7.538033333333333985e+01
7.531617161716171438e+01
7.571287128712870640e+01
7.565959595959596129e+01
7.601758620689655288e+01
7.562706270627062111e+01
7.557676767676767327e+01
7.614344827586207032e+01
7.593233333333333235e+01
7.633965517241379928e+01
7.569966666666667265e+01
7.516262626262626156e+01
7.610031347962382142e+01
7.466741935483871373e+01
7.504422442244224101e+01
7.500542957521558662e+01
7.569023569023569564e+01
7.496199297349089363e+01
7.579724137931034988e+01
7.490594059405940186e+01
7.514466666666666583e+01
7.507483870967742234e+01
7.462535931012456558e+01
7.504542483660131325e+01
7.526166666666667027e+01
7.544917491749174587e+01
7.486600660066007151e+01
7.482333333333333769e+01
7.552241379310345337e+01
7.565726227795192926e+01
7.523232323232323893e+01
7.503583502366463165e+01
7.525551724137930876e+01
7.522541254125412991e+01
7.462541254125412138e+01
7.567955416231278321e+01
7.534241379310344655e+01
7.533517241379310292e+01
7.545141065830721061e+01
7.522966666666665958e+01
7.495578231292516591e+01
7.466632996632996822e+01
7.435709677419355046e+01
7.506322580645161224e+01
7.490387096774193765e+01
7.619191919191919737e+01
7.585387504267667680e+01
7.501500000000000057e+01
7.573000000000000398e+01
7.495199999999999818e+01
7.518094912939569952e+01
7.604806687565307755e+01
7.530033670033670035e+01
7.546056674632980332e+01
7.496333333333333826e+01
7.478100000000000591e+01
7.453593101245608921e+01
7.555800000000000693e+01
7.498354838709677495e+01
7.464005110188438152e+01
7.465665921430853302e+01
7.511366666666665992e+01
7.458799105717022826e+01
7.502666666666667084e+01
7.537407407407407334e+01
7.524040404040404439e+01
7.553570184604667759e+01
7.450942190993292513e+01
7.555413793103448938e+01
7.448184818481848879e+01
7.555172413793103203e+01
7.501566666666666094e+01
7.504242424242424647e+01
7.559561128526645746e+01
7.534965517241379018e+01
7.534306826178747940e+01
7.534236453201970107e+01
7.575269940787181611e+01
7.481245791245791565e+01
7.528551724137930989e+01
7.509699999999999420e+01
7.596107142857142946e+01
7.490000000000000568e+01
7.528047138047138276e+01
7.487887788778877507e+01
7.604250000000000398e+01
7.524333333333333940e+01
7.532689655172413268e+01
7.495185185185185617e+01
7.539000000000000057e+01
7.533804713804714481e+01
7.520034482758620697e+01
7.537172413793103942e+01
7.491193548387096257e+01
7.536655172413793480e+01
7.548499999999999943e+01
7.574573319400906257e+01
7.542793103448275360e+01
7.461483870967741439e+01
7.503670033670033490e+01
7.466296296296296475e+01
7.591731175228711948e+01
7.520748299319727437e+01
7.496105610561056665e+01
7.483198653198653005e+01
7.522199999999999420e+01
7.512800000000000011e+01
7.589966329966330250e+01
7.540833333333333144e+01
7.527733333333333121e+01
7.570235690235689674e+01
7.458899999999999864e+01
7.494713804713805416e+01
7.551344827586207487e+01
7.516534653465346594e+01
7.511089108910890388e+01
7.453096774193548413e+01
7.442947501581276981e+01
7.435508578431372939e+01
7.475686274509803297e+01
7.565555555555555145e+01
7.507066666666666777e+01
7.503733333333333633e+01
7.421846055573298884e+01
7.446935483870967687e+01
7.427914404343660237e+01
7.501056105610561531e+01
7.530733333333333235e+01
7.507821782178217518e+01
7.579105496756572791e+01
7.519599999999999795e+01
7.515300000000000580e+01
7.556026936026935914e+01
7.474257425742574412e+01
7.524833333333333485e+01
7.489141914191418437e+01
7.500891089108911558e+01
7.497633333333332928e+01
7.410860148514851176e+01
7.545333333333333314e+01
7.511299999999999955e+01
7.467580645161289965e+01
7.534379310344827729e+01
7.489438943894388956e+01
7.479405940594060098e+01
7.513310344827586107e+01
7.431406250000000568e+01
7.452666879591184568e+01
7.487233333333333007e+01
7.483899999999999864e+01
7.528206896551724014e+01
7.503106862410379563e+01
7.554896551724138476e+01
7.548367346938775313e+01
7.409198339188758098e+01
7.484488448844884090e+01
7.501122112211221804e+01
7.539569819050871047e+01
7.491815181518151689e+01
7.494389438943893822e+01
7.503072721065210260e+01
7.423858192270840561e+01
7.542655172413793707e+01
7.548103448275861638e+01
7.542448275862068385e+01
7.468148148148148380e+01
7.549087221095334144e+01
7.468999999999999773e+01
7.503366336633663991e+01
7.431056105610561247e+01
7.493069306930692619e+01
7.517700000000000671e+01
7.503000000000000114e+01
7.499633333333333951e+01
7.532188552188551967e+01
7.412232513573937354e+01
7.498517241379310860e+01
7.449645161290322903e+01
7.375375279463430900e+01
7.441800000000000637e+01
7.484261974584555333e+01
7.502931034482759287e+01
7.484579124579124709e+01
7.428838709677418706e+01
7.528586206896551403e+01
7.427032258064515702e+01
7.549231819733697080e+01
7.522517241379310349e+01
7.466340827631150034e+01
7.376949257425742701e+01
7.473233185387503852e+01
7.430322580645160713e+01
7.531239330829635037e+01
7.399900990099010301e+01
7.487470126322976682e+01
7.491206896551723560e+01
7.494482758620689822e+01
7.453030303030303116e+01
7.475033333333333019e+01
7.449141914191419289e+01
7.514242424242424079e+01
7.423999999999999488e+01
7.470774410774410512e+01
7.457425742574257299e+01
7.475566666666667004e+01
7.490034482758620982e+01
7.563655172413793082e+01
7.491551724137930535e+01
7.479099999999999682e+01
7.508382838283827709e+01
7.407875816993464468e+01
7.469517241379310235e+01
7.477500000000000568e+01
7.490099999999999625e+01
7.448787878787878469e+01
7.467733333333333690e+01
7.516531986531985865e+01
7.451782178217821695e+01
7.384637496007665902e+01
7.498103448275861638e+01
7.433741935483871544e+01
7.497833333333333883e+01
7.385978920472692266e+01
7.470429042904289929e+01
7.335079656862744457e+01
7.408547854785479103e+01
7.416451612903226476e+01
7.532079414838035802e+01
7.486171617161716085e+01
7.466534653465346594e+01
7.458052805280527764e+01
7.493866666666666276e+01
7.367821782178218371e+01
7.458382838283827709e+01
7.529896551724138476e+01
7.456303630363036916e+01
7.476801346801346426e+01
