4.011243386243386055e+01
4.164233333333333320e+01
4.142218749999999972e+01
4.289747684445863740e+01
4.314625000000000199e+01
4.424589646464646364e+01
4.696242424242424107e+01
4.763025990099009732e+01
4.834000000000000341e+01
4.893129312931293384e+01
4.971696969696969859e+01
5.012941919191919027e+01
5.014299242424242209e+01
5.009749999999999659e+01
4.977651515151514872e+01
5.041580645161290164e+01
5.040516129032258164e+01
5.085952380952380736e+01
5.049129032258064598e+01
5.046258064516128883e+01
5.039687194525904346e+01
5.037193548387097053e+01
4.987405303030303116e+01
4.969484848484848527e+01
4.975999999999999801e+01
4.978001237623762165e+01
5.136917562724014630e+01
5.125225806451612698e+01
5.067146714671466867e+01
5.053709677419355017e+01
5.058080808080808310e+01
5.058712121212121104e+01
5.025934206323858433e+01
5.061746497230367936e+01
5.047380050505050519e+01
5.057129032258064427e+01
5.012304866850321616e+01
5.036064516129032143e+01
5.056225806451612925e+01
5.049645161290322903e+01
5.077289019224502908e+01
5.051967741935484213e+01
4.998832070707070585e+01
5.024656250000000313e+01
4.984787878787879123e+01
4.974142156862745168e+01
5.021812500000000057e+01
5.060933333333333195e+01
5.040977323538805166e+01
5.067612903225806775e+01
5.004174573055028219e+01
5.023091664005109891e+01
5.046225806451612783e+01
5.046548387096774491e+01
5.003094059405940897e+01
5.009220297029703062e+01
5.016903225806451871e+01
5.036537847333120510e+01
5.021503712871287206e+01
5.008106435643564680e+01
5.074645161290322903e+01
5.064741935483871060e+01
5.071290322580644983e+01
5.046981794953688905e+01
5.020125000000000171e+01
5.045320983711274465e+01
5.062193548387097053e+01
5.117193548387096769e+01
5.075431736722059384e+01
5.039741935483871060e+01
5.064814814814814525e+01
5.034193548387096939e+01
5.046548387096774491e+01
5.059406249999999972e+01
5.054468750000000199e+01
5.062914540816326792e+01
5.016875000000000284e+01
5.046301726946888522e+01
5.010090909090909150e+01
4.970843750000000227e+01
5.022774193548386990e+01
5.077354838709677409e+01
5.066866666666666674e+01
5.089774193548387160e+01
5.062430759204952579e+01
4.992656250000000284e+01
5.022586633663366484e+01
5.076299999999999812e+01
5.073899999999999721e+01
5.045910720104268421e+01
5.027562499999999801e+01
5.062899999999999778e+01
5.038611925708699602e+01
5.032681655262300069e+01
5.069494949494949765e+01
5.033365917236884712e+01
5.005612903225806321e+01
5.030759204952753549e+01
5.003160638644509817e+01
5.006967741935483929e+01
5.021156249999999943e+01
