3.941436298076923350e+01
3.938251201923076650e+01
3.952791563275434328e+01
3.901712740384615330e+01
3.911643625192012053e+01
3.913422619047619122e+01
3.871486291486291265e+01
3.898184523809523938e+01
3.922716346153845990e+01
3.889302884615384670e+01
3.910877403846154010e+01
3.874776334776334608e+01
3.938864764267989926e+01
3.872268907563024953e+01
3.911309523809524080e+01
3.880364145658263197e+01
3.872941176470587976e+01
3.863520923520923844e+01
3.929538266919671230e+01
3.933864182692308020e+01
3.954619480112746288e+01
3.847319347319347571e+01
3.844784382284382218e+01
3.868273809523809348e+01
3.903700466200466224e+01
3.847523310023309762e+01
3.935861650485436769e+01
3.905799278846154010e+01
3.883173076923076650e+01
3.939551820728291176e+01
3.955642135642135315e+01
3.934962835906232215e+01
3.994880952380952266e+01
3.959711399711400048e+01
3.979538239538239708e+01
3.949226190476190368e+01
3.971304086538461320e+01
3.952232142857143060e+01
3.977826340326340215e+01
3.920976692563817778e+01
3.969463869463869798e+01
4.036448317307691980e+01
4.030334987593052176e+01
3.996964285714285836e+01
4.025833333333333286e+01
3.945367965367965013e+01
4.044055299539170534e+01
4.094022770398481725e+01
4.045192608831819570e+01
3.952914663461538680e+01
3.990331890331890463e+01
3.992659198113207708e+01
4.025595238095237960e+01
4.006700721153845990e+01
4.052974759615384670e+01
4.135870967741935544e+01
3.978310291858679193e+01
3.983071095571095555e+01
3.961167434715822111e+01
4.061202830188679513e+01
4.094727047146402299e+01
4.034645432692308020e+01
4.061443932411674496e+01
4.010059523809523796e+01
4.015354567307691980e+01
4.020570388349514701e+01
3.966897546897546789e+01
4.013641826923076650e+01
4.009314903846154010e+01
4.037500000000000000e+01
4.015264423076923350e+01
4.036298076923076650e+01
4.026592548076923350e+01
4.039002403846154010e+01
4.043329326923076650e+01
4.090917632320701358e+01
4.056887135922330145e+01
4.009649897028538135e+01
4.063410194174757351e+01
4.054891774891775214e+01
4.133088235294117396e+01
4.218366013071895537e+01
4.155339805825242649e+01
4.287548387096774150e+01
4.228676470588235503e+01
4.252267156862745168e+01
4.289633573441903991e+01
4.409668695064232935e+01
4.331193235202004388e+01
4.345598705501618042e+01
4.345313531353135517e+01
4.328494623655913642e+01
4.292139054181021152e+01
4.359229208924949006e+01
4.287760910815939042e+01
4.310215053763440807e+01
4.288284789644013273e+01
4.250857843137254832e+01
4.215442961165048530e+01
4.182662259615384670e+01
4.163342159458664327e+01
4.318236984988821803e+01
4.211057692307691980e+01
4.221259600614439478e+01
4.199489182692308020e+01
4.219198246163482935e+01
4.217914187284685568e+01
4.303017241379310320e+01
4.192350691379817818e+01
4.228815136476426773e+01
4.232339743589743364e+01
4.209429280397022666e+01
4.084294871794871540e+01
4.188281250000000000e+01
4.219260817307691980e+01
4.166904761904761756e+01
4.241340432195427468e+01
4.201973066082054231e+01
4.143058894230769340e+01
4.224636306135357700e+01
4.197651111807078195e+01
4.212745098039215463e+01
4.157211538461538680e+01
4.178296273097400615e+01
4.157388632872503820e+01
4.061348501664816979e+01
4.131168831168831446e+01
4.169720873786408077e+01
4.161984223300970598e+01
4.133009708737863974e+01
4.082600329851566556e+01
4.094143356643356668e+01
4.136286407766990436e+01
4.099417249417249565e+01
4.115656565656565391e+01
4.095322153574580426e+01
4.107896270396270211e+01
4.172845873786408077e+01
4.062207463630613802e+01
4.073402909550917173e+01
4.136418269230769340e+01
4.068436819172113417e+01
4.140746359223300743e+01
4.196464019851116944e+01
4.134851190476190652e+01
4.128525641025640880e+01
4.113886437187407807e+01
4.118005952380952550e+01
4.137169471153845990e+01
4.112890625000000000e+01
4.118569711538461320e+01
4.138491586538461320e+01
4.143359375000000000e+01
4.156636904761904816e+01
4.168838083307234399e+01
4.218888888888888999e+01
4.174869431643625006e+01
4.115617715617715788e+01
4.157129854368932342e+01
4.139947552447552681e+01
4.112709620476610439e+01
4.115716019417475735e+01
4.136958525345622206e+01
4.140357142857143202e+01
4.121033653846154010e+01
4.146359223300970598e+01
4.128545673076923350e+01
4.170130272952853545e+01
4.106031185642836334e+01
4.126225490196078738e+01
4.079778554778555133e+01
4.180392156862745168e+01
4.122830244189467663e+01
4.168305668650172180e+01
4.090526625478081968e+01
4.037310924369747767e+01
4.191666666666666430e+01
4.048218325791854966e+01
4.082779720279719982e+01
4.127936110241152790e+01
4.086643130332450369e+01
4.105588942307691980e+01
4.100781250000000000e+01
4.029864253393665052e+01
4.046551226551226677e+01
4.073088592233009564e+01
4.017086834733893852e+01
4.102002427184466171e+01
4.107038834951456607e+01
4.160538678358910403e+01
4.119393382352941302e+01
4.140928398058252213e+01
4.066841491841491774e+01
4.111744440964609737e+01
4.072572815533980872e+01
4.065564320388349273e+01
4.081856796116505137e+01
4.101262019230769340e+01
4.117820231756968496e+01
4.038315850815850894e+01
4.072828784119106871e+01
4.101002192295646864e+01
4.034411421911421769e+01
4.131985294117647101e+01
4.214423076923076650e+01
4.151612903225806406e+01
4.178793650793650727e+01
4.167275641025641164e+01
4.135514888337468875e+01
4.177307692307692122e+01
4.144339622641509635e+01
4.202031746031745740e+01
4.188603174603174750e+01
4.126464140306921280e+01
4.129001536098310510e+01
4.135940353012781401e+01
4.245006934812759880e+01
4.130462568472307083e+01
4.156537216828478876e+01
4.037379807692308020e+01
4.035877403846154010e+01
4.044639016897081518e+01
4.063275434243175965e+01
4.041659311562224133e+01
4.006458333333333144e+01
4.053455528846154010e+01
4.006262626262626014e+01
4.035306490384615330e+01
4.021590909090909349e+01
4.073331310679611761e+01
4.022145432692308020e+01
4.027002427184466171e+01
4.049969951923076650e+01
4.010982142857142918e+01
4.041198156682027331e+01
4.025510817307691980e+01
4.085607940446649877e+01
4.047952853598015110e+01
4.042698317307691980e+01
4.036472491909385241e+01
4.079714285714285893e+01
4.023888221153845990e+01
3.969523809523809632e+01
4.039302884615384670e+01
4.019716981132075517e+01
3.970282451923076650e+01
4.016777912621359548e+01
4.048387096774193594e+01
4.040973945409429291e+01
4.055490074441687653e+01
4.129155145929339454e+01
4.083010752688171863e+01
4.034491315136476430e+01
4.001152912621359548e+01
4.082202380952381304e+01
4.099091763232070207e+01
4.015869080089263576e+01
4.046309655937847083e+01
4.148280423280423435e+01
4.148268279274326886e+01
4.102946900194606883e+01
4.202561669829221813e+01
4.277742504409170721e+01
5.118086080586080300e+01
5.152702702702702453e+01
5.698535353535353210e+01
5.983808368708307768e+01
5.980787037037037379e+01
5.975457665903890359e+01
5.924963450292397482e+01
6.074623655913978837e+01
5.941389843451699448e+01
6.011938775510203925e+01
5.937694483734087925e+01
5.864000000000000057e+01
5.748827586206896711e+01
5.637267904509283767e+01
5.390006325110689289e+01
5.225785265562535642e+01
5.126643598615916630e+01
4.984536983110075425e+01
4.926415094339622414e+01
4.518996881496881457e+01
4.134837278106508762e+01
4.024764150943396146e+01
4.067470588235293860e+01
3.915577342047929932e+01
4.001088235294117368e+01
4.120355065809611261e+01
4.059499999999999886e+01
4.098958333333333570e+01
4.244930069930070005e+01
4.329190385831751797e+01
4.372673697270471393e+01
4.309754689754689849e+01
4.278816738816738763e+01
4.169400452488687847e+01
4.258502975258377887e+01
4.223774509803921262e+01
4.257745098039215748e+01
4.207536764705882604e+01
4.151623774509803866e+01
4.267258064516128968e+01
4.157992788461538680e+01
4.191316105769230660e+01
4.202683982683982578e+01
4.177192008879023177e+01
4.154839658723153661e+01
4.480882352941176805e+01
4.540892094017093683e+01
4.712368972746331508e+01
4.909649595687331214e+01
5.011917892156862564e+01
5.222426470588235503e+01
5.418753953194180895e+01
5.481641659311561909e+01
5.559086553816671739e+01
5.735566188197767445e+01
5.595294117647058840e+01
5.527213309566250388e+01
5.580507425742574412e+01
5.641650165016501717e+01
5.574035420619861014e+01
5.558033197619793242e+01
5.616635041113219273e+01
5.635588235294117965e+01
5.654117647058823337e+01
5.491256009615384670e+01
5.489143920595533643e+01
5.558013468013467673e+01
5.640169731258840358e+01
5.584260839877091342e+01
5.637119741100323722e+01
5.664711538461538254e+01
5.673511166253101834e+01
5.759263015551047715e+01
5.720751633986927942e+01
5.812237998647734827e+01
5.710453074433657150e+01
5.764488448844884516e+01
5.770132013201320120e+01
5.796699669966996993e+01
5.834721748036872668e+01
5.741840607210626501e+01
5.831375896210310827e+01
5.803333333333333144e+01
5.838941135492859758e+01
5.789633333333333098e+01
5.756755030341744117e+01
5.698882146279144223e+01
5.624045261669024143e+01
5.545104022191400617e+01
5.479560308972073557e+01
5.609827244406683633e+01
5.570748299319728147e+01
5.478190789473683964e+01
5.368319185059422693e+01
5.265994623655913642e+01
4.832996323529411598e+01
4.735962951133823395e+01
4.588310443947620598e+01
4.762970430107527164e+01
4.677104377104377164e+01
4.797333333333333627e+01
4.750143724049824101e+01
4.781709677419355131e+01
4.801980198019801804e+01
4.800915032679738914e+01
4.798856209150326890e+01
4.816006600660065828e+01
4.834845097412966908e+01
4.830718954248366259e+01
4.797093580325774553e+01
4.811209150326797612e+01
4.779239859469817731e+01
4.765410412008942842e+01
4.740607210626185974e+01
4.833379310344827928e+01
4.755094219099328967e+01
4.760907058447780571e+01
4.790333333333333599e+01
4.780455407969639481e+01
4.744967741935484185e+01
4.746662408176301540e+01
4.668382352941176805e+01
4.685692401960784537e+01
4.694860368389780092e+01
4.628858474082702656e+01
4.645032258064516384e+01
4.549156250000000057e+01
4.554797979797979934e+01
4.552335858585858830e+01
4.632645161290322733e+01
4.583741935483870833e+01
4.647311827956989561e+01
4.643955685891170049e+01
4.689427609427609411e+01
4.674064516129032398e+01
4.669500000000000028e+01
4.636928104575163445e+01
4.682903225806451530e+01
4.689240924092409557e+01
4.707598039215686470e+01
4.735068668157138205e+01
4.694333333333333513e+01
4.729345443156906015e+01
4.673197999411591752e+01
4.698009506833036397e+01
4.698452970297029907e+01
4.676746323529411598e+01
4.701856435643564680e+01
4.671966911764705799e+01
4.812336769759450306e+01
4.808603274120515181e+01
4.768653198653198899e+01
4.711709677419354847e+01
4.690412621359223522e+01
4.734589460784313530e+01
4.709220297029703062e+01
4.716584158415841443e+01
4.727962796279627611e+01
4.698403066113063176e+01
4.731250000000000000e+01
4.737476280834914633e+01
4.697150735294117396e+01
4.712566666666666748e+01
4.747281250000000341e+01
4.794592030360531254e+01
4.701164215686274161e+01
4.737654702970296938e+01
4.760406553398058094e+01
4.787444655281467476e+01
4.763075477607265640e+01
4.735952970297029907e+01
4.783143580012649920e+01
4.728063118811881083e+01
4.735093750000000057e+01
4.758222643896268522e+01
4.707487623762376217e+01
4.774385180453528932e+01
4.745863941232833128e+01
4.791472373043755795e+01
4.771989779623123695e+01
4.753069306930692761e+01
4.789444444444444571e+01
4.813003300330033341e+01
4.814714919767838808e+01
4.760977137488255551e+01
4.817095709570956785e+01
4.795686274509803582e+01
4.743453510436432907e+01
4.786764705882352899e+01
