7.448085808580857758e+01
7.514966666666666129e+01
7.494967320261437749e+01
7.506633986928105173e+01
7.467623762376237551e+01
7.421359223300970598e+01
7.490330033003300514e+01
7.391612903225806974e+01
7.306525735294117396e+01
7.458870967741935942e+01
7.406831119544591502e+01
7.387645161290322449e+01
7.576732673267326845e+01
7.549346405228757817e+01
7.453562499999999602e+01
7.356735673567357026e+01
7.382673267326732969e+01
7.379946524064170887e+01
7.542249999999999943e+01
7.421593749999999545e+01
7.478419354838709410e+01
7.416800742574257299e+01
7.490516129032258164e+01
7.537266666666666026e+01
7.479709677419354819e+01
7.405419354838709012e+01
7.381451612903225623e+01
7.403161290322580612e+01
7.389000000000000057e+01
7.301939393939393597e+01
7.447516129032257481e+01
7.453194180898165655e+01
7.359239453357101013e+01
7.411878787878788444e+01
7.338749286122215665e+01
7.370281862745098067e+01
7.693523469994057962e+01
7.870207020702069656e+01
7.874362864077670565e+01
7.655939463163906566e+01
7.807424328954883208e+01
8.011134708737864685e+01
8.014193548387096655e+01
8.018979016598810006e+01
8.058443509615383959e+01
8.125180081428123913e+01
8.056436251920122515e+01
8.163952395865956646e+01
8.138960225493266876e+01
8.125705128205127892e+01
8.067178202317569458e+01
8.178256823821340049e+01
8.032675970873786753e+01
8.062408980582524975e+01
8.076824303163169816e+01
8.167362428842504585e+01
8.130769230769230660e+01
8.138957816377171639e+01
8.185974801061007611e+01
8.147886000626370162e+01
8.227087378640776194e+01
8.159533695305015044e+01
8.146445349201377439e+01
8.209482200647249783e+01
8.106327543424318094e+01
8.188974358974358836e+01
8.218284789644012278e+01
8.160945818979016053e+01
8.152653721682847276e+01
8.199799129561432665e+01
8.230737179487179844e+01
8.165157232704402190e+01
8.172804163955757417e+01
8.127236762020693561e+01
8.147987711213517059e+01
8.051081730769230660e+01
8.095897275289696893e+01
8.122564102564102484e+01
8.128660049627791295e+01
8.152847896440128750e+01
8.148481052301910665e+01
8.179608753315649494e+01
8.138128078817733524e+01
8.096619106699752422e+01
8.167820512820512135e+01
8.175128205128204684e+01
8.060316494217893535e+01
8.158349146110056438e+01
8.110053241465706719e+01
8.123027786649632276e+01
8.119003513254551763e+01
8.087760910815939042e+01
8.167805812839348789e+01
8.160326797385620523e+01
8.118071895424836271e+01
8.126310679611650301e+01
8.095387096774193481e+01
8.094647435897435628e+01
8.128771586836103324e+01
8.106894370651485815e+01
8.126435643564356326e+01
7.994933252427183845e+01
8.046812500000000057e+01
8.234407552083332860e+01
8.234863281250000000e+01
8.079559246247205806e+01
8.178600437363323294e+01
8.141437908496732234e+01
8.354020618556701550e+01
8.060365099009901257e+01
8.039609181141439365e+01
8.214811197916667140e+01
8.267076820751579191e+01
8.196470588235294485e+01
8.248580121703854218e+01
8.227369505494505120e+01
8.292932741550016829e+01
8.175461361014994566e+01
8.230698529411765207e+01
8.213844325609031216e+01
8.181521093285799395e+01
8.222026699029126462e+01
8.231938677738742172e+01
8.107149161518093194e+01
8.222370766488413096e+01
8.199914334665905358e+01
8.041359223300970882e+01
8.052627070245573293e+01
8.155392156862744457e+01
7.930582524271844136e+01
7.899134948096886433e+01
7.886995386389850182e+01
7.883138313831382504e+01
7.865556555655565774e+01
7.713135351227869307e+01
7.809150326797386299e+01
7.724452133794694930e+01
7.784832756632064843e+01
7.796642899584075792e+01
7.836427696078430927e+01
7.775401069518716213e+01
7.790969096909691416e+01
7.820320855614973254e+01
7.781877599524658251e+01
7.849969696969696997e+01
7.830153015301530672e+01
7.891336633663365774e+01
7.913335396039603609e+01
7.899069906990699508e+01
7.873958333333332860e+01
7.915377475247524330e+01
7.870761138613860908e+01
7.773615916955017724e+01
7.824071782178218371e+01
7.827482748274827884e+01
7.875694444444444287e+01
7.875897435897435628e+01
7.769370172311349165e+01
7.766785502079619619e+01
7.836917892156863275e+01
7.829105392156863275e+01
7.838235294117646390e+01
7.876824303163169816e+01
7.942096774193548470e+01
7.783671668137687050e+01
7.855971534653465937e+01
7.796852015298617289e+01
7.815073529411765207e+01
7.819270833333332860e+01
7.812283415841584144e+01
7.859071601941747076e+01
7.829619726678549796e+01
7.833586165048544103e+01
7.833498759305210513e+01
7.774700171330668752e+01
7.837611408199643392e+01
7.871750704666457921e+01
7.780673543689320582e+01
7.820266990291261777e+01
7.753846153846153300e+01
7.807720588235294201e+01
7.736713286713286664e+01
7.772786113562813171e+01
7.787584583701088548e+01
7.810826713739335503e+01
7.701684751570530807e+01
7.860355392156863275e+01
7.771707459207459578e+01
7.755168475157053365e+01
7.755940023068050948e+01
7.802198455139631506e+01
7.756934731934731531e+01
7.724124742571343916e+01
7.713249571673328830e+01
7.739067142008318001e+01
7.716996606334841147e+01
7.802821601941747076e+01
7.793792291850544984e+01
7.854350490196078738e+01
7.746913220733837591e+01
7.740974625144176002e+01
7.742147344374643581e+01
7.684162895927602221e+01
7.771197411003235800e+01
7.774168873197999119e+01
7.777611062077080817e+01
7.879176980198019464e+01
7.810336538461538680e+01
7.781523058252426495e+01
7.686987522281640395e+01
7.710973815828184286e+01
7.745072115384616041e+01
7.736036838978014885e+01
7.723018648018647525e+01
7.699913494809688075e+01
7.690408943807001663e+01
7.632094313453536927e+01
7.688494809688580744e+01
7.750897322741982975e+01
7.658936651583709931e+01
7.663857466063348056e+01
7.774374816122389120e+01
7.736128273021476787e+01
7.695349534953494697e+01
7.678212450028554770e+01
7.696747737556560764e+01
7.686007995431182849e+01
7.776243932038835283e+01
7.725403690888120423e+01
7.745042659605766744e+01
7.776699029126213247e+01
7.692618223760092633e+01
7.796399639963996719e+01
7.760784313725490335e+01
7.734186525448662053e+01
7.851392326732673155e+01
7.808718749999999886e+01
7.819270833333332860e+01
7.745763221153846700e+01
7.813641826923077360e+01
7.790039003900389503e+01
7.704711593375213852e+01
7.812252475247524330e+01
7.791419141914191471e+01
7.859429280397021955e+01
7.841973039215686470e+01
7.755016181229773053e+01
7.776292335115864773e+01
7.797831253713606259e+01
7.925015812776723578e+01
7.844209558823528994e+01
7.790999099909990377e+01
7.782798573975044576e+01
7.761400411885848882e+01
7.876605073598496176e+01
7.843833017077798786e+01
7.836195388349514701e+01
7.900367647058823195e+01
7.851409313725490335e+01
7.780808080808080263e+01
7.861458333333332860e+01
7.955198019801980536e+01
7.820320855614973254e+01
7.809617718446601486e+01
7.768903186274509665e+01
7.796309630963096993e+01
7.784848484848484418e+01
7.852283615458320298e+01
7.748014121800530063e+01
7.799241504854369111e+01
7.774777183600713215e+01
7.833609068627451677e+01
7.869368811881187753e+01
7.738305383936452131e+01
7.832812500000000000e+01
7.788294711824123340e+01
7.880613222612583968e+01
7.888180693069307381e+01
7.797593582887699881e+01
7.935325743200506565e+01
7.778906714200832084e+01
7.857876605073597887e+01
7.777373798076922640e+01
7.812109375000000000e+01
7.877297794117646390e+01
7.951165048543688840e+01
7.861795343137255543e+01
7.903671116504854410e+01
7.826792679267926189e+01
7.833586165048544103e+01
7.912777951769496099e+01
7.874142156862744457e+01
7.867536753675366867e+01
7.889476980895709346e+01
7.845929887106358080e+01
7.905060088551549313e+01
7.912200574896199612e+01
7.909171410499683930e+01
7.823513349514563231e+01
7.869540942928040295e+01
7.876440879382056437e+01
7.981246046805819105e+01
7.885588592233010274e+01
8.005621207282018759e+01
7.886957813428401209e+01
7.832343234323433023e+01
7.876868872549019329e+01
7.864920343137255543e+01
7.848027912621358837e+01
7.804871323529411598e+01
7.858792892156863275e+01
7.849540441176471006e+01
7.831045751633986640e+01
7.802214805825242649e+01
7.835515809645480090e+01
7.651441753171856419e+01
7.576730103806228556e+01
7.700903225806452213e+01
7.536631016042780118e+01
7.496231617647059409e+01
7.464613970588234793e+01
7.429861724036481974e+01
7.460998774509803866e+01
7.510767326732673155e+01
7.637783455764930807e+01
7.605091714104996470e+01
7.621047588629831182e+01
7.567454487384222261e+01
7.562599808367933463e+01
7.572439711869715495e+01
7.390644307149160852e+01
7.496039603960396391e+01
7.548376225490196134e+01
7.505177696078430927e+01
7.584419354838709637e+01
7.547311827956988850e+01
7.553478810879190064e+01
7.500000000000000000e+01
7.548548387096774093e+01
7.512314356435643958e+01
7.621254125412541214e+01
7.505787476280835335e+01
7.417231134878193188e+01
7.440872524752475670e+01
7.525735294117646390e+01
7.520153305653145992e+01
7.466023284313725128e+01
7.378212450028554770e+01
7.475390625000000000e+01
7.616608112424145816e+01
7.473796791443849941e+01
7.454325259515570679e+01
7.541986386138613341e+01
7.516280451574569099e+01
7.489139851485148824e+01
7.459746251441752918e+01
7.557332920792079278e+01
7.559003712871286496e+01
7.598064516129032597e+01
7.533808674985145615e+01
7.611111111111111427e+01
7.595225806451612982e+01
7.545192608831820280e+01
7.481788761400412113e+01
7.568827850526987788e+01
7.470944741532976252e+01
7.462863933452169363e+01
7.373015419760136524e+01
7.422697563874034188e+01
7.445154515451545763e+01
7.461536153615361400e+01
7.401470588235294201e+01
7.402588996763753926e+01
7.358795248868777605e+01
7.372444317532838909e+01
7.383038263849229565e+01
7.394645483965872756e+01
7.507740774077407764e+01
7.546935483870967687e+01
7.501727272727272577e+01
7.533818069306930454e+01
7.566027227722771897e+01
7.491899189918991908e+01
7.445299884659746681e+01
7.516993464052288232e+01
7.571781249999999375e+01
7.513576945929887074e+01
7.419160479725870516e+01
7.481966726084372965e+01
7.254395439543954183e+01
7.195145631067961745e+01
7.270389851485148824e+01
7.284548454845484855e+01
7.230243612596554215e+01
7.135490196078431779e+01
7.138739495798319012e+01
7.275121212121212011e+01
7.262706270627062111e+01
7.265796579657965992e+01
7.256735673567357026e+01
7.257665766576657518e+01
7.270387038703870530e+01
7.254783125371361052e+01
7.277527752775277747e+01
7.339201732673267031e+01
7.323090909090909406e+01
7.234515151515151388e+01
7.073137254901961057e+01
7.080948094809481574e+01
6.926907396622014801e+01
6.918271827182718425e+01
6.916531653165316129e+01
6.895303030303030312e+01
6.799155503785672749e+01
6.872484848484847930e+01
6.861942959001783038e+01
6.884638463846384582e+01
6.849762329174093622e+01
6.857485748574858064e+01
6.789278642149929510e+01
6.849762329174093622e+01
6.842807221898659975e+01
6.854164239953406934e+01
6.932812500000000000e+01
6.819801980198019464e+01
6.897242424242423908e+01
6.881999999999999318e+01
6.805007072135785506e+01
6.773735294117646788e+01
6.655121212121211727e+01
6.502550255025502679e+01
6.521122994652407101e+01
6.590965346534653690e+01
6.622995847971894534e+01
6.495963091118800037e+01
6.560909090909090935e+01
6.502940294029403390e+01
