6.633048703352308451e+01
6.619368811881187753e+01
6.638675742574257299e+01
6.617406579367613517e+01
6.613500000000000512e+01
6.506714200831848416e+01
6.575950175662727304e+01
6.539721695129664170e+01
6.586559139784945671e+01
6.523917079207920722e+01
6.533941831683168289e+01
6.488208820882088901e+01
6.457261029411765207e+01
6.604040404040404155e+01
6.595335710041592847e+01
6.558909090909091333e+01
6.600225806451612698e+01
6.567454487384222261e+01
6.496969696969696884e+01
6.528434405940593876e+01
6.557170233152346839e+01
6.465002970885323919e+01
6.521292892156863275e+01
6.578115117014547764e+01
6.527094474153297199e+01
6.513388480392157476e+01
6.505882352941176805e+01
6.546662621359223522e+01
6.500510051005100820e+01
6.559285928592859705e+01
6.478696051423324320e+01
6.506664540816326792e+01
6.473514851485148824e+01
6.515705441511893525e+01
6.507702020202020776e+01
6.526559714795008915e+01
6.530392156862744457e+01
6.533036244800950954e+01
6.514646464646465063e+01
6.533260256811776401e+01
6.484407178581935227e+01
6.581720430107526454e+01
6.533384900990098743e+01
6.558363970588234793e+01
6.588470137336314281e+01
6.565654648956356709e+01
6.530971534653465937e+01
6.532982673267326845e+01
6.556281250000000682e+01
6.495187165775401184e+01
6.536887254901961342e+01
6.584318109230278537e+01
6.486053130929791166e+01
6.523948019801980536e+01
6.520098039215686470e+01
6.528186274509803866e+01
6.488086749851456148e+01
6.488443256090315003e+01
6.545246583481878133e+01
6.517855020796197607e+01
6.490522875816994031e+01
6.502063106796116188e+01
6.466964285714286120e+01
6.464911125740619013e+01
6.514088215931533909e+01
6.522975641869651042e+01
6.477516129032258618e+01
6.456677419354838321e+01
6.509174917491749568e+01
6.500838709677420013e+01
6.530105198019802515e+01
6.517264851485148824e+01
6.605825242718447043e+01
6.603203883495145021e+01
6.614389920424403613e+01
6.585610373181530974e+01
6.611993464052287095e+01
6.614983498349835145e+01
6.569323213156229713e+01
6.624389438943894959e+01
6.593232131562302811e+01
6.558639705882353610e+01
6.550968749999999829e+01
6.510488861386139092e+01
6.572352941176470154e+01
6.550495049504949918e+01
6.446969696969696884e+01
6.375696357514539159e+01
6.377303648732220154e+01
6.458322704081632537e+01
6.439221938775510523e+01
6.392022263450834885e+01
6.455303030303029743e+01
6.365818181818181642e+01
6.432683982683983004e+01
6.430705009276438489e+01
6.435343228200370902e+01
6.474776785714286120e+01
6.420408163265305745e+01
6.504921849018955982e+01
6.492351180578650371e+01
6.438311688311688386e+01
6.493219223173140620e+01
6.447340754483612102e+01
6.436549165120594296e+01
6.533772218564845957e+01
6.496157450796626165e+01
6.517912371134021043e+01
6.510279263220439816e+01
6.553406250000000455e+01
6.503370098039215463e+01
6.527320544554454784e+01
6.591258064516128456e+01
6.543812499999999943e+01
6.592419354838709467e+01
6.547281250000000341e+01
6.577706802938358521e+01
6.546312500000000512e+01
6.564752475247524899e+01
6.536281250000000398e+01
6.499484848484848953e+01
6.492364824717765259e+01
6.592633333333333212e+01
6.564758663366336577e+01
6.499969696969696997e+01
6.518440594059406124e+01
6.542624999999999602e+01
6.511784511784512119e+01
6.530625000000000568e+01
6.530866540164453227e+01
6.503033088235294201e+01
6.493575757575757734e+01
6.529874999999999829e+01
6.543692111146599188e+01
6.559033333333333360e+01
6.534147930922124203e+01
6.541155115511551799e+01
6.540530182050463281e+01
6.588448844884489120e+01
6.505575980392157476e+01
6.489882425742574412e+01
6.573300330033004002e+01
6.542790841584158557e+01
6.510110294117646390e+01
6.583135313531353461e+01
6.560322580645161850e+01
6.520925245098038658e+01
6.534940913446183686e+01
6.517406579367613517e+01
6.521622484829127586e+01
6.563531353135313395e+01
6.499114484503478195e+01
6.527467262855317642e+01
6.599599999999999511e+01
6.550620915032679648e+01
6.524433656957928918e+01
6.580774410774411365e+01
6.564185728917719587e+01
6.504473039215686470e+01
6.516893564356435320e+01
6.561045751633986356e+01
6.503462009803921262e+01
6.512808349146109776e+01
6.494509803921567936e+01
6.553499487879822993e+01
6.538330170777989281e+01
6.570594059405939902e+01
6.532098371127435144e+01
6.523360148514851176e+01
6.522400990099009732e+01
6.533044554455445052e+01
6.486169554455445052e+01
6.474571078431372939e+01
6.470526960784313530e+01
6.443100912032950589e+01
6.493669366936693166e+01
6.547141488342383298e+01
6.532417757904822508e+01
6.516097406704616901e+01
6.498468137254901933e+01
6.487345297029702351e+01
6.495772058823528994e+01
6.482808280828082559e+01
6.490625000000000000e+01
6.496101485148514598e+01
6.468780940594059814e+01
6.519897796231235532e+01
6.492883663366336577e+01
6.488919498010406528e+01
6.543064516129032882e+01
6.537964108910891525e+01
6.463706683168317113e+01
6.569051421271159086e+01
6.532766089108910990e+01
6.506894370651485815e+01
6.520606435643564680e+01
6.520951772596615115e+01
6.559437879271797556e+01
6.562887256467581665e+01
6.558958799105717219e+01
6.517520556609740368e+01
6.558160332162248096e+01
6.541999361226444876e+01
6.560587671670393206e+01
6.514979239859469828e+01
6.516406250000000000e+01
6.542574257425742701e+01
6.553273714468221556e+01
6.545672309166400282e+01
6.538725490196078738e+01
6.559199999999999875e+01
6.554225806451613323e+01
6.553369530501437623e+01
6.560396039603961071e+01
6.543137254901961342e+01
6.604620462046204921e+01
6.556691152986266502e+01
6.567039284573618829e+01
6.571766666666667334e+01
6.597225806451612584e+01
6.508451612903225225e+01
6.540354838709677665e+01
6.643699999999999761e+01
6.580800000000000693e+01
6.580804854679016103e+01
6.574768444586393912e+01
6.534903225806451132e+01
6.534677419354838435e+01
6.544554455445545216e+01
6.550303417438517783e+01
6.496717171717172334e+01
6.551293516448419041e+01
6.550878313637815609e+01
6.574451612903226305e+01
6.625033333333333019e+01
6.602574257425742132e+01
6.571782178217821979e+01
6.577612903225806917e+01
6.544301470588234793e+01
6.570265091025231641e+01
6.541049968374446166e+01
6.554838709677419217e+01
6.596105610561056665e+01
6.544394762056850823e+01
6.546694346854040703e+01
6.574032258064515588e+01
6.580354838709676812e+01
6.554323432343234401e+01
6.602442244224423007e+01
6.554615138933247920e+01
6.582419354838710035e+01
6.459009449332029362e+01
6.586258064516128741e+01
6.553273714468221556e+01
6.547419354838709182e+01
6.547548387096773581e+01
6.599099999999999966e+01
6.555580645161290931e+01
6.579966329966329397e+01
6.571032258064515474e+01
6.590363036303629940e+01
6.658499999999999375e+01
6.632508612590041253e+01
6.707975113122171251e+01
6.780186480186479514e+01
6.856381118881118653e+01
6.912164477441461941e+01
6.772436974789916064e+01
6.761997226074896616e+01
6.795457142857142685e+01
6.491695501730103501e+01
6.451400832177530731e+01
6.520296767355590362e+01
6.618786433492316235e+01
6.796767676767676392e+01
6.729177489177489235e+01
6.773588829471182748e+01
6.649117647058822911e+01
6.553458049886621950e+01
6.807500000000000284e+01
6.627128427128427290e+01
6.561269656377402271e+01
6.656407355021215722e+01
6.844845661036691808e+01
7.093018419489007442e+01
7.089468750000000341e+01
7.121941176470588175e+01
7.076351752822341723e+01
7.013119953863898104e+01
6.920876944837340261e+01
6.950980392156863275e+01
6.894929881337648681e+01
6.937756202804746408e+01
7.070098039215686470e+01
7.165129950495050082e+01
7.233081232492996548e+01
7.187283737024220898e+01
7.268578916715200933e+01
7.178097809780977911e+01
7.276265912305515826e+01
7.164188453159042069e+01
7.255714285714286405e+01
7.203546712802767615e+01
7.200118835412952478e+01
7.208910891089108475e+01
7.231937017231135201e+01
7.205711022272987520e+01
7.219714285714285040e+01
7.164563106796116188e+01
7.205407011289364050e+01
7.319183673469387941e+01
7.210060060060060039e+01
7.079560439560439988e+01
7.085795148247979114e+01
6.925728438228438222e+01
6.910308395202741849e+01
6.864568764568764436e+01
6.927076124567473414e+01
6.901852443308847285e+01
6.847153465346534063e+01
6.834494574528841326e+01
6.907962740384616041e+01
6.808566533409479860e+01
6.866078258311267746e+01
6.890671420083184273e+01
6.867961165048544103e+01
6.880909653465346310e+01
6.827243306854957439e+01
6.839920343137255543e+01
6.821602160216021105e+01
6.806401699029126462e+01
6.846813118811881793e+01
6.804030303030303628e+01
6.796151515151515810e+01
6.851138519924099057e+01
6.749040841584158557e+01
6.745094509450944997e+01
6.788208820882088901e+01
6.755545454545455186e+01
6.745311589982527778e+01
6.789374999999999716e+01
6.758775877587758885e+01
6.775000000000000000e+01
6.795727272727272350e+01
6.813891389138913723e+01
6.795949594959495244e+01
6.809580645161290136e+01
6.794878787878788273e+01
6.812250000000000227e+01
6.807456683168317113e+01
6.798298267326732969e+01
6.804437500000000227e+01
6.771017156862744457e+01
6.743622597553873277e+01
6.758674985145573544e+01
6.620970873786407651e+01
6.761856617647059409e+01
6.747134713471346856e+01
6.780138013801379770e+01
6.849760459916959121e+01
6.825949754901961342e+01
6.779957995799580317e+01
6.809560643564356042e+01
6.788678051865908003e+01
6.783075495049504866e+01
6.767986798679868343e+01
6.746568627450980671e+01
6.810448232323231821e+01
6.801608910891089010e+01
6.769966996699669437e+01
6.674014848657910193e+01
6.815437500000000171e+01
6.806870967741934919e+01
6.758406250000000171e+01
6.730445544554454784e+01
6.737503750375037725e+01
6.777178030303029743e+01
6.749040841584158557e+01
6.756499999999999773e+01
6.699708794408851986e+01
6.776330445544554948e+01
6.841870316063864266e+01
6.824718749999999545e+01
6.807677419354838833e+01
6.811187499999999773e+01
6.786187499999999773e+01
6.784878787878787421e+01
6.815705441511893525e+01
6.728412841284128376e+01
6.793870967741935374e+01
6.786645161290321937e+01
6.783903225806452042e+01
6.728969696969697623e+01
6.732169117647059409e+01
6.672640931372548323e+01
6.692959001782530493e+01
6.715037128712870640e+01
6.702011138613860908e+01
6.684458445844585128e+01
6.649073256840247836e+01
6.690819081908190924e+01
6.669578134284016357e+01
6.684848484848484418e+01
6.709392789373814026e+01
6.682148214821482668e+01
6.659602076124566850e+01
6.701654411764705799e+01
6.725092821782178021e+01
6.744343750000000171e+01
6.723267326732673155e+01
6.731806930693069546e+01
6.729176980198019464e+01
6.700765931372548323e+01
6.731250000000000000e+01
6.729579207920792783e+01
6.747454545454544927e+01
6.679382055852643418e+01
6.702665441176471006e+01
6.701194852941176805e+01
6.727382425742574412e+01
6.712199519230769340e+01
6.775394417475727948e+01
6.764789603960396391e+01
6.728974514563107334e+01
6.730912990196078738e+01
6.755538366336634226e+01
6.807500750075007545e+01
6.764200831847890072e+01
6.717093262724330316e+01
6.782797029702970804e+01
6.796678377515171121e+01
6.790965346534653690e+01
6.758976715686274872e+01
6.740106951871658225e+01
6.745955882352940591e+01
6.766280451574569099e+01
6.826794554455445052e+01
6.843436601724688728e+01
6.778310643564356042e+01
6.796759675967597047e+01
6.761527035056447232e+01
6.785688568856885183e+01
6.762314356435643958e+01
6.749524658348187245e+01
6.755496137849078764e+01
6.796139705882353610e+01
6.770668316831682887e+01
6.755109922756982144e+01
6.790937499999999716e+01
6.736856617647059409e+01
6.771753640776698546e+01
6.778277827782778786e+01
6.740047534165181276e+01
6.733065953654188718e+01
6.783312499999999545e+01
6.746642899584075792e+01
6.814979239859469828e+01
6.781683168316831711e+01
6.705560458958517245e+01
6.794312499999999488e+01
6.763242574257425588e+01
6.756590346534653690e+01
6.740909090909090651e+01
6.805650252525252597e+01
6.735145573380867745e+01
6.743842821782178021e+01
6.778781250000000114e+01
6.771375000000000455e+01
6.742202970297029196e+01
6.769730392156863275e+01
6.745420792079207217e+01
6.716666666666667140e+01
6.706004901960784537e+01
6.743471534653465937e+01
6.716771677167716348e+01
6.724288366336634226e+01
6.693075980392157476e+01
6.687728772877287042e+01
6.714393939393939092e+01
6.726021039603961071e+01
6.649257278669043103e+01
6.710723039215686470e+01
6.679417941794179114e+01
6.608477508650518928e+01
6.710120177103098627e+01
6.583095374071959327e+01
6.688731979994115306e+01
6.720128676470588402e+01
6.681550802139037160e+01
6.680510992275698356e+01
6.687745098039215463e+01
6.707951732673267031e+01
6.682352941176471006e+01
6.688357843137255543e+01
6.667284495439835723e+01
6.700653594771242183e+01
6.673050897322741548e+01
6.714851485148514598e+01
6.670991468078847220e+01
6.713304455445545216e+01
6.659651627641348171e+01
6.758601485148514598e+01
6.731250000000000000e+01
6.683088235294117396e+01
6.694348327566321188e+01
6.692914603960396391e+01
6.709510951095109021e+01
6.713804611650485299e+01
6.739889705882353610e+01
6.711071107110710443e+01
6.723468137254901933e+01
6.759853082082402409e+01
6.671182412358882630e+01
6.644983818770226947e+01
6.716819852941176805e+01
6.747029702970297649e+01
6.757301980198019464e+01
6.676916221033867771e+01
6.690522875816994031e+01
6.691320976757870653e+01
6.702267156862744457e+01
6.701011029411765207e+01
6.701654411764705799e+01
6.645098039215686470e+01
6.667354368932038255e+01
6.702011138613860908e+01
6.688020833333332860e+01
6.677748068924539382e+01
6.697509750975098086e+01
6.680986333927509691e+01
