4.170366856419987300e+01
4.138613861386138382e+01
4.149841872232764217e+01
4.150704656862745168e+01
4.145668316831682887e+01
4.158210784313725839e+01
4.209550917141049808e+01
4.164246323529411598e+01
4.161642156862745168e+01
4.159742647058823195e+01
4.159957107843137436e+01
4.202340290955091717e+01
4.155024509803921262e+01
4.173100490196078738e+01
4.213669754072181206e+01
4.180912990196078738e+01
4.133541295306001473e+01
4.154548267326732969e+01
4.171721813725490335e+01
4.178737745098039369e+01
4.178766050735985260e+01
4.136452762923351401e+01
4.131462378640776478e+01
4.132996323529411598e+01
4.135497572815533829e+01
4.271195829260345533e+01
4.133950242718446333e+01
4.170128676470588402e+01
4.141080097087378675e+01
4.131917475728155154e+01
4.178090067071223501e+01
4.112327155045601756e+01
4.137730243612596581e+01
4.164583333333333570e+01
4.171875000000000000e+01
4.150275735294117396e+01
4.125242718446602197e+01
4.123998786407766914e+01
4.125133689839572071e+01
4.125549613784907876e+01
4.147426470588235503e+01
4.136650485436893376e+01
4.159661760100219396e+01
4.109714795008912347e+01
4.162438118811881083e+01
4.216830065359476976e+01
4.150949754901960631e+01
4.175426944971537324e+01
4.199677419354839003e+01
4.169152227722772608e+01
4.198026933917945769e+01
4.149684968496849535e+01
4.116191325014854385e+01
4.162049335863377308e+01
4.139399509803921262e+01
4.165716019417475735e+01
4.178553921568627771e+01
4.180361519607843235e+01
4.209262216544235002e+01
4.110726643598616192e+01
4.177389705882352899e+01
4.142432598039215463e+01
4.141201456310679418e+01
4.162239089184060958e+01
4.136458333333333570e+01
4.159283980582524265e+01
4.187160025300443067e+01
4.152196782178217660e+01
4.103000594177064642e+01
4.094295900178253333e+01
4.115975286849073456e+01
4.118391839183918535e+01
4.111238599588114084e+01
4.135355392156862564e+01
4.145557598039215463e+01
4.133131067961164717e+01
4.166301284058878451e+01
4.132463592233009564e+01
4.117263349514563231e+01
4.062568542568542540e+01
4.149348635235732274e+01
4.105769230769230660e+01
4.134708737864077932e+01
4.150667475728155154e+01
4.174576812519961777e+01
4.128185679611650727e+01
4.123877427184466171e+01
4.079915048543688982e+01
4.119296116504854410e+01
4.134769417475727948e+01
4.137653186274509665e+01
4.109192961165048530e+01
4.089379229185054498e+01
4.072639860139859991e+01
4.135861650485436769e+01
4.139684466019417641e+01
4.143446601941747787e+01
4.153822815533980872e+01
4.154915048543688982e+01
4.168143203883494863e+01
4.183088235294117396e+01
4.174632352941176805e+01
4.128037658134745413e+01
4.147390776699029402e+01
4.114710208884966391e+01
4.188600062637018340e+01
4.164950980392156765e+01
4.157720588235294201e+01
4.162742718446602197e+01
4.154429611650485299e+01
4.208380771663504305e+01
4.169508495145630889e+01
4.181462378640776478e+01
4.087168396770472611e+01
4.145479368932038966e+01
4.092038027332144878e+01
4.139290048543688982e+01
4.205186590765338650e+01
4.192941552219738099e+01
4.171283997469955551e+01
4.171078431372549034e+01
4.117555147058823195e+01
4.153610436893203683e+01
4.133215651662253265e+01
4.171170343137254832e+01
4.154126213592233086e+01
4.116681668166816621e+01
4.215876027830486805e+01
4.200626370184779290e+01
4.175122549019607732e+01
4.149575242718446333e+01
4.165230582524272052e+01
4.102530155928214128e+01
4.129887106357694648e+01
4.139259708737863974e+01
4.119690533980582359e+01
4.161602722772277474e+01
4.093232438606510470e+01
4.129738562091502985e+01
4.076463665784054058e+01
4.178267973856209494e+01
4.132281553398058094e+01
4.156655183213278804e+01
4.202508250825082570e+01
4.124029126213591923e+01
4.133343446601941906e+01
4.115594362745098067e+01
4.118537621359223522e+01
4.154901346695897502e+01
4.105006067961164717e+01
4.119924098671727108e+01
4.118330362448009652e+01
4.105300245098039369e+01
4.147635452552458446e+01
4.094822006472492149e+01
4.146331435800126286e+01
4.103416518122400447e+01
4.113501213592233086e+01
4.151932290003193771e+01
4.134914611005692819e+01
4.089202706678435106e+01
4.107706310679611761e+01
4.094178921568627771e+01
4.100364077669902940e+01
4.116616586538461320e+01
4.082976827094474004e+01
4.117578125000000000e+01
4.201075268817204034e+01
4.128575721153845990e+01
4.148081683168317113e+01
4.157580445544554237e+01
4.154702669902912504e+01
4.175477607265894164e+01
4.135734419041653354e+01
4.149387254901960631e+01
4.113440533980582359e+01
4.124908088235294201e+01
4.055575169167401839e+01
4.084375000000000000e+01
4.061718750000000000e+01
4.081523058252427205e+01
4.104870335230866374e+01
4.053799019607843235e+01
4.048968446601941906e+01
4.016004707266843354e+01
4.054900744416873692e+01
4.072283119323520140e+01
4.021268203883494863e+01
4.072972126526777004e+01
3.999583333333333002e+01
3.971724759615384670e+01
4.066470223325062250e+01
4.024124742571344626e+01
4.090931372549019329e+01
4.014225113122171962e+01
4.017732724157624347e+01
4.107628676470588402e+01
4.102724710303789379e+01
4.080943627450980671e+01
4.226746006890071783e+01
4.196207524271844846e+01
4.206419987349778467e+01
4.084344660194174992e+01
4.088581730769230660e+01
4.094178921568627771e+01
4.096721813725490335e+01
4.119987349778621422e+01
4.016229603729603781e+01
4.048602530155928036e+01
4.070449029126213247e+01
4.042335115864527495e+01
4.026037069726390172e+01
4.046513680494263099e+01
4.004195804195803987e+01
4.053350815850815536e+01
4.087316176470588402e+01
3.983752141633352295e+01
4.088221153846154010e+01
4.049817961165048530e+01
4.040234375000000000e+01
4.025270432692308020e+01
3.962655122655122852e+01
3.989889277389277566e+01
3.973214285714285410e+01
3.965625000000000000e+01
3.924547511312216841e+01
3.942770562770562748e+01
3.998197115384615330e+01
3.938221153846154010e+01
3.930882352941176805e+01
4.036682027649769822e+01
3.924707482993197516e+01
3.953642191142191109e+01
4.017415048543688982e+01
4.025303398058252213e+01
4.027548543689320582e+01
3.976327812678469797e+01
4.027184466019417641e+01
3.971804298642533837e+01
4.005536130536130202e+01
4.073634708737863974e+01
3.973359728506787292e+01
4.038671875000000000e+01
3.992307692307691980e+01
4.059078341013825053e+01
4.016547619047619122e+01
4.014335664335664688e+01
4.111662531017369560e+01
4.043827543424317383e+01
4.081751152073732669e+01
4.060366586538461320e+01
4.038040600176522332e+01
4.001010101010101039e+01
3.951547330097087496e+01
4.007355104442483196e+01
3.982340801886792292e+01
4.062793611024115137e+01
4.143385922330097060e+01
4.122332506203473912e+01
4.134419041653617199e+01
4.076412259615384670e+01
4.020404040404040558e+01
3.986237980769230660e+01
4.041904761904761756e+01
4.098749999999999716e+01
3.975150240384615330e+01
4.049909855769230660e+01
3.926577669902912504e+01
3.965955528846154010e+01
3.996298543689320582e+01
4.015508684863523570e+01
4.047175480769230660e+01
4.076369047619047592e+01
3.950606796116505137e+01
3.942599067599067553e+01
3.968173543689320582e+01
3.956128640776699257e+01
3.907503607503607412e+01
