7.961816984858459989e+01
7.964074074074073906e+01
7.976483585858585457e+01
8.017825255102040671e+01
7.949204920492049098e+01
7.976193548387097110e+01
7.932218749999999829e+01
7.949774193548387302e+01
7.902272727272726627e+01
7.928878787878787193e+01
7.892715029078665623e+01
8.025324675324675638e+01
7.942393939393939206e+01
7.932133838383838054e+01
7.931502525252524549e+01
7.974426020408162685e+01
7.907250000000000512e+01
7.980420918367346417e+01
7.912152777777777146e+01
7.947787878787879379e+01
7.962312500000000171e+01
8.023131443298969145e+01
7.989930555555555713e+01
8.032192896709025831e+01
7.978781250000000114e+01
8.033561420658195118e+01
8.027337895079830332e+01
7.979935483870967516e+01
7.942717497556206752e+01
7.951733333333334031e+01
7.993276515151515582e+01
8.029390681003583552e+01
7.951866666666666106e+01
7.985516129032258448e+01
7.946566666666666379e+01
8.014156250000000625e+01
7.996024763766699550e+01
7.936781249999999943e+01
8.024362244897959329e+01
8.021700879765396053e+01
7.930803571428570820e+01
7.976695194206715200e+01
7.992064516129032370e+01
7.998451612903225794e+01
8.002580645161290818e+01
7.938397277227723237e+01
7.965562500000000057e+01
7.989466666666666583e+01
7.945707070707071296e+01
7.999315738025416067e+01
7.959935483870967232e+01
7.819281045751634451e+01
7.964583333333332860e+01
7.816212121212120678e+01
7.817151515151515184e+01
7.913913326816552285e+01
7.917718750000000227e+01
7.849875000000000114e+01
7.810151515151514445e+01
7.867363636363636203e+01
7.849375000000000568e+01
7.820142326732673155e+01
7.896480938416422646e+01
7.899641577060931752e+01
7.972098214285713880e+01
7.941548387096774775e+01
7.928251262626262985e+01
7.901161290322581010e+01
7.968451612903226078e+01
7.929162593678722715e+01
