7.437939393939393540e+01
7.477411764705883002e+01
7.432636363636363797e+01
7.438142857142857167e+01
7.441028571428572036e+01
7.379732090856144566e+01
7.422545968882602097e+01
7.567155870445344590e+01
7.561931527848747692e+01
7.374235294117647754e+01
7.484399999999999409e+01
7.380495626822157362e+01
7.368823529411764639e+01
7.378000000000000114e+01
7.358441558441558072e+01
7.436428571428571388e+01
7.370117647058823707e+01
7.353657790021426877e+01
7.381676470588234906e+01
7.378138888888888403e+01
7.377088235294117169e+01
7.410822510822511333e+01
7.394771241830065378e+01
7.396501457725948114e+01
7.399494949494949481e+01
7.418176470588235816e+01
7.432929292929293297e+01
7.441010101010101607e+01
7.449235209235209254e+01
7.392499999999999716e+01
7.381176470588235361e+01
7.378382352941176237e+01
7.451860744297718497e+01
7.339852941176471290e+01
7.394430014430014353e+01
7.388925570228090578e+01
7.359595959595959869e+01
7.394574314574315110e+01
7.404861944777911731e+01
7.350600000000000023e+01
7.364342857142857213e+01
7.441806958473624434e+01
7.467704067704067938e+01
7.427985739750445759e+01
7.482679738562092098e+01
7.552810424118548838e+01
