8.094117647058823195e+01
8.019648093841642833e+01
7.995019501950194751e+01
7.959477124183005969e+01
8.049654965496549153e+01
7.949968749999999318e+01
7.925157828282827666e+01
7.927403062886934038e+01
7.830107526881720048e+01
7.747554755475547950e+01
7.709093749999999545e+01
7.649984998499850519e+01
7.569637551990493307e+01
7.574538638985005434e+01
7.509644522144522227e+01
7.564136510738453012e+01
7.594055944055943996e+01
7.588415841584158272e+01
7.655035848412427413e+01
7.681971153846153300e+01
7.650560224089636563e+01
7.669437229437230030e+01
7.718034716092968495e+01
nan
7.709348198970840826e+01
7.806993006993006645e+01
7.778930817610063286e+01
7.571898660454280616e+01
7.490811965811965933e+01
7.491082251082251275e+01
7.462330097087378533e+01
7.524569221628044602e+01
7.488428217821781629e+01
7.496459645964596064e+01
7.414613970588234793e+01
7.431992574257425588e+01
7.421636363636363853e+01
7.466606660666066375e+01
7.465439356435643958e+01
7.441117052881759264e+01
7.500815375655211881e+01
7.510111011101109568e+01
7.536608509335782458e+01
7.545233585858585457e+01
7.527332733273327392e+01
7.507312500000000455e+01
7.480393939393938751e+01
7.460674504950495134e+01
7.483273915626857331e+01
7.461200495049504866e+01
7.460978450786255678e+01
7.491962725684332725e+01
7.494903902154921127e+01
7.478392545136865976e+01
7.477351485148514598e+01
7.479455445544554948e+01
7.437353735373537233e+01
7.486007130124777120e+01
7.463337216074548053e+01
7.443622597553873277e+01
7.500303030303030027e+01
7.450698893418753244e+01
7.479916815210933123e+01
7.459160539215686470e+01
7.468046804680467687e+01
7.463276327632763696e+01
7.461326132613261564e+01
7.474968749999999318e+01
7.481437499999999829e+01
7.484338433843385019e+01
7.508073817762398505e+01
7.392424242424242209e+01
7.471177184466019128e+01
7.439245395127747429e+01
7.444343750000000171e+01
7.426381461675579487e+01
7.474827482748274576e+01
7.440448456610367600e+01
7.428877005347592899e+01
7.432709447415329862e+01
7.467986798679868343e+01
7.486304218657160447e+01
7.460999999999999943e+01
7.487361677344205191e+01
7.480181818181817732e+01
7.449264926492649863e+01
7.369636678200691904e+01
7.424843749999999432e+01
7.411913250148543852e+01
7.472060606060605892e+01
7.393454440599769839e+01
7.457815781578158010e+01
7.495727272727272350e+01
7.455925592559255222e+01
7.495668316831682887e+01
7.395674740484429321e+01
7.440681421083284874e+01
7.446804680468046911e+01
7.415923945335710243e+01
7.447674767476748059e+01
7.451365136513651066e+01
7.430838672102504461e+01
7.438133813381338655e+01
7.448334833483347950e+01
7.450615061506150028e+01
7.418003565062389271e+01
7.421250000000000568e+01
7.441314131413140842e+01
7.447854785478547512e+01
7.382394801980197485e+01
7.437233723372337124e+01
7.512441176470588289e+01
7.483721607454863545e+01
7.479636363636363683e+01
7.431383138313830727e+01
7.456714200831848416e+01
7.458051099227569125e+01
7.450285028502850082e+01
7.431443144314431493e+01
7.412317996505532847e+01
7.454121212121212636e+01
7.488558823529412223e+01
7.470507050705070640e+01
7.497176470588235020e+01
7.452055205520552761e+01
7.473470588235294088e+01
7.441205591147350162e+01
7.466823529411765037e+01
7.412715389185977699e+01
7.439333933393339748e+01
7.410695187165775621e+01
7.462823529411764412e+01
7.471294117647059352e+01
7.476117647058823934e+01
7.449770431588613917e+01
7.435993011065812652e+01
7.403060011883540881e+01
7.416607248960190191e+01
7.434595224228304744e+01
7.411878787878788444e+01
7.407642326732673155e+01
7.450645064506450410e+01
7.445814581458145653e+01
7.416547831253713241e+01
7.381257208765859446e+01
7.398515151515151445e+01
7.403403465346534063e+01
7.403155940594059814e+01
7.423642364236422964e+01
7.437893789378938436e+01
7.350615061506150028e+01
7.374134948096886433e+01
7.415470588235294258e+01
7.421411764705882774e+01
7.406610366919045418e+01
7.399126383226557380e+01
7.419915134370579324e+01
7.389108910891089010e+01
7.385115864527628560e+01
7.386662783925451947e+01
7.336794117647059466e+01
7.363437139561706601e+01
7.384101838755303504e+01
7.365854341736694266e+01
7.395171428571428862e+01
7.397314285714286086e+01
7.382702387885846917e+01
7.377677767776778239e+01
7.421943483275663311e+01
7.362745098039215463e+01
7.384101838755303504e+01
7.397588235294116998e+01
7.348369248689574817e+01
7.337203720372036742e+01
7.297187499999999716e+01
7.448269896193771444e+01
7.446503712871286496e+01
7.476988636363635976e+01
7.495359848484848442e+01
7.438478535353534937e+01
7.413625000000000398e+01
7.472031250000000568e+01
7.426980198019802515e+01
7.416782006920415427e+01
7.463186318631862548e+01
7.501600000000000534e+01
7.479702669902913215e+01
7.514411407766989726e+01
7.493515803193223235e+01
7.489204545454545325e+01
7.527327806122448806e+01
7.470296717171717660e+01
7.453290480563207154e+01
7.443043336591723858e+01
7.394531250000000000e+01
7.439454545454545098e+01
7.421939393939393881e+01
7.430934343434343248e+01
7.409660966096609513e+01
7.409990999099909459e+01
7.418212427303336653e+01
7.369090909090908781e+01
7.395757575757575353e+01
7.373966220151426398e+01
7.418696969696969745e+01
7.415484848484848612e+01
7.391991846243448094e+01
7.369006900690068562e+01
7.398636363636363455e+01
7.354335433543354839e+01
7.367093749999999375e+01
7.383498349834982832e+01
7.432121212121212750e+01
7.367941176470587550e+01
7.436453645364537124e+01
7.376931949250288767e+01
7.380847772277228103e+01
7.352733214497919789e+01
7.384458445844585128e+01
7.418272727272727707e+01
7.371977197719772334e+01
7.400402227722771897e+01
7.437293729372937889e+01
7.410454545454545894e+01
7.411303030303029971e+01
7.408756188118812247e+01
7.374347434743474139e+01
7.325401069518716213e+01
7.416141614161416840e+01
7.378101339545719384e+01
7.373121212121212409e+01
7.485380622837369913e+01
7.530468750000000000e+01
7.521665695981363342e+01
7.483925451368666870e+01
7.562345297029702351e+01
7.638433843384338218e+01
7.675499999999999545e+01
7.626950549450549488e+01
7.628846153846153300e+01
7.651983356449376572e+01
7.713081308130813341e+01
7.682448244824482231e+01
7.653028538147933091e+01
7.621539792387542889e+01
7.592644895557516804e+01
7.585063437139561415e+01
7.573567356735674139e+01
7.602300524170064477e+01
7.722412241224122909e+01
7.855050505050505194e+01
7.780023296447291159e+01
7.763552479815454888e+01
7.790165441176471006e+01
7.739393939393939092e+01
7.656229773462783328e+01
7.685172109443954014e+01
7.678877005347592899e+01
7.665064102564102200e+01
7.624036481318034930e+01
7.698543972044262773e+01
7.624769319492503428e+01
7.659150326797386299e+01
7.620682553692262218e+01
7.659405637254901933e+01
7.676411170528817252e+01
7.671628045157457620e+01
7.689129181084197739e+01
7.659134615384616041e+01
7.698143917761279909e+01
7.714821482148214216e+01
7.690091376356367903e+01
7.670991468078847220e+01
7.629370629370629331e+01
7.641724336793541283e+01
7.678550207961973229e+01
7.682768865121806812e+01
7.650807381776239424e+01
7.608395202741290575e+01
7.650197963800904688e+01
7.706218487394957606e+01
7.637312572087658680e+01
7.632410611303345149e+01
7.626989619377162910e+01
7.627508650519031619e+01
7.631776239907728154e+01
7.626792679267926189e+01
7.592836342457775345e+01
7.643166089965397703e+01
7.646539792387542889e+01
7.641260504201680703e+01
7.638133813381338655e+01
7.632085561497326864e+01
7.593703190013869175e+01
7.659775086505190700e+01
7.675460487225193162e+01
7.638864371874080916e+01
7.642901583710407465e+01
7.599814356435643958e+01
7.635363342159458000e+01
7.553431372549019329e+01
7.635351787773933552e+01
7.634198385236447848e+01
7.629642445213379176e+01
7.575282234105763735e+01
7.583380925185608135e+01
7.666390633923472819e+01
7.630420991926182239e+01
7.594761904761904248e+01
7.619261926192619683e+01
7.567919580419579972e+01
7.575585379782981477e+01
7.512639894667545093e+01
7.539635854341736376e+01
7.581710837050643192e+01
7.568473570658036920e+01
7.564515250544661740e+01
7.545919448860625778e+01
7.575163398692809835e+01
7.591573926868043998e+01
7.612363834422657760e+01
7.566612729234088874e+01
7.556834733893558109e+01
7.560490830636462078e+01
7.563268608414239225e+01
7.563165266106442175e+01
7.561611125688796164e+01
7.571197411003235800e+01
7.571116504854369111e+01
7.575423023578363768e+01
7.596414236018196675e+01
7.566378316032295004e+01
7.614161220043573053e+01
7.567024202420242318e+01
7.655770308123248924e+01
7.641782006920415427e+01
7.695854341736693982e+01
7.732588235294117851e+01
7.650403690888120423e+01
7.660186018601859814e+01
7.615518207282913465e+01
7.611988795518207951e+01
7.659251040221913343e+01
7.607927170868347844e+01
7.572649098474340690e+01
7.613305322128852026e+01
7.605602240896358524e+01
7.614593837535014131e+01
7.650385038503850410e+01
7.626322043969102538e+01
7.624914285714285711e+01
7.644780853517877972e+01
7.610588235294117965e+01
7.646222606689734391e+01
7.603115899825276358e+01
7.642352941176470438e+01
7.643137254901961342e+01
7.667099192618223924e+01
7.668800461361014698e+01
7.629040548258137733e+01
7.687683823529411598e+01
7.669645916619074910e+01
7.630897207367794977e+01
7.677140335392762438e+01
7.600678733031674028e+01
7.659965733866361859e+01
7.720588235294117396e+01
7.672403648131803777e+01
7.700861556743909375e+01
7.713765570105397273e+01
7.663458110516934596e+01
7.718791105543375863e+01
7.658723153868784550e+01
7.711794414735591374e+01
7.700649752475247567e+01
7.686496028243601586e+01
7.745189950980392268e+01
7.669694348327566047e+01
7.625546218487394867e+01
7.644117647058823195e+01
