7.774794433902593482e+01
7.795327970297029196e+01
7.818069306930692619e+01
7.770009581603321180e+01
7.817687499999999545e+01
7.721479500891265957e+01
7.768732034493771721e+01
7.739310562934851134e+01
7.796837444655281502e+01
7.748174504950495134e+01
7.759777227722771897e+01
7.722802280228022198e+01
7.646783088235294201e+01
7.882976827094474004e+01
7.873202614379084707e+01
7.831090909090909236e+01
7.832967741935483730e+01
7.789524113701692443e+01
7.764260249554367022e+01
7.764727722772276763e+01
7.742829766847653161e+01
7.685650623885918264e+01
7.734007352941176805e+01
7.788519924098672220e+01
7.790166369578133754e+01
7.738143382352940591e+01
7.776886512180630007e+01
7.784981796116504427e+01
7.732553255325532859e+01
7.816171617161715801e+01
7.729384756657483990e+01
7.717665816326530148e+01
7.698236386138613341e+01
7.718084066471163851e+01
7.744760101010101039e+01
7.818092691622103985e+01
7.797212009803921262e+01
7.841503267973855884e+01
7.815715983363041630e+01
7.786282492953336032e+01
7.772403648131803777e+01
7.831056293485136166e+01
7.809189356435643958e+01
7.849111519607842524e+01
7.858096454806771192e+01
7.818121442125237763e+01
7.818811881188118207e+01
7.826547029702970804e+01
7.864093750000000682e+01
7.816785502079619619e+01
7.846017156862744457e+01
7.879207920792079278e+01
7.754870335230866374e+01
7.851485148514851176e+01
7.850949754901961342e+01
7.854013480392157476e+01
7.818062982768864799e+01
7.821984551396316476e+01
7.905288175876411572e+01
7.863814616755793452e+01
7.822667855020796424e+01
7.802791262135922068e+01
7.746332908163265074e+01
7.718531928900593186e+01
7.793416721527320590e+01
7.802830809743251450e+01
7.749806451612903402e+01
7.702903225806451815e+01
7.730627062706270181e+01
7.727064516129031801e+01
7.781806930693069546e+01
7.775030940594059814e+01
7.793371275527285036e+01
7.828867313915857551e+01
7.808620689655172953e+01
7.843358633776091438e+01
7.860261437908496873e+01
7.856963696369636807e+01
7.835135989879822205e+01
7.870891089108910421e+01
7.867710309930423307e+01
7.859344362745098067e+01
7.850937500000000568e+01
7.794275990099009732e+01
7.809967320261438317e+01
7.816703928457361883e+01
7.762430426716140630e+01
7.624456688093052037e+01
7.636116264687693445e+01
7.719292091836734926e+01
7.702008928571429180e+01
7.694495980210265884e+01
7.734438131313130782e+01
7.647727272727273373e+01
7.749288806431663090e+01
7.755102040816326792e+01
7.742084106369820518e+01
7.752742346938775597e+01
7.699904336734694255e+01
7.765347522447622453e+01
7.740172929830396242e+01
7.721459492888064347e+01
7.725641869651086324e+01
7.721954236239950831e+01
7.714131106988250508e+01
7.787195523370638739e+01
7.825960637300843814e+01
7.806217783505154273e+01
7.819310754604872216e+01
7.847093750000000512e+01
7.778492647058823195e+01
7.808663366336634226e+01
7.859000000000000341e+01
7.830312499999999432e+01
7.854967741935483616e+01
7.821937499999999943e+01
7.843213030980517431e+01
7.825937500000000568e+01
7.780594059405940754e+01
7.807593749999999488e+01
7.798424242424242436e+01
7.800118835412952478e+01
7.820999999999999375e+01
7.853186881188118207e+01
7.796363636363636829e+01
7.789511138613860908e+01
7.835500000000000398e+01
7.835506580961126133e+01
7.817624999999999602e+01
7.795572422517393818e+01
7.775428921568627061e+01
7.787545454545454504e+01
7.817593750000000341e+01
7.816416480357713681e+01
7.803466666666666640e+01
7.787878787878787534e+01
7.775511551155115342e+01
7.812456084318108651e+01
7.841188118811881225e+01
7.815686274509803866e+01
7.780909653465346310e+01
7.836567656765676304e+01
7.853805693069307381e+01
7.817861519607842524e+01
7.833267326732672586e+01
7.840000000000000568e+01
7.820281862745098067e+01
7.805876716703927798e+01
7.781731076333440456e+01
7.783391887575854184e+01
7.811980198019801946e+01
7.752909550917141246e+01
7.790610028744809767e+01
7.848233333333332951e+01
7.780392156862744457e+01
7.757702265372168426e+01
7.821346801346801669e+01
7.773096620006828061e+01
7.811550245098038658e+01
7.832827970297029196e+01
7.836274509803921262e+01
7.820098039215686470e+01
7.801359898798229153e+01
7.741143790849673678e+01
7.789689313758961475e+01
7.839911448450348530e+01
7.852376237623762734e+01
7.827467262855317642e+01
7.838892326732673155e+01
7.844771039603961071e+01
7.848483910891089010e+01
7.781311881188118207e+01
7.759099264705882604e+01
7.758823529411765207e+01
7.751544571932920746e+01
7.834293429342933734e+01
7.840051101884381524e+01
7.830948578728840914e+01
7.802308665401643850e+01
7.813296568627451677e+01
7.798948019801980536e+01
7.811887254901961342e+01
7.829132913291329032e+01
7.801639851485148824e+01
7.799783415841584144e+01
7.770668316831682887e+01
7.795241137016927269e+01
7.798514851485148824e+01
7.814294459749005739e+01
7.825451612903225396e+01
7.856033415841584144e+01
7.748205445544554948e+01
7.859597572660491949e+01
7.824783415841584144e+01
7.766350411132194154e+01
7.811448019801980536e+01
7.794762056850846932e+01
7.853593101245608921e+01
7.855924624720536542e+01
7.853561162567869758e+01
7.807084123972170175e+01
7.852826572979878961e+01
7.813573938038965139e+01
7.846534653465346310e+01
7.779623123602682710e+01
7.816875000000000284e+01
7.813254551261577774e+01
7.837751517087193065e+01
7.827850526988183333e+01
7.857873774509803866e+01
7.819966666666667265e+01
7.858322580645160826e+01
7.846247205365698107e+01
7.841679974449057511e+01
7.813440860215054329e+01
7.870000000000000284e+01
7.838518045352923025e+01
7.859821143404663246e+01
7.839966666666666129e+01
7.897709677419355501e+01
7.770677419354838378e+01
7.811645161290321937e+01
7.905033333333332735e+01
7.819866666666666788e+01
7.864867454487384180e+01
7.853209837112743230e+01
7.822903225806452099e+01
7.824064516129031688e+01
7.833854998403066361e+01
7.831395720217183509e+01
7.799305555555555713e+01
7.839763653784733322e+01
7.834877036090705360e+01
7.859387096774193537e+01
7.893566666666666265e+01
7.853696369636963937e+01
7.860922029702970804e+01
7.840161290322581067e+01
7.832291666666667140e+01
7.836442031299904443e+01
7.791619228336496406e+01
7.822516129032257481e+01
7.842805280528052947e+01
7.812392206962631747e+01
7.813829447460875599e+01
7.856838709677418819e+01
7.858774193548387643e+01
7.786435643564355757e+01
7.834884488448844309e+01
7.814308527626955936e+01
7.847741935483871600e+01
7.670022808732485942e+01
7.853322580645161111e+01
7.821111465985308087e+01
7.812967741935483446e+01
7.822322580645160883e+01
7.854200000000000159e+01
7.829903225806451417e+01
7.815319865319865755e+01
7.829451612903226021e+01
7.835148514851485402e+01
7.892366666666666219e+01
7.852677732539930844e+01
8.041911764705882604e+01
8.103175990675990192e+01
8.185198135198135105e+01
8.356225014277555374e+01
8.157142857142856940e+01
8.087267683772537907e+01
8.140685714285714880e+01
7.612572087658593034e+01
7.579251040221913627e+01
7.728775834658188160e+01
7.789772125066242836e+01
7.951601731601731160e+01
7.868023088023088008e+01
7.915686274509803866e+01
7.787588235294117567e+01
7.721456916099772627e+01
8.010147058823528710e+01
7.782712842712842871e+01
7.671578334304018654e+01
7.811032531824611169e+01
8.050728013977868613e+01
8.347682709447416016e+01
8.281968750000000057e+01
8.400029411764705856e+01
8.305436720142601814e+01
8.274855824682813932e+01
8.173776520509193233e+01
8.243600217864923252e+01
8.189104638619201637e+01
8.246898597626753258e+01
8.364331026528257951e+01
8.421534653465346310e+01
8.599411764705882888e+01
8.517243367935409992e+01
8.634740827023878751e+01
8.472967296729673592e+01
8.645459688826025513e+01
8.519907407407407618e+01
8.623781512605042110e+01
8.540888119953864077e+01
8.511586452762922761e+01
8.606380638063806998e+01
8.561497326203208047e+01
8.561850371216448252e+01
8.607742857142856963e+01
8.518246716162192911e+01
8.516934046345811282e+01
8.739346938775510409e+01
8.654529529529528986e+01
8.373104395604396188e+01
8.446253369272237421e+01
8.242453379953380477e+01
8.285065676756138942e+01
8.198892773892774244e+01
8.255651672433678812e+01
8.166847652507186694e+01
8.133941831683168289e+01
8.205910908052541686e+01
8.217938701923077360e+01
8.141062250142775270e+01
8.171167990585466612e+01
8.202287581699346219e+01
8.133555825242719095e+01
8.158199257425742701e+01
8.120770814945572624e+01
8.097671568627451677e+01
8.107980798079807983e+01
8.069053398058252924e+01
8.109313118811881793e+01
8.079878787878787705e+01
8.081575757575757279e+01
8.092346616065781006e+01
7.990439356435643958e+01
8.017551755175517769e+01
8.086018601860186550e+01
8.040515151515151615e+01
8.060920209668024938e+01
8.067156249999999318e+01
8.067926792679267578e+01
8.024226485148514598e+01
8.081787878787878299e+01
8.115271527152715691e+01
8.104620462046204921e+01
8.073419354838709694e+01
8.110363636363636886e+01
8.103531250000000341e+01
8.076330445544554948e+01
8.080259900990098743e+01
8.100812500000000682e+01
8.048284313725490335e+01
8.076208503203261557e+01
8.076827094474153057e+01
7.980915395284327474e+01
8.046752450980392268e+01
8.053945394539454128e+01
8.104530453045305194e+01
8.119546470776110425e+01
8.137806372549019329e+01
8.107560756075606889e+01
8.119152227722771897e+01
8.059867172675521374e+01
8.085055693069307381e+01
8.093369336933693603e+01
8.044424019607842524e+01
8.124021464646465063e+01
8.119461633663365774e+01
8.098769876987698524e+01
8.037806967447173179e+01
8.142093749999999375e+01
8.101354838709677608e+01
8.059562499999999829e+01
8.032611386138613341e+01
8.077617761776177474e+01
8.105176767676768179e+01
8.065408415841584144e+01
8.071500000000000341e+01
8.093768200349447284e+01
8.106868811881187753e+01
8.138286086673183206e+01
8.143468749999999545e+01
8.093258064516129480e+01
8.140656250000000682e+01
8.106531250000000455e+01
8.133363636363635862e+01
8.115118931247963019e+01
8.053135313531353745e+01
8.087451612903225850e+01
8.088903225806451758e+01
8.091677419354839174e+01
8.073181818181818414e+01
8.051623774509803866e+01
7.969148284313725128e+01
8.032976827094474004e+01
8.025309405940593876e+01
8.015934405940593876e+01
8.028682868286828977e+01
7.980082377169755148e+01
8.026162616261626681e+01
7.993939393939393767e+01
8.013042186571598791e+01
8.000158127767235783e+01
8.017551755175517769e+01
8.025490196078430927e+01
8.004503676470588402e+01
8.045730198019802515e+01
8.071625000000000227e+01
8.039727722772276763e+01
8.024628712871286496e+01
8.027382425742574412e+01
7.977971813725490335e+01
8.023978960396038929e+01
8.022370049504949918e+01
8.078696969696969177e+01
8.014260249554367022e+01
7.988480392156863275e+01
7.994087009803921262e+01
8.026423267326732969e+01
8.010576923076922640e+01
8.103064320388349984e+01
8.091336633663365774e+01
8.031523058252426495e+01
8.046936274509803866e+01
8.068131188118812247e+01
8.160186018601859814e+01
8.106120023767083183e+01
8.036922624301264761e+01
8.101763613861386659e+01
8.078664963270520616e+01
8.113056930693069546e+01
8.072150735294117396e+01
8.072549019607842524e+01
8.056985294117646390e+01
8.112121212121212466e+01
8.170915841584158557e+01
8.157010539763653867e+01
8.095049504950495134e+01
8.147014701470146747e+01
8.108259061200237738e+01
8.145604560456045817e+01
8.082054455445545216e+01
8.104070112893641920e+01
8.110279263220439816e+01
8.152022058823528994e+01
8.087004950495050082e+01
8.112923351158644891e+01
8.128218750000000625e+01
8.054963235294117396e+01
8.099848300970873538e+01
8.134203420342034008e+01
8.087195484254307587e+01
8.083273915626857331e+01
8.116468749999999943e+01
8.092929292929292728e+01
8.116384541679974518e+01
8.108570544554454784e+01
8.039364518976169904e+01
8.120000000000000284e+01
8.067326732673267031e+01
8.062469059405940186e+01
8.087789661319072820e+01
8.146938131313130782e+01
8.090522875816994031e+01
8.061076732673267031e+01
8.104968750000000455e+01
8.101624999999999943e+01
8.067698019801980536e+01
8.107475490196078738e+01
8.076980198019802515e+01
8.077094474153297199e+01
8.033915441176471006e+01
8.078465346534653690e+01
8.089888988898890432e+01
8.055259900990098743e+01
8.025428921568627061e+01
8.024752475247524330e+01
8.052151515151514616e+01
8.060334158415841443e+01
7.992691622103386351e+01
8.020343137254901933e+01
8.009510951095109021e+01
7.931113033448673377e+01
7.970904490828588962e+01
7.887635636778983894e+01
8.014592527213886797e+01
8.020220588235294201e+01
8.007902554961378883e+01
8.003862150920974727e+01
7.990594362745098067e+01
8.017388613861386659e+01
7.989950980392157476e+01
7.988480392156863275e+01
8.004501323918799471e+01
8.035858585858585457e+01
7.997793468667255468e+01
8.026454207920792783e+01
8.010150044130627123e+01
8.028836633663365774e+01
8.028640776699029402e+01
8.077289603960396391e+01
8.049448529411765207e+01
7.970098039215686470e+01
8.048414071510957513e+01
7.974257425742574412e+01
8.028442844284428759e+01
8.001031553398058804e+01
8.030943627450980671e+01
8.018991899189919081e+01
8.017708333333332860e+01
8.024624720536569100e+01
7.990819964349375937e+01
7.951662253604001762e+01
8.015686274509803866e+01
8.057178217821781629e+01
8.074876237623762165e+01
7.989631610219845470e+01
7.999732620320855858e+01
7.995057369814651338e+01
7.980484068627451677e+01
7.977818627450980671e+01
7.989767156862744457e+01
7.945989304812833609e+01
7.954065533980582359e+01
7.990037128712870640e+01
7.981066176470588402e+01
8.007040998217469507e+01
8.042004200420042537e+01
8.012269756387404129e+01
