8.083400000000000318e+01
8.099200000000000443e+01
8.053548387096773808e+01
8.045584881068752736e+01
8.078703094140881547e+01
8.019876181166503670e+01
8.070918367346938282e+01
7.980971000325838816e+01
7.989312479635060527e+01
8.014812376563529028e+01
8.017987913259864285e+01
8.025844294347670882e+01
8.008922558922559176e+01
8.001279461279460747e+01
8.003028308097432841e+01
7.974421635711958345e+01
8.038709677419355160e+01
8.061752577319587942e+01
8.029096774193548924e+01
8.105238095238095752e+01
8.200134680134679854e+01
8.138741935483871259e+01
8.114625850340135571e+01
8.081003584229391379e+01
8.057044673539519408e+01
8.055700211118930554e+01
8.063131313131313505e+01
8.029781687846204363e+01
8.060168350168349605e+01
8.108537414965987011e+01
8.011013359400456579e+01
8.069595959595959300e+01
8.053780068728522679e+01
8.048778103616812984e+01
8.036030964109781394e+01
8.010204081632653583e+01
8.058862653807781840e+01
8.009416748126425034e+01
8.017236884978819944e+01
8.019106529209622636e+01
8.074394132653061718e+01
8.051700680272108457e+01
8.039966329966330250e+01
8.007776213933848908e+01
7.983537414965987011e+01
8.037542087542087188e+01
7.983945578231292473e+01
8.002150537634408067e+01
8.045096122515477077e+01
8.122096219931270866e+01
8.094747474747474314e+01
8.086262626262626441e+01
8.072273047149894865e+01
8.082723434201267310e+01
8.077972508591065548e+01
8.128639455782312950e+01
8.098047138047138560e+01
8.092751583391977022e+01
8.086632302405497796e+01
8.059861111111111143e+01
8.073145245559038585e+01
8.137076583210604497e+01
8.080476190476190368e+01
8.081644026471612108e+01
8.114426460239268124e+01
8.106596209912535755e+01
8.125862068965517437e+01
8.083951890034364851e+01
8.124387755102040387e+01
8.046778126088470628e+01
8.035167638483964936e+01
8.120517492711370267e+01
8.103448275862068328e+01
8.092188599577761465e+01
8.090309278350515854e+01
8.060850340136055081e+01
8.081863067807768175e+01
8.042687074829932214e+01
8.068235681369321810e+01
8.059243986254296033e+01
8.081190476190475636e+01
8.078350515463917247e+01
8.050131665569453787e+01
8.054542462146149262e+01
8.100721649484536613e+01
8.083604921849018865e+01
8.059315339038840875e+01
8.085680272108844235e+01
8.080680272108843099e+01
8.138006872852233187e+01
8.075918367346939419e+01
8.048683344305463550e+01
8.076395307500888521e+01
8.040790378006872174e+01
8.052040816326530148e+01
8.090918367346938567e+01
8.048809523809524080e+01
8.039175257731959334e+01
8.079999999999999716e+01
8.084795918367346701e+01
8.091156462585034603e+01
8.025839035516455056e+01
8.050098749177089985e+01
8.096700680272108741e+01
8.098401360544217198e+01
8.042371134020618229e+01
8.068367346938775597e+01
8.075364379665836623e+01
8.091088435374149412e+01
8.082925170068027398e+01
8.081836734693877133e+01
8.042587161942000762e+01
8.006598639455782518e+01
8.006870748299319018e+01
8.036537195523371224e+01
8.002671880091234868e+01
8.006020408163264790e+01
8.000195503421309695e+01
7.999032258064515588e+01
7.989272030651341083e+01
8.008459512837393390e+01
7.982612903225806633e+01
7.977810361681329709e+01
7.959217687074830394e+01
7.980254154447702319e+01
7.910434496379197356e+01
8.070478536242083578e+01
8.097845117845118068e+01
8.106902356902357099e+01
8.076050830889541032e+01
8.042142857142857792e+01
8.013737373737373559e+01
8.014944042132982815e+01
8.007643097643097008e+01
7.969273378950798303e+01
7.939741935483870350e+01
7.976213750407298164e+01
8.007003367003366634e+01
7.952329749103942902e+01
7.998821548821548788e+01
7.933354838709676926e+01
7.991885521885521371e+01
7.987676767676767042e+01
7.942066666666666208e+01
7.907870967741935431e+01
7.987664415215073177e+01
7.976868686868687064e+01
7.972222222222222854e+01
7.967407407407407050e+01
7.933919843597263366e+01
7.940200000000000102e+01
7.924906249999999375e+01
7.996252851091560387e+01
7.929096135419993630e+01
8.004632532218738561e+01
8.003649397197784765e+01
7.935031250000000114e+01
8.010361681329423789e+01
7.930093750000000341e+01
8.049413437611090671e+01
7.965806451612903061e+01
7.986933854675790201e+01
7.999641577060931752e+01
7.976225806451613209e+01
7.980612244897959329e+01
8.020234604105571918e+01
7.978645161290322108e+01
7.959831649831649258e+01
7.985578231292517160e+01
7.931866666666667243e+01
7.952753339850113434e+01
7.929912023460410353e+01
8.007003367003366634e+01
7.946322580645161793e+01
8.011360544217687618e+01
7.992533333333332735e+01
7.991414496833216674e+01
8.093131313131313220e+01
7.989051808406647126e+01
7.982482993197278631e+01
8.042054745822964890e+01
8.067090257412837673e+01
7.976833333333333087e+01
8.046985988921473165e+01
8.010101010101010388e+01
8.034983164983165693e+01
8.023737373737374412e+01
8.017138047138047341e+01
8.013636363636364024e+01
8.043061224489795791e+01
8.029977191267514058e+01
8.003400673400673782e+01
7.995656565656565817e+01
8.031034482758620641e+01
8.026924416579589661e+01
7.970833333333332860e+01
8.032551020408163822e+01
8.002255892255892888e+01
8.003299663299662825e+01
8.053095238095238528e+01
8.158642857142856997e+01
8.151659451659452316e+01
8.093299663299663393e+01
8.110623476140717969e+01
8.094410774410773968e+01
8.067003367003367487e+01
8.083299663299663962e+01
8.004931034482758889e+01
8.037931034482758719e+01
8.052851091560768282e+01
8.040764766131785279e+01
8.214723032069970543e+01
8.351428571428571956e+01
8.379239859469818441e+01
8.377811447811447465e+01
8.346066666666666833e+01
8.373569023569024239e+01
8.306430976430976898e+01
8.286161616161615484e+01
8.264312499999999773e+01
8.279483870967742121e+01
8.229830725007984427e+01
8.209900990099009732e+01
8.213273514851485402e+01
8.212500000000000000e+01
8.149164592961251685e+01
8.150884353741496113e+01
8.162303030303030482e+01
8.082795698924731198e+01
8.066336633663365774e+01
8.109509408602150415e+01
8.060991020951114194e+01
8.056594383220760847e+01
8.040942760942760970e+01
8.053665689149559626e+01
8.070506912442395731e+01
8.038775510204081343e+01
7.997210884353741278e+01
8.030893736805066396e+01
8.083367697594501067e+01
8.001760057471264531e+01
7.992961876832843870e+01
7.995589225589225180e+01
7.996075823079480926e+01
8.023379970544918649e+01
8.010103092783505474e+01
7.990387748452265271e+01
8.030336700336700062e+01
8.026233333333333064e+01
7.984943181818181301e+01
8.041818181818182154e+01
8.023299663299663109e+01
8.027481713688609943e+01
7.972336265884652562e+01
8.012969696969696543e+01
7.994814814814814952e+01
8.151359223300970314e+01
8.065411681914144992e+01
8.063366336633663423e+01
8.042638134781219605e+01
8.025345622119816369e+01
7.944053483462350584e+01
7.992650644374782587e+01
7.930330752990850840e+01
7.923645320197044839e+01
7.962466666666666981e+01
7.912843068261787494e+01
7.935544217687075275e+01
7.929548267326732969e+01
7.956494845360825252e+01
7.978252551020408134e+01
7.914695340501792487e+01
7.934982817869415328e+01
7.956761159986966447e+01
7.856749999999999545e+01
7.850536616161616621e+01
7.916589861751151602e+01
7.921668295861844911e+01
7.955924950625411896e+01
7.908439231019876559e+01
7.907233626588465825e+01
7.871870967741935488e+01
7.904822417725642936e+01
7.859000000000000341e+01
7.945918367346938282e+01
7.901531443466927840e+01
7.939927583936800204e+01
7.897849462365591933e+01
7.860161290322581351e+01
7.860806451612903345e+01
7.848258064516129195e+01
7.954419191919191690e+01
7.910599999999999454e+01
7.910281249999999886e+01
7.910599078341013524e+01
7.838806451612903459e+01
7.864387376237623073e+01
7.840161290322581067e+01
7.879113717823395291e+01
7.848677419354838491e+01
7.879895731508634071e+01
7.909000000000000341e+01
7.879537308569567244e+01
7.883121537960248304e+01
7.912491582491583131e+01
7.862902227722771897e+01
7.872238514173997714e+01
7.830495049504951055e+01
7.823630363036303947e+01
7.886047979797979224e+01
7.861666666666666003e+01
7.901515151515151558e+01
7.867326732673267031e+01
7.905521885521885395e+01
7.870812499999999545e+01
7.907922979797979224e+01
7.946432062561095222e+01
7.912255892255892320e+01
7.844129032258064171e+01
7.903161929096135907e+01
7.919663299663299938e+01
7.888366666666667015e+01
7.915218855218854799e+01
7.909999999999999432e+01
7.916656249999999773e+01
7.879133333333332700e+01
7.884266666666667334e+01
7.807103448275861979e+01
7.894753991528185111e+01
7.856580645161290022e+01
7.910774193548387245e+01
7.876033333333333530e+01
7.882054890921885715e+01
7.832607260726072695e+01
7.896516129032258391e+01
7.894062499999999716e+01
7.834999999999999432e+01
7.871966666666666868e+01
7.902870967741935715e+01
7.876734006734007210e+01
7.877306397306396946e+01
7.908428030303029743e+01
7.800034482758620413e+01
7.819519420671494458e+01
7.869766666666666310e+01
7.917946127946127888e+01
7.824848484848484986e+01
7.865903465346534063e+01
7.915925925925925810e+01
7.948191593352883899e+01
7.846757575757575864e+01
7.901999999999999602e+01
7.856600765306122014e+01
7.863741496598639458e+01
7.909709677419354534e+01
7.940697295536004674e+01
7.921077441077440540e+01
7.845141065830721061e+01
7.870340136054421976e+01
7.903161512027492108e+01
7.915544554455445336e+01
7.915119949494949481e+01
7.937113066145323614e+01
7.973967741935483389e+01
7.942414564037048308e+01
7.904653465346534347e+01
7.857003367003366634e+01
7.899040841584158557e+01
7.899273927392739836e+01
7.872996632996633082e+01
7.914653465346535199e+01
7.889903225806452269e+01
7.816806451612903572e+01
7.906534653465347162e+01
7.935100606834876658e+01
7.886298307250079631e+01
7.913387096774194163e+01
7.916748126425545706e+01
7.814603960396038929e+01
7.788724137931033908e+01
7.928999674160964162e+01
7.923492994460735872e+01
7.859266666666667334e+01
7.827225806451612300e+01
7.828967741935484526e+01
7.959687499999999716e+01
7.951000000000000512e+01
7.917367220593027355e+01
7.872853535353534937e+01
7.934680134680134245e+01
7.871496212121212466e+01
7.892333333333333201e+01
7.923843750000000341e+01
7.887266666666666026e+01
7.880333333333332746e+01
7.854371299198885481e+01
7.852142110762800087e+01
7.831105990783410675e+01
7.881329423264907064e+01
7.794721407624633969e+01
7.885899999999999466e+01
7.893906810035842625e+01
7.852548387096774718e+01
7.887000000000000455e+01
7.850330033003299945e+01
7.885500000000000398e+01
7.852390572390572743e+01
7.882796717171717660e+01
7.874419354838710206e+01
7.948255431204739807e+01
7.894400000000000261e+01
7.881866666666667243e+01
7.878666666666666174e+01
7.872865099009901257e+01
7.837689768976898108e+01
7.899329287767486107e+01
7.856691152986266502e+01
7.854231874800383650e+01
7.872133333333333383e+01
7.876441837732160423e+01
7.836774193548387757e+01
7.904141414141413691e+01
7.937848484848484532e+01
7.856774193548386620e+01
7.891218750000000171e+01
7.844714148834238188e+01
7.905838709677419729e+01
7.851451612903225907e+01
7.800700000000000500e+01
7.758976897689768748e+01
7.755032258064515815e+01
7.766013071895424957e+01
7.782585905649388280e+01
7.817093749999999375e+01
7.795441176470588118e+01
7.901101928374656325e+01
7.874291300097752355e+01
7.823547979797979224e+01
7.821938775510204778e+01
7.725803489439853422e+01
7.992676837725380778e+01
7.869523809523809632e+01
7.944339025932953291e+01
7.967133333333333667e+01
7.966240817630149706e+01
7.951395139513951449e+01
7.939188757585435496e+01
7.926835016835016745e+01
7.903198653198653290e+01
7.945791245791245672e+01
7.964557823129251801e+01
7.911908993956629388e+01
7.909598214285713880e+01
7.906353861192570776e+01
7.792733789507983033e+01
7.819393939393938808e+01
7.867003367003367487e+01
7.785709677419355046e+01
7.936374999999999602e+01
7.866876687668766976e+01
7.895503421309872749e+01
7.935799168152109928e+01
7.989705882352940591e+01
7.962101715686274872e+01
7.914259708737864685e+01
7.921056105610560394e+01
7.908941831683168289e+01
7.911943069306930454e+01
7.831687499999999602e+01
7.839124880229958592e+01
7.836314276588949213e+01
7.882468749999999602e+01
7.838397277227723237e+01
7.849258064516129707e+01
7.881499999999999773e+01
7.869243053337591220e+01
7.840099009900990268e+01
7.857359735973597026e+01
7.847370049504949918e+01
7.840625000000000000e+01
7.873062500000000341e+01
7.830548387096774832e+01
7.857332920792079278e+01
7.821870967741935488e+01
7.857187500000000568e+01
7.863799504950495134e+01
7.856274509803921546e+01
7.825711633663365774e+01
7.870177017701770694e+01
7.829252925292529142e+01
7.882261029411765207e+01
7.918688118811881793e+01
7.880666666666667197e+01
7.906451612903225623e+01
7.843446601941747076e+01
7.865921430852762342e+01
7.847415329768270453e+01
7.810055693069307381e+01
7.903781250000000114e+01
7.835643564356435320e+01
7.880455407969638770e+01
7.818471534653465937e+01
7.815191831683168289e+01
7.816243811881187753e+01
7.855637176620888340e+01
7.809432048681541971e+01
7.847771836007130730e+01
7.877557755775578130e+01
7.869486948694869000e+01
7.819883578431372939e+01
7.859620098039215463e+01
7.904331683168317113e+01
7.859191176470588402e+01
7.831758764111705773e+01
7.901887376237623073e+01
7.871377137713771788e+01
7.873590686274509665e+01
7.893107546048722156e+01
7.871200980392157476e+01
7.897493811881187753e+01
7.856985294117646390e+01
7.912159653465346310e+01
7.899752475247524330e+01
7.904426619132500775e+01
7.830437559885021415e+01
7.835294117647059409e+01
7.839859469817949389e+01
7.879322580645161622e+01
7.868516129032258277e+01
7.848081683168317113e+01
7.861138613861386659e+01
7.829402940294029634e+01
7.875214460784313530e+01
7.881890769722133427e+01
7.892690739662201338e+01
7.833695305014371968e+01
7.766727941176471006e+01
7.801732673267326845e+01
7.822697563874034188e+01
7.858250825082508584e+01
7.877870967741935715e+01
7.888451612903226362e+01
7.841009262216543618e+01
7.804617330803289121e+01
7.827956030897207995e+01
7.850835396039603609e+01
7.792590226764612282e+01
7.792721330956625536e+01
7.817712418300654065e+01
7.868677419354838776e+01
7.822374999999999545e+01
7.797248576850094537e+01
7.835515496521189505e+01
7.837893498087673549e+01
7.781961633663365774e+01
7.851378676470588402e+01
7.826989619377162910e+01
7.775869702719798227e+01
7.861824123588829138e+01
7.789563106796116188e+01
7.782138480392157476e+01
7.772555693069307381e+01
7.810252315554136260e+01
7.778526249209360799e+01
7.805520552055205030e+01
7.818045352922389668e+01
7.816703928457361883e+01
7.778051865907653450e+01
7.787995049504949918e+01
7.785148514851485402e+01
7.746231617647059409e+01
7.780803289057558914e+01
7.769955724225174265e+01
7.764136622390891773e+01
7.780581910183428818e+01
7.784758475847584691e+01
7.824319306930692619e+01
7.801110111011101367e+01
7.823174504950495134e+01
7.832085396039603609e+01
7.826330445544554948e+01
7.825371287128713504e+01
7.845692216280451703e+01
7.773253676470588402e+01
7.814108910891089010e+01
7.809808168316831711e+01
7.812975778546713457e+01
7.810380622837369913e+01
7.836957813428401209e+01
7.825618811881187753e+01
7.823875432525952078e+01
7.791143790849673678e+01
7.857219251336898935e+01
7.774321303098051317e+01
7.821967821782178021e+01
7.860076652826572285e+01
7.831775990099009732e+01
7.804227941176471006e+01
7.865091025231555477e+01
7.786825980392157476e+01
7.790012254901961342e+01
7.750920974450386325e+01
7.787938793879388300e+01
7.822834158415841443e+01
7.796568627450980671e+01
7.821101485148514598e+01
7.795294117647058840e+01
7.820946782178218371e+01
7.814945572227125581e+01
7.752762923351158975e+01
7.845078625509609083e+01
7.816553217821781629e+01
7.785178517851785784e+01
7.782138480392157476e+01
7.803743811881187753e+01
7.770006127450980671e+01
7.798978960396038929e+01
7.791363636363635692e+01
7.751225490196078738e+01
7.791274752475247567e+01
7.790748762376237835e+01
7.763511029411765207e+01
7.719904931669637449e+01
7.756188725490196134e+01
7.755996573386636328e+01
7.831688804554079297e+01
7.743939393939393767e+01
7.833184789067142617e+01
7.772732843137255543e+01
7.758100233100232401e+01
7.762377450980392268e+01
7.796236559139785527e+01
7.765870098039215463e+01
7.762561274509803866e+01
7.763020833333332860e+01
7.758025802580257846e+01
7.751133578431372939e+01
7.754044117647059409e+01
7.747579656862744457e+01
7.778279702970297649e+01
7.791144454251249840e+01
7.822489601901366996e+01
7.823998786407767625e+01
7.819326456310679418e+01
7.802877475247524330e+01
7.785142689026184826e+01
7.792388613861386659e+01
7.749111519607842524e+01
7.790196078431372939e+01
7.799529273315681621e+01
7.795969402765518907e+01
7.789026184171815714e+01
7.793027360988526198e+01
7.768474264705882604e+01
7.731250000000000000e+01
7.770802696078430927e+01
7.765747549019607732e+01
7.765471813725490335e+01
7.825039923347173954e+01
7.838038965186841267e+01
7.798886138613860908e+01
7.830362448009506693e+01
7.787871287128713504e+01
7.806357694592988139e+01
7.839828431372548323e+01
7.806179441473558711e+01
7.813409234661607172e+01
7.839583333333332860e+01
7.845526960784313530e+01
7.803216911764705799e+01
7.819546568627451677e+01
7.822855392156863275e+01
7.844270833333332860e+01
7.838335396039603609e+01
7.871281249999999829e+01
7.899709677419355103e+01
7.863685723411050787e+01
7.861194506547428773e+01
7.838923212709620714e+01
7.807906388361796246e+01
7.833026960784313530e+01
