7.983731617647059409e+01
8.015953654188948008e+01
7.959861591695501204e+01
7.989839572192512662e+01
8.009529702970297649e+01
7.941565533980582359e+01
8.036693669366937343e+01
7.965705311250714260e+01
8.015439356435643958e+01
8.019165085388993930e+01
7.978952205882353610e+01
7.876991421568627061e+01
7.990730837789661223e+01
8.061850247524752433e+01
8.089806451612902549e+01
7.985442661913249651e+01
8.029919554455445052e+01
8.028465346534653690e+01
7.992371323529411598e+01
7.982138480392157476e+01
7.999509803921569073e+01
8.038273514851485402e+01
8.004871323529411598e+01
8.040408415841584144e+01
7.985426980198019464e+01
8.064441747572816155e+01
8.026802000588408248e+01
8.065537730243612202e+01
7.941176470588234793e+01
8.042481435643564680e+01
8.022594880847307763e+01
8.000685322672758559e+01
7.985515496521189505e+01
7.994577205882353610e+01
8.005882352941176805e+01
8.044832920792079278e+01
8.005812839348450893e+01
7.929469434832756747e+01
7.998725490196078169e+01
8.001990493166964313e+01
7.970772058823528994e+01
8.028022802280227666e+01
7.948603683897800920e+01
7.964062500000000000e+01
7.964146414641464844e+01
7.992691622103386351e+01
7.961672794117646390e+01
7.986168616861685621e+01
7.997940570756104250e+01
7.990165441176471006e+01
8.031644417475727948e+01
8.083609068627451677e+01
8.049153625039923554e+01
7.985025007355103810e+01
8.017326732673267031e+01
7.983328010220377280e+01
8.022178217821782198e+01
7.997122524752475670e+01
7.952103559870549532e+01
7.986096256684491834e+01
7.958149509803921262e+01
8.013042186571598791e+01
7.961795343137255543e+01
7.985122786978868703e+01
7.976500297088531966e+01
7.943248014121800793e+01
8.020084951456310307e+01
8.012408980582524975e+01
8.059065594059406124e+01
7.980916262135922068e+01
8.041553217821781629e+01
8.019607843137255543e+01
8.078401663695781565e+01
8.016115196078430927e+01
8.018596813725490335e+01
8.024754901960784537e+01
8.051918316831682887e+01
7.998450347881087907e+01
7.995157456922163419e+01
8.021476715686274872e+01
8.022273284313725128e+01
8.023805147058823195e+01
8.048298267326732969e+01
7.988694852941176805e+01
8.026684318917328653e+01
8.040625000000000000e+01
8.011671167116710990e+01
7.994240196078430927e+01
8.017110148514851176e+01
8.068906250000000568e+01
8.057297987863302069e+01
7.996507352941176805e+01
8.037439320388349984e+01
8.043834383438343139e+01
8.069626317470456911e+01
8.087192590226764821e+01
8.047957920792079278e+01
8.034003712871286496e+01
8.055157766990291179e+01
8.048323845667299281e+01
8.024004753416518554e+01
8.075439156818907804e+01
8.015656565656566102e+01
8.011695544554454784e+01
8.045588235294117396e+01
8.044894801980197485e+01
8.030570409982175306e+01
8.055545748749632651e+01
8.092233910891089010e+01
8.049453883495145590e+01
8.039928698752228797e+01
8.082657297987863387e+01
8.009714795008912347e+01
8.011621065019123478e+01
8.081890769722133427e+01
8.110741935483871146e+01
8.012566844919786035e+01
8.041903858317520815e+01
8.039816571790005639e+01
8.067624999999999602e+01
8.046924692469247020e+01
8.017320261437907902e+01
8.067135100606834897e+01
8.001378676470588402e+01
8.033787128712870640e+01
8.063675742574257299e+01
8.059001782531194635e+01
8.068092691622103985e+01
8.030808080808080263e+01
8.018474264705882604e+01
8.046351393673661789e+01
8.075311402107952574e+01
8.046415441176471006e+01
8.022855392156863275e+01
8.057986798679867491e+01
8.018321078431372939e+01
8.000827205882353610e+01
8.015104166666667140e+01
8.042079207920792783e+01
8.023545792079207217e+01
7.942988710635769678e+01
8.017287817099905567e+01
7.977481617647059409e+01
8.020327970297029196e+01
7.998958333333332860e+01
8.000606834877035567e+01
7.972212009803921262e+01
8.064100926221654220e+01
8.028186274509803866e+01
8.049643493761141144e+01
8.002465834818775647e+01
8.044963592233010274e+01
8.003862150920974727e+01
8.039601901366607706e+01
8.056090314913843997e+01
8.013725490196078738e+01
8.034818775995246654e+01
7.994690533980582359e+01
8.029037952338923390e+01
7.971359223300970598e+01
8.012621359223301454e+01
8.003339460784313530e+01
8.045631067961164717e+01
7.995618872549019329e+01
7.985467233009708821e+01
7.957554611650485299e+01
7.963757115749525894e+01
7.979687500000000000e+01
8.026856435643564680e+01
8.008915441176471006e+01
7.992272202998846353e+01
7.992762577228596399e+01
8.010561056105611044e+01
7.989882425742574412e+01
8.009715346534653690e+01
7.984062599808368077e+01
8.029269801980197485e+01
8.004760413404322605e+01
7.985631127450980671e+01
7.982797330097086785e+01
8.029702970297029196e+01
8.024907178217821979e+01
7.965433270082226613e+01
7.973008578431372939e+01
8.038878676470588402e+01
7.990433749257279317e+01
8.050857843137255543e+01
8.038379854368932342e+01
7.972947303921569073e+01
8.001392326732673155e+01
8.027629950495050082e+01
7.958918406072106677e+01
7.990196078431372939e+01
7.949039021549214112e+01
7.980943627450980671e+01
8.022153465346534063e+01
8.024102722772276763e+01
7.975332068311195144e+01
7.996844362745098067e+01
8.034558823529411598e+01
8.002093446601941196e+01
8.001243932038835283e+01
8.015475139746983757e+01
8.048917079207920722e+01
8.031244483671667922e+01
8.093259803921569073e+01
8.003553921568627061e+01
8.007720588235294201e+01
8.047834158415841443e+01
8.016608112424145816e+01
8.039093137254901933e+01
7.978241619228336390e+01
8.002144607843136725e+01
8.005943627450980671e+01
8.068810679611650016e+01
8.016574754901961342e+01
8.036537847333120510e+01
8.082322580645161736e+01
8.047957920792079278e+01
8.032353880549345604e+01
8.019801980198019464e+01
8.025710635579686425e+01
7.989848197343454217e+01
8.006832107843136725e+01
8.009620098039215463e+01
8.010770631067961745e+01
7.992852624920935511e+01
8.020618872549019329e+01
8.076678550207961393e+01
7.974963224477787094e+01
8.027242724272427665e+01
7.939805825242719095e+01
8.014824717765894491e+01
8.006495098039215463e+01
7.975222816399286785e+01
8.007367218732153447e+01
8.003829656862744457e+01
7.983455882352940591e+01
7.990196078431372939e+01
7.996009600960096009e+01
7.985558252427183845e+01
7.999346405228757817e+01
8.020373774509803866e+01
8.023917079207920722e+01
7.957368753953194584e+01
8.011633663366336577e+01
7.999019607843136725e+01
7.972370766488413096e+01
8.008013613861386659e+01
7.938770053475936095e+01
7.985845588235294201e+01
7.975877587758775178e+01
7.996234186525448706e+01
7.960612623762376927e+01
7.962004950495050082e+01
8.074597772277228103e+01
7.995752155860746768e+01
8.021813118811881793e+01
8.020544554455445052e+01
7.972330097087377965e+01
8.009065594059406124e+01
7.984068627450980671e+01
7.981678921568627061e+01
7.991312679655062823e+01
7.999735216240070201e+01
7.972330097087377965e+01
7.942071197411003425e+01
8.024142156862744457e+01
7.979207920792079278e+01
8.010767326732673155e+01
7.999969059405940186e+01
8.032500000000000284e+01
7.987735547748323484e+01
7.949746995572422748e+01
7.948608475648323690e+01
7.956587009803921262e+01
7.935488215488214792e+01
7.953094362745098067e+01
8.025363693864642300e+01
7.977480689245395240e+01
8.050367647058823195e+01
8.046087511977003714e+01
8.050250073551043783e+01
8.064292558288086354e+01
8.033541295306001473e+01
8.017636138613860908e+01
7.986795343137255543e+01
8.044117647058823195e+01
7.977573529411765207e+01
8.048058252427183845e+01
8.019028465346534063e+01
8.002681660899654048e+01
8.040898058252426495e+01
8.014800759013282061e+01
8.008230198019802515e+01
8.000734589587990797e+01
8.018038366336634226e+01
7.970618872549019329e+01
8.025922592259226462e+01
8.016150990099009732e+01
8.032385819227083346e+01
8.041906249999999545e+01
8.042249999999999943e+01
8.000990099009901257e+01
8.013470873786407367e+01
8.015478312537136674e+01
8.021872187218721706e+01
7.996132425742574412e+01
8.010643564356435320e+01
7.995008912655971756e+01
8.047947303921569073e+01
8.009034653465346310e+01
7.981188725490196134e+01
8.012778465346534063e+01
8.059808168316831711e+01
8.028645833333332860e+01
8.026960784313725128e+01
8.027242724272427665e+01
8.047923875432526586e+01
8.035707441711913646e+01
8.066636029411765207e+01
8.018719059405940186e+01
8.054959630911187674e+01
8.052814674256799776e+01
8.044674467446745325e+01
8.044524452445244833e+01
8.006268568033273425e+01
8.009003712871286496e+01
7.985092272202999197e+01
8.072370049504949918e+01
8.023514851485148824e+01
7.982436010591349884e+01
8.000959158415841443e+01
7.988967343336275917e+01
7.986966754927919965e+01
8.031164587046940539e+01
8.011571782178218371e+01
8.023713235294117396e+01
8.047141488342383298e+01
7.976286764705882604e+01
8.000356506238858856e+01
8.047280202403541693e+01
7.994086496028243971e+01
8.015284653465346310e+01
8.025959158415841443e+01
8.014139851485148824e+01
