7.596331435800126997e+01
7.552611812905428224e+01
7.453202614379084423e+01
7.344326923076923208e+01
7.427372377074851784e+01
7.408451656524678697e+01
7.247394540942927676e+01
7.161572189163796054e+01
7.093725490196078454e+01
7.058343446601941196e+01
7.015022137887413578e+01
6.939336047604133739e+01
6.912847896440129603e+01
6.921833333333333371e+01
6.846039603960396391e+01
6.790555555555555145e+01
6.880423782416191614e+01
6.881372549019607732e+01
6.903069306930693472e+01
6.831580744281325224e+01
6.797524752475247567e+01
6.803549695740365166e+01
6.841714104996837875e+01
6.889939316512295875e+01
6.851138519924099057e+01
6.851454775458570623e+01
6.800163398692809835e+01
6.797549019607842524e+01
6.861163820366856214e+01
6.831650165016502285e+01
6.826534653465346025e+01
6.788267973856208926e+01
6.891983391887575294e+01
6.887639731715107416e+01
6.869669117647059409e+01
6.847986798679868059e+01
6.834705882352940876e+01
6.838965517241379644e+01
6.800323624595469596e+01
6.898834951456311160e+01
6.852973856209150938e+01
6.853333333333333144e+01
6.804595469255663431e+01
6.808950031625553834e+01
6.867397431882243097e+01
6.859104567307691980e+01
6.862981522079549279e+01
6.778770226537217525e+01
6.775465260545905721e+01
6.832083333333333997e+01
6.833636078922643264e+01
6.750150240384616041e+01
6.800558312655087434e+01
6.770453074433656582e+01
6.742710918114143226e+01
6.825744416873449438e+01
6.795176651305683890e+01
6.848511904761905100e+01
6.836204196680237999e+01
6.824613095238095184e+01
6.903132754342431099e+01
6.828008684863523570e+01
6.874227994227993577e+01
6.960276442307691980e+01
6.899286600496277799e+01
6.864516129032257652e+01
6.905370145631067658e+01
6.880288461538461320e+01
6.944513092085907147e+01
6.877820512820512988e+01
6.886636904761904532e+01
6.882142857142856940e+01
6.854032258064516725e+01
6.798924731182795256e+01
6.822258254716980730e+01
6.876354525524584460e+01
6.844354838709676869e+01
6.841904466501240734e+01
6.906765776699029402e+01
6.824255583126550562e+01
6.791397849462364888e+01
6.876385844033823957e+01
6.860634648370496791e+01
6.885266749379653106e+01
6.891565533980582359e+01
6.879687500000000000e+01
6.901117975875257571e+01
6.863895781637717164e+01
6.869026806526807150e+01
6.861013986013986710e+01
6.873725728155339709e+01
6.833555555555555827e+01
6.818639222412807044e+01
6.790982142857143344e+01
6.813207547169811562e+01
6.820132211538461320e+01
6.846416083916084006e+01
6.840476190476189799e+01
6.852912621359223522e+01
6.888440533980582359e+01
6.877658371040723750e+01
6.913956876456876444e+01
6.905108173076922640e+01
6.905919471153846700e+01
6.884044471153846700e+01
6.951486013986013290e+01
6.960664335664336022e+01
6.944959207459207562e+01
6.946182983682983547e+01
6.924669471153846700e+01
6.880446428571428896e+01
6.902133413461538680e+01
6.905018028846153300e+01
6.917668269230769340e+01
6.881730769230769340e+01
6.920215053763440949e+01
6.919591346153846700e+01
6.932196620583717106e+01
6.919938556067587854e+01
6.963492555831265918e+01
6.923867243867243815e+01
6.991501240694789487e+01
6.977233250620346894e+01
6.977584134615383959e+01
6.961771844660194120e+01
7.016165865384616041e+01
6.956213592233009990e+01
6.936358173076922640e+01
6.934194711538461320e+01
6.926638349514563231e+01
6.932496392496392446e+01
6.924898214844972699e+01
6.898392857142857792e+01
6.931978155339805880e+01
6.921995192307691980e+01
6.960714285714286120e+01
6.976799007444168410e+01
6.949519230769230660e+01
6.945529953917051103e+01
6.952403846153846700e+01
6.973852357320099316e+01
6.934500768049154829e+01
6.946194801127465723e+01
6.929470717193861162e+01
6.923915857605177848e+01
6.889714805825242649e+01
6.952267156862744457e+01
6.876592548076922640e+01
6.938452380952381304e+01
6.934003496503495967e+01
6.928779761904762324e+01
6.846153846153846700e+01
6.863237028301887221e+01
6.876985111662530414e+01
6.785194174757280905e+01
6.821537001897533514e+01
6.728216019417475025e+01
6.724575242718447043e+01
6.684152834325085735e+01
6.721996359223301454e+01
6.706084142394821868e+01
6.703792475728155864e+01
6.745782766990291179e+01
6.704155844155843624e+01
6.749484223300970598e+01
6.743939393939393767e+01
6.708323317307691980e+01
6.729560439560439988e+01
6.701412259615383959e+01
6.702700242718447043e+01
6.674562937062937351e+01
6.744143356643355958e+01
6.709639249639249670e+01
6.720570388349514701e+01
6.707763347763348349e+01
6.743443627450980671e+01
6.767019711679905924e+01
6.756159855769230660e+01
6.669439775910363721e+01
6.720449029126213247e+01
6.673809523809524080e+01
6.754716981132075659e+01
6.704393241167434780e+01
6.748045905707195402e+01
6.721829949985290398e+01
6.734615384615383959e+01
6.740594951923077360e+01
6.689272836538461320e+01
6.718719951923077360e+01
6.708924278846153300e+01
6.680803571428570820e+01
6.682351190476190084e+01
6.743910256410256920e+01
6.710922619047619264e+01
6.705683563748080189e+01
6.756190476190475636e+01
6.721092436974790019e+01
6.714663461538461320e+01
6.746241258741258662e+01
6.776772836538461320e+01
6.765646853146853346e+01
6.834207459207459578e+01
6.785083848190643607e+01
6.758823529411765207e+01
6.741870629370629331e+01
6.769525443110349272e+01
6.722716346153846700e+01
6.748981900452488958e+01
6.761538461538461320e+01
6.747808178876140062e+01
6.682712842712842871e+01
6.730303030303029743e+01
6.796043956043955347e+01
6.763678660049627922e+01
6.802427184466019128e+01
6.752081632653060694e+01
6.800781250000000000e+01
6.801706384230655544e+01
6.784644522144522227e+01
6.735492081447964097e+01
6.796544471153846700e+01
6.839229368932038255e+01
6.745006203473946016e+01
6.812712378640776478e+01
6.724717194570135348e+01
6.775240384615383959e+01
6.716911976911977433e+01
6.705014005602241411e+01
6.678537735849056389e+01
6.728375350140055389e+01
6.698928571428571388e+01
6.685922619047619264e+01
6.684672619047618980e+01
6.729326923076922640e+01
6.726406926406926345e+01
6.713997113997113786e+01
6.754574874963223863e+01
6.704632867132866636e+01
6.745305429864252744e+01
6.724614065180102784e+01
6.735901875901875258e+01
6.787740384615383959e+01
6.813678660049627922e+01
6.791450046977763577e+01
6.755506993006993355e+01
6.831158980582524975e+01
6.721875901875901604e+01
