8.323467548076922640e+01
8.230011792452830832e+01
8.260359801488833398e+01
8.299498903852176568e+01
8.314453125000000000e+01
8.277450076804915113e+01
8.290180652680652429e+01
8.215955528846153300e+01
8.248910256410256636e+01
8.213852163461538680e+01
8.219230769230769340e+01
8.248270631067961745e+01
8.315975286849072745e+01
8.269921875000000000e+01
8.290209790209790697e+01
8.327457524271844136e+01
8.298317307692308020e+01
8.278473945409429291e+01
8.263726635514018426e+01
8.331093189964157375e+01
8.389976415094339757e+01
8.346041666666666003e+01
8.392578125000000000e+01
8.373418114143920832e+01
8.344613095238095468e+01
8.309583333333333144e+01
8.286559466019417641e+01
8.290384615384616041e+01
8.349939903846153300e+01
8.313601190476190084e+01
8.273820754716980730e+01
8.271601731601731444e+01
8.298883374689826553e+01
8.256964285714285268e+01
8.231159855769230660e+01
8.292440476190476772e+01
8.282337662337661754e+01
8.349145047169811562e+01
8.304146634615383959e+01
8.307496159754224152e+01
8.359894540942927676e+01
8.319940476190475920e+01
8.309956575682382152e+01
8.295324675324675923e+01
8.338482142857142776e+01
8.389248366013072200e+01
8.341501240694789487e+01
8.297295673076922640e+01
8.301071428571428612e+01
8.351412259615383959e+01
8.277142857142857224e+01
8.365816993464052587e+01
8.328273809523810201e+01
8.279480519480519263e+01
8.304553571428571956e+01
8.229747596153846700e+01
8.232172619047618412e+01
8.316049757281552957e+01
8.298397435897436480e+01
8.331141439205954669e+01
8.280552184466019128e+01
8.304906204906204437e+01
8.305629945222155186e+01
8.304107142857142776e+01
8.358490566037735903e+01
8.265291563275434328e+01
8.333579109062979740e+01
8.319769119769119925e+01
8.362724014336917833e+01
8.408622828784119463e+01
8.376958525345622775e+01
8.334107142857142492e+01
8.326292067307691980e+01
8.304454685099845790e+01
8.271250000000000568e+01
8.239267990074441173e+01
8.271969934231130139e+01
8.228731796116504427e+01
8.220317460317460245e+01
8.190879953379953804e+01
8.258493589743589780e+01
8.243300248138957897e+01
8.281089743589743080e+01
8.294933252427183845e+01
8.254683622828784451e+01
8.293172564985906092e+01
8.247926682692308020e+01
8.232662259615383959e+01
8.232475186104218778e+01
8.147529761904762324e+01
8.234460297766749193e+01
8.231067961165048530e+01
8.270184779204510050e+01
8.211392773892774244e+01
8.329086538461538680e+01
8.322506009615383959e+01
8.291105543376134790e+01
8.298058252427183845e+01
8.214062500000000000e+01
8.217578125000000000e+01
8.226298003072196252e+01
8.267688679245283367e+01
8.292803970223324939e+01
8.296867245657568901e+01
8.305397022332506651e+01
8.306203473945409144e+01
8.200093052109181713e+01
8.272350230414745909e+01
8.269411057692308020e+01
8.262019230769230660e+01
8.300744416873449438e+01
8.253392857142857508e+01
8.224985706117782058e+01
8.249953917050690677e+01
8.258585858585858830e+01
8.253640552995391033e+01
8.260366586538461320e+01
8.276067588325652480e+01
8.348643867924528195e+01
8.224404761904762040e+01
8.284358974358974592e+01
8.249038461538461320e+01
8.240588787973692320e+01
8.290009395552772276e+01
8.280645161290323131e+01
8.226426799007444401e+01
8.275929487179487865e+01
8.291387409959286003e+01
8.281678672095208071e+01
8.245967741935483275e+01
8.337557870370370949e+01
8.259999999999999432e+01
8.320460829493087829e+01
8.190865538166720228e+01
8.220167189132706653e+01
8.221999999999999886e+01
8.095698190508706205e+01
8.314960407239819062e+01
8.289801864801864895e+01
8.320836940836940698e+01
8.214516129032257652e+01
8.236100000000000421e+01
8.188161290322580044e+01
8.261799999999999500e+01
8.221468749999999659e+01
8.305571847507331995e+01
8.311047979797979224e+01
8.315181518151814544e+01
8.335643564356435320e+01
8.257077205882353610e+01
8.211348781937017804e+01
8.362216544235069193e+01
8.368258064516129480e+01
8.303034174385180677e+01
8.243531249999999488e+01
8.246151389332482040e+01
8.320957095709570694e+01
