8.010133954571928427e+01
7.985412953060011887e+01
8.048814881488148387e+01
8.066936693669366321e+01
7.960784313725490335e+01
8.027256843331392133e+01
8.059090909090909349e+01
8.049534071054164031e+01
8.056901572510192011e+01
8.051485148514851176e+01
7.979611650485436769e+01
8.091484848484849124e+01
8.023264705882353098e+01
8.027439886845827743e+01
8.118941176470588061e+01
8.085585323238206001e+01
8.101787878787878583e+01
8.026708259061200579e+01
8.027153891859774149e+01
8.072487248724873155e+01
8.042020966802562043e+01
8.001414427157001796e+01
8.016471647164716785e+01
7.912176470588235588e+01
7.815686274509803866e+01
7.839387376237623073e+01
7.800461361014994566e+01
7.817340686274509665e+01
7.778411764705882092e+01
7.799129912991298852e+01
7.857382352941176862e+01
7.796741637831603100e+01
7.817852722772276763e+01
7.823762376237623073e+01
7.731974373907979725e+01
7.762427912341406966e+01
7.806523005241700730e+01
7.781071636575421735e+01
7.701921956901573196e+01
7.804377104377104502e+01
7.751425142514251831e+01
7.746174617461745981e+01
7.717171717171717660e+01
7.756833910034602297e+01
7.706025128498001209e+01
7.693800461361014698e+01
7.750919377652050457e+01
7.722248107163657949e+01
7.715597147950089152e+01
7.755514705882353610e+01
7.702317290552583984e+01
7.754848484848484702e+01
7.775187518751874904e+01
7.926330445544554948e+01
7.803777393310265609e+01
7.800698893418753244e+01
7.815000000000000568e+01
7.793787878787878753e+01
7.772007200720072717e+01
7.812156249999999602e+01
7.770843750000000227e+01
7.759225922592258939e+01
7.734323432343234117e+01
7.773417341734173647e+01
7.784060606060606347e+01
7.693865546218486884e+01
7.719904931669637449e+01
7.731593159315931985e+01
7.722914285714286109e+01
7.716262975778546718e+01
7.802156250000000171e+01
7.786386138613860908e+01
7.824662466246624604e+01
7.742041522491349781e+01
7.761575757575756995e+01
7.708790879087908365e+01
7.797593750000000057e+01
7.711147058823529221e+01
7.733125371360665667e+01
7.740625000000000000e+01
7.777737773777377583e+01
7.738680926916221381e+01
7.733452168746286759e+01
7.658452312964020336e+01
7.729848573092603203e+01
7.721741637831603100e+01
7.737973209085613746e+01
7.765294117647059124e+01
7.785875000000000057e+01
7.741224122412241115e+01
7.741090909090908667e+01
7.703654188948306114e+01
7.750902737332556569e+01
7.756242424242424249e+01
7.743257142857143549e+01
7.715661566156614981e+01
7.789794117647058158e+01
7.758241118229470601e+01
7.690924369747898481e+01
7.726874279123414624e+01
7.803183348637894312e+01
7.729296424452134318e+01
7.732176470588235873e+01
7.732324106113033224e+01
7.723847241867044033e+01
7.757396622015143350e+01
7.774598930481283787e+01
7.714470588235293746e+01
7.777955736750145377e+01
7.777518928363424777e+01
7.747903319743738848e+01
7.732381776239907367e+01
7.799099909990998469e+01
7.805656249999999829e+01
7.758425245098038658e+01
7.773576732673267031e+01
7.775607560756075998e+01
7.771070544554454784e+01
7.725917297612113543e+01
7.774077407740773538e+01
7.772597553873033860e+01
7.755205520552054566e+01
7.786823529411765321e+01
7.763996399639964352e+01
7.708016147635524362e+01
7.744787419918462490e+01
7.722622262226222745e+01
7.764557338086750349e+01
7.768241235888294227e+01
7.723356401384083370e+01
7.756401384083045514e+01
7.754527104959630890e+01
7.765055329062317924e+01
7.739705882352940591e+01
7.739783978397839803e+01
7.663844325609031216e+01
7.750154702970297649e+01
7.729976232917410073e+01
7.717581758175818152e+01
7.742124212421242646e+01
7.686245674740484901e+01
7.693011065812463301e+01
7.655997693194925091e+01
7.668753640069888888e+01
7.728096774193548413e+01
7.743878787878787762e+01
7.782218749999999829e+01
7.783588358835883980e+01
7.868841911764705799e+01
7.973522836154583615e+01
7.982481060606060908e+01
7.950804455445545216e+01
7.267548387096773865e+01
7.272896039603961071e+01
7.263875000000000171e+01
7.299779040404040131e+01
7.296559343434343248e+01
7.316243811881187753e+01
7.263456345634563149e+01
7.301205604431410734e+01
7.269221628045157502e+01
7.360639730639731226e+01
7.336884978820462777e+01
7.296145059965733992e+01
7.365104166666667140e+01
7.285922330097086785e+01
7.152639563106795606e+01
6.778768382352940591e+01
6.662773058252426495e+01
6.631280339805825008e+01
6.602032766990291179e+01
6.552609223300970598e+01
6.510308972073677580e+01
6.384125000000000227e+01
6.309811320754717201e+01
6.291666666666666430e+01
6.180384615384615188e+01
6.121137309292649320e+01
6.092233009708737512e+01
6.054677754677754820e+01
5.833794694348327425e+01
6.153561827956989561e+01
6.120345052083333570e+01
5.826610644257703342e+01
6.101771907216495094e+01
6.137777777777777999e+01
6.060026604589291566e+01
5.797982180293501386e+01
5.611040221914008441e+01
5.652403846153845990e+01
6.029862663685723589e+01
6.027466666666666839e+01
6.006060606060606233e+01
6.025068027210884480e+01
5.950337717739068921e+01
5.876728110599078292e+01
5.850068027210884480e+01
5.851579986833443314e+01
5.862353359402772668e+01
5.860170068027210988e+01
5.857537853851217591e+01
6.157491408934708232e+01
6.541370136348520248e+01
6.469218750000000284e+01
6.467718446601941196e+01
6.645900178253118895e+01
6.708160816081608857e+01
6.874515151515151956e+01
6.842882352941175839e+01
6.904411764705882604e+01
6.842971428571428305e+01
6.876094276094275415e+01
6.841587301587301795e+01
6.880795847750864880e+01
6.847057142857143219e+01
6.852020202020202078e+01
6.767072135785006992e+01
6.780657142857143072e+01
6.822857142857142776e+01
6.906726849155504055e+01
6.999711399711399906e+01
7.051151515151515525e+01
7.109657142857142276e+01
7.161719233147805141e+01
7.132588235294117851e+01
7.067326732673267031e+01
7.019925028835064040e+01
7.003501400560223544e+01
6.962559618441972020e+01
7.002998585572842671e+01
6.947685185185184764e+01
6.970353606789250023e+01
7.032618261826182504e+01
7.055125218404192822e+01
7.001614763552480269e+01
6.967559697146185727e+01
7.010163075131042376e+01
6.998747815958066099e+01
7.010133954571928427e+01
7.278014842300557063e+01
7.147823529411765264e+01
7.108802308802309255e+01
7.132629323538414212e+01
6.709794918885827997e+01
6.664803577131907275e+01
6.648514851485148824e+01
6.837009218163196067e+01
7.270936116382036118e+01
7.437569786535303251e+01
7.587745098039215463e+01
7.735330428467683817e+01
7.681310679611650016e+01
7.753149867374004600e+01
7.762905925677937091e+01
7.749801061007957514e+01
7.779492063492062925e+01
7.771543354536323989e+01
7.755608974358973740e+01
7.802297734627831005e+01
7.787637540453074791e+01
7.806796116504854410e+01
7.842385620915032973e+01
7.834313725490196134e+01
7.835771508185301570e+01
7.763367003367002894e+01
7.851724137931034875e+01
7.867687074829932214e+01
7.765970045280390366e+01
7.813670033670034343e+01
7.815387205387204972e+01
7.853707482993196720e+01
7.831958762886597469e+01
7.824747474747475451e+01
7.829696969696969688e+01
7.857278911564625901e+01
7.847579240682688351e+01
7.867850923023337373e+01
7.884566666666667345e+01
7.825774193548386393e+01
7.839306930693069830e+01
7.850548387096773695e+01
7.838586206896552255e+01
7.838181818181817562e+01
7.888366422849180992e+01
7.887913618948101657e+01
7.885788923719958632e+01
7.917640692640692635e+01
7.887037037037036669e+01
7.819801980198019464e+01
7.934054834054833805e+01
7.945724137931034647e+01
7.886734006734006641e+01
7.846433333333332882e+01
7.909404388714733614e+01
7.865756230795493309e+01
7.892720306513409412e+01
7.889669966996699202e+01
7.890811339198435803e+01
7.914900000000000091e+01
7.846627565982404917e+01
7.874225008707767870e+01
7.781226053639846896e+01
7.632255892255892604e+01
7.647912457912457285e+01
7.643033333333333701e+01
7.615562500000000057e+01
7.620468750000000568e+01
7.634866666666667356e+01
7.629999999999999716e+01
7.642833333333332746e+01
7.626636857234110778e+01
7.612607260726072411e+01
7.668979591836735210e+01
7.621933333333333849e+01
7.576311502117954433e+01
7.641233333333333633e+01
7.666734006734006357e+01
7.667508417508418006e+01
7.665748299319727721e+01
7.594620462046204068e+01
7.617233333333332723e+01
7.665344827586207543e+01
7.641129032258064058e+01
7.680320445837686805e+01
7.619090909090908781e+01
7.624967741935483900e+01
7.622322580645160883e+01
7.638967741935483957e+01
7.624387096774194106e+01
7.593498349834983685e+01
7.640699999999999648e+01
7.613696369636963368e+01
7.682962962962963616e+01
7.632131562302340910e+01
7.653300000000000125e+01
7.650833333333333997e+01
7.692433333333333678e+01
7.703939393939394620e+01
7.623081683168317113e+01
7.658741935483871544e+01
7.589690069576217013e+01
7.556298276886512610e+01
7.577527752775277747e+01
7.592272727272727195e+01
7.617548387096773865e+01
7.603125000000000000e+01
7.542050970873786753e+01
7.610721062618596022e+01
7.564292558288086354e+01
7.518858487790527079e+01
7.502730582524272052e+01
