8.159031491384432400e+01
8.137983798379838163e+01
8.182756632064590008e+01
8.098990772779700364e+01
8.081421083284799067e+01
8.129552955295530126e+01
8.144723183391003829e+01
8.124212715389185746e+01
8.160186018601859814e+01
8.161575757575756995e+01
8.173897389738974084e+01
8.156999999999999318e+01
8.193848484848484759e+01
8.144969658256148648e+01
8.171844362745098067e+01
8.221906250000000682e+01
8.203225806451612812e+01
8.168841911764705799e+01
8.248798228969006630e+01
8.220733333333333803e+01
8.193589743589743080e+01
8.230798368298368928e+01
8.226021039603961071e+01
8.254595588235294201e+01
8.271752450980392268e+01
8.262208624708624427e+01
8.282036685641999441e+01
8.349870967741935601e+01
8.287049278846153300e+01
8.320479368932038255e+01
8.291140776699029402e+01
8.249114484503478195e+01
8.230126507796410351e+01
8.203060606060606119e+01
8.173877292852624521e+01
8.160294117647059409e+01
8.156954656862744457e+01
8.193254950495050082e+01
8.175363636363636033e+01
8.180738073807380317e+01
8.149562500000000398e+01
8.098166666666666913e+01
8.148321928967089889e+01
8.134213098729227909e+01
8.117667079207920722e+01
8.158888888888888857e+01
8.185238523852385129e+01
8.184580645161290136e+01
8.138454167997444699e+01
8.070290322580645181e+01
8.088459158415841443e+01
8.096666666666666856e+01
8.122390572390573027e+01
8.109166400511018935e+01
8.146752450980392268e+01
8.111200237670826141e+01
8.124845297029702351e+01
8.030290841584158557e+01
8.133694306930692619e+01
8.122724514563107334e+01
8.052573529411765207e+01
8.067448680351905921e+01
8.452291666666666003e+01
8.519796091758708201e+01
8.389659863945578877e+01
8.475714285714285268e+01
8.268677156177156462e+01
8.367618778280542813e+01
8.394013605442177095e+01
8.529994658119657913e+01
7.829593693147361932e+01
8.539548829240433747e+01
8.735183673469387600e+01
8.677006802721088263e+01
8.302203856749311228e+01
8.586213736672452512e+01
8.709747942386830744e+01
8.465606469002695178e+01
8.348304830483048988e+01
8.299170954831332381e+01
8.286347087378641163e+01
8.251835664335663978e+01
8.218211238599587887e+01
8.213221016561963950e+01
8.139792387543252516e+01
8.184951456310679418e+01
8.148354512870642452e+01
8.185977421271539356e+01
8.204568817818389448e+01
8.178298115362649412e+01
8.169426942694269655e+01
8.210826713739335503e+01
8.168229470005823600e+01
8.135668973471742049e+01
8.160606060606060908e+01
8.145777518928363747e+01
8.127450980392157476e+01
8.105142127115937001e+01
8.090279027902789721e+01
8.112060606060606460e+01
8.065736573657365227e+01
8.134622524752475670e+01
8.127023878858473438e+01
8.223624999999999829e+01
8.322610294117646390e+01
8.232301587301587631e+01
8.162549019607843093e+01
8.221153846153846700e+01
8.165146750524108654e+01
8.091789903110657178e+01
8.193396226415094930e+01
8.326874999999999716e+01
8.339757412398921588e+01
8.360667067307691980e+01
8.356854838709676869e+01
8.308725247524752433e+01
8.329434523809523228e+01
8.328442928039702053e+01
8.286378066378065910e+01
8.385230263157895081e+01
8.415314091680815523e+01
8.295883361921097787e+01
8.445092656142759324e+01
8.381331503088537715e+01
8.448354180381829792e+01
8.411399711399711521e+01
8.294290865384616041e+01
8.237575757575757507e+01
8.219934640522875213e+01
8.143500000000000227e+01
8.106666666666666288e+01
8.162806451612902947e+01
8.152599009900990268e+01
8.092848484848484247e+01
8.154257703081232478e+01
8.094485294117646390e+01
8.075939393939394506e+01
8.034623462346235101e+01
8.063408304498270240e+01
8.083417366946778770e+01
8.139879822896901373e+01
8.099938725490196134e+01
8.124319306930692619e+01
8.136778711484593885e+01
8.132633053221287867e+01
8.153950403690888038e+01
8.114877213021131297e+01
8.212100840336134411e+01
8.149884659746251714e+01
8.123587081891579942e+01
8.053685714285714425e+01
8.084285714285714164e+01
8.143314285714285461e+01
8.148922539312755475e+01
8.087323529411764866e+01
8.035647058823529676e+01
8.061029411764705799e+01
8.074382352941177032e+01
8.011162646876933024e+01
8.087998799879987644e+01
7.844729178800233171e+01
8.051069518716577988e+01
8.041628405264768276e+01
7.978878787878787193e+01
8.049393939393939945e+01
