9.131752577319588227e+01
9.268096774193548981e+01
9.248615184099054431e+01
9.147955918947742759e+01
9.188864942528735469e+01
9.190852994555353916e+01
9.191076388888889426e+01
9.182952871870398326e+01
9.141666666666667140e+01
9.137708333333333144e+01
9.208797250859106498e+01
9.286350574712643891e+01
9.189396170839469846e+01
9.147011661807580651e+01
9.164548872180451156e+01
9.190804597701149703e+01
9.125207860922147063e+01
9.202550287356321235e+01
9.238229166666666003e+01
9.134619221815762558e+01
9.139727891156462647e+01
9.212096219931271435e+01
9.148773551368645940e+01
9.177658045977011625e+01
9.184123563218390984e+01
9.132543103448276156e+01
9.154141485958051305e+01
9.197499999999999432e+01
9.325466666666666526e+01
9.274225806451613607e+01
9.161393530039104860e+01
9.208946980854197761e+01
9.231597466572836197e+01
9.159353741496597934e+01
9.168892921960072329e+01
9.277156023699802745e+01
9.219484848484847817e+01
9.231346801346801101e+01
9.235618622448978954e+01
9.137847222222222854e+01
9.203210321032102570e+01
9.217971797179717441e+01
9.203424153166420751e+01
9.189498949894989721e+01
9.237542087542087188e+01
9.245257106355796850e+01
9.231250000000000000e+01
9.210949164592960869e+01
9.248250000000000171e+01
9.253249999999999886e+01
9.254718750000000682e+01
9.194809811589050241e+01
9.243929597701149703e+01
9.208318521151795721e+01
9.267468750000000455e+01
9.242645202020202078e+01
9.209424242424242379e+01
9.283773216031281095e+01
9.274909090909090992e+01
9.137993197278910884e+01
9.211145833333333144e+01
9.245107323232323893e+01
9.282848930054295522e+01
9.203661571276217046e+01
9.208496267330252749e+01
9.261416141614161290e+01
9.210700319943121883e+01
9.301575757575757564e+01
9.263996399639964352e+01
9.269516951695169382e+01
9.301333333333333542e+01
9.217134731603270836e+01
9.357171717171716807e+01
9.320903225806451076e+01
9.361541168191413931e+01
9.196731321839079953e+01
9.330099009900989415e+01
9.350959158415841443e+01
9.345824915824915990e+01
9.302124695228143025e+01
9.281121212121212238e+01
9.289834983498349175e+01
9.293800069662138696e+01
9.260643564356435320e+01
9.297093750000000512e+01
9.275129032258064399e+01
9.283333333333332860e+01
9.211161290322580442e+01
9.097585034013604854e+01
9.243271423916584695e+01
9.167708333333332860e+01
9.176015037593984403e+01
9.285016501650164855e+01
9.195655036208032129e+01
9.248424242424242436e+01
9.269523514851485402e+01
9.287557603686636298e+01
9.309595959595959869e+01
9.318699999999999761e+01
9.313700000000000045e+01
9.265451612903225964e+01
9.142552435122644283e+01
9.263606060606061021e+01
9.237969696969696543e+01
9.356430976430976898e+01
9.260921717171717660e+01
9.237336314276589633e+01
9.275129032258064399e+01
9.232121212121212750e+01
9.211340206185566615e+01
9.247637666992505956e+01
9.115392819054390827e+01
9.235726981869889585e+01
9.155412371134021043e+01
9.304319419237749855e+01
9.254377880184331673e+01
9.264581961816985256e+01
9.248031249999999659e+01
9.209467821782178021e+01
9.250472466601499377e+01
9.221903225806451587e+01
9.263627386438446365e+01
9.285500000000000398e+01
9.269592476489027888e+01
9.262031249999999716e+01
9.276874999999999716e+01
9.246379950495050082e+01
9.327585034013605991e+01
9.281562499999999716e+01
9.300682471264367734e+01
9.282375000000000398e+01
9.277124999999999488e+01
9.279062500000000568e+01
9.314161290322580555e+01
9.314356624665903439e+01
9.215561224489795222e+01
9.313036303630363477e+01
9.311096774193548242e+01
9.092460317460317754e+01
9.177908689248894802e+01
9.264968749999999886e+01
9.196597938144330442e+01
9.158775510204081627e+01
9.191359135913590706e+01
9.186558655865586331e+01
9.235457920792079278e+01
9.248832070707071296e+01
9.258843749999999773e+01
9.152371134020619081e+01
9.265999999999999659e+01
9.259125000000000227e+01
9.258374999999999488e+01
9.342481203007518786e+01
9.303960396039603609e+01
9.309709358032577597e+01
9.224005891016200565e+01
9.172680412371134651e+01
9.253439716312057328e+01
9.197953869047618980e+01
9.216163793103447688e+01
9.161571276217561888e+01
9.212726626377532568e+01
9.135670103092783734e+01
9.210984713828652559e+01
9.284812912692589748e+01
9.286419753086420315e+01
9.120824742268041518e+01
9.126567055393586259e+01
9.142096219931271150e+01
9.146426116838487985e+01
9.185201197206518486e+01
9.171023564064800837e+01
9.152430044182621316e+01
9.115136054421768108e+01
9.117925170068026830e+01
9.252191091954023250e+01
9.203981514397440833e+01
9.204372555990046578e+01
9.148969072164948102e+01
9.140000000000000568e+01
9.156848306332842924e+01
9.183007465339494502e+01
9.129115646258503602e+01
9.168750000000000000e+01
9.162018140589569271e+01
9.144673539518900895e+01
9.198329185922503370e+01
9.162113402061855538e+01
9.150790378006873027e+01
9.154501718213057870e+01
9.120263064344116799e+01
9.172805059523810201e+01
9.286729323308270523e+01
9.190046214006399339e+01
9.191539281905438941e+01
9.142313218390805218e+01
9.143078055964653572e+01
9.182474226804123418e+01
9.197414965986394009e+01
9.123337722185648602e+01
9.134482758620688969e+01
9.153679345894063601e+01
9.165238095238095184e+01
9.196632302405498649e+01
9.144649840028439769e+01
9.145147529328119163e+01
9.259326241134752422e+01
9.136402417348027427e+01
9.201178203240058906e+01
9.080590117312478071e+01
9.103870513722731062e+01
9.042678571428571388e+01
9.105918367346939135e+01
9.125510204081632537e+01
9.122609313899751271e+01
9.086101337086559226e+01
9.063357715081852461e+01
9.022100000000000364e+01
9.076862068965517949e+01
9.056887755102040671e+01
9.025344827586206975e+01
9.193763440860215042e+01
8.980370370370370381e+01
9.012068965517241281e+01
9.244602698650675165e+01
9.162072981366459601e+01
9.187192982456140555e+01
9.013400673400673213e+01
8.974963924963924455e+01
9.230521844660194120e+01
9.147669902912620898e+01
9.124724919093851838e+01
9.082444168734491541e+01
9.113678660049627922e+01
9.141706730769230660e+01
9.184479610468655153e+01
9.059937106918239635e+01
9.253398058252426495e+01
9.058269230769231228e+01
9.062864077669902940e+01
9.043325242718447043e+01
9.000407140620106361e+01
9.012965862824930241e+01
9.104016445287793147e+01
9.076300000000000523e+01
8.930228758169934622e+01
8.869514563106795890e+01
8.883828883495145590e+01
8.708586165048544103e+01
8.767566747572816155e+01
8.702387824717921205e+01
8.825437062937062649e+01
8.655258467023172386e+01
8.724886877828053855e+01
8.825965537730243682e+01
8.849485142689026418e+01
8.812212885154062292e+01
8.824737762237762695e+01
8.967279411764705799e+01
8.929185520361990314e+01
8.914388696655132094e+01
8.894917190177041277e+01
8.924812500000000171e+01
8.876640188290673450e+01
8.730067666960870554e+01
8.787591036414565338e+01
8.806413651073845017e+01
8.717449095022624306e+01
8.758857808857808891e+01
8.803208556149732544e+01
8.649273182957394113e+01
8.821991341991342495e+01
8.862179487179487580e+01
8.780188679245283367e+01
8.843460879497429517e+01
8.906372549019607732e+01
8.802160216021601968e+01
8.736534391534391375e+01
8.824151583710407465e+01
8.691428571428571104e+01
8.771152703505644865e+01
8.720566239316239887e+01
8.811085972850678161e+01
8.823018867924528763e+01
9.055057724024189270e+01
9.047619047619048160e+01
8.987965367965368557e+01
9.000182038834951470e+01
8.919265776699029402e+01
8.928938302536799654e+01
8.912017710309930862e+01
8.864165931156222200e+01
8.619741974197420120e+01
8.376333333333333542e+01
8.517031900138695732e+01
8.406490649064906506e+01
8.313277777777777544e+01
8.395519044062733371e+01
8.962918108419837893e+01
9.447625295198110962e+01
9.293351648351648464e+01
9.115062388591800868e+01
9.036690433749257068e+01
9.196326530612245165e+01
9.109877622377622686e+01
9.087835522558538059e+01
8.730123012301230290e+01
8.380439560439560864e+01
8.568184389140272117e+01
8.443500539374325342e+01
8.504540262707024567e+01
8.187377450980392268e+01
8.438663620788121023e+01
8.150055005500550465e+01
8.151008403361345245e+01
8.545658263305321611e+01
8.351310425160163220e+01
7.786248624862486167e+01
7.972689075630252376e+01
7.917342857142857326e+01
7.959213421342134609e+01
7.910512521840419708e+01
7.677588757396449637e+01
7.682107843137255543e+01
7.724694234129295012e+01
8.188500000000000512e+01
7.903921568627451677e+01
7.714649859943978072e+01
7.947291788002330293e+01
7.910920479302832575e+01
8.071137113711371569e+01
8.049779346866725405e+01
8.322633053221288435e+01
7.861260504201680988e+01
7.676560332871012804e+01
7.948304186539481009e+01
8.732094594594595094e+01
9.111096673596674123e+01
9.064449064449064508e+01
9.094003426613363672e+01
9.055820176612256489e+01
8.956223290598290987e+01
9.130659172202351215e+01
9.042718446601941196e+01
8.990081343479401710e+01
9.029663865546218915e+01
9.191392031480570779e+01
9.150682110682110704e+01
9.261174636174635566e+01
9.245000000000000284e+01
9.153850340136054342e+01
9.037955182072829530e+01
8.830093009300929907e+01
8.885937040305972801e+01
8.160802638812533871e+01
8.107497116493655653e+01
7.949538638985005434e+01
7.962715389185977699e+01
8.034463443396226978e+01
7.959680182752713051e+01
7.562223914699161753e+01
7.247474747474747403e+01
7.667641025641025010e+01
7.521959888296521513e+01
8.467366113373003600e+01
8.741176470588234793e+01
8.886263736263735780e+01
8.923650793650793389e+01
8.325917297612113543e+01
7.973497786211258642e+01
8.182240099009901257e+01
7.775641025641026260e+01
7.705858585858585741e+01
7.804402332361516414e+01
7.960093509350934937e+01
7.851432432432432051e+01
7.915358974358974820e+01
7.754141414141413691e+01
7.818986604542807584e+01
8.145482603815936784e+01
7.924130154639175316e+01
8.288770053475936095e+01
8.078149920255182792e+01
8.811054421768707812e+01
8.580756537192181099e+01
8.118466165413533986e+01
7.975391705069124271e+01
8.217534722222222854e+01
8.097082379862700918e+01
7.936952440550687982e+01
7.843746130030959307e+01
8.001118012422359982e+01
8.005900621118011884e+01
7.830111930111930008e+01
8.218887061403508199e+01
7.822303921568627061e+01
7.982384230287860305e+01
8.015066425120772919e+01
7.774896331738436572e+01
7.962370820668692772e+01
8.148297872340425840e+01
8.073304093567251982e+01
7.942261904761905100e+01
8.224747474747475451e+01
8.325673400673400693e+01
8.341536614645858094e+01
8.073994169096209816e+01
8.051825993555317496e+01
8.133490427098674047e+01
8.212789077737531329e+01
8.132617411225658088e+01
8.379743661186959969e+01
8.392368125701459292e+01
7.867571428571429237e+01
8.097225765306122014e+01
7.999378378378378329e+01
8.291950113378685217e+01
8.031662665066026818e+01
8.062757731958762975e+01
8.061707841031149258e+01
8.066232638888888573e+01
7.862247510668562711e+01
7.976984352773826004e+01
7.877690972222222854e+01
7.899532163742689761e+01
7.966232638888888573e+01
8.607305555555555543e+01
8.087968613775065307e+01
8.442756644085460493e+01
8.678164302916778183e+01
8.644815007816571040e+01
7.829235209235208970e+01
8.664856711915535925e+01
8.572084623323013375e+01
8.628627450980391700e+01
8.685986290936786247e+01
8.406160616061606561e+01
8.629982228992129478e+01
8.054675790159660664e+01
8.746568246568246252e+01
8.609569773855487540e+01
8.750512820512820156e+01
8.604351224596143766e+01
8.406140120703227581e+01
8.540593534711182144e+01
8.559646775488359083e+01
8.477805555555555372e+01
8.493034055727554232e+01
8.610596735349210462e+01
8.509416924664603243e+01
8.572628510863805218e+01
8.439052631578947228e+01
8.410681114551083226e+01
8.506269349845200622e+01
8.382516935904116906e+01
8.431121220230130575e+01
8.414842105263157634e+01
8.412902401635156480e+01
8.668994267847837421e+01
8.631295149638802400e+01
8.584333333333333371e+01
8.570923632610939080e+01
8.716405405405404849e+01
8.736609907120742946e+01
8.705700771720189834e+01
8.526344896933132134e+01
8.423890608875129260e+01
8.513315789473683992e+01
8.599258727881397135e+01
8.633668101386896865e+01
8.618157894736842195e+01
8.721000521104741665e+01
8.595272277227722668e+01
8.514975247524752433e+01
8.665612745098039227e+01
8.563415841584158272e+01
8.829417475728155296e+01
8.626250317339426488e+01
8.677337761880428957e+01
8.568108389786347345e+01
8.513750000000000284e+01
8.561546695210061841e+01
8.665581031787388611e+01
8.429959514170040791e+01
8.752605523710265345e+01
8.686370192307691696e+01
8.705480140774258757e+01
8.701470588235294201e+01
8.586368421052631561e+01
8.583285226974547300e+01
8.691684210526315724e+01
8.456083333333333485e+01
8.548658906882590713e+01
8.063696655132640956e+01
7.914621848739496102e+01
8.114590846047157413e+01
7.983305322128850889e+01
8.065588578088578231e+01
8.020757918552035903e+01
8.050699300699301375e+01
7.927703081232492366e+01
7.949573403942335403e+01
8.579889391654097608e+01
7.883939393939394336e+01
8.153984962406015313e+01
8.004193360512522304e+01
8.156319161327897405e+01
8.533848039215686754e+01
8.724357142857142833e+01
7.906654783125371466e+01
8.157532051282051100e+01
8.551359223300970314e+01
7.942941176470587550e+01
8.097087104072397779e+01
7.810546642899583958e+01
8.049942329873125857e+01
8.041838755304101483e+01
8.008884966166519348e+01
8.022246879334258551e+01
7.991596638655461504e+01
8.284405940594059814e+01
8.261298776936517640e+01
8.154381127450980671e+01
8.243818953323903997e+01
8.030124826629680967e+01
8.089182692307691980e+01
7.881939393939393312e+01
8.097253814147018147e+01
8.022761596548004093e+01
8.120370370370370949e+01
8.086895604395604664e+01
8.089505494505495165e+01
8.001538461538461888e+01
8.059558823529411598e+01
8.098043758043758089e+01
8.149498069498069697e+01
8.150763574660633992e+01
8.167418617932609948e+01
7.812592821782178021e+01
8.020772058823528994e+01
7.849691876750699748e+01
7.726308345120226306e+01
7.867445213379468782e+01
7.774024461269655717e+01
8.051176470588235645e+01
7.878291316526610899e+01
7.869015256588072305e+01
7.780837789661319448e+01
8.185888009049773473e+01
7.909001782531194635e+01
8.591169387208991282e+01
8.872056030389363457e+01
8.688393839383938655e+01
8.561913746630727928e+01
8.490840336134453992e+01
8.793269230769230660e+01
8.817034313725490335e+01
8.838646426312460846e+01
8.859189356435643958e+01
8.854611650485436769e+01
8.693737373737373275e+01
8.677301864801864895e+01
8.562764976958524699e+01
8.644613095238095468e+01
8.643095238095237676e+01
8.529736618521664582e+01
8.687830528846153300e+01
8.629754689754689423e+01
8.711274961597541733e+01
8.540362149532710134e+01
8.682738095238094900e+01
8.697628205128205536e+01
8.630127814972611588e+01
8.647147435897436196e+01
8.690000000000000568e+01
8.750238095238094616e+01
8.698809896648918993e+01
8.679433962264151603e+01
8.681505376344085789e+01
8.676251920122888350e+01
8.636130952380952408e+01
8.682361778846153300e+01
8.798938106796116188e+01
8.683696933962264097e+01
8.532706310679611761e+01
8.606789554531489728e+01
8.562079326923077360e+01
8.819363317757009213e+01
8.865618804871141378e+01
8.562849650349650688e+01
8.478327832783278950e+01
8.861610352264557378e+01
8.878307919331038534e+01
8.799072039072038365e+01
8.714126305792972005e+01
8.799931192660550039e+01
8.706196581196580553e+01
8.772205513784460607e+01
8.759487179487179276e+01
8.637601214574898734e+01
8.651733809280979415e+01
8.714023809523808950e+01
8.745006105006105201e+01
8.690999737601678987e+01
8.752157598499061919e+01
8.772928994082840859e+01
8.672842502696872202e+01
8.719804639804640090e+01
8.654263972710575104e+01
8.646204122674710391e+01
8.597766990291262346e+01
8.736790505675953966e+01
8.691450103950103312e+01
8.696116504854369111e+01
8.733107088989441991e+01
8.790321769733535007e+01
8.759705882352940876e+01
8.751784816490699370e+01
8.637519541427826653e+01
8.722281553398057952e+01
8.658900928792569118e+01
8.613737864077670281e+01
8.709693396226414563e+01
8.805237854251012664e+01
8.735146761133603377e+01
8.769834087481146412e+01
8.700662427133015342e+01
8.599793601651187203e+01
8.702549019607843661e+01
8.765737363210004673e+01
8.273179965055328466e+01
8.679974358974358495e+01
8.691766545075560657e+01
8.333167147730254953e+01
8.712668269230769624e+01
8.765805834528933360e+01
8.780703012912482563e+01
8.791568627450980955e+01
8.753092006033182315e+01
8.708563604680109904e+01
8.814004854368931774e+01
8.803987155472303527e+01
8.769884364002011523e+01
8.763444502344971454e+01
8.783244478293983093e+01
8.877920792079207502e+01
8.678446601941747929e+01
8.731150038080731690e+01
8.739121604468138571e+01
8.694230769230769340e+01
8.692205882352941160e+01
8.632885237739606055e+01
8.642209072978303652e+01
8.733076923076923492e+01
8.788541187298665136e+01
8.754413214990138670e+01
8.755357142857143060e+01
8.774132730015082871e+01
8.543189189189189392e+01
8.709907120743034170e+01
8.631043689320388523e+01
