9.335732323232323893e+01
9.249337121212121815e+01
9.208548387096773524e+01
9.442574257425742701e+01
9.484788108791903483e+01
9.522420951772596709e+01
9.573135313531352608e+01
9.493255131964809834e+01
9.523225806451613096e+01
9.446870748299319587e+01
9.397992100065832233e+01
9.458129683936135734e+01
9.339124579124579384e+01
9.226988182689237306e+01
9.514432989690722309e+01
9.456483870967741723e+01
9.410329097425871225e+01
9.352188552188552251e+01
9.323347173427019641e+01
9.393054641211323030e+01
9.404064516129032825e+01
9.371258064516129593e+01
9.294299788881069446e+01
9.316856419987350080e+01
9.345454545454545325e+01
9.274580645161290704e+01
9.336124999999999829e+01
9.298736770228747162e+01
9.289757596449300081e+01
9.312034482758620868e+01
9.278593750000000284e+01
9.304323432343234401e+01
9.290225806451613266e+01
9.240749999999999886e+01
9.282159315339039551e+01
9.287066666666666492e+01
9.260149885956337812e+01
9.309024234693877986e+01
9.255050505050505194e+01
9.287455197132617002e+01
9.266343750000000057e+01
9.291445707070707272e+01
9.278022650749923628e+01
9.226392961876832999e+01
9.193913803145019870e+01
9.168137254901961342e+01
9.256435643564356042e+01
9.312053872053871828e+01
9.197413793103447688e+01
9.121479885057470938e+01
9.097250859106529219e+01
9.122256944444444571e+01
9.123541666666666572e+01
9.190476190476189799e+01
9.217731958762887245e+01
9.170136348520119896e+01
9.129382183908046500e+01
9.156518817204300831e+01
9.061997867045857902e+01
9.173917525773195791e+01
9.090476190476189799e+01
9.167291666666666572e+01
9.224609800362976841e+01
9.103551645487129917e+01
9.147992100065832233e+01
9.115017182130584672e+01
9.158689248895434787e+01
9.124398625429553533e+01
9.086892488954345026e+01
9.108384879725086591e+01
9.108762886597938291e+01
9.070748299319727437e+01
9.155601374570446183e+01
9.121436189121934035e+01
9.131664212076583453e+01
9.114074595355383224e+01
9.112244897959183731e+01
9.083689248895434787e+01
9.079992816091953500e+01
9.158854166666667140e+01
9.199245689655172953e+01
9.193390804597700594e+01
9.144756487735513417e+01
9.160931389975115735e+01
9.112878254750175699e+01
9.168075801749270681e+01
9.212164948453607849e+01
9.208556701030927627e+01
9.169489795918367747e+01
9.256145833333333428e+01
9.239618055555555998e+01
9.149875577675079796e+01
9.167006802721088832e+01
9.216666666666667140e+01
9.201652298850574141e+01
9.134094256259204769e+01
9.111083743842364413e+01
9.102061855670103796e+01
9.193534482758620641e+01
9.121323011963406202e+01
9.125915392819054262e+01
9.128190543903306775e+01
9.139815143974404066e+01
9.281677419354838321e+01
9.245812499999999545e+01
9.242121212121212182e+01
9.234410774410774536e+01
9.246247205365698107e+01
9.265033333333333587e+01
9.307474747474746835e+01
9.271566666666666379e+01
9.236124999999999829e+01
9.235181518151814828e+01
9.197724137931034250e+01
9.239306930693069830e+01
9.233795379537953352e+01
9.255156250000000284e+01
9.305387096774192912e+01
9.260718749999999488e+01
9.219242424242423795e+01
9.225060606060606005e+01
9.259843750000000284e+01
9.197312499999999602e+01
9.193402777777777146e+01
9.236757575757576433e+01
9.206250000000000000e+01
9.240000000000000568e+01
9.194539141414141170e+01
9.174687500000000284e+01
9.251840990550668664e+01
9.171842105263158373e+01
9.261192570869989993e+01
9.278136200716845394e+01
9.263845416799745180e+01
9.290518084066471260e+01
9.298468556533072160e+01
9.272303030303029914e+01
9.303719552337064158e+01
9.226222622262226025e+01
9.259335288367546468e+01
9.232801022037688199e+01
9.243626237623762165e+01
9.275841584158415287e+01
9.127477313974591766e+01
9.149543859649122624e+01
9.106185567010309967e+01
9.254201388888888857e+01
9.200287356321838672e+01
9.254393564356435320e+01
9.257901596611273476e+01
9.230725007984669617e+01
9.190337643678161328e+01
