8.979466666666667152e+01
8.968999999999999773e+01
8.962999999999999545e+01
8.920792079207920722e+01
8.960933333333333906e+01
8.911584158415841728e+01
8.964766666666666595e+01
8.928283828382838294e+01
8.973366666666666447e+01
8.963724137931033908e+01
8.929801980198020317e+01
8.938310344827586107e+01
8.971833333333333371e+01
8.976765676567656271e+01
8.947062706270627075e+01
8.989900000000000091e+01
8.907237965175828265e+01
8.996166666666667311e+01
8.975931731104144262e+01
8.973999999999999488e+01
8.976333333333333542e+01
9.025791245791245387e+01
8.884000000000000341e+01
9.010548387096774547e+01
8.999152818507657514e+01
8.979433333333332712e+01
8.948225806451613096e+01
8.936831683168317397e+01
8.937194719471946769e+01
8.931155115511550946e+01
8.977700000000000102e+01
8.934376018246986462e+01
8.956006600660066397e+01
8.998733333333333917e+01
8.939154411764705799e+01
8.942871287128713220e+01
8.917058823529411882e+01
8.914901960784314383e+01
8.948151815181518032e+01
9.074586206896552198e+01
8.982785052698818618e+01
8.937387096774193651e+01
8.912121212121212466e+01
9.001066666666666549e+01
8.940702087286527444e+01
8.944191419141914423e+01
9.032099999999999795e+01
8.971191312679654573e+01
8.983700000000000330e+01
8.885148514851485402e+01
8.846869070208728658e+01
8.975366666666666049e+01
8.967103161929095734e+01
8.916451612903226476e+01
9.014129032258064456e+01
8.897656250000000000e+01
8.936567656765676304e+01
8.909964867454488058e+01
8.981166666666666742e+01
8.968732034493771721e+01
8.929696394686907013e+01
8.965953369530501504e+01
8.892718750000000227e+01
8.929933993399339442e+01
8.940419354838709864e+01
9.066400000000000148e+01
8.970199999999999818e+01
8.912178217821782766e+01
8.967833333333332746e+01
9.006258064516129025e+01
8.949089747684445229e+01
8.948067709996806229e+01
8.913366336633663423e+01
8.876844458639412494e+01
9.004466666666667152e+01
8.962112211221122493e+01
8.991709677419355273e+01
8.985093750000000057e+01
9.011881188118812247e+01
8.949800000000000466e+01
8.980363036303630508e+01
9.020499999999999829e+01
8.977326732673267884e+01
8.937400191632066537e+01
9.031137931034483302e+01
9.022586206896551175e+01
9.073733333333333917e+01
9.009438943894389240e+01
8.972068965517240713e+01
8.958000638773555124e+01
9.053862068965517551e+01
8.920858085808580995e+01
8.903466666666666640e+01
8.959448275862068556e+01
8.931782178217821411e+01
8.881274509803921546e+01
8.969603960396040065e+01
8.908066666666667288e+01
8.908066666666667288e+01
8.925435302150904704e+01
8.867379310344827559e+01
8.975793103448275190e+01
8.941221122112210651e+01
8.972516129032257481e+01
8.938052805280527480e+01
8.975206896551723901e+01
8.968000000000000682e+01
8.965586206896551857e+01
8.980297029702970235e+01
8.973531353135312827e+01
8.960322580645161850e+01
8.926088470916057815e+01
8.972241379310344200e+01
8.969372937293729819e+01
8.993566666666666265e+01
8.974950495049505150e+01
8.975724137931034363e+01
9.013375130616509523e+01
8.964554455445544079e+01
8.968206896551724583e+01
8.987288406259980889e+01
8.927722772277228103e+01
8.903960396039603609e+01
8.914354838709677153e+01
8.933465346534653406e+01
8.951740657936761636e+01
8.964733333333333576e+01
8.964933333333333110e+01
8.958192270839987259e+01
8.919551724137930648e+01
9.018645161290322676e+01
8.920999367488930432e+01
8.870196078431372655e+01
9.005841584158416424e+01
8.973427020121367548e+01
9.026105610561056380e+01
8.968333333333333712e+01
9.004354838709677722e+01
8.977966666666667095e+01
9.015275862068965296e+01
8.925875350140056241e+01
8.966272756307888869e+01
8.930866540164453227e+01
8.974851485148515451e+01
9.004633333333333667e+01
8.972309166400511060e+01
9.016405433646812639e+01
9.008400000000000318e+01
9.025521885521885679e+01
9.017580645161289965e+01
8.991440434366016632e+01
8.929548387096774320e+01
9.029797979797979224e+01
8.991727882465666255e+01
8.986866666666666958e+01
9.070965517241378961e+01
8.987032896838070428e+01
9.082034482758621152e+01
8.992362093352191721e+01
8.954554455445544647e+01
8.944884488448845161e+01
8.955709570957095877e+01
8.974195544554454784e+01
8.951122112211221804e+01
8.963282732447818546e+01
8.966336633663365774e+01
8.984752475247525183e+01
8.992379310344827559e+01
8.996996699669966802e+01
8.999636963696369207e+01
8.934174385180453726e+01
8.945392156862745026e+01
9.028566666666667118e+01
8.983135313531353461e+01
8.985412541254125074e+01
8.981980198019802231e+01
8.931533333333332791e+01
8.939091840218505070e+01
8.928648993931651034e+01
8.932033333333333758e+01
8.957084329122567112e+01
8.984241379310344655e+01
8.897458745874587294e+01
8.939891408495688552e+01
8.886337760910815575e+01
8.936442031299904443e+01
8.942333333333333201e+01
8.911827956989247923e+01
8.919195145320983897e+01
8.936953050143723942e+01
9.015354838709677665e+01
9.018922558922558608e+01
8.978499999999999659e+01
8.949900990099010301e+01
8.977986798679867775e+01
8.982739273927393242e+01
8.964455445544554379e+01
8.962677419354838548e+01
8.944566666666666777e+01
8.991275862068965807e+01
8.989379310344827445e+01
8.985827586206896456e+01
9.001485148514851176e+01
8.956401502219186739e+01
8.926699999999999591e+01
8.973344827586207373e+01
9.008712871287129076e+01
9.001096774193548811e+01
8.971399999999999864e+01
8.935742574257426440e+01
8.957062706270626506e+01
8.999494949494949481e+01
8.947029702970297649e+01
8.899265410412009203e+01
8.952166666666666117e+01
8.955783642880416551e+01
8.956691152986266502e+01
8.959150431172149354e+01
8.909504950495049513e+01
8.903564356435643390e+01
8.958000638773555124e+01
8.957521558607473366e+01
8.964643883743212882e+01
8.867843137254901364e+01
8.965433333333332655e+01
8.905181518151815112e+01
8.906732673267326561e+01
8.861405228758169983e+01
8.963899999999999579e+01
8.910806451612903345e+01
9.058166666666666345e+01
8.955349728521238717e+01
8.962472053656978233e+01
8.932838283828382941e+01
8.965533333333333132e+01
9.016204620462046648e+01
9.011584158415841728e+01
9.003894389438943335e+01
8.949933333333333962e+01
8.998653198653198615e+01
9.048900000000000432e+01
8.907359735973597026e+01
8.950558926860428244e+01
9.049169110459432375e+01
8.882026143790849915e+01
8.986719016729259124e+01
8.946237623762375790e+01
8.999965858654830697e+01
8.978499999999999659e+01
8.945907590759075845e+01
9.017580645161289965e+01
8.976525071862025129e+01
8.984829128074098037e+01
8.991568189076971862e+01
9.033927392739273898e+01
9.030833333333333712e+01
8.969133333333333269e+01
9.008677419354839344e+01
8.932838283828382941e+01
8.971223251357393735e+01
8.983599999999999852e+01
8.968000000000000682e+01
8.906040480708412588e+01
8.963033333333333985e+01
9.084064516129032540e+01
8.993973063973064086e+01
8.948131587352283134e+01
8.990161290322581067e+01
8.948067709996806229e+01
8.943883743213031323e+01
8.947700000000000387e+01
8.941839667837751904e+01
8.945576493133184215e+01
8.997419354838709182e+01
8.947173427020121039e+01
8.940721814116895416e+01
8.939866666666667072e+01
8.898798228969006630e+01
9.003663366336633089e+01
8.994620462046204068e+01
8.941881127450980671e+01
8.940274672628552821e+01
8.939444267007345957e+01
8.937933333333333508e+01
8.995775577557755298e+01
8.858639412328329854e+01
8.942095177259660943e+01
8.969836601307189028e+01
8.943755988502076093e+01
8.987128712871286496e+01
8.911274509803921262e+01
8.897986798679868059e+01
8.991380471380470851e+01
9.003663366336633089e+01
8.986096774193548242e+01
8.979335675503034508e+01
8.980935483870968028e+01
8.980096774193548015e+01
8.982657297987863387e+01
9.004727891156463215e+01
8.926796550622803750e+01
8.926988182689237306e+01
8.969966996699669437e+01
8.969075907590759300e+01
8.929166666666667140e+01
8.967457305502846054e+01
8.974709677419355103e+01
8.980363036303630508e+01
9.022299999999999898e+01
8.931747045672308616e+01
8.993696369636963084e+01
9.028074097732353209e+01
8.970173267326732969e+01
8.983164983164982687e+01
8.988922558922558892e+01
8.989896551724137908e+01
8.906707122325136083e+01
8.933333333333332860e+01
9.006830065359477544e+01
8.990386458000638470e+01
8.986426061961034861e+01
8.971758380771663610e+01
8.967029702970296512e+01
8.970000000000000284e+01
8.944064516129031972e+01
8.925934206323857723e+01
8.937716584158415856e+01
9.021161290322581294e+01
9.016468646864686320e+01
9.051947194719471668e+01
8.960626185958254553e+01
8.935899073778345780e+01
9.037999999999999545e+01
9.014233333333334031e+01
8.904183966783774906e+01
8.987862068965517892e+01
8.981967741935483218e+01
8.937300000000000466e+01
8.923499999999999943e+01
8.867225806451612868e+01
8.873258064516129195e+01
8.866032258064515759e+01
8.866491336633663423e+01
8.898142717497556475e+01
8.910333333333333883e+01
8.911166666666666458e+01
8.902533333333333587e+01
8.844741935483871487e+01
8.898607673267326845e+01
8.898066666666666436e+01
8.850727387729284601e+01
8.935387096774194049e+01
8.938645161290322960e+01
8.891169762137504051e+01
8.941193548387096257e+01
8.853225806451612812e+01
8.968811881188118207e+01
8.921166666666667311e+01
8.965757575757575637e+01
8.966336633663365774e+01
8.922766666666666424e+01
8.963064516129031745e+01
8.979471947194718950e+01
8.971945259042033172e+01
8.904687500000000000e+01
8.880932609389971333e+01
8.907343749999999716e+01
8.931012456084317819e+01
8.880838709677419729e+01
8.933691756272401108e+01
8.936298468556533692e+01
8.959870967741935033e+01
8.939923347173427715e+01
9.030433333333333223e+01
8.933024592781859496e+01
8.924145640370488763e+01
8.944809964867454255e+01
9.000095816033216067e+01
8.976330445544554948e+01
8.959768976897689186e+01
8.917781250000000171e+01
8.952782519631273317e+01
8.992541254125411854e+01
8.995593750000000455e+01
9.046903225806451587e+01
9.055096774193548015e+01
8.943399339933993986e+01
8.930980517406580077e+01
8.998626636857234473e+01
8.949528619528619799e+01
9.003166666666666629e+01
9.000900000000000034e+01
8.995933333333333337e+01
8.931435800126502045e+01
8.942821782178218371e+01
8.869934640522875213e+01
8.938283828382837726e+01
8.935709677419355046e+01
8.874967320261437465e+01
8.898703352308665160e+01
8.950942190993292513e+01
8.884300000000000352e+01
8.899146466370774533e+01
8.915779702970297649e+01
8.940532178217821979e+01
8.945050505050504341e+01
8.945858585858586309e+01
8.914241379310344371e+01
8.905412541254125358e+01
8.871666666666666856e+01
8.970322580645161281e+01
8.935766666666665969e+01
8.976258064516129309e+01
8.984206896551724242e+01
8.887252475247524330e+01
8.993320299771912119e+01
8.952064516129031801e+01
9.014779460171165226e+01
8.890228758169934054e+01
8.939580645161289851e+01
8.974500000000000455e+01
8.999968749999999318e+01
8.978900000000000148e+01
8.994483870967741268e+01
8.993939393939393767e+01
8.985967741935483843e+01
8.956435643564356042e+01
8.945512615777707310e+01
8.952475247524752433e+01
8.981470588235293917e+01
8.941967422548707134e+01
8.955841584158416424e+01
8.899372937293729535e+01
8.903795066413661630e+01
8.943692111146599188e+01
8.894497153700189074e+01
8.903352308665401438e+01
8.982161290322581237e+01
8.944554455445545216e+01
8.947588629830724472e+01
8.952539124880229338e+01
8.844043436601724295e+01
8.951644841903545569e+01
8.988612903225806861e+01
8.923343749999999375e+01
8.923223039215686470e+01
8.878838709677418706e+01
8.923093749999999602e+01
8.899525616698292652e+01
8.969419354838709069e+01
8.906333333333333258e+01
8.981127450980392268e+01
8.982369849888215185e+01
8.939092941552219429e+01
8.982772277227722668e+01
8.957733585858585457e+01
9.004032258064516725e+01
8.940385831752055878e+01
8.865250718620248449e+01
8.963749600766527692e+01
8.999483870967742405e+01
8.955466666666666242e+01
8.969019482593419923e+01
8.911912128712870640e+01
9.028199999999999648e+01
9.008972772277228103e+01
9.026944971537001550e+01
8.954937499999999773e+01
9.025843749999999943e+01
8.983612903225807145e+01
9.039242424242424079e+01
9.079500000000000171e+01
8.992781250000000171e+01
9.064016089108910990e+01
9.032806451612903231e+01
8.993867773874161742e+01
8.991789215686274872e+01
8.961281250000000398e+01
9.036566666666666947e+01
8.964326375711574713e+01
8.979967741935483616e+01
9.031372549019607732e+01
8.981214421252371949e+01
9.021039603960396391e+01
