7.430862018240658529e+01
7.262773109243697434e+01
7.054779411764705799e+01
6.943863122171946145e+01
6.780404040404040700e+01
6.763751803751803493e+01
6.812296918767506781e+01
6.848699095022624306e+01
6.594578815679733452e+01
6.550236308034473609e+01
6.558200339558574399e+01
6.627402376910016812e+01
6.165651180502665341e+01
6.221342383107089091e+01
6.241884531590414298e+01
6.506736566186107495e+01
6.463809523809523228e+01
6.619495798319327662e+01
6.757463592233010274e+01
6.817706476530005943e+01
6.754545454545454675e+01
6.750173010380622429e+01
6.748406862745098067e+01
6.782209158415841443e+01
6.797870967741935999e+01
6.790582293523469559e+01
6.818691869186918098e+01
6.805225585379783126e+01
6.823999999999999488e+01
6.804961378490790480e+01
6.861022272986865289e+01
6.819889042995839645e+01
6.904030597234481093e+01
6.941706730769230660e+01
6.872900432900432577e+01
6.933018867924528195e+01
6.880147058823528994e+01
6.755288461538461320e+01
6.775214163335236606e+01
6.737806967447173179e+01
6.764705882352940591e+01
6.790160891089108475e+01
6.746242424242424818e+01
6.748634863486348934e+01
6.799406249999999829e+01
6.785937500000000000e+01
6.759681372549019329e+01
6.745513613861386659e+01
6.762840346534653690e+01
6.808116515837103577e+01
6.769551282051281760e+01
6.839667128987517231e+01
6.799134085541852812e+01
6.762857142857143344e+01
6.734111880046135923e+01
6.817864077669902656e+01
6.887561881188118207e+01
6.851668552036198889e+01
6.801941747572816155e+01
6.797979797979797922e+01
6.820959451741862267e+01
6.871479500891265957e+01
6.805378151260504183e+01
6.813561356135613778e+01
6.834540311173974203e+01
6.852364475201845551e+01
6.783888388838883543e+01
6.802296918767507350e+01
6.847062499999999829e+01
6.776614763552480269e+01
6.763585434173668887e+01
6.838829471182413045e+01
6.850280112044818281e+01
6.844583576004659164e+01
6.822773925104021941e+01
6.805258899676375961e+01
6.828538147932439983e+01
6.739662201514269668e+01
6.716577086280057074e+01
6.762114152591729521e+01
6.800210021002099836e+01
6.788380896913220397e+01
6.842012687427911999e+01
6.852839070314799130e+01
6.812184873949580322e+01
6.828287197231833261e+01
6.778711484593837611e+01
6.740652300524169505e+01
6.805594002306804668e+01
6.793137254901961342e+01
6.759015901590159103e+01
6.326507796410709261e+01
6.385636363636363910e+01
6.298079807980798250e+01
6.230391291556340150e+01
6.274747474747474740e+01
6.280558055805580864e+01
6.293429342934293658e+01
6.228015448603684234e+01
6.204307783719548297e+01
6.241467676179382806e+01
6.256959813628421330e+01
6.229354094579007750e+01
6.219921992199219574e+01
6.184915550378567417e+01
6.200183823529411598e+01
6.227548048922539436e+01
6.224757575757575978e+01
6.195349534953495407e+01
6.261218749999999744e+01
6.284758475847584691e+01
6.199039903990399125e+01
6.247046219773492481e+01
6.214878892733563731e+01
6.237636363636363512e+01
6.206600660066006725e+01
6.237151515151515468e+01
6.208430843084308748e+01
6.206170703575547520e+01
6.235515151515151189e+01
6.274343749999999886e+01
6.310081008100809896e+01
6.216603535353535648e+01
6.246180555555555713e+01
6.241414141414141170e+01
6.208580858085808529e+01
6.252878787878788103e+01
6.217251725172517496e+01
6.205610561056105468e+01
6.212242424242424477e+01
6.210909090909090935e+01
6.210121212121212153e+01
6.209515151515151388e+01
6.193399339933993275e+01
6.224752475247525041e+01
6.200660066006600601e+01
6.253933272115090602e+01
6.234636363636363399e+01
6.311794414735591374e+01
6.250255025502550410e+01
6.229673849737915248e+01
6.215631563156315309e+01
6.223852385238523510e+01
6.227693651718112733e+01
6.241727941176470296e+01
6.252758132956152792e+01
6.247015610651974526e+01
6.291499999999999915e+01
6.261363636363636687e+01
6.266363636363636402e+01
6.210205882352941131e+01
6.289242424242424079e+01
6.292151515151515184e+01
6.246787878787878867e+01
6.280184194890077265e+01
6.221392139213921268e+01
6.222382238223822526e+01
6.219073966220151561e+01
6.233878787878787620e+01
6.234060606060606347e+01
6.222885431400283096e+01
6.208121212121211840e+01
6.223764705882352644e+01
6.286705882352941188e+01
6.240215492137448905e+01
6.246909090909090878e+01
6.209260337798485807e+01
6.239009900990099311e+01
6.294727272727272549e+01
6.216577086280056363e+01
6.244343750000000171e+01
6.202000000000000313e+01
6.212454545454545496e+01
6.256726849155504055e+01
6.232906231799650243e+01
6.282999999999999829e+01
6.237953795379537780e+01
6.247848484848484674e+01
6.199319306930693330e+01
6.249264926492649153e+01
6.253045304530453308e+01
6.219219569015724858e+01
6.244314431443144287e+01
6.221671258034894691e+01
6.181450203843913727e+01
6.223432343234323127e+01
6.218391839183918535e+01
6.222832283228322581e+01
6.213205882352941245e+01
6.289103152739516389e+01
6.231362842166569749e+01
6.195000000000000284e+01
6.176515151515151558e+01
6.210891089108910990e+01
6.263576945929887074e+01
6.196545454545454845e+01
6.243272727272726996e+01
6.236216839677047119e+01
6.285868586858686058e+01
6.264588235294117879e+01
6.235760046592894668e+01
6.215999999999999659e+01
6.220823529411764952e+01
6.200378567268491281e+01
6.226568717477808690e+01
6.210541642399534368e+01
6.164299858557284040e+01
6.206202679091438768e+01
6.181545454545454277e+01
6.307882352941176407e+01
6.301181818181818528e+01
6.227332733273327392e+01
6.213687500000000341e+01
6.194531250000000000e+01
6.194939911448450687e+01
6.351551724137931387e+01
6.411689655172413893e+01
6.552501690331304474e+01
6.707150715071507818e+01
6.769117647058823195e+01
6.840999999999999659e+01
6.815616246498599651e+01
6.877461538461538737e+01
6.870188816267247489e+01
6.802049622437971266e+01
6.789644012944984297e+01
6.846131279794646218e+01
6.828851540616246041e+01
6.822912127814088024e+01
6.852287581699346219e+01
6.809838935574229879e+01
6.908384043272481279e+01
6.893465346534652838e+01
6.746247464503042579e+01
6.691343750000000057e+01
7.000980392156863275e+01
7.200581573308845407e+01
7.194750000000000512e+01
7.279047619047618412e+01
7.346124244090160005e+01
7.260596707818929474e+01
7.228440656565656752e+01
7.214521452145214653e+01
7.264393939393939092e+01
7.269781249999999773e+01
7.302312499999999318e+01
7.360870844365990706e+01
7.340161290322581067e+01
7.284417420814479271e+01
7.307138694638695142e+01
7.229292649098474044e+01
7.283374149659863406e+01
7.265520110957004363e+01
7.254887820512820440e+01
7.277115384615385096e+01
7.285658263305322180e+01
7.249010989010989192e+01
7.307190533980582359e+01
7.263165636952044224e+01
7.286840659340658988e+01
7.268475157053111957e+01
7.272244431753283322e+01
7.255700416088765792e+01
7.263541666666667140e+01
7.255157342657342667e+01
7.221521493212669895e+01
7.232267275842376364e+01
7.225978228890849664e+01
7.219801980198019464e+01
7.209620476610767525e+01
7.170023767082589927e+01
7.204659289458358273e+01
7.172667266726672608e+01
7.207093425605536652e+01
7.219652839070315054e+01
7.215301530153014653e+01
7.225519904931670112e+01
7.251787878787878583e+01
7.245823019801980536e+01
7.279031249999999886e+01
7.293406249999999602e+01
7.265874999999999773e+01
7.291018342820999010e+01
7.300031938677739163e+01
7.283499999999999375e+01
7.252726715686274872e+01
7.265968750000000398e+01
7.241707920792079278e+01
7.256092171717172334e+01
7.274321303098051317e+01
7.200000000000000000e+01
7.186856617647059409e+01
7.176530005941771151e+01
7.176827094474153057e+01
7.232511068943706789e+01
7.220499999999999829e+01
7.228403465346534063e+01
7.195306001188353662e+01
7.214687499999999432e+01
7.186979166666667140e+01
7.190406249999999488e+01
7.256129032258064626e+01
7.242612903225806065e+01
7.164296429642963915e+01
7.228000000000000114e+01
7.207186202491216420e+01
7.224967741935483900e+01
7.211274509803921262e+01
7.235643564356435320e+01
7.241027227722771897e+01
7.223298267326732969e+01
7.204610148514851176e+01
7.192813797508783580e+01
7.181580645161290022e+01
7.122638146167557238e+01
7.177481617647059409e+01
7.178952205882353610e+01
7.194656249999999886e+01
7.190284653465346310e+01
7.179187500000000455e+01
7.166193548387096257e+01
7.103386809269161972e+01
7.173391089108910990e+01
7.193150252525252597e+01
7.155637254901961342e+01
7.126031249999999773e+01
7.182332920792079278e+01
7.191750000000000398e+01
7.147122524752475670e+01
7.121602160216021105e+01
7.112469059405940186e+01
7.104050405040504756e+01
7.121120293847566529e+01
7.175812500000000682e+01
7.080622837370242451e+01
7.114077970297029196e+01
7.132095144998370984e+01
7.087623762376237835e+01
7.098621323529411598e+01
7.077017701770176927e+01
7.056315631563155932e+01
7.020358910891089010e+01
7.057281249999999773e+01
7.019370172311349165e+01
7.007350735073507053e+01
7.100564468211527469e+01
