7.890226764611945498e+01
8.010090909090908440e+01
7.984937611408199132e+01
8.046410891089108475e+01
8.055940594059406124e+01
8.052042079207920722e+01
8.054486386138613341e+01
8.070297029702970804e+01
8.031188725490196134e+01
8.020582058205820886e+01
8.051317401960784537e+01
8.019474585950885626e+01
8.048731435643564680e+01
8.007890789078908256e+01
8.026919682259487843e+01
8.070647653000594346e+01
8.023212226066897301e+01
8.029176980198019464e+01
7.962210338680927180e+01
8.029548267326732969e+01
8.002139037433154556e+01
7.950605536332180634e+01
8.025433168316831711e+01
7.910546642899583958e+01
7.969276927692769164e+01
7.938033448673587600e+01
8.019771039603961071e+01
7.966636957813427955e+01
7.988265931372548323e+01
8.024814356435643958e+01
7.795802696078430927e+01
7.910462046204619924e+01
7.901433333333334019e+01
7.922015990862364276e+01
8.009623072529983290e+01
7.910993717875500408e+01
7.964042675893887235e+01
7.995862470862471127e+01
8.032996323529411598e+01
7.961820728291316129e+01
7.945940594059405271e+01
7.827512254901961342e+01
7.853194180898165655e+01
7.942989460236346133e+01
7.819354838709676869e+01
7.882797029702970804e+01
7.920376876397317290e+01
7.934940913446183686e+01
7.804183966783774906e+01
7.835132545512615820e+01
7.973612903225806292e+01
7.960343749999999829e+01
7.774351676154333290e+01
