5.028535067873303177e+01
4.971355060034305495e+01
4.994977802441731285e+01
5.037662337662337819e+01
4.929467787114845834e+01
4.978745837957824705e+01
4.965873690172755772e+01
4.968923418423973715e+01
5.040230880230880217e+01
4.983574058340413160e+01
4.979545454545454675e+01
4.994705882352941018e+01
4.984184704184703918e+01
4.990823327615780158e+01
5.002232142857143060e+01
5.007529761904761756e+01
4.976916273584905781e+01
5.001544289044289116e+01
4.984213564213564496e+01
4.993137516688918254e+01
5.030217267009719961e+01
5.013025210084033745e+01
5.005982142857143202e+01
5.020982142857143060e+01
4.993705332600330138e+01
4.971577789994502439e+01
5.011847168774051653e+01
4.970802721088435305e+01
4.972294372294372522e+01
4.933333333333333570e+01
4.960907451923076650e+01
4.978212616822430192e+01
4.962773109243697434e+01
5.036594516594516335e+01
4.972661064425770405e+01
4.965554298642533837e+01
5.017540792540792438e+01
5.007575757575757791e+01
4.976694677871148542e+01
4.966386554621848859e+01
4.964323432343234543e+01
4.941197411003236084e+01
4.981500721500721340e+01
4.937946428571428470e+01
4.964813701923076650e+01
4.908137254901960489e+01
4.991059907834101494e+01
4.957812500000000000e+01
5.002083333333333570e+01
5.029766847652507522e+01
5.026567656765676873e+01
5.023193473193472869e+01
5.027115937400191825e+01
4.997912713472485535e+01
5.028457361865218900e+01
5.012236652236651935e+01
5.011050782497604672e+01
5.024125412541253866e+01
5.003736825295433022e+01
5.015180652680652429e+01
5.009900990099009732e+01
5.100126502213788626e+01
5.127690833599488940e+01
5.051593137254901933e+01
5.051593137254901933e+01
5.025423187480038223e+01
5.015031804486106637e+01
5.012965862824929530e+01
4.954617330803289121e+01
4.983039215686274304e+01
4.983333333333333570e+01
4.976152912621359548e+01
4.937029702970296796e+01
5.021686362184605912e+01
4.987413029728020319e+01
4.974857685009487795e+01
5.037161290322580953e+01
4.955157766990291179e+01
4.999872245289044770e+01
4.942286809326093788e+01
4.973545792079207928e+01
4.978650990099009732e+01
4.941881127450980671e+01
4.935962951133823395e+01
4.982425742574257299e+01
5.034870967741935743e+01
4.989669966996699912e+01
4.998243372724369493e+01
4.948856209150326890e+01
4.982013201320132367e+01
4.987899999999999778e+01
4.983465346534653406e+01
4.950653594771242183e+01
4.977073019801980536e+01
5.000574896199297115e+01
5.005785891089109185e+01
4.995400830405620951e+01
4.967574257425742701e+01
4.969933993399340011e+01
4.958210784313725839e+01
4.994889811561801451e+01
