8.348774193548386791e+01
8.441178451178451780e+01
8.459266666666667334e+01
8.532053872053872112e+01
8.547903225806452099e+01
8.559129032258064740e+01
8.561580645161289738e+01
8.508516129032257425e+01
8.538290322580645864e+01
8.470552539124879843e+01
8.473729372937293647e+01
8.577261227071473115e+01
8.641520281060364539e+01
8.653000000000000114e+01
8.651566666666666094e+01
8.721244705115672957e+01
8.735313531353135375e+01
8.677290322580644499e+01
8.630531249999999943e+01
8.732909742587162327e+01
8.709290322580645238e+01
8.676177617761776162e+01
8.660204407537527516e+01
8.711774193548387757e+01
8.718254950495050082e+01
8.663078888534015221e+01
8.742000000000000171e+01
8.724796350602802875e+01
8.737656765676567261e+01
8.714774193548386449e+01
8.743304007820137258e+01
8.774699999999999989e+01
8.730561056105609907e+01
8.696901948259342419e+01
8.685978920472692266e+01
8.637903225806451246e+01
8.685883104439476199e+01
8.703353561162568042e+01
8.670187500000000114e+01
8.610612623762376927e+01
8.640660066006600459e+01
8.648877887788778196e+01
8.706096774193548526e+01
8.716387096774192855e+01
8.728645161290322108e+01
8.704709677419354819e+01
8.674645161290322903e+01
8.680352722772276763e+01
8.676949257425742701e+01
8.722249999999999659e+01
8.641711913126796674e+01
8.742607260726072127e+01
8.751320132013201203e+01
8.738258064516128343e+01
8.741741935483871373e+01
8.649792398594698284e+01
8.689306930693069830e+01
8.684808168316831711e+01
8.674071782178218371e+01
8.623347173427019641e+01
8.670903225806451076e+01
8.683013613861386659e+01
8.716031250000000341e+01
8.728874999999999318e+01
8.712365591397849585e+01
8.726828489300542913e+01
8.773000000000000398e+01
8.659189356435643958e+01
8.674656249999999602e+01
8.726933333333333564e+01
8.677419354838710319e+01
8.649907178217821979e+01
8.675171065493645983e+01
8.693743890518084072e+01
8.679448275862068840e+01
8.728233333333332666e+01
8.672451612903225282e+01
8.739766666666666595e+01
8.726433333333334019e+01
8.592805280528052947e+01
8.628201852443308439e+01
8.714233333333334031e+01
8.654806451612903118e+01
8.753665689149559626e+01
8.670863970588234793e+01
8.725181518151815396e+01
8.670461733080328770e+01
8.703609070584478502e+01
8.695720217183009026e+01
8.701213669754072555e+01
8.750030940594059814e+01
8.748468137254901933e+01
8.748621323529411598e+01
8.661673586713510531e+01
8.743795379537954204e+01
8.692499999999999716e+01
8.711047979797979224e+01
8.697540721814117148e+01
8.684499999999999886e+01
8.651113861386139092e+01
8.707638888888888573e+01
8.593899712551900905e+01
8.596135419993612459e+01
8.584224422442244418e+01
8.373234323432343729e+01
8.235800000000000409e+01
8.194370651486400448e+01
8.127797619047619548e+01
8.157653383934218994e+01
8.155023041474655088e+01
8.218071895424836271e+01
8.175904677846425272e+01
8.385469255663430488e+01
8.451274509803921831e+01
8.523434343434342964e+01
8.535129032258063830e+01
8.624612903225806804e+01
8.680266666666666708e+01
8.710379310344828241e+01
8.719505398815744002e+01
8.760572390572390589e+01
8.701433691756272992e+01
8.727138047138046772e+01
8.710101010101010388e+01
8.703453893776475070e+01
8.714055299539170107e+01
8.741870748299319871e+01
8.724368686868686495e+01
8.681709677419354421e+01
8.621066666666666833e+01
8.560300223570743583e+01
8.573258064516129195e+01
8.655660974067046709e+01
8.773815828184760335e+01
8.781965283907031505e+01
8.673300000000000409e+01
8.411909385113268911e+01
8.484522405660376876e+01
8.609705528846153300e+01
8.577214452214451512e+01
8.545414719626168676e+01
8.566724941724942255e+01
8.619260817307691980e+01
8.505546026300743279e+01
8.721730769230769909e+01
8.568871359223301454e+01
8.596785714285714164e+01
8.636851415094339757e+01
8.594675729255168051e+01
8.657517688679244827e+01
8.501689708141320523e+01
8.513945005611672912e+01
8.530015360983102823e+01
8.609134615384616041e+01
8.534026054590570709e+01
8.399453883495145590e+01
8.468902618417180861e+01
8.748220064724918643e+01
8.655517438536305974e+01
8.554162989114445281e+01
8.519799941159163836e+01
8.366520065970313169e+01
8.416129032258064058e+01
8.499968681490760503e+01
8.570781637717121271e+01
8.386964285714286405e+01
8.335053763440859598e+01
8.509975961538461320e+01
8.492028535980148263e+01
8.457577601947656376e+01
8.420504106485414297e+01
8.454700115340253319e+01
8.384098124098123606e+01
8.633283087126922339e+01
8.757708333333333428e+01
8.740683411214953935e+01
8.686298003072197105e+01
8.503075067832378409e+01
8.455987149532710134e+01
8.351726190476190936e+01
8.491329656862744457e+01
8.364644607843136725e+01
8.478063725490196134e+01
8.501233396584440527e+01
8.413213399503722201e+01
8.430272952853597701e+01
8.382692307692308020e+01
9.593548387096774377e+01
9.893537621359223522e+01
1.012754854368932058e+02
1.012421568627450910e+02
9.877420343137255543e+01
9.873099999999999454e+01
9.837032258064516554e+01
9.654387096774193822e+01
9.544104410441043740e+01
9.425520833333332860e+01
9.399455782312925578e+01
9.332949308755760853e+01
9.281052257376465775e+01
9.205387096774192912e+01
9.215738025415444667e+01
9.246999999999999886e+01
9.144013605442177095e+01
9.094770408163265074e+01
9.036664320900774783e+01
8.721016617790810699e+01
8.756565656565656752e+01
8.702433333333333110e+01
8.709326599326598739e+01
8.680966666666667209e+01
8.737438423645319574e+01
8.694799210006583223e+01
8.646419354838710092e+01
8.711434046630469652e+01
8.763758169934639852e+01
8.704158415841584429e+01
8.773682529543276587e+01
8.768800000000000239e+01
8.782466666666667265e+01
8.858686868686868365e+01
8.858163265306122014e+01
8.897387669801463517e+01
8.904834054834054768e+01
9.003483825097760018e+01
8.953237156931737672e+01
8.965447579240682785e+01
8.908726249120337570e+01
8.956966666666666299e+01
9.242953431372548323e+01
9.918805704099821696e+01
1.003532186459489424e+02
9.862325015216067925e+01
9.847290948950829659e+01
9.804126213592232375e+01
1.003740898058252498e+02
1.002680864390854936e+02
1.031701268742791200e+02
1.035712985436893234e+02
1.060879289215686327e+02
1.050318856514568466e+02
1.088129629629629562e+02
1.095493250259605418e+02
1.097000000000000028e+02
1.089870808136338667e+02
1.103177570093457973e+02
1.091673140954494983e+02
1.080109243697478973e+02
1.059588235294117595e+02
1.050713848039215748e+02
1.051473750790638775e+02
1.044062500000000000e+02
1.043292220113851982e+02
1.040142314990512347e+02
1.039125806451612846e+02
1.035754419191919169e+02
1.027551612903225760e+02
1.027014232673267315e+02
1.029433787128712936e+02
1.030021875000000051e+02
1.032871287128712936e+02
1.026553412917049286e+02
1.033522053982883477e+02
1.034990717821782198e+02
1.033253676470588260e+02
1.032727563078888551e+02
1.037196782178217802e+02
1.042970967741935482e+02
1.034335483870967778e+02
1.034496578690127109e+02
1.030719354838709734e+02
1.036380000000000052e+02
1.029154838709677477e+02
1.030658064516129002e+02
1.026933854675790201e+02
1.019364516129032268e+02
1.018975866336633658e+02
1.026646438837432100e+02
1.034851485148514882e+02
1.039174917491749142e+02
1.023570544554455495e+02
1.018185076572173386e+02
1.020640943877551052e+02
1.014374588545095435e+02
9.983428030303029743e+01
9.929559948979591866e+01
9.796014030612245449e+01
9.629727272727272691e+01
9.770744680851063890e+01
9.673041474654377225e+01
9.725322532253225916e+01
9.806896551724138078e+01
9.799648674544873472e+01
9.889108910891089010e+01
9.867242424242424192e+01
9.877517106549365167e+01
9.911478420569329728e+01
9.807449285001662531e+01
9.903440656565656752e+01
9.855187499999999545e+01
9.848156249999999545e+01
9.891133004926108185e+01
9.945289726270884501e+01
9.883180858550316827e+01
9.940000000000000568e+01
9.941821305841924072e+01
9.911340206185566615e+01
9.936742424242424931e+01
9.883611626468768918e+01
9.919254032258064058e+01
9.882677419354838833e+01
9.895503421309872749e+01
9.872714036109493918e+01
9.983608247422679938e+01
9.916357388316151855e+01
9.880416666666666003e+01
9.878006872852233755e+01
9.945729166666666288e+01
9.911602011494252906e+01
9.924409710675091389e+01
9.951250000000000284e+01
9.896636363636363853e+01
9.898336162988115916e+01
9.987464080459770344e+01
9.839693877551020762e+01
9.850180072028811651e+01
9.849549819927970873e+01
9.891484848484849124e+01
9.872284397630019726e+01
9.867952249770431195e+01
9.821632653061224971e+01
9.800365813102760626e+01
9.849473337722186272e+01
9.803244566880930222e+01
9.845527103425341409e+01
9.745056626874809069e+01
9.827946127946127319e+01
1.006311697092630197e+02
1.002441935483871021e+02
9.924983498349834576e+01
9.879766414141414543e+01
9.885542929292928704e+01
9.785528756957327801e+01
9.908840987191503302e+01
9.776380552220888376e+01
9.854604872251931624e+01
9.907932850559578242e+01
9.873623995052567182e+01
9.851178451178451212e+01
9.880410162228344007e+01
9.876675849403122243e+01
9.903432282003710441e+01
9.885123966942148854e+01
9.909210921092109459e+01
9.944030595277685336e+01
9.882291666666667140e+01
9.972021066491112151e+01
9.885705540250994261e+01
9.905504019789734116e+01
9.849454545454545951e+01
9.968494897959183731e+01
9.913945578231292188e+01
9.908528584817244678e+01
9.824737167594309994e+01
9.863010204081632537e+01
9.748533163265305745e+01
9.789579468150897412e+01
9.752676470588235702e+01
9.767316017316016996e+01
9.735809948979591866e+01
9.681801470588234793e+01
9.644260204081632537e+01
9.759611885991509439e+01
9.732699742268040666e+01
9.743005815733089037e+01
9.663511402686660290e+01
9.758534322820037232e+01
9.620717377860235331e+01
9.348424842484249098e+01
9.022656250000000000e+01
8.841262975778546718e+01
8.814734437464305472e+01
8.818822843822843538e+01
8.946597462514417032e+01
9.046712802768166739e+01
8.991013071895424957e+01
9.061130334486735194e+01
9.140285204991087653e+01
9.160996099609961618e+01
9.134256055363321991e+01
9.067445213379468782e+01
9.055016181229773053e+01
9.121494730118173777e+01
9.126222622262226025e+01
9.127595017566272873e+01
9.112096774193548754e+01
9.076430976430975761e+01
9.049064516129031688e+01
9.000000000000000000e+01
8.970374999999999943e+01
8.840474047404740077e+01
8.949597772277228103e+01
8.939944306930692619e+01
8.975000000000000000e+01
8.968082524271844136e+01
8.922484848484847930e+01
8.970312500000000000e+01
8.887840346534653690e+01
8.909127475247524330e+01
8.863725490196078738e+01
8.994822006472492149e+01
8.977617761776177474e+01
8.944585396039603609e+01
9.082193548387097337e+01
9.169516129032257368e+01
9.077660891089108475e+01
9.068131188118812247e+01
9.025968749999999829e+01
9.003063118811881793e+01
9.018732782369146150e+01
9.046062499999999318e+01
9.023422029702970804e+01
9.048242424242424420e+01
9.015969338869371086e+01
8.876439950980392268e+01
8.848191593352883899e+01
8.916063864450961773e+01
8.974337121212121815e+01
8.967498514557338751e+01
8.937759952465835056e+01
8.945068330362448705e+01
8.915928945835760544e+01
8.909375000000000000e+01
8.944164416441644505e+01
8.950151515151515014e+01
8.920699257425742701e+01
8.950675067506750793e+01
8.934034653465346310e+01
8.946256188118812247e+01
8.920912091209120831e+01
8.979548387096774320e+01
8.948329207920792783e+01
8.973638613861386659e+01
9.022357074417119804e+01
8.911586452762922761e+01
9.041168955605238011e+01
9.026582658265826353e+01
9.009870049504949918e+01
9.049412128712870640e+01
