8.233663366336634226e+01
8.208981657179000990e+01
8.203004427577482716e+01
8.288741935483871259e+01
8.199936748893105687e+01
8.222733333333333405e+01
8.249099999999999966e+01
8.230200000000000671e+01
8.146087511977003714e+01
8.244554455445545216e+01
8.265346534653465937e+01
8.279099999999999682e+01
8.334068965517241168e+01
8.259118492494410191e+01
8.253114021079527163e+01
8.261002874480996638e+01
8.244833333333333769e+01
8.245610561056105325e+01
8.239433333333333564e+01
8.198514851485148824e+01
8.244042335268009936e+01
8.279685899624445256e+01
8.222669853192215328e+01
8.346800000000000352e+01
8.305445544554454784e+01
8.290000000000000568e+01
8.206930693069307381e+01
8.298806451612902890e+01
8.264675822420952045e+01
8.320089428297669087e+01
8.278633024592781453e+01
8.314620462046204352e+01
8.326171617161716654e+01
8.289379084967320921e+01
8.302663024923181467e+01
8.343758620689655459e+01
8.290600000000000591e+01
8.297166666666666401e+01
8.266400511018844099e+01
8.293696369636963084e+01
8.311832319134551028e+01
8.290747695459201339e+01
8.289900000000000091e+01
8.262376237623762165e+01
8.263692810457516202e+01
8.241789006486855840e+01
8.202244224422442187e+01
8.343333333333333712e+01
8.249607142857142605e+01
8.252986266368571933e+01
8.226300000000000523e+01
8.224733333333333007e+01
8.227516339869281126e+01
8.259187500000000171e+01
8.206633663366336862e+01
8.305896551724137566e+01
8.324366666666666958e+01
8.290064516129032768e+01
8.255666666666667197e+01
8.186700000000000443e+01
8.231724137931034591e+01
8.225466666666666526e+01
8.283103448275862490e+01
8.256533333333332791e+01
8.208514851485148256e+01
8.213657876943881320e+01
8.269660894660894712e+01
8.180858085808580427e+01
8.287096774193548754e+01
8.214232589587558664e+01
8.211766666666666481e+01
8.329433333333332712e+01
8.293498349834983685e+01
8.271034482758621209e+01
8.229429839535677615e+01
8.285763059064527170e+01
8.299867986798679453e+01
8.285247524752475101e+01
8.264241379310344371e+01
8.291056105610560678e+01
8.427070169604256478e+01
8.274521452145214084e+01
8.220300000000000296e+01
8.426272031925506667e+01
8.406904761904762324e+01
8.299078183680437348e+01
8.233310344827586391e+01
8.269548387096774889e+01
8.205496756572209449e+01
8.270891089108910421e+01
8.248398692810457078e+01
8.277876408330487834e+01
8.214499999999999602e+01
8.243564356435643958e+01
8.211866125760649027e+01
8.207800000000000296e+01
8.234766666666666879e+01
8.253221873911529372e+01
8.408413701363485870e+01
8.205758620689654492e+01
8.181947194719471383e+01
8.252507186202491596e+01
8.208935483870968142e+01
8.299174917491748715e+01
8.235302150904745133e+01
8.233333333333332860e+01
8.263113897596656443e+01
8.264541971438522694e+01
8.195359477124182490e+01
8.272727272727273373e+01
8.142211221122111908e+01
8.152612903225806917e+01
8.154290429042904975e+01
8.146256188118812247e+01
8.212366666666666504e+01
8.184060721062618882e+01
8.079579207920792783e+01
8.116035353535353636e+01
8.077517106549365167e+01
8.106739061002873825e+01
8.152525252525252597e+01
8.104088150750558839e+01
8.102133333333333098e+01
8.114819546470775435e+01
8.098658575534972215e+01
8.072517394054395368e+01
8.152580645161290818e+01
8.100488758553274238e+01
8.072629521016617105e+01
8.126032258064516611e+01
8.061669829222010719e+01
8.052688172043011150e+01
8.002258064516128400e+01
8.018645161290322676e+01
8.031709677419354421e+01
8.065516129032258164e+01
7.979112104758863211e+01
8.068668157138294816e+01
8.080070265091025306e+01
8.031967741935483218e+01
8.050374714890844530e+01
8.055751058976865409e+01
8.002970297029702351e+01
8.080549345257107063e+01
7.986062499999999886e+01
8.017225806451612868e+01
8.051825495049504866e+01
8.087811447811448318e+01
8.087448099648673860e+01
8.096204620462046364e+01
8.072344827586206861e+01
8.159182369849888516e+01
8.126766666666667049e+01
8.161599999999999966e+01
8.161178451178450644e+01
8.207194719471947053e+01
8.266400000000000148e+01
8.393733333333332780e+01
8.284724137931034704e+01
8.185241379310345167e+01
8.287051372273046468e+01
8.201724137931034875e+01
8.259804946011843185e+01
8.204827586206896228e+01
8.217000000000000171e+01
8.159774193548386734e+01
8.138032258064515645e+01
8.413647912885662095e+01
8.112903225806451246e+01
8.200233333333333974e+01
8.120951772596615115e+01
8.188470916057123361e+01
8.124933333333333962e+01
8.231208638105189834e+01
8.214444444444444571e+01
8.430922827846734435e+01
8.466042780748662722e+01
8.504375804375804648e+01
8.450370959194488307e+01
8.446157922628511017e+01
8.472994652406417515e+01
8.444635076252723138e+01
8.486356209150326890e+01
8.457777777777778283e+01
8.408862433862434216e+01
8.460775401069518864e+01
8.431345565749235504e+01
8.448502673796791385e+01
8.435767195767195403e+01
8.439476524554775949e+01
8.461159978009895610e+01
8.447247706422018609e+01
8.466186107470511502e+01
8.385294888597640295e+01
8.433298701298701872e+01
8.472398427260812070e+01
8.474809960681520238e+01
8.468282828282828234e+01
8.443955761316873065e+01
8.400417014178482589e+01
8.458846657929227320e+01
8.454077922077921414e+01
8.427205882352940591e+01
8.461363636363635976e+01
8.490095398428731244e+01
8.394684295736642810e+01
8.451460280373831324e+01
8.454574042309891979e+01
8.424742841256602333e+01
8.437323113207547465e+01
8.516037735849056389e+01
8.474623842592592382e+01
8.406117781589479421e+01
8.401279956427015350e+01
8.455858585858585741e+01
8.401879084967320921e+01
8.400762527233115406e+01
8.438647608576140158e+01
8.374106652006597074e+01
8.424356775300171307e+01
8.323175381263617112e+01
8.333605664488017339e+01
8.389125742039935574e+01
8.391662169454937725e+01
8.343792207792208160e+01
8.358765222316624488e+01
8.354153924566769263e+01
8.425040474905559051e+01
8.498999428244711396e+01
8.435432852386237812e+01
8.443770053475935811e+01
8.427914438502673988e+01
8.462277388019427349e+01
8.443375481033534413e+01
8.442444684295736579e+01
8.436416921508664757e+01
8.428634973589102231e+01
8.348051948051947591e+01
8.467376749847839790e+01
8.378980032379924126e+01
8.395250944414462424e+01
8.451661220043573053e+01
8.372267365661861049e+01
8.411336898395721562e+01
8.430841121495326718e+01
8.386851851851851336e+01
8.365294888597641432e+01
8.409341117597998050e+01
8.387183764247984641e+01
8.363171690694626648e+01
8.412727272727272521e+01
8.391409507923269473e+01
8.367215326497571937e+01
8.385914732865623478e+01
8.401084236864053878e+01
8.394468429573664991e+01
8.382659932659932167e+01
8.410138770886435111e+01
8.362008978675645210e+01
8.360943643512450763e+01
8.445005096839959435e+01
8.421459694989107447e+01
8.324705882352941444e+01
8.394678899082569501e+01
8.408959694989107447e+01
8.469362745098038658e+01
8.445126262626263269e+01
8.164193548387096655e+01
8.468181818181818699e+01
8.160517241379309894e+01
8.440040040040040026e+01
8.227933333333332655e+01
8.109432048681541971e+01
8.436309036309036458e+01
8.541312741312741252e+01
8.207896551724138590e+01
8.117986798679868343e+01
8.420592020592020788e+01
8.424799799799799871e+01
8.341994949494949196e+01
8.463599568267673590e+01
8.463888888888888573e+01
8.530984848484848726e+01
8.468510523475444529e+01
8.415151515151515582e+01
8.551935719503286748e+01
8.438484848484849010e+01
8.460947185717827779e+01
8.530784913353720356e+01
8.397245179063361320e+01
8.454025974025974222e+01
8.481509539842873835e+01
8.442649350649350026e+01
8.490953109072374616e+01
8.463145478374836728e+01
8.478787878787878185e+01
8.447522522522523047e+01
8.433571428571428896e+01
8.391365353480841804e+01
8.439534231200897807e+01
8.441203208556149207e+01
8.428022875816994031e+01
8.385349611542730486e+01
8.404856988667026485e+01
8.360550458715596278e+01
8.413358988455195231e+01
8.468156565656565249e+01
8.375229357798164642e+01
8.464450056116723431e+01
8.389729867482161296e+01
8.448335517693315921e+01
8.396592398427260662e+01
8.386042780748663006e+01
8.359708994708994112e+01
8.317404209390177527e+01
8.360419397116645257e+01
8.416482582837723214e+01
8.436934156378600846e+01
8.396507936507936165e+01
8.420467532467532124e+01
8.405216251638269398e+01
8.464233766233766687e+01
8.427275132275131853e+01
8.376961038961039208e+01
8.458660130718953951e+01
8.409120345385861128e+01
8.432513368983957491e+01
8.382757690232055836e+01
8.463220779220779377e+01
8.443280423280423008e+01
8.386318795430945272e+01
8.435675675675675222e+01
8.466944444444445139e+01
8.391313131313131635e+01
8.415468909276248155e+01
8.383383838383838338e+01
8.431714285714285495e+01
8.394498910675380898e+01
8.427619047619047876e+01
8.421879343897693104e+01
8.402320561252024333e+01
8.378845116028062989e+01
8.423720043572984650e+01
8.428831168831169407e+01
8.471769331585845464e+01
8.422385620915032689e+01
8.413844155844155637e+01
8.367396184062850750e+01
8.423714285714285666e+01
8.378451178451177839e+01
8.423665577342048039e+01
8.385860766324879023e+01
8.457870370370370949e+01
8.440851172273190173e+01
8.395588235294117396e+01
8.400377765785212603e+01
8.432011019283746123e+01
8.462547220723151042e+01
8.362752293577982243e+01
8.341955922865014372e+01
8.324363636363636942e+01
8.324037433155079668e+01
8.440996068152031739e+01
8.377142857142857224e+01
8.374608742579600573e+01
8.318799102132435053e+01
8.328217959410619642e+01
8.314651098137336760e+01
8.423958060288335048e+01
8.352129870129870426e+01
8.380160550458715818e+01
8.384100529100528831e+01
8.379510703363914104e+01
8.317676767676768179e+01
8.449865083648138864e+01
8.391421568627451677e+01
8.334416775884665185e+01
8.432581913499345205e+01
8.415978835978836514e+01
8.451851851851851904e+01
8.432299465240642178e+01
8.356828703703703809e+01
8.407213785046728560e+01
8.374910394265232583e+01
8.367155963302752752e+01
8.387236913113869718e+01
8.347858796296296191e+01
8.441857298474945992e+01
8.379566305254378733e+01
8.389120370370370949e+01
8.368460648148148096e+01
8.422429906542056699e+01
8.343097643097642901e+01
8.377662957074721817e+01
8.395986238532110235e+01
8.422979797979797922e+01
8.367889908256880460e+01
8.388101195440644631e+01
8.418691588785046065e+01
8.402698327037236936e+01
8.434150326797386299e+01
8.419008714596949972e+01
8.403184025903939869e+01
8.401772486772486559e+01
8.450272331154684480e+01
8.431655092592592382e+01
8.411639762107051865e+01
8.451772486772486559e+01
8.402968159740960630e+01
8.457518582046884603e+01
8.475563496426607912e+01
8.399325418240691477e+01
8.447387387387387037e+01
8.457603815937149250e+01
8.467850467289719063e+01
8.432543572984749858e+01
8.452229845626071381e+01
8.559817216981132049e+01
8.514199134199134278e+01
8.496639150943396146e+01
8.488413915094339757e+01
8.425215457325549551e+01
8.408985429033998571e+01
8.478125000000000000e+01
8.409515717926933576e+01
8.411690694626474851e+01
8.435060889266496531e+01
8.420589068252620280e+01
8.416111111111111143e+01
8.462286970863111435e+01
8.410484749455338260e+01
8.405182667799489593e+01
8.417593092282784539e+01
8.458932783018867951e+01
8.386737472766884594e+01
8.365365585486530620e+01
8.397922288181327133e+01
8.394773422296357523e+01
8.400877938261115219e+01
8.413888888888888573e+01
8.442508417508418006e+01
8.424019607843136725e+01
8.447164351851851904e+01
8.411553899082568364e+01
8.442483660130719159e+01
8.346872393661384137e+01
8.445341263098272577e+01
8.455337690631807845e+01
8.423014018691588944e+01
8.409232512036250284e+01
8.381600955794503705e+01
8.358585858585858830e+01
8.474880525686977251e+01
8.389695340501792487e+01
8.448596176821983761e+01
8.448437500000000000e+01
8.429096520763187073e+01
8.386066270178419302e+01
8.332435465768799077e+01
8.391532143868592186e+01
8.387029170206740503e+01
8.433333333333332860e+01
8.385046728971963148e+01
8.373661852166524966e+01
8.411697247706422331e+01
8.335511982570805856e+01
8.408136924803591228e+01
8.429963183234211499e+01
8.382683486238532566e+01
8.468445927161523912e+01
8.406921728971963148e+01
8.402446483180428061e+01
8.405607476635513819e+01
8.357547699214366332e+01
8.416413551401869597e+01
8.461533779671333377e+01
8.410660046728972361e+01
8.435981308411214741e+01
8.372048611111111427e+01
8.417876007784265369e+01
8.386738949124270448e+01
8.384423676012461613e+01
8.364901620370370949e+01
8.365677280086346457e+01
8.420926243567753033e+01
8.317753001715266237e+01
8.408501658124811229e+01
8.428846153846153300e+01
8.395240825688073016e+01
8.430719339622640973e+01
8.350607638888888573e+01
8.399078341013824911e+01
8.374483149249503811e+01
8.368195978476352082e+01
8.419723502304147189e+01
8.388870008496176922e+01
8.343855218855219391e+01
8.414106308411214741e+01
8.430482391240012419e+01
8.424528301886792292e+01
8.408732476635513819e+01
8.395921835174171122e+01
8.357262731481480955e+01
8.382611158312093380e+01
8.376012461059190173e+01
8.383205890682526729e+01
8.387114131973945064e+01
8.412407089765579826e+01
8.408547741566609091e+01
8.414838709677418649e+01
8.361512319456244313e+01
8.426061320754716633e+01
8.391880841121495394e+01
8.416538915094339757e+01
8.353601190476190652e+01
8.379002389486259972e+01
8.346846064814815236e+01
8.501966205837173618e+01
8.422155517438535810e+01
8.408995327102803685e+01
8.499649532710280653e+01
8.444604952830188438e+01
8.412529205607476968e+01
8.429415137614678599e+01
8.481934523809523796e+01
8.399122061738884781e+01
8.481959784763523658e+01
8.434608644859812898e+01
8.420372369131138157e+01
8.421845794392523032e+01
8.431998887962190281e+01
8.386697247706422331e+01
8.455338431039365332e+01
8.409932659932660215e+01
8.408849299065420269e+01
8.442870063310219564e+01
8.442880703683341892e+01
8.459664351851851904e+01
8.427599299065420269e+01
8.452749719416385688e+01
8.473231132075471805e+01
8.474557783018867951e+01
8.457261292166953126e+01
8.471867245657568901e+01
8.501220238095237391e+01
8.442230854605993784e+01
8.433588218634947964e+01
8.500501179245283367e+01
8.485288915094339757e+01
8.484809027777777146e+01
8.430607476635513819e+01
8.430695093457943301e+01
8.406892523364486181e+01
8.431189903846153300e+01
8.457016509433962881e+01
8.446373820754716633e+01
8.360185185185184764e+01
8.450892857142856940e+01
8.357631874298540708e+01
8.383458437586878631e+01
8.404264018691588944e+01
8.360610225398571060e+01
8.354601571268237592e+01
8.458034083992696139e+01
8.411448598130840537e+01
8.403113705865999350e+01
8.467063154913621759e+01
8.424882075471698784e+01
8.417838765008576729e+01
8.435930735930736546e+01
8.395238095238094900e+01
8.455800248138957897e+01
8.397827329902801807e+01
8.407563025210083651e+01
8.419392523364486181e+01
8.410155316606929432e+01
8.399742710120068523e+01
8.450248138957816479e+01
8.373806881243062605e+01
8.409405374499714014e+01
8.422897196261682495e+01
8.490952380952380452e+01
8.448023088023087723e+01
8.435706117781589342e+01
8.405277122641508925e+01
8.428301886792452535e+01
8.456103896103896034e+01
8.398219104155423054e+01
8.328158947970268855e+01
8.450316551100391393e+01
8.448656375071469427e+01
8.473791273584905070e+01
8.452065119083509614e+01
8.445887445887446177e+01
8.421212121212121815e+01
8.348214285714286120e+01
8.389032451923077360e+01
8.412765330188679513e+01
8.399405267629566652e+01
8.461755583126550562e+01
8.391137793024584823e+01
8.407692307692308020e+01
8.416594292803969779e+01
8.440750360750361381e+01
8.384932659932660215e+01
8.423184676958261718e+01
8.407399764150943611e+01
8.431892523364486181e+01
8.376041666666667140e+01
8.408033161806746136e+01
8.432067757009345144e+01
8.434378733572282272e+01
8.444444444444444287e+01
8.454416641543564026e+01
8.479409104612601311e+01
8.428625117444408943e+01
8.451582471089470516e+01
8.505660377358491075e+01
8.431423611111111427e+01
8.481702741702741832e+01
8.491594292803969779e+01
8.404152637485971411e+01
8.431071428571428328e+01
8.442538593481990006e+01
8.409255952380952692e+01
8.433383413461538680e+01
8.429847494553376919e+01
8.429687500000000000e+01
8.421033653846153300e+01
8.440937678673527955e+01
8.424042309891366642e+01
8.426442307692308020e+01
8.442150537634408636e+01
8.458443509615383959e+01
8.409677419354838435e+01
8.504368932038835283e+01
8.414751286449399004e+01
8.409375000000000000e+01
8.440275602881303030e+01
8.510353302611366644e+01
8.373826227738801720e+01
8.355331088664422623e+01
8.464424832623249983e+01
8.411271594449164013e+01
8.408033161806746136e+01
8.401025364274150320e+01
8.418078271028036852e+01
8.365048831015093356e+01
8.464733250620346894e+01
8.432535046728972361e+01
8.409317129629629051e+01
8.407616487455197785e+01
8.464077669902913215e+01
8.464298349056603854e+01
8.413367318040215537e+01
8.401699235344095484e+01
8.396601529311809031e+01
8.402435570659869768e+01
8.405946255002858436e+01
8.449503722084367041e+01
8.403183411214953935e+01
8.432189822755860575e+01
8.409948542024014273e+01
8.447700471698112779e+01
8.408467856131407814e+01
8.356263616557734508e+01
8.348202614379084707e+01
8.416851635514018426e+01
8.375252525252524549e+01
8.390766152086906970e+01
8.361363636363635976e+01
8.420981240981241456e+01
8.377623820754716633e+01
8.354657687991021930e+01
8.336465141612200114e+01
8.332815904139432917e+01
8.375578703703703809e+01
8.387397337864626934e+01
8.373262032085561657e+01
