8.038688046647230578e+01
7.990082644628098762e+01
7.942279942279942873e+01
7.932594752186588494e+01
7.877641056422568511e+01
7.869657863145258148e+01
7.903475935828876686e+01
7.892394533571004445e+01
7.847266479225241653e+01
7.920837238363012034e+01
7.866758494031221005e+01
7.765996398559423142e+01
7.881849747474747403e+01
7.832714904143475110e+01
7.932413583990296502e+01
7.874258044361137365e+01
7.828104575163398238e+01
7.847627793082338599e+01
7.791527520098948401e+01
7.812554112554111896e+01
7.750363636363636033e+01
7.797371675943104208e+01
7.789084724799010928e+01
7.762411998775634459e+01
7.747689011325374508e+01
7.822943722943722378e+01
7.851410564225690791e+01
7.703147058823529392e+01
7.797689075630252376e+01
7.801655732583567726e+01
7.750606428138266324e+01
7.766626650660263920e+01
7.751672979797979224e+01
7.785442049359575378e+01
7.748841354723707298e+01
7.633061224489796359e+01
7.784175084175083725e+01
7.690879382055852886e+01
7.669617950272892415e+01
7.661476147614762056e+01
7.799162371134021043e+01
7.686878787878788444e+01
7.733003826530612912e+01
7.785484848484848897e+01
7.783473914401749028e+01
7.701110444177670900e+01
7.682242424242424761e+01
7.671231617647059409e+01
7.673837383738373319e+01
7.774242424242424931e+01
7.692941176470587550e+01
7.797848484848485384e+01
7.681857142857143117e+01
7.731550802139037160e+01
7.677140361094933496e+01
7.738055222088836160e+01
7.728090909090909122e+01
7.659150326797386299e+01
7.639504036908881801e+01
7.657187500000000568e+01
7.658030303030302832e+01
7.764446444644464407e+01
7.749273989898989612e+01
7.725995246583481446e+01
7.785365099009901257e+01
7.750525052505250301e+01
7.784870049504949918e+01
7.801187500000000341e+01
7.764768901132536882e+01
7.810051005100510224e+01
7.781382352941176350e+01
7.815563725490196134e+01
7.769276927692769164e+01
7.768016801680168726e+01
7.787741935483870748e+01
7.834499999999999886e+01
7.823764705882352644e+01
7.787696969696969518e+01
7.766306630663066812e+01
7.781218121812180755e+01
7.795079507950795517e+01
7.833575757575756882e+01
7.771271538918597344e+01
7.769934640522875213e+01
7.751470588235294201e+01
7.783468750000000114e+01
7.754105392156863275e+01
7.752722772277228103e+01
7.748874999999999602e+01
7.718904702970297649e+01
7.708323019801980536e+01
7.817302052785923649e+01
7.737250000000000227e+01
7.797253273714467525e+01
7.719310754604872216e+01
7.765441176470588402e+01
7.847215346534653690e+01
7.784068627450980671e+01
7.777467746774676982e+01
7.823855198019802515e+01
7.784030661130628914e+01
7.778090067071222791e+01
7.756072106261859744e+01
7.755259900990098743e+01
7.855625000000000568e+01
7.803516129032257709e+01
7.828991336633663423e+01
7.843434343434343248e+01
7.833848484848485327e+01
7.873781250000000398e+01
7.844956683168317113e+01
7.819967741935484185e+01
7.813258064516128343e+01
7.850472466601499377e+01
7.881144781144780609e+01
7.848908439231020395e+01
7.861468750000000227e+01
7.872064516129032086e+01
7.866548387096774775e+01
7.879967741935483616e+01
7.865741935483870861e+01
7.929559948979591866e+01
7.912461590986684712e+01
7.887741935483870748e+01
7.902880258899676846e+01
7.889806451612902549e+01
7.826402640264026900e+01
7.841392526349409309e+01
7.785148514851485402e+01
7.889937500000000625e+01
7.891531249999999886e+01
7.828074097732353209e+01
7.846654040404040131e+01
7.881290322580645125e+01
7.850969696969697509e+01
7.848562499999999886e+01
7.860290322580645750e+01
7.850484848484848044e+01
7.849545454545454959e+01
7.826324985439720194e+01
7.829360269360269342e+01
7.811849249441073084e+01
7.831709677419354421e+01
7.842333333333333201e+01
7.832096774193549038e+01
7.852568069306930454e+01
7.835674504950495134e+01
7.879895731508634071e+01
7.849504950495050082e+01
7.890515151515151615e+01
7.869077875529488608e+01
7.828550207961973229e+01
7.801838235294117396e+01
7.830507425742574412e+01
7.846264626462645708e+01
7.863335396039603609e+01
7.848205445544554948e+01
7.873427020121367548e+01
7.873000000000000398e+01
7.898064516129032597e+01
7.868923666560203856e+01
7.826144801980197485e+01
7.887096774193548754e+01
7.838007026509102104e+01
7.846854040242733674e+01
7.804548267326732969e+01
7.877751892836342051e+01
7.833439795592462929e+01
7.810488861386139092e+01
7.776623774509803866e+01
7.858884803921569073e+01
7.836753675367536687e+01
7.850153186274509665e+01
7.842738970588234793e+01
7.771047794117646390e+01
7.768474264705882604e+01
7.786048604860485511e+01
7.834819734345350639e+01
7.795220588235294201e+01
7.819393382352940591e+01
7.816849357970561130e+01
7.714675245098038658e+01
7.802236519607842524e+01
7.881916132789748985e+01
7.825742574257425588e+01
7.845751633986928653e+01
7.791703442188878626e+01
7.860661764705882604e+01
7.828960396039603609e+01
7.866544117647059409e+01
7.902815594059406124e+01
7.824288366336634226e+01
7.879564950980392268e+01
7.899205648720212025e+01
7.799448529411765207e+01
7.882873774509803866e+01
7.896537990196078738e+01
7.911191119111910552e+01
7.897855392156863275e+01
7.878913834951455897e+01
7.857869961753456778e+01
7.778390228625117686e+01
7.926652051362354712e+01
7.879723502304148042e+01
7.934356404635138915e+01
7.828039702233250807e+01
7.861841718152398073e+01
7.897735732009925869e+01
7.825015812776723578e+01
7.800313185092389290e+01
7.867052928280614310e+01
7.905496137849078764e+01
