6.356403186274509665e+01
6.352614379084967311e+01
6.338541666666666430e+01
6.457965686274509665e+01
6.528615196078430927e+01
6.611427696078430927e+01
6.640839460784313530e+01
6.723847087378641163e+01
6.777359068627451677e+01
6.875082508250825697e+01
6.835315533980582359e+01
6.923422330097086785e+01
6.949484223300970598e+01
7.012071078431372939e+01
7.095477545857052348e+01
7.115839460784313530e+01
7.222320261437909039e+01
7.300214460784313530e+01
7.373529411764705799e+01
7.336464877213020941e+01
7.285634178905206682e+01
7.220815632965165776e+01
7.178652263374485187e+01
7.247513368983956639e+01
7.343595297029702351e+01
7.022559709241951964e+01
7.077342047930282831e+01
6.915862591563525541e+01
6.891590214067278453e+01
7.067980022197558299e+01
6.988398776134624768e+01
7.034606141522029077e+01
7.003023639362287156e+01
6.976194184839044965e+01
7.041203958218801517e+01
7.061577380952381588e+01
7.141428571428571104e+01
7.071632765255634467e+01
7.028242924528301216e+01
7.084249587685540916e+01
6.986459489456159133e+01
7.036736958934517361e+01
6.988429522752497292e+01
7.012999150382327684e+01
6.945687331536387887e+01
6.920065970313359571e+01
6.889692138537658650e+01
7.016934523809523228e+01
6.932436182019978332e+01
6.940623213264723290e+01
6.942224128073185341e+01
7.242487373737374412e+01
7.301514175257732120e+01
7.250797193877551194e+01
7.095705128205128176e+01
