9.359387096774193537e+01
9.361967741935484355e+01
9.265377475247524330e+01
9.338533333333333530e+01
9.250485436893204394e+01
9.185696969696969916e+01
9.212908496732026720e+01
9.152588996763753926e+01
9.199552858511657405e+01
9.204663046949856664e+01
9.223922069626317466e+01
9.231280940594059814e+01
9.261520737327188613e+01
9.210031250000000114e+01
9.152606060606061078e+01
9.152320544554454784e+01
9.185448544854484965e+01
9.141130050505050519e+01
9.240939393939393653e+01
9.205366161616161946e+01
9.237588001224365541e+01
9.174812500000000171e+01
9.183946078431372939e+01
9.203125000000000000e+01
9.214611005692599122e+01
9.229607843137254974e+01
9.218091809180917551e+01
9.200751644221735148e+01
9.263788741302973051e+01
9.206740196078430927e+01
9.161509900990098743e+01
9.194244149272611821e+01
9.171999999999999886e+01
9.178000000000000114e+01
9.179916815210933123e+01
9.223718750000000455e+01
9.262097772277228103e+01
9.258508663366336577e+01
9.256157178217821979e+01
9.271129032258065195e+01
9.308559565633983368e+01
9.225000000000000000e+01
9.207734627831715102e+01
9.236917892156863275e+01
9.222640931372548323e+01
9.236121323529411598e+01
9.193734491315136381e+01
9.213139158576051102e+01
9.272493811881187753e+01
9.270000000000000284e+01
9.168869401816473896e+01
9.199114484503478195e+01
9.227184466019417641e+01
9.257133995037220586e+01
9.230187499999999545e+01
9.232352941176471006e+01
9.246270627062706637e+01
9.201701732673267031e+01
9.201763613861386659e+01
9.221967821782178021e+01
9.232258064516129537e+01
9.214803921568626777e+01
9.197540721814117148e+01
9.205589268604279596e+01
9.208623442989460273e+01
9.215433270082226613e+01
9.237001897533207284e+01
9.286166666666666458e+01
9.190035132545511942e+01
9.242378241619228163e+01
9.204350490196078738e+01
9.199137655701053973e+01
9.295400830405621662e+01
9.203577131906739339e+01
9.282976684765250752e+01
9.287000958160332686e+01
9.202144607843136725e+01
9.298594771241829449e+01
9.242914603960396391e+01
9.213498277481991749e+01
9.200343750000000398e+01
9.215601560156015637e+01
9.237331663012840011e+01
9.212224264705882604e+01
9.285562500000000341e+01
9.172057038834951470e+01
9.207598039215686470e+01
9.226685049019607732e+01
9.191937500000000227e+01
9.217341734173417933e+01
9.263129032258063944e+01
9.216145833333332860e+01
9.199114484503478195e+01
9.216512296390929748e+01
9.210742248668962873e+01
9.264551767676768179e+01
9.179826732673267031e+01
9.299776429255828702e+01
9.242156862745098067e+01
9.225295432769082993e+01
9.184498762376237835e+01
9.218031249999999943e+01
9.209550917141049808e+01
9.344905780900670322e+01
9.242310049019607732e+01
9.238427810836203946e+01
9.258222643896267812e+01
9.234173417341733625e+01
9.219855934857500301e+01
9.210056925996204313e+01
9.234656250000000455e+01
9.220218749999999375e+01
9.145925272138863704e+01
9.245631067961164717e+01
9.183343446601941196e+01
9.137132352941176805e+01
9.263487819370172360e+01
9.200576456310679418e+01
9.245653594771242467e+01
9.135276442307691980e+01
9.237843137254901649e+01
9.228247549019607732e+01
9.270777988614800336e+01
9.236764705882353610e+01
9.216767805812838787e+01
9.218492494410730842e+01
9.169228336495888243e+01
9.174636306135357700e+01
9.180075901328272892e+01
9.226700734589587682e+01
9.195667299177735288e+01
9.236700000000000443e+01
9.206767868437697189e+01
9.208475648323845064e+01
9.249536889172787824e+01
9.236406250000000284e+01
9.225079063883617891e+01
9.271476715686274872e+01
9.228020240354206294e+01
9.228557874762807955e+01
9.272341105078250223e+01
9.222264389626818115e+01
9.210263480392157476e+01
9.190104166666667140e+01
9.220266990291261777e+01
9.304933586337760687e+01
9.378415841584158841e+01
9.275806451612903913e+01
9.268532574320050799e+01
9.285588235294117965e+01
9.241232832960714916e+01
9.310309930423782987e+01
9.258100000000000307e+01
9.270903864580006370e+01
9.309614168247944122e+01
9.176715686274509665e+01
9.307432005060088898e+01
9.269546568627451677e+01
9.260172468859789774e+01
9.267218137254901933e+01
9.261961034813158733e+01
9.284803921568627061e+01
9.228368121442125016e+01
9.274928137975088305e+01
9.234435679611650016e+01
9.283394607843136725e+01
9.336601724688597415e+01
9.288214627914403820e+01
9.286458000638774024e+01
9.257938013915243403e+01
9.243378712871286496e+01
9.295233333333332837e+01
9.263883617963314521e+01
9.259597572660491949e+01
9.246905940594059814e+01
9.273656250000000512e+01
9.293069306930692619e+01
9.261568627450979818e+01
9.249335863377609712e+01
9.290099009900990268e+01
9.268006535947712621e+01
9.262976297629762712e+01
9.251581277672359249e+01
9.221200980392157476e+01
9.312768863093205596e+01
9.299744490578089540e+01
9.271812500000000057e+01
9.303577131906739339e+01
9.228489300542958063e+01
9.297899999999999920e+01
9.237469059405940186e+01
9.220761138613860908e+01
9.241461100569260623e+01
9.295066666666666322e+01
9.299616735867135731e+01
9.314084956882784638e+01
9.342677419354838264e+01
9.253322580645161111e+01
9.289843500479079808e+01
9.283838383838383379e+01
9.243719059405940186e+01
9.205908655381666961e+01
9.276898012381883518e+01
9.242483870967741666e+01
9.290705844778025835e+01
9.359999999999999432e+01
9.335500000000000398e+01
9.314488448844883806e+01
9.299129032258063887e+01
9.301834282099936502e+01
9.249885956337568871e+01
9.282146279144043888e+01
9.248349834983498852e+01
9.243564356435643958e+01
9.231502525252524549e+01
9.290929415522197132e+01
9.275854359629511237e+01
9.200255509421910460e+01
9.238382838283828846e+01
9.283414793092212847e+01
9.242976485148514598e+01
9.250419354838709296e+01
9.223579545454545325e+01
9.229612903225806519e+01
9.234709677419354534e+01
9.239078282828282340e+01
9.203812499999999375e+01
9.212375000000000114e+01
9.214843750000000000e+01
9.253310643564356042e+01
9.263257575757575069e+01
9.219951995199519956e+01
9.269602272727273373e+01
9.272695707070707272e+01
9.214141414141414543e+01
9.300860969387754551e+01
9.294355867346938282e+01
9.266887626262625588e+01
9.257165404040404155e+01
9.271782339524274619e+01
9.283960459183673208e+01
9.200531250000000227e+01
9.265030303030303571e+01
9.230531117627892002e+01
9.205281250000000171e+01
9.261419354838709239e+01
9.279606060606060680e+01
9.308876645240282244e+01
9.309240924092409841e+01
9.254272727272727650e+01
9.244381313131313505e+01
9.230412371134021043e+01
9.265561868686869218e+01
9.291517857142856940e+01
9.270327970297029196e+01
9.223156249999999545e+01
9.174969059405940186e+01
9.263133640552995018e+01
9.220343750000000682e+01
9.197193548387096484e+01
9.213124999999999432e+01
9.200918273645545753e+01
9.297959183673469852e+01
9.258821593153390950e+01
9.233066666666667288e+01
9.247433333333333394e+01
9.273258064516129195e+01
9.248933333333333451e+01
9.244115646258502750e+01
9.252566666666666606e+01
9.216072607260726102e+01
9.249489795918367463e+01
9.259499999999999886e+01
9.258100000000000307e+01
9.221129032258065195e+01
9.221290322580645693e+01
9.230806451612903629e+01
9.243535353535354204e+01
9.226548387096774206e+01
9.253131313131312652e+01
9.245202020202020776e+01
9.208367346938776166e+01
9.291741071428570820e+01
9.251420454545454675e+01
9.272838709677419899e+01
9.217312499999999886e+01
9.263366336633663423e+01
9.367840684660960449e+01
9.241266666666666652e+01
9.220562499999999773e+01
9.276102699144173869e+01
9.292659932659933020e+01
9.214103448275862718e+01
9.210033003300330279e+01
9.201034482758620925e+01
9.196864686468646255e+01
9.234699999999999420e+01
9.246166666666667311e+01
9.255834204110065855e+01
9.222580645161289681e+01
9.119290961354199965e+01
9.297159090909090651e+01
9.222258064516128684e+01
9.266466666666666185e+01
9.309595959595959869e+01
9.224275862068965637e+01
9.196200000000000330e+01
9.238922558922558892e+01
9.289353741496599071e+01
9.238451178451178691e+01
9.201866666666666106e+01
9.244620462046204068e+01
9.198275311402107945e+01
9.203193867773873649e+01
9.198464052287582149e+01
9.206066666666666265e+01
9.204806451612903118e+01
9.247741935483871600e+01
9.250198019801980820e+01
9.292843137254901364e+01
9.242903225806450962e+01
9.230891089108911274e+01
9.276999999999999602e+01
9.234851485148514882e+01
9.229290322580645523e+01
9.270033333333333303e+01
9.268947539915281197e+01
9.188853401469178550e+01
9.276523859282480089e+01
9.319223173140224503e+01
9.235322580645161850e+01
9.220792079207920722e+01
9.180102203768764468e+01
9.197290322580644784e+01
9.228483870967741609e+01
9.223322580645161395e+01
9.216300940438871692e+01
9.236870967741936056e+01
9.266758620689655856e+01
9.297499999999999432e+01
9.243535353535354204e+01
9.211366666666665992e+01
9.243737373737373275e+01
9.246451612903226192e+01
9.244374782305817462e+01
9.225918367346939419e+01
9.209999999999999432e+01
9.298552188552189079e+01
9.305306122448979522e+01
9.218646864686468234e+01
9.253988157436432971e+01
9.202766666666666140e+01
9.207931034482759003e+01
9.270193548387096882e+01
9.301724137931034875e+01
9.263267973856208926e+01
9.218898664059953774e+01
9.268548387096774377e+01
9.301896551724138362e+01
9.325122189638318559e+01
9.333366666666667300e+01
9.246148989898989612e+01
9.207033333333333758e+01
9.250709677419354193e+01
9.272903225806452099e+01
9.205966666666667209e+01
9.215359477124182774e+01
9.252871287128712652e+01
9.253064516129032313e+01
9.305374149659863292e+01
9.258741935483871544e+01
9.264785478547854325e+01
9.258316831683168857e+01
9.311807732497388201e+01
9.267227722772277332e+01
9.297448979591837315e+01
9.218666666666666742e+01
9.263498349834983969e+01
9.248357142857142321e+01
9.293366336633663138e+01
9.248192401960784537e+01
9.308243727598566863e+01
9.266039603960396676e+01
9.247217480368726683e+01
9.209533333333332905e+01
9.224299999999999500e+01
9.240699999999999648e+01
9.318500000000000227e+01
9.242957521558606970e+01
9.337133333333333951e+01
9.280838709677419729e+01
9.274257425742574412e+01
9.290759075907590159e+01
9.267678058128393559e+01
9.324965517241379587e+01
9.318931034482758946e+01
9.279378627517924372e+01
9.242190669371196066e+01
9.318999999999999773e+01
9.332448275862068954e+01
9.245775577557755298e+01
9.296278593376578669e+01
9.303300000000000125e+01
9.262541254125412138e+01
9.304733333333332723e+01
9.250336700336700346e+01
9.285896551724137282e+01
9.348171368861024177e+01
9.295896551724138135e+01
9.346857142857142264e+01
9.302020202020202078e+01
9.306360544217686481e+01
9.319733333333333292e+01
9.321978404737025414e+01
9.374821428571428328e+01
9.362631949331456838e+01
9.310903225806451644e+01
9.366896551724137510e+01
9.348518518518518761e+01
9.310413110276545012e+01
9.298533333333332962e+01
9.309115739160122871e+01
9.340891089108910705e+01
9.356207233626588504e+01
9.365850340136054797e+01
9.409218859957776715e+01
9.347044334975369395e+01
9.291100000000000136e+01
9.294775339602925612e+01
9.320830401125967057e+01
9.273847729600545620e+01
9.291774193548387473e+01
9.305258064516128513e+01
9.375862068965517437e+01
9.332861952861952659e+01
9.292933333333333223e+01
9.338172413793103033e+01
9.357166666666667254e+01
9.310572390572390589e+01
9.278000000000000114e+01
9.287299419597131589e+01
9.294566666666666777e+01
9.297810457516339966e+01
9.335317460317460814e+01
9.367199999999999704e+01
9.417450365726227801e+01
9.411668408220131710e+01
9.340000000000000568e+01
9.331801889866406441e+01
9.329689655172413154e+01
9.284733333333333860e+01
9.301633333333333553e+01
9.310233333333333405e+01
9.309666666666666401e+01
9.250599747474747403e+01
9.294965986394558399e+01
9.307104377104377591e+01
9.299360269360269626e+01
9.297811447811447749e+01
9.289730639730639439e+01
