8.277827341905012304e+01
8.084160401002506546e+01
8.277362637362637088e+01
8.216077981651376660e+01
8.348341121495326433e+01
8.487528344671201808e+01
8.353112348178137836e+01
8.278725961538461320e+01
8.432235576923076792e+01
8.276366715045959666e+01
8.481186040409340876e+01
8.491144454251249840e+01
8.384085213032581407e+01
8.310784570978745478e+01
8.300308880308880077e+01
8.494807692307692548e+01
8.581403508771930433e+01
8.363828727906397376e+01
8.347115384615383959e+01
8.290197883110906218e+01
8.347943376068376153e+01
8.385463659147869464e+01
8.531885539090444581e+01
8.476325616131441620e+01
8.564323290291726209e+01
8.327631578947368496e+01
8.262427884615384244e+01
8.372904761904761983e+01
8.346225319396050679e+01
8.266987179487179560e+01
8.229072681704261072e+01
8.182920536635707265e+01
8.137601214574898734e+01
8.150603573153065895e+01
8.246090225563909826e+01
8.233300541072307510e+01
8.387055016181230371e+01
8.584493284493284193e+01
8.567864214992927430e+01
8.606660899653979868e+01
8.478594771241830585e+01
8.485414896629849579e+01
8.760406553398058804e+01
8.742487980769230660e+01
8.691379817593410451e+01
8.656701631701631072e+01
8.694939688143571743e+01
8.785844033823990173e+01
8.743196112064036640e+01
8.681219660194174992e+01
8.784027560288130587e+01
8.689441747572816155e+01
8.598600799543118001e+01
8.203173241852486797e+01
8.245312500000000000e+01
8.316404428904428414e+01
8.046166902404526411e+01
8.075238095238094616e+01
8.128131808278867254e+01
8.038348416289592535e+01
8.005528846153846700e+01
8.109505494505494028e+01
8.204894179894179729e+01
8.251575854700854507e+01
8.185456885456885345e+01
8.275000000000000000e+01
8.209626769626770226e+01
8.330450733752620351e+01
8.263912483912483253e+01
8.254360020397756159e+01
8.366126126126125939e+01
8.348958333333332860e+01
8.293323903818952658e+01
8.311708683473389669e+01
8.527802294792586224e+01
8.600631009615383959e+01
8.642691622103386351e+01
8.611735870818915828e+01
8.648390151515151558e+01
8.596093750000000000e+01
8.632161290322581237e+01
8.557966876070817364e+01
8.609515151515151388e+01
8.698883928571429180e+01
8.663848484848485043e+01
8.661926192619262110e+01
8.602534722222222285e+01
8.500902777777777430e+01
8.640034722222222285e+01
8.648923611111111143e+01
8.738290322580645864e+01
8.585134685733288507e+01
8.666749379652605967e+01
8.755933333333332769e+01
8.713818181818182040e+01
8.675848484848485498e+01
8.728742874287428322e+01
8.799838709677419502e+01
8.772880258899675709e+01
8.733231913455037443e+01
8.758705501618122469e+01
8.694230112666438970e+01
8.700887674974393349e+01
8.699180607715943836e+01
8.663645161290322960e+01
8.743709677419354875e+01
8.674428132468419506e+01
8.692796176169341038e+01
8.785610373181530974e+01
8.706797385620915009e+01
8.706503267973856452e+01
8.703960396039603609e+01
8.727788778877888376e+01
8.641987829614603811e+01
8.728311932352019653e+01
8.598529411764705799e+01
8.740462046204621060e+01
8.719578409453848167e+01
8.706732673267326561e+01
8.660261437908496873e+01
8.724213564213563643e+01
8.702549019607843661e+01
8.749345238095237676e+01
8.757751331036642739e+01
8.755163398692810972e+01
8.752352941176471290e+01
8.772320261437909039e+01
8.780099009900989415e+01
8.721941871606514951e+01
8.742739273927392674e+01
8.766133333333333155e+01
8.664709677419354250e+01
8.729699999999999704e+01
8.664108910891089010e+01
8.686172065482409721e+01
8.685185185185184764e+01
8.641609644835450865e+01
8.598032258064516498e+01
8.667065446868402034e+01
8.599258064516129707e+01
8.590548387096774263e+01
8.615717821782178021e+01
8.625285109156077112e+01
8.582720588235294201e+01
8.659725085910652354e+01
8.593116062520785192e+01
8.620099009900989984e+01
8.614125412541254434e+01
8.684869281045752132e+01
8.668419255718674776e+01
8.636793103448276554e+01
8.616806451612903572e+01
8.658557284299858736e+01
8.646343021398914175e+01
8.621815181518151405e+01
8.584224422442244418e+01
8.651644841903545569e+01
8.650099009900989699e+01
8.662843137254901649e+01
8.630010242403550080e+01
8.649640522875816373e+01
8.601142857142856712e+01
8.654375000000000284e+01
8.725082508250825697e+01
8.735950836462956204e+01
8.723591669511779401e+01
8.713564356435644243e+01
8.678431372549019329e+01
8.704950495049504866e+01
8.653333333333333144e+01
8.717854785478547797e+01
8.722277227722771897e+01
8.615228758169934054e+01
8.646724137931035159e+01
8.674964985994397182e+01
8.717908496732026435e+01
8.712254901960784537e+01
8.756250000000000000e+01
8.737306397306397798e+01
8.636274509803921262e+01
8.670570160464322385e+01
8.717917598211434438e+01
8.671799248890405920e+01
8.660784313725490335e+01
8.694639808808467762e+01
8.669700000000000273e+01
8.650933333333333053e+01
8.713517241379310008e+01
8.722727272727273373e+01
8.718956228956228927e+01
8.748299319727891543e+01
8.684133333333333837e+01
8.723063973063973719e+01
8.722724137931034250e+01
8.726965517241379189e+01
8.698646864686467950e+01
8.670900000000000318e+01
8.666544117647059409e+01
8.669761904761904248e+01
8.666626213592232375e+01
8.717885659533695275e+01
8.702354838709678120e+01
8.712376237623762165e+01
8.694707171938615886e+01
8.670699257425742701e+01
8.668579404466501614e+01
8.681991857187597361e+01
8.698308800501095561e+01
8.687408088235294201e+01
8.659999999999999432e+01
8.723988095238095752e+01
8.703066037735848681e+01
8.715857605177993150e+01
8.643841019417475025e+01
8.654342431761786258e+01
8.721037735849056105e+01
8.708184818481848311e+01
8.667214640198511688e+01
8.674596774193548754e+01
8.685787288406260132e+01
8.635177993527507567e+01
8.619381009615383959e+01
8.620781637717121271e+01
8.646633260256811582e+01
8.709905660377359027e+01
8.785160011328235896e+01
8.718898356664638527e+01
8.773630831643002637e+01
8.725870328968380818e+01
8.726335361730899365e+01
8.641522277227723237e+01
8.703716103113491442e+01
8.736501650165016031e+01
8.722799874725963321e+01
8.660266666666666424e+01
8.698955453149001471e+01
8.635867135100606617e+01
8.653433333333333621e+01
8.640966666666666640e+01
8.602025036818851333e+01
8.527621037965865014e+01
8.552541770351938055e+01
8.477823129251700607e+01
8.580021329541415298e+01
8.694673202614379193e+01
8.706274509803921546e+01
8.692779126213592633e+01
8.583075299085150789e+01
8.529829931972788870e+01
8.714356435643564680e+01
8.602789115646258722e+01
8.632582688247713065e+01
8.703839317454674074e+01
8.571489512975470859e+01
8.708159392789373499e+01
8.615158045977011625e+01
8.549251700680271426e+01
8.630567528735632266e+01
8.575429553264605431e+01
8.726960784313725128e+01
8.758444022770397908e+01
8.650186011904762040e+01
8.658051901884110180e+01
8.677852826164237854e+01
8.664694940476189799e+01
8.586277269528501677e+01
8.598367346938775313e+01
8.683967294703164441e+01
8.650257731958762975e+01
8.649271240668325333e+01
8.625986491290437641e+01
8.642019196587273200e+01
8.619267685744756591e+01
8.539259259259259238e+01
8.577857142857142492e+01
8.584965986394557547e+01
8.640240549828178018e+01
8.656013745704467510e+01
8.623951890034363998e+01
8.634909349448986404e+01
8.594387755102040671e+01
8.602595094205474879e+01
8.594405348346235485e+01
8.595343050124422746e+01
8.525499999999999545e+01
8.656924198250729319e+01
8.592993197278912021e+01
8.553872053872053982e+01
8.545117845117844979e+01
8.656043190525949171e+01
8.633491253644315577e+01
8.636552478134110800e+01
8.667047128129601674e+01
8.622167487684728826e+01
8.676030927835051898e+01
8.495399999999999352e+01
8.587182166492510760e+01
8.660042659082829175e+01
8.587108843537414771e+01
8.670742979025951058e+01
8.556523323615159882e+01
8.641130465694988061e+01
8.593681410043232916e+01
8.606615059817029589e+01
8.602392681210415049e+01
8.473843537414965965e+01
8.648287172011661994e+01
8.739419237749545744e+01
8.576666666666666572e+01
8.605367934589406786e+01
8.579763148728666522e+01
8.577880184331797864e+01
8.602452897262709541e+01
8.695986745213549796e+01
8.662284482758620641e+01
8.750446428571429180e+01
8.540241120886281578e+01
8.636292517006802427e+01
8.722686025408349053e+01
8.739285714285713880e+01
8.722755102040815700e+01
8.679132598649128738e+01
8.633736224671169168e+01
8.684620991253643751e+01
8.709867452135493693e+01
8.671169569854248493e+01
8.708674013508709777e+01
8.703019145802650769e+01
8.698571926158133749e+01
8.681523323615159882e+01
8.686192930780559607e+01
8.732219827586206407e+01
8.668067528735632266e+01
8.645284459717449010e+01
8.720833333333332860e+01
8.699153166421207573e+01
8.653663793103447688e+01
8.825189969604863904e+01
8.696318114874816274e+01
8.617136886102403537e+01
8.716273932253314172e+01
8.732650862068965125e+01
8.669145802650957933e+01
8.667157584683357641e+01
8.663475699558173915e+01
8.646796759941089761e+01
8.731882397861778600e+01
8.396233333333333348e+01
8.659499263622974752e+01
8.694347671525062538e+01
8.812254901960784537e+01
8.447567417292188452e+01
8.496672453703703809e+01
8.546514161220044059e+01
8.588703703703703241e+01
8.482638888888888573e+01
8.449433351322180386e+01
8.497960917587086271e+01
8.533343160377359027e+01
8.542957366432811739e+01
8.534667778704475438e+01
8.608015046296296191e+01
8.142248488180318589e+01
8.121468624833110539e+01
8.368903743315507882e+01
8.401699946033458843e+01
8.429719210453156109e+01
8.589393939393939092e+01
8.179519697787371513e+01
8.411305841924398408e+01
8.504789719626168676e+01
8.465974025974026063e+01
8.249207920792079562e+01
8.444343434343434751e+01
8.380967741935484128e+01
8.263510101010101039e+01
8.059320477502295432e+01
8.039604591836734926e+01
7.939363330272421138e+01
7.968923666560203856e+01
8.089038841342988917e+01
7.974502601775328969e+01
7.989852941176471290e+01
7.952322580645160599e+01
7.967896789678967195e+01
8.083547794117646390e+01
8.335096153846153300e+01
8.350924369747899334e+01
8.445904343045629048e+01
8.303151649981461446e+01
7.890132827324478626e+01
8.022683142100618170e+01
8.091322815533980872e+01
8.314129273504273954e+01
8.218211821182117660e+01
8.250774193548386393e+01
8.328959276018099445e+01
8.194175317185697338e+01
8.338557558945907999e+01
8.419191919191919737e+01
8.385630252100840210e+01
8.224120879120879124e+01
8.173220064724918643e+01
8.294355317884729573e+01
8.143656286043828629e+01
8.235517799352750501e+01
8.278575547866205397e+01
8.243697478991596483e+01
8.229267589388696535e+01
8.251983356449376572e+01
8.253337104072397779e+01
8.243851132686084782e+01
8.163589324618736498e+01
8.198210470085470547e+01
8.223613445378151710e+01
8.186538461538461320e+01
8.238194444444444287e+01
8.273031283710895423e+01
8.436708144796379827e+01
8.467367788461538680e+01
8.531446540880503449e+01
8.447748513169074158e+01
8.630521091811414180e+01
8.737551990493166443e+01
8.697406759906759532e+01
8.447687500000000682e+01
8.459562289562289550e+01
8.504419354838709921e+01
8.476599326599325934e+01
8.557233333333333292e+01
8.500166666666666515e+01
8.504026402640263882e+01
8.560322580645161850e+01
8.528888888888889142e+01
8.499427609427608843e+01
8.451866666666666106e+01
8.524774193548387302e+01
8.506366666666666276e+01
8.520792079207920722e+01
8.471468749999999659e+01
8.461161290322580442e+01
8.472424242424241925e+01
8.417023315234749248e+01
8.458193548387096428e+01
8.518844884488449054e+01
8.445082508250824560e+01
8.543876262626262985e+01
8.458580645161289624e+01
8.480800000000000693e+01
8.516096774193547958e+01
8.547612903225805780e+01
8.546133333333332871e+01
8.503910068426198166e+01
8.366471163245357445e+01
8.253290322580645011e+01
8.268656249999999375e+01
8.301136363636364024e+01
8.179888613861386659e+01
8.154562500000000114e+01
8.109161290322580840e+01
8.214186851211073304e+01
8.099838709677419502e+01
8.255249999999999488e+01
8.189185977421271900e+01
8.201980198019802515e+01
8.101699029126213247e+01
8.153921568627451677e+01
8.189449257425742701e+01
8.212358882947118843e+01
8.101577669902913215e+01
8.231674757281552957e+01
8.098098633392750401e+01
8.099316696375520053e+01
8.183142100617828874e+01
8.128695913461538680e+01
8.159405637254901933e+01
8.149272612270715399e+01
8.122360436893204394e+01
8.109848484848484418e+01
8.251593137254901933e+01
8.251769495772001051e+01
8.200961538461538680e+01
8.289253393665158853e+01
8.378506787330316286e+01
8.242445388349514701e+01
8.169891826923077360e+01
8.278754997144488925e+01
8.339276257722859498e+01
8.348725728155339709e+01
8.337569873492203953e+01
8.396910856134157086e+01
8.351075268817204744e+01
8.392104454685099313e+01
8.208023088023088576e+01
8.319667832167831989e+01
8.201537533916189204e+01
8.401532451923077360e+01
8.276434245366284870e+01
8.233252427184466171e+01
8.269831730769230660e+01
8.291770186335403992e+01
8.051394557823128650e+01
8.175189003436426560e+01
8.441183574879227081e+01
8.348227797690162788e+01
8.490919952210275312e+01
8.535690653432588704e+01
8.577851941747573505e+01
8.452803006576887412e+01
8.539644607843136725e+01
8.441528343250861610e+01
8.356555944055943996e+01
8.453717948717948616e+01
8.487358490566037972e+01
8.436371527777777146e+01
8.417579165433559751e+01
8.069285714285713595e+01
7.903398058252426495e+01
7.989586889723454988e+01
7.944929006085192214e+01
8.315007598784194442e+01
8.050482758620690049e+01
7.980673400673400408e+01
8.031958762886597469e+01
7.639803921568626777e+01
7.987276785714286120e+01
7.604183006535947698e+01
7.600163398692809835e+01
7.587504267668145985e+01
7.703175145100716747e+01
7.616472491909385667e+01
7.614097363083163827e+01
7.557628205128204968e+01
7.540065359477124218e+01
7.574814063556456745e+01
7.876909722222222854e+01
7.747456469784908961e+01
7.852406609195402609e+01
7.574104124408384564e+01
7.531111111111111711e+01
7.591480730223123885e+01
7.584914611005692109e+01
7.852719516530395083e+01
7.586037863421231009e+01
7.434700908236767702e+01
7.673527730131503688e+01
7.790394511149227696e+01
7.925937500000000568e+01
7.717839472237493226e+01
7.649836601307190165e+01
7.606377130291369326e+01
7.705692438402718381e+01
7.889104674127715100e+01
7.633879023307436285e+01
7.886438446346279818e+01
7.654901960784313530e+01
7.638961038961039662e+01
7.552171522814732896e+01
7.720532741398446319e+01
7.723647691871991583e+01
7.583482676224612362e+01
