7.706913798175934005e+01
7.640693481276005627e+01
7.664134780125642976e+01
7.672565880721219855e+01
7.636721873215304868e+01
7.660588235294117965e+01
7.674425140521205435e+01
7.658851540616247178e+01
7.653977591036414196e+01
7.654705882352941160e+01
7.599778085991678722e+01
7.640840336134453992e+01
7.570164835164834471e+01
7.658076379066477557e+01
7.624560439560438851e+01
7.663335237007424894e+01
7.612600922722029395e+01
7.613536754507627791e+01
7.614313453536755105e+01
7.624438280166435788e+01
7.617947295423023490e+01
7.610818307905687163e+01
7.652103559870549532e+01
7.646985446985446799e+01
7.619758593545000736e+01
7.691400282885430784e+01
7.666320645905420861e+01
7.643277310924369772e+01
7.643109243697479371e+01
7.592733564013840919e+01
7.605670376258611043e+01
7.636134453781512832e+01
7.673867313915857835e+01
7.677595473833098083e+01
7.656634304207119612e+01
7.663187702265372536e+01
7.651988795518207098e+01
7.628851540616246041e+01
7.635854341736694550e+01
7.679971711456859396e+01
7.622156862745097783e+01
7.638996763754045105e+01
7.661719833564494309e+01
7.613342579750346317e+01
7.677028571428571979e+01
7.647815126050420531e+01
7.643109243697479371e+01
7.718142108328480333e+01
7.692011095700415524e+01
7.594230235783633987e+01
7.628039215686274588e+01
7.639019607843137294e+01
7.626974789915966824e+01
7.674314002828853631e+01
7.620166435506241953e+01
7.652322225137758949e+01
7.644313725490195566e+01
7.605855119825707789e+01
7.704873949579831560e+01
7.684313725490196134e+01
7.635322128851539958e+01
7.676407355021216006e+01
7.630507497116494164e+01
7.596750700280111346e+01
7.607716948165405313e+01
7.487656033287100854e+01
7.577447988904299336e+01
7.614537815126050191e+01
7.523435814455231707e+01
7.576726768377254473e+01
7.510079954311821382e+01
7.606526610644257858e+01
7.600028555111364881e+01
7.593506115317414640e+01
7.596246498599440145e+01
7.596946778711485138e+01
7.587156726768377268e+01
7.573425797503468004e+01
7.603641456582633396e+01
7.585264408793820223e+01
7.607871148459383903e+01
7.581054091539527917e+01
7.615574229691877406e+01
7.629395900755123705e+01
7.563725490196078738e+01
7.558650519031141357e+01
7.604854368932038255e+01
7.606246498599439576e+01
7.686284216656959245e+01
7.643137254901961342e+01
7.714653465346535199e+01
7.714229137199434660e+01
7.658557284299858736e+01
7.681708683473389954e+01
7.685910364145658491e+01
7.692717086834733209e+01
7.663453698311008111e+01
7.696806722689075286e+01
7.728667745415317825e+01
7.718528995756717848e+01
7.711950185479597053e+01
7.725108932461873223e+01
7.751761442441053873e+01
7.712621359223301454e+01
7.763278974956318734e+01
7.760757080610021319e+01
7.906573157315732203e+01
7.821804298642534548e+01
7.871424822881132854e+01
7.875893886966551349e+01
7.983455882352940591e+01
7.927527127355796210e+01
7.920040369088812326e+01
7.896856978085351386e+01
7.906789250353607201e+01
7.807502206531333400e+01
7.812533097969991047e+01
7.786436322101656060e+01
7.772128851540615813e+01
7.790051903114186871e+01
7.801892836342457827e+01
7.763091118800461743e+01
7.791467676179382806e+01
7.777373325567850770e+01
7.705658807212205375e+01
7.714215686274509665e+01
7.726470588235294201e+01
7.715666860803727900e+01
7.729668760708166531e+01
7.731553398058252924e+01
7.735352358765288727e+01
7.742324929971988468e+01
7.779030303030303628e+01
7.778668515950069207e+01
7.790749646393210526e+01
7.779498269896193108e+01
7.775144175317186068e+01
7.771607454863134024e+01
7.798076379066478125e+01
7.806150615061505960e+01
7.791262975778546718e+01
7.827198602213162815e+01
7.747134713471346856e+01
7.720728291316527248e+01
7.747318339100345952e+01
7.718953323903818386e+01
7.795224228305183090e+01
7.749335219236209582e+01
7.754671280276816958e+01
7.785527082119976683e+01
7.803669190448457016e+01
7.752364475201845551e+01
7.739388696655132094e+01
7.684642541924095838e+01
7.767961165048544103e+01
7.739963996399639257e+01
7.769377162629757549e+01
7.692220650636491541e+01
7.676237623762376927e+01
7.652248939179632714e+01
7.663636363636364024e+01
7.677482319660536803e+01
7.706742857142856451e+01
7.722277227722771897e+01
7.729485714285713982e+01
7.665826403326403238e+01
7.686731391585760775e+01
7.738295577130529068e+01
7.749625520110957666e+01
7.749024045261668903e+01
7.700085714285714289e+01
7.784162621359223522e+01
7.789568764568764436e+01
7.828920270667843795e+01
7.865151515151515582e+01
7.845389851485148824e+01
7.833833480435421848e+01
7.734980876728450028e+01
7.761194468961458881e+01
7.771815239776404383e+01
7.744258241758241468e+01
7.725014560279556974e+01
7.691258840169730604e+01
7.691484049930652134e+01
7.661465141612200114e+01
7.700952380952381304e+01
7.769961873638344230e+01
7.775926449787836248e+01
7.792114285714285415e+01
7.780735502121640934e+01
7.737914967967384428e+01
7.723556644880174815e+01
7.762472222222221774e+01
7.774548631333721005e+01
7.783221288515406400e+01
7.798359264497878485e+01
7.797115646258502863e+01
7.816033287101248561e+01
7.855062413314840342e+01
7.826380027739250522e+01
7.861793260993718491e+01
7.837611408199643392e+01
7.798698727015558063e+01
7.778741991846243309e+01
7.745719329214475124e+01
7.781736694677870503e+01
7.701321467098166806e+01
7.722145328719723523e+01
7.726470588235294201e+01
7.729084967320261512e+01
7.768560822387208020e+01
7.746672608437314977e+01
7.741483516483516780e+01
7.839763552479816155e+01
7.752912621359223522e+01
7.763133372160746148e+01
7.778359264497878200e+01
7.776643598615916630e+01
7.712312572087658680e+01
7.785042016806723097e+01
7.775210084033614066e+01
7.698414071510957513e+01
7.764563106796116188e+01
7.728932038834950902e+01
7.801614763552480269e+01
7.780968858131487309e+01
7.776989619377162910e+01
7.778777393310265609e+01
7.794787419918462490e+01
7.814589400116481954e+01
7.760366036603660689e+01
7.805210084033613782e+01
7.714061624649859539e+01
7.769554455445545216e+01
7.808907563025209697e+01
7.755392156862744457e+01
7.766241331484049226e+01
7.748404993065187796e+01
7.806510565391205603e+01
7.779140083217752988e+01
7.763811995386389242e+01
7.811707595659622427e+01
7.745145631067961745e+01
7.764493758668515966e+01
7.731296402055967576e+01
7.806348281887012774e+01
7.811562860438293399e+01
7.806785090273733374e+01
7.798229847494553724e+01
7.797494553376905913e+01
7.777821782178217802e+01
7.775098039215686185e+01
7.757681324957167135e+01
7.742305407011289731e+01
7.754159239453356633e+01
7.780161476355247885e+01
7.747955280964990266e+01
7.731785714285713595e+01
7.717475728155339709e+01
7.724423298731257148e+01
7.758335644937587006e+01
7.744807296263607554e+01
7.764877213021131297e+01
7.758366647629925694e+01
7.762466246624661892e+01
7.753940605368360650e+01
7.763221016561963950e+01
7.736595022624433682e+01
7.788692175899485903e+01
7.747117064647640916e+01
7.692399445214979892e+01
7.795406162464985300e+01
7.724643061107938991e+01
7.735439720442631995e+01
7.675604395604395336e+01
7.675027233115469016e+01
7.746887492861222313e+01
7.749215686274509096e+01
7.713897364771150933e+01
7.745602512849799837e+01
7.667906574394463348e+01
7.720252100840336595e+01
7.674871501998858037e+01
7.811274509803921262e+01
7.728056516724336689e+01
7.710868347338936246e+01
7.763888888888888573e+01
7.705546218487394583e+01
7.702857142857142492e+01
7.743221288515405831e+01
7.751678224687933039e+01
7.741061130334486506e+01
7.712477718360071322e+01
7.739878892733564442e+01
7.754710042432814987e+01
7.785206755969714720e+01
7.713552479815454888e+01
7.776087608760876435e+01
7.745735294117646674e+01
7.770297029702970804e+01
7.765142690739662612e+01
7.703210321032102570e+01
7.763846384638463860e+01
7.814705882352940591e+01
7.797869786978698414e+01
7.719463667820069475e+01
7.763278974956318734e+01
7.775956596230724926e+01
7.763308095515434104e+01
7.724624889673432904e+01
7.782857142857142208e+01
7.786579097658480464e+01
7.721972318339099672e+01
7.776514285714286245e+01
7.730132641291811524e+01
7.763396339633963805e+01
7.737485582468281109e+01
7.753691654879773409e+01
7.739994232987312728e+01
7.765626856803326916e+01
7.813861386138613341e+01
7.818162128712870640e+01
7.765171811298776561e+01
7.773578500707213834e+01
7.696002284408909588e+01
7.712436974789916633e+01
7.781013395457192416e+01
7.752729844413012472e+01
7.788863506567675188e+01
7.825364006988934307e+01
7.772427184466019412e+01
7.797736916548797126e+01
7.783189158016148212e+01
7.831712288875947081e+01
7.834256055363321991e+01
7.723063482818869829e+01
7.771287128712870640e+01
7.745778170050014921e+01
7.703546712802767615e+01
7.712053056516724325e+01
7.804718750000000682e+01
7.714851485148514598e+01
7.759525952595259923e+01
7.771994342291371538e+01
7.825322532253225916e+01
7.817171428571428748e+01
7.764735591206179777e+01
7.756785090273733374e+01
7.767618223760092633e+01
7.804554455445544647e+01
7.761140819964349191e+01
7.841117052881759264e+01
7.806506238859179803e+01
7.782439446366781510e+01
7.800061881188118207e+01
7.859220297029702351e+01
7.802333333333332632e+01
7.787097772277228103e+01
7.882958295829583051e+01
7.781920415224912801e+01
7.823238206173559206e+01
7.764026402640264735e+01
7.853581828771112328e+01
7.807122260668973013e+01
7.792778101339546026e+01
7.787284610814022301e+01
7.848329207920792783e+01
7.850045004500449863e+01
7.762982768865121841e+01
7.828929455445545216e+01
7.818627450980392268e+01
7.830834512022630634e+01
7.824667609618104791e+01
7.827023878858473438e+01
7.812492719860220802e+01
7.805387303436225466e+01
7.822387207310109147e+01
7.840088235294118135e+01
7.808580858085808529e+01
7.834953495349535046e+01
7.815219236209335918e+01
7.800728013977868613e+01
7.822093352192362659e+01
7.822862286228622963e+01
7.929468874928612365e+01
7.923495145631068226e+01
7.877984857309260747e+01
7.866323529411764071e+01
7.882235294117647584e+01
7.845544554455445052e+01
7.827899159663866158e+01
7.816696969696970143e+01
7.795602240896359092e+01
7.773323529411764810e+01
7.807970588235293974e+01
7.802484848484849067e+01
7.806787878787878299e+01
7.794845938375350158e+01
7.847990681421083536e+01
7.830975954738330813e+01
7.769867358708188476e+01
7.816221033868092150e+01
7.848634863486348934e+01
7.850303030303030027e+01
7.840448456610367600e+01
7.873558532323821169e+01
7.729441473559120368e+01
7.929554655870445856e+01
7.942543077837196108e+01
7.959276437847866248e+01
7.880746862565044353e+01
8.010586734693877986e+01
8.181443298969071520e+01
8.092400000000000659e+01
8.168213383838383379e+01
8.081849103277674828e+01
8.064285714285713880e+01
8.179209919261822392e+01
8.129450757575757791e+01
8.176843750000000455e+01
8.017941176470587550e+01
7.695639097744360413e+01
7.816428571428571104e+01
7.841090909090908667e+01
7.735530410183875460e+01
7.645772005772005286e+01
7.554135135135135215e+01
7.590459459459459879e+01
7.574540540540540690e+01
7.559578947368420643e+01
7.473982246709519472e+01
7.553587153587153580e+01
7.475072886297375874e+01
7.422250280583614312e+01
7.452215743440233098e+01
7.382101947308133560e+01
7.373829531812725691e+01
7.424664723032070413e+01
7.401298701298701133e+01
7.422040816326530432e+01
7.419300291545189907e+01
7.349607182940516736e+01
7.441296518607443033e+01
7.418041526374859984e+01
7.404966329966329397e+01
7.485079365079364777e+01
7.515584415584415012e+01
7.571033868092690966e+01
7.567006802721088832e+01
7.444117647058823195e+01
7.490784438775510523e+01
7.536858379715522460e+01
7.547640306122448806e+01
7.518862090290662081e+01
7.513952020202020776e+01
7.422756981580511138e+01
7.437565521258008516e+01
7.427256843331392133e+01
7.386888688868886277e+01
