7.036862745098039795e+01
7.075566911529863035e+01
7.306403186274509665e+01
7.643069306930692619e+01
7.818601860186018371e+01
7.876297629762976271e+01
7.914532098371127233e+01
8.147813722004977421e+01
8.093869731800766942e+01
8.276628352490421037e+01
8.351091560768979605e+01
8.368013468013468525e+01
8.404950495049504866e+01
8.493580971000325519e+01
8.473981191222570430e+01
8.477866666666666617e+01
8.498397770811564556e+01
8.354868154158215532e+01
8.523164983164983255e+01
8.440067340067339785e+01
8.429438943894389524e+01
8.499548387096774604e+01
8.494700460829493238e+01
8.511209179170344896e+01
8.503935483870968426e+01
8.538283828382837726e+01
8.661642156862744457e+01
8.572732843137255543e+01
8.518509238960226071e+01
8.510814950980392268e+01
8.475849514563107334e+01
8.499968374446552843e+01
8.499226485148514598e+01
8.481120448179271420e+01
8.486738673867387206e+01
8.478251262626262985e+01
8.439687194525903635e+01
8.426250000000000284e+01
8.466391184573002704e+01
8.438342609771180491e+01
8.488443256090315003e+01
8.429660238751148427e+01
8.495874999999999488e+01
8.516358418367346417e+01
8.515894236482472479e+01
8.511424242424241982e+01
8.471472298745025853e+01
8.402636363636364081e+01
8.509856137128863907e+01
8.381342840166369967e+01
8.470093749999999488e+01
8.519575757575758246e+01
8.517303030303030198e+01
8.482405689548546945e+01
8.491909090909091162e+01
8.520612061206121268e+01
8.507787878787878810e+01
8.506999999999999318e+01
8.550875000000000625e+01
8.531053105310530782e+01
8.530437499999999318e+01
8.593419038873584270e+01
8.598341836734694255e+01
8.536543654365436851e+01
8.513625000000000398e+01
8.528412841284128376e+01
8.559246247205365421e+01
8.611241446725317417e+01
8.554787878787878697e+01
8.609874999999999545e+01
8.576437500000000114e+01
8.429862663685723589e+01
8.559469696969696884e+01
8.556333333333333258e+01
8.504560759106213652e+01
8.587696969696969518e+01
8.616249999999999432e+01
8.481064516129032427e+01
8.539687499999999432e+01
8.494363636363635806e+01
8.501330445544554948e+01
8.483499999999999375e+01
8.532343749999999716e+01
8.494894801980197485e+01
8.442141089108910990e+01
8.537656250000000568e+01
8.543843750000000625e+01
8.545031249999999545e+01
8.456755030341743407e+01
8.486906249999999829e+01
8.553076216712580049e+01
8.467095194367921351e+01
8.505971534653465937e+01
8.549910714285714164e+01
8.585512265512265628e+01
8.586013986013986710e+01
8.631885856079404107e+01
8.547797619047618412e+01
8.574141414141413975e+01
8.624935064935064588e+01
8.640399385560675682e+01
8.595089285714286120e+01
8.557437782805429549e+01
8.577127039627039551e+01
8.607678571428571956e+01
8.568451720310766007e+01
8.523612652608213125e+01
8.661350235849056389e+01
8.601572327044024746e+01
8.633107311320755173e+01
8.601943967981704020e+01
8.618042452830188438e+01
8.616303066037735903e+01
8.617541273584905070e+01
8.549062049062048629e+01
8.556709558823528994e+01
8.517720057720057980e+01
8.594430693069307381e+01
8.598841354723707298e+01
8.521561771561771081e+01
8.563261183261182907e+01
8.459958811415121716e+01
8.636698717948718240e+01
8.513547237076649310e+01
8.479440045248868785e+01
8.473265363919568927e+01
8.479609728506787292e+01
8.590471813725490335e+01
8.644411057692308020e+01
8.590234375000000000e+01
8.598174071819842368e+01
8.478846719623417982e+01
8.562139423076922640e+01
8.637388632872503536e+01
8.633394777265745290e+01
8.739622641509433265e+01
8.641315136476427483e+01
8.657797619047619264e+01
8.660227272727273373e+01
8.615440115440115676e+01
8.534226190476189799e+01
8.606614077669902940e+01
8.594975490196078738e+01
8.630011655011655591e+01
8.654059579439253014e+01
8.583315008246289324e+01
8.653744103773584584e+01
8.582470238095237391e+01
8.571932773109243442e+01
8.560814022578728100e+01
8.620325712496085657e+01
8.643339100346020132e+01
8.619131652661064891e+01
8.566845238095237391e+01
8.573371880706025649e+01
8.576488095238094900e+01
8.597621070518266606e+01
8.625443110348770404e+01
8.598543155579989161e+01
8.539542483660130756e+01
8.624671240708975972e+01
8.621212121212121815e+01
8.586849628359061626e+01
8.516822429906541458e+01
8.577315084449621452e+01
8.582342657342657333e+01
8.544033613445378705e+01
8.512240047534164944e+01
8.463898500576701167e+01
8.534759358288769704e+01
8.451741861793260568e+01
8.579627962796278950e+01
8.498146513680494252e+01
8.490369088811995368e+01
8.490311418685121225e+01
8.514151220947337606e+01
8.574004753416518554e+01
8.593731431966726575e+01
8.577971813725490335e+01
8.526173499702910874e+01
8.547118241235888547e+01
8.605760576057605249e+01
8.631533153315331219e+01
8.540348372358651829e+01
8.569756975697569601e+01
8.578063725490196134e+01
8.493145042659605792e+01
8.524747474747475451e+01
8.545107746068724452e+01
8.568598300970873538e+01
8.492991504854369111e+01
8.530274170274169876e+01
8.545187165775401184e+01
8.577985739750445759e+01
8.569902912621358837e+01
8.619117647058823195e+01
8.561140819964349191e+01
8.521212121212121815e+01
8.559120617944147114e+01
8.615122094733744973e+01
8.591504854368932342e+01
8.578069674471730366e+01
8.594709158415841443e+01
8.565243516761543674e+01
8.652875000000000227e+01
8.581794953688917360e+01
8.689108910891089010e+01
8.770381231671554190e+01
8.607200000000000273e+01
8.689967741935484469e+01
8.734343434343433898e+01
8.781509810442301500e+01
8.875017182130584104e+01
8.870967741935483275e+01
8.880347938144329589e+01
8.809928385416667140e+01
8.875228070175438688e+01
8.757780612244897611e+01
8.774753127057275037e+01
8.749727891156462078e+01
8.716684082201324202e+01
8.755841584158416424e+01
8.688545095457537570e+01
8.732377577319587658e+01
8.659774193548386734e+01
8.718733333333332780e+01
8.741245791245790997e+01
8.634026402640263598e+01
8.621965517241379473e+01
8.646694346854040703e+01
8.716096448354512916e+01
8.730168350168349889e+01
8.689063044235457767e+01
8.615909866848754461e+01
8.577890466531439984e+01
8.594506547428936472e+01
8.645060606060606290e+01
8.735555555555555429e+01
8.629766847652507522e+01
8.709974747474747403e+01
8.714096774193548356e+01
8.707425742574257299e+01
8.624062499999999432e+01
8.729097425871619009e+01
8.679129032258065024e+01
8.714733333333333576e+01
8.536672794117646390e+01
8.615873522836155018e+01
8.545973557692308020e+01
8.513404321954274678e+01
8.551442307692308020e+01
8.633560942301126317e+01
8.555979567307691980e+01
8.591555977229602092e+01
8.604079696394687460e+01
8.572334558823528994e+01
8.591208096141681949e+01
8.550643382352940591e+01
8.590806451612903061e+01
8.635959383753501584e+01
8.658827586206896854e+01
8.633874239350912205e+01
8.646766666666667334e+01
8.591935483870967971e+01
8.586303630363036632e+01
8.586204620462045511e+01
8.583036303630362340e+01
8.572222222222222854e+01
8.622489601901366996e+01
8.534073062478661598e+01
8.621717171717172334e+01
8.564739699776428949e+01
8.603225806451612812e+01
8.635419993612264022e+01
8.582669196710942572e+01
8.590480708412397348e+01
8.622327640733712428e+01
8.621079527307568924e+01
8.586843769765971501e+01
8.605972532737145286e+01
8.552972802024035559e+01
8.554301075268817556e+01
8.587788778877887808e+01
8.552581699346404775e+01
8.616256786969019288e+01
8.620718750000000341e+01
8.588027332144979198e+01
8.564603960396038929e+01
8.568873762376237835e+01
8.580645161290323131e+01
8.556000000000000227e+01
8.668580645161290477e+01
8.688335396039603609e+01
8.652935483870967914e+01
8.598833333333332973e+01
8.610062499999999375e+01
8.669499999999999318e+01
8.597061641648035391e+01
8.535072738772927892e+01
8.536076732673267031e+01
8.535055693069307381e+01
8.609622524752475670e+01
8.638905180840664855e+01
8.579782816991377103e+01
8.623669554455445052e+01
8.614774193548386449e+01
8.598626636857234473e+01
8.605650252525252597e+01
8.584598355471220543e+01
8.594362745098038658e+01
8.611666666666666003e+01
8.641807729160012741e+01
8.568203883495145590e+01
8.609485787288406300e+01
8.565419354838709864e+01
8.584653465346534063e+01
8.638440533980582359e+01
8.728019801980198622e+01
8.673203449377196250e+01
8.651051980198019464e+01
8.581310679611650016e+01
8.571379950495050082e+01
8.630934343434343248e+01
8.518212121212121701e+01
8.516625000000000512e+01
8.473303030303030425e+01
8.484363636363636374e+01
8.678874999999999318e+01
8.488062442607896685e+01
8.677714646464646364e+01
8.638456632653061718e+01
8.624217687074829541e+01
8.607891156462585514e+01
8.568621700879765513e+01
8.621472792440533794e+01
8.656023699802501881e+01
8.529531249999999432e+01
8.601116071428570820e+01
8.578806451612902606e+01
8.535062499999999375e+01
8.546782178217821979e+01
8.649905303030303116e+01
8.663575757575758018e+01
8.671588235294117908e+01
8.874182389937107018e+01
8.666220151426907137e+01
8.967830882352940591e+01
8.938493849384938983e+01
8.898331310679611761e+01
8.896825859056494323e+01
8.902380952380951840e+01
8.867475728155339709e+01
8.975316269491027299e+01
8.980851715686274872e+01
8.938896746817539452e+01
9.035103510351035538e+01
8.716329966329966794e+01
8.720535714285713880e+01
8.731447811447812057e+01
8.732870967741935431e+01
8.889870129870129745e+01
8.776666666666666572e+01
8.754915824915825340e+01
8.803000000000000114e+01
8.812154318880163828e+01
8.690099009900990268e+01
8.834851485148514882e+01
8.777614379084967311e+01
8.786938646426312971e+01
8.812211221122112192e+01
8.801254125412540930e+01
8.907679738562092098e+01
8.762411598302686855e+01
8.735657546337158408e+01
8.847499999999999432e+01
8.989382352941176180e+01
9.182625000000000171e+01
9.220000000000000284e+01
9.315610651974287748e+01
9.341046831955922869e+01
9.204874727668845935e+01
9.078323529411764525e+01
9.004857673267326845e+01
8.851704545454545325e+01
8.766102198455139671e+01
8.655158096454806582e+01
8.548437500000000000e+01
8.580558823529412393e+01
8.554300742574257299e+01
8.539913366336634226e+01
8.566812500000000341e+01
8.541144781144781462e+01
8.568571428571428328e+01
8.586639030612245449e+01
8.584158415841584144e+01
8.653400673400673782e+01
8.684034653465346310e+01
8.731266666666667220e+01
8.754671280276816958e+01
8.764828431372548323e+01
8.772870967741935999e+01
8.820266089108910990e+01
8.816193548387096257e+01
8.836003600360035648e+01
8.834788108791903483e+01
8.905694535878868123e+01
8.885845951283739907e+01
8.812805474095796399e+01
8.813459158415841443e+01
8.819923371647509214e+01
8.840110785272075589e+01
8.863335679099225217e+01
8.787878787878787534e+01
8.766992505702182825e+01
8.810922029702970804e+01
8.837250000000000227e+01
8.789562289562289266e+01
8.774161922833648930e+01
8.778484848484848158e+01
8.832108843537415055e+01
8.832709677419354932e+01
8.859150757077024707e+01
8.816259367872271469e+01
8.812447051156728151e+01
8.796203413444793284e+01
8.827616853192890289e+01
8.845399999999999352e+01
8.848666666666666458e+01
8.813333333333333997e+01
8.847633333333332928e+01
8.851966666666666583e+01
8.887896551724138305e+01
8.850833333333333997e+01
8.842066666666666208e+01
8.783630363036303379e+01
8.812000000000000455e+01
8.783366336633663707e+01
8.800785250938886861e+01
8.840862068965516585e+01
8.841535947712418420e+01
