8.600252525252524549e+01
8.547343750000000284e+01
8.468235681369321810e+01
8.342026323844505953e+01
8.403630363036303663e+01
8.462878787878787534e+01
8.455968858131487309e+01
8.450393939393939036e+01
8.457570770243580682e+01
8.516993681410043848e+01
8.490420332355816413e+01
8.401806451612903004e+01
8.364531250000000284e+01
8.449968112244897611e+01
8.397991071428570820e+01
8.395684113865931408e+01
8.452031250000000284e+01
8.463848484848485043e+01
8.489789603960396391e+01
8.461205808080808310e+01
8.571580645161290590e+01
8.610859106529210294e+01
8.543970959595959869e+01
8.487128712871286496e+01
8.578712871287129360e+01
8.581110741602925884e+01
8.606806451612902720e+01
8.588114478114478345e+01
8.573363828289936350e+01
8.567546432062560768e+01
8.508788676761027148e+01
8.674591836734694539e+01
8.635549703752468531e+01
8.563400673400673213e+01
8.499133333333332985e+01
8.549064516129031688e+01
8.534276094276094682e+01
8.606666666666666288e+01
8.598799999999999955e+01
8.597066666666667345e+01
8.533737373737373844e+01
8.568064516129032882e+01
8.514249999999999829e+01
8.554924242424242209e+01
8.531786616161616621e+01
8.615766951942066498e+01
8.533680555555555713e+01
8.620639730639730658e+01
8.583733333333333348e+01
8.577647442163571156e+01
8.558939393939394336e+01
8.563030303030302548e+01
8.498863636363635976e+01
8.487096774193548754e+01
8.518562500000000171e+01
8.487781036168132687e+01
8.463571195829260319e+01
8.457510589768654086e+01
8.450016291951776282e+01
8.489898989898989612e+01
8.439843750000000000e+01
8.501767676767676107e+01
8.449433333333332996e+01
8.430140110785272611e+01
8.435223199739328948e+01
8.468383838383837769e+01
8.486936026936027133e+01
8.446041055718474411e+01
8.491111111111111143e+01
8.437960247637667521e+01
8.443548387096774377e+01
8.373354838709677495e+01
8.411893124796350207e+01
8.425204081632652731e+01
8.455334595959595845e+01
8.384096774193548640e+01
8.448074494949494806e+01
8.441296710316193241e+01
8.458492429229755771e+01
8.426588465298142694e+01
8.468700095816032558e+01
8.496527777777777146e+01
8.458781362007168525e+01
8.479211469534050138e+01
8.492636037797328186e+01
8.514076246334310838e+01
8.522093750000000512e+01
8.522937500000000455e+01
8.537504072987944426e+01
8.578703094140881547e+01
8.534180514825676767e+01
8.530922124470511392e+01
8.560312805474096365e+01
8.593970959595959869e+01
8.631245791245791565e+01
8.551343749999999488e+01
8.614967741935484469e+01
8.609281249999999375e+01
8.648647768002606995e+01
8.662495927012055574e+01
8.632612903225806633e+01
8.637563131313130782e+01
8.641792929292928704e+01
8.561293316831682887e+01
8.660103092783505474e+01
8.609687499999999716e+01
8.605312499999999432e+01
8.555060606060605721e+01
8.541111111111111143e+01
8.602606712284131163e+01
8.525959595959595561e+01
8.552720755946562292e+01
8.546451612903226192e+01
8.551806451612903004e+01
8.574012855831037427e+01
8.522580645161289681e+01
8.556129032258064626e+01
8.513156250000000114e+01
8.495894428152492139e+01
8.566939393939394165e+01
8.563468013468013851e+01
8.450838709677420013e+01
8.493450635386119529e+01
8.553424242424242152e+01
8.494916911045943664e+01
8.579838709677419217e+01
8.550157828282827666e+01
8.524031250000000171e+01
8.542489410231345914e+01
8.459969696969696429e+01
8.545355383532722726e+01
8.578215488215488449e+01
8.533249999999999602e+01
8.496064516129031574e+01
8.492806451612902663e+01
8.540250000000000341e+01
8.562709677419354648e+01
8.567903225806450962e+01
8.508451612903225225e+01
8.518129032258065081e+01
8.589267676767676107e+01
8.547741935483871600e+01
8.544096774193548072e+01
8.510156250000000000e+01
8.535195707070707272e+01
8.567515151515151217e+01
8.550757575757575069e+01
8.527649769585254091e+01
8.517718750000000227e+01
8.547387096774193083e+01
8.550978535353534937e+01
8.553903225806450905e+01
8.524814814814814667e+01
8.469566634082762846e+01
8.470022808732485942e+01
8.496437500000000398e+01
8.540719696969696884e+01
8.532575757575757791e+01
8.442838709677418763e+01
8.612479635060280714e+01
8.590968750000000398e+01
8.513062499999999488e+01
8.551325757575757791e+01
8.478918214402085596e+01
8.534068466096115912e+01
8.518999999999999773e+01
8.606647116324535318e+01
8.496843749999999318e+01
8.628703094140881547e+01
8.469534050179211704e+01
8.527304292929292728e+01
8.523806451612902890e+01
8.503645161290322108e+01
8.543466927337894390e+01
8.508653198653198046e+01
8.570544151189312743e+01
8.543465909090909349e+01
8.563516129032258561e+01
8.610170068027210277e+01
8.534364713627385868e+01
8.593613554903878082e+01
8.562878787878787534e+01
8.520093749999999488e+01
8.592864125122189023e+01
8.565580645161290363e+01
8.555239898989898961e+01
8.555555555555555713e+01
8.593276515151515582e+01
8.567749999999999488e+01
8.594570707070707272e+01
8.522153465346534063e+01
8.606032258064516327e+01
8.578909090909091617e+01
8.601580645161290306e+01
8.604757249918540651e+01
8.556052379431491772e+01
8.582079081632653583e+01
8.585677419354838946e+01
8.622062499999999829e+01
8.568150252525252597e+01
8.572419354838709182e+01
8.576838709677419104e+01
8.589507983056370222e+01
8.568548387096774377e+01
8.617855979146301593e+01
8.558967741935484241e+01
8.603910068426198166e+01
8.558419354838709125e+01
8.479919554455445052e+01
8.553032258064516213e+01
8.473133333333333894e+01
8.478559791463017348e+01
8.550852272727273373e+01
8.522624999999999318e+01
8.567225806451612868e+01
8.601042684913652181e+01
8.580775496904529120e+01
8.577156250000000171e+01
8.545012626262625588e+01
8.551307397959183731e+01
8.545864898989898961e+01
8.546096774193549095e+01
8.539172979797979224e+01
8.539993686868686495e+01
8.551041666666667140e+01
8.505406250000000057e+01
8.510631994733377326e+01
8.502437500000000625e+01
8.575971839608203595e+01
8.527419354838710319e+01
8.512848484848484532e+01
8.531976010101010388e+01
8.529261363636364024e+01
8.551437500000000114e+01
8.638611925708700312e+01
8.540045617464971883e+01
8.587815656565656752e+01
8.550062499999999943e+01
8.508539603960396391e+01
8.484419354838709637e+01
8.500835396039603609e+01
8.583901515151515582e+01
8.584199134199134562e+01
8.529625000000000057e+01
8.514483870967741552e+01
8.532593749999999488e+01
8.541348973607037465e+01
8.534375000000000000e+01
8.510500000000000398e+01
8.555839646464646364e+01
8.519187499999999602e+01
8.536499999999999488e+01
8.493774193548387075e+01
8.495698924731182444e+01
8.519625000000000625e+01
8.500782013685240202e+01
8.499348321928967209e+01
8.585918367346938851e+01
8.530578512396694180e+01
8.512447051156728151e+01
8.573999999999999488e+01
8.549875000000000114e+01
8.556228956228956406e+01
8.483818181818182325e+01
8.593781565656566102e+01
8.628899235118058186e+01
8.545000000000000284e+01
8.578687499999999488e+01
8.543597262952101801e+01
8.503413793103447915e+01
8.556968750000000057e+01
8.545593750000000455e+01
8.551749999999999829e+01
8.565353535353534653e+01
8.546598530820824635e+01
8.551687499999999886e+01
8.625448028673835665e+01
8.532062561094819841e+01
8.523264907135875035e+01
8.527240143369175485e+01
8.564483212639895271e+01
8.554156249999999773e+01
8.499677419354839003e+01
8.484064516129032540e+01
8.529358097100032410e+01
8.523427826653633588e+01
8.527924405343760839e+01
8.477774193548387416e+01
8.556296296296295623e+01
8.516063864450961773e+01
8.545521885521885963e+01
8.568612903225806576e+01
8.531749999999999545e+01
8.578838709677418706e+01
8.508062499999999773e+01
8.574519387422613192e+01
8.588354838709678063e+01
8.559757266049184921e+01
8.609481915933528740e+01
8.533561420658195118e+01
8.549250000000000682e+01
8.600521342456826801e+01
8.554707044107965430e+01
8.531204088150749953e+01
8.453516129032257709e+01
8.504733333333332723e+01
8.474903225806451701e+01
8.541687500000000455e+01
8.504166666666667140e+01
8.506842619745845013e+01
8.541781249999999659e+01
8.572741935483871600e+01
8.508366666666667300e+01
8.513133333333333042e+01
8.542187500000000000e+01
8.460741935483871146e+01
8.502875000000000227e+01
8.529158249158248850e+01
8.528989898989898677e+01
8.512008942829767477e+01
8.515635286372614132e+01
8.587194525904203601e+01
8.405507425742574412e+01
8.493718434343433898e+01
8.530062499999999659e+01
8.548025711662074855e+01
8.507891414141414543e+01
8.455750000000000455e+01
8.461226445225167936e+01
8.460531249999999659e+01
8.468308080808080263e+01
8.505677419354839230e+01
8.417812499999999432e+01
8.463843749999999488e+01
8.512454545454545496e+01
8.451836473969977703e+01
8.524904336734694255e+01
8.520749999999999602e+01
8.561876832844575347e+01
8.552335858585858830e+01
8.458687500000000625e+01
8.470843750000000227e+01
8.477968749999999432e+01
8.475822743564678774e+01
8.527462121212121815e+01
8.524713804713805132e+01
8.511279461279461600e+01
8.539161290322580555e+01
8.496093750000000000e+01
8.530064516129031915e+01
8.571717171717172334e+01
8.543673469387755404e+01
8.521193548387097394e+01
8.555006377551021046e+01
8.517676767676768179e+01
8.578787878787878185e+01
8.610763888888888573e+01
8.508290322580644727e+01
8.515032258064516668e+01
8.579015966112740443e+01
8.568812499999999943e+01
8.555425219941348303e+01
8.569955724225174265e+01
8.569531250000000000e+01
8.538057999348322369e+01
8.552718749999999659e+01
8.554252199413490132e+01
8.596675444371297203e+01
8.555360052134246018e+01
8.597399605003292322e+01
8.591672152732060397e+01
8.559042033235581926e+01
8.533007494297817175e+01
8.572333333333332916e+01
8.577674864260619358e+01
8.585253456221198576e+01
8.630681818181818699e+01
8.545715216682958726e+01
8.500580645161289794e+01
8.567156249999999318e+01
8.570874999999999488e+01
8.566406250000000000e+01
8.467262855317790127e+01
8.577474747474747119e+01
8.619903225806451985e+01
8.543532095144998095e+01
8.561281250000000398e+01
8.596161290322581294e+01
8.606032258064516327e+01
8.602258064516128400e+01
8.553465346534653690e+01
8.579229797979797922e+01
8.540000000000000568e+01
8.534900000000000375e+01
8.545959757266048484e+01
8.532999999999999829e+01
8.574116161616161946e+01
8.573806451612902890e+01
8.526187500000000341e+01
8.497091584158415856e+01
8.596666666666666856e+01
8.548774193548386791e+01
8.504968750000000455e+01
8.517161290322580669e+01
8.499968061322260837e+01
8.493633333333333724e+01
8.512531250000000682e+01
8.458419354838709125e+01
8.509866666666667356e+01
8.524558080808080263e+01
8.546329966329966510e+01
8.520664324496965492e+01
8.472091584158415856e+01
8.487840346534653690e+01
8.517392676767676107e+01
8.537845117845117215e+01
8.543367003367004031e+01
8.504733333333332723e+01
8.537037037037036669e+01
8.530606060606061192e+01
8.542550505050505194e+01
8.526838709677419104e+01
8.513234323432342876e+01
8.541145833333332860e+01
8.546060606060605380e+01
8.476500000000000057e+01
8.505523989898989612e+01
8.473333333333333428e+01
8.504949494949495659e+01
8.399870967741935601e+01
8.503969696969697623e+01
8.531122448979591866e+01
8.510179455445545216e+01
8.513273514851485402e+01
8.485890151515151558e+01
8.533096774193548129e+01
8.455344718532573722e+01
8.515387205387204972e+01
8.549560117302053186e+01
8.490042892156863275e+01
8.388949217502396039e+01
8.546032258064515474e+01
8.474454219615509487e+01
8.501774193548386904e+01
8.530967741935484128e+01
8.531219059405940186e+01
8.533787128712870640e+01
8.563677419354839060e+01
8.568709677419354875e+01
8.543303030303030710e+01
8.535272727272727877e+01
8.529322580645161622e+01
8.511100000000000421e+01
8.535835196422867455e+01
8.515906250000000455e+01
8.475247524752475670e+01
8.407996323529411598e+01
8.444647277227723237e+01
8.460466666666665958e+01
8.514047029702970804e+01
8.493580325774513540e+01
8.496562500000000284e+01
8.495801767676768179e+01
8.504900000000000659e+01
8.500812500000000682e+01
8.561709677419354136e+01
8.482893450635386046e+01
8.557445421961550380e+01
8.595343750000000682e+01
8.594043887147334715e+01
8.543548387096774377e+01
8.531279461279461884e+01
8.558096774193548129e+01
8.499966666666666981e+01
8.488660801564027736e+01
8.536237373737374412e+01
8.577093515803193213e+01
8.565884652981426939e+01
8.502665441176471006e+01
8.570707070707071296e+01
8.580319322254806025e+01
8.566483870967742575e+01
8.587843750000000398e+01
8.575000000000000000e+01
8.559806451612902833e+01
8.564281250000000512e+01
8.540062500000000512e+01
8.450749999999999318e+01
8.517512376237623073e+01
8.553812499999999375e+01
8.479225589225589488e+01
8.511726485148514598e+01
8.562749999999999773e+01
8.477163845416799859e+01
8.522548387096773581e+01
8.606966666666666299e+01
8.592725477287689273e+01
8.471702331523475493e+01
8.542870967741934862e+01
8.507451612903226135e+01
8.512250000000000227e+01
8.497317151069945851e+01
8.533161290322580328e+01
8.524102722772276763e+01
8.499806451612903402e+01
8.497290322580644784e+01
8.563079066527342320e+01
