6.648702830188679513e+01
6.655404530744336000e+01
6.358730158730158877e+01
5.781279761904762182e+01
5.256028813028499513e+01
5.290550667970023113e+01
4.984775641025640880e+01
5.157735352205398272e+01
4.875031017369727238e+01
4.847271509876129869e+01
4.825899503722084205e+01
4.751071428571428612e+01
4.768285714285714505e+01
4.799692780337941400e+01
4.811901033510805092e+01
4.776456310679611761e+01
4.790973945409429291e+01
4.784104567307691980e+01
4.795695792880258779e+01
4.740416666666666856e+01
4.727193509615384670e+01
4.791990291262136026e+01
4.788235294117647101e+01
4.832884097035040583e+01
4.752609223300970598e+01
4.946258503401360684e+01
4.683839649232696445e+01
4.719174757281553667e+01
4.665925461948011588e+01
4.824123989218328745e+01
4.840053908355795187e+01
4.851965408805031643e+01
4.688641826923076650e+01
4.714688380833072046e+01
4.703525641025640880e+01
4.770072115384615330e+01
4.725576456310679418e+01
4.659693078609458183e+01
4.670189950980392268e+01
4.650242718446602197e+01
4.638203668564199944e+01
4.617287817099906277e+01
4.691512683996241861e+01
4.662449107422486350e+01
4.824908088235294201e+01
4.887075242718446333e+01
5.227431169487244489e+01
5.035419993612264733e+01
5.182884615384615046e+01
5.210784313725490335e+01
5.149474009900990268e+01
5.327155910908052761e+01
5.225363693864642300e+01
5.284468749999999915e+01
5.353235294117646959e+01
5.338521039603960361e+01
5.332801022037687488e+01
5.280134142446502921e+01
5.306898754391568218e+01
5.324000000000000199e+01
5.315808823529411598e+01
5.390948950829940145e+01
5.483131067961164717e+01
5.498653304102725059e+01
5.535958254269449696e+01
5.822142186031944533e+01
5.910120177103099337e+01
6.006036410092622191e+01
6.066605392156862564e+01
6.131569057312871962e+01
6.034598411297440634e+01
6.031601731601731586e+01
5.976190476190475920e+01
5.994884353741496597e+01
5.957787878787878810e+01
5.977893738140417668e+01
6.021453178828687669e+01
6.075099942889777083e+01
5.936953050143723942e+01
6.189492175023953990e+01
6.158230198019801804e+01
6.232036685641998730e+01
6.272896900695761957e+01
6.290166666666666373e+01
6.333933676386506306e+01
6.248155339805825292e+01
6.327161716171617201e+01
6.315408415841584144e+01
6.284558823529411598e+01
6.183024418946749279e+01
6.129545454545454675e+01
6.169148284313725839e+01
6.229579207920792072e+01
6.161881188118811536e+01
6.079031249999999886e+01
6.118151515151514985e+01
6.123611111111111427e+01
6.219580419580419317e+01
6.114627039627039551e+01
6.001227869788692004e+01
6.021682847896440194e+01
