4.436122644522517078e+01
4.389797794117647101e+01
4.369218750000000284e+01
4.392633333333333212e+01
4.363594771241830017e+01
4.394814814814814952e+01
4.461819306930693330e+01
4.457809006707122279e+01
4.504686468646864483e+01
4.438675742574257299e+01
4.418290322580644869e+01
4.497580645161290391e+01
4.557425742574257299e+01
4.505030303030302719e+01
4.489696782178217660e+01
4.457209158415841443e+01
4.487561881188118917e+01
4.464820544554455495e+01
4.446596534653465227e+01
4.434806451612903544e+01
4.398927696078431637e+01
4.512959558823529704e+01
4.478966131907308323e+01
4.528193548387096712e+01
4.488502076014052733e+01
4.468526852685268835e+01
4.486528652865286659e+01
4.462407178217821979e+01
4.518524433088470005e+01
4.454393564356435320e+01
4.500959158415841443e+01
4.490279027902790432e+01
4.506064516129032427e+01
4.538149752475247567e+01
4.537064516129031944e+01
4.490068069306930454e+01
4.502908415841584144e+01
4.521654423506866749e+01
4.503217821782178021e+01
4.437747524752474959e+01
4.451929158760277971e+01
4.515011178537208281e+01
4.438575757575757308e+01
4.526541041200894000e+01
4.496870967741935488e+01
4.508100000000000307e+01
4.535073507350735156e+01
4.503612903225806718e+01
4.542450495049504866e+01
4.499845297029703062e+01
4.544801980198019464e+01
4.362129032258064854e+01
4.270616416480357458e+01
4.184908490849085183e+01
4.172916001277547338e+01
4.132979368932038966e+01
4.165796579657965992e+01
4.121782178217821979e+01
4.191878787878788160e+01
4.179144385026737751e+01
4.197299729972997540e+01
4.199356617647058698e+01
4.191181930693069546e+01
4.214671467146714434e+01
4.209191176470588402e+01
4.185656250000000256e+01
4.248964896489648879e+01
4.205136138613861618e+01
4.201258064516129309e+01
4.187668766876687698e+01
4.150855085508550957e+01
4.195889588958895899e+01
4.198875000000000313e+01
4.215281250000000313e+01
4.215516129032258164e+01
4.161386138613861618e+01
4.186633663366336577e+01
4.174781250000000199e+01
4.149613784907902669e+01
4.249620493358634121e+01
4.253529223890130595e+01
4.301834282099936502e+01
4.206281249999999972e+01
4.218757575757575751e+01
4.232425742574257299e+01
4.246752450980392268e+01
4.253826691967109497e+01
4.243343749999999659e+01
4.193642305407011150e+01
4.235718750000000199e+01
4.248904890489048825e+01
4.149659653465346310e+01
4.187749999999999773e+01
4.290482274033855248e+01
4.243862871135598169e+01
4.304103535353535648e+01
4.327962796279627611e+01
4.286281249999999687e+01
4.247194719471946911e+01
4.261602722772277474e+01
4.283624999999999972e+01
4.254040242733950805e+01
4.263273514851485402e+01
4.278936423054069849e+01
4.223393939393939434e+01
4.219176470588235617e+01
4.189185977421271190e+01
4.210419354838709438e+01
4.200696969696969774e+01
4.189299242424242209e+01
4.239304812834224379e+01
4.274539512774806838e+01
4.298674242424242209e+01
4.185323529411764554e+01
4.233036244800950954e+01
4.182673267326732969e+01
4.252272727272727337e+01
4.249554367201425720e+01
4.288838883888389120e+01
4.221780303030303116e+01
4.250345034503450137e+01
4.252556818181817988e+01
4.245637376237623783e+01
4.243497474747474740e+01
4.209653465346534773e+01
4.249779040404040131e+01
4.222090909090908895e+01
4.292125000000000057e+01
4.243939393939393767e+01
4.244956683168317113e+01
4.244812499999999744e+01
4.310000000000000142e+01
4.282216100397918268e+01
4.238235294117647101e+01
4.273454545454545439e+01
4.277470588235294002e+01
4.258133333333333326e+01
4.289715745768125288e+01
4.280968750000000256e+01
4.313499999999999801e+01
4.293789378937893986e+01
4.255355535553555058e+01
4.244709158415841443e+01
4.243838383838383521e+01
4.237058080808080973e+01
4.212232513573938064e+01
4.257665766576657518e+01
4.267198977962312512e+01
4.293260938997125464e+01
4.280078007800780426e+01
4.241232832960715626e+01
4.241491336633663423e+01
4.228750000000000142e+01
4.265303030303030596e+01
4.263468749999999829e+01
4.289212121212121076e+01
4.301781249999999801e+01
4.291986386138614051e+01
4.255693069306930454e+01
4.264913366336633516e+01
4.197569756975697430e+01
4.306600660066006725e+01
4.259684405940593876e+01
4.288825757575757791e+01
4.206060606060606233e+01
4.178666666666666885e+01
4.228191000918273801e+01
4.303636363636363882e+01
4.320822082208221104e+01
4.290909090909090651e+01
4.255767012687427808e+01
4.212151515151515468e+01
4.228112811281128103e+01
4.169294117647059039e+01
4.152011138613861618e+01
4.151593749999999972e+01
4.177093750000000227e+01
4.143937499999999829e+01
4.166181930693069546e+01
4.166878787878788160e+01
4.147635524798154449e+01
4.199192618223759865e+01
4.244854797979797922e+01
4.190549054905490323e+01
4.190160891089109185e+01
4.228802880288029087e+01
4.217676767676767469e+01
4.226181818181818528e+01
4.248752228163992584e+01
4.293352883675463971e+01
4.226182237600922775e+01
4.190625000000000000e+01
4.199628712871287206e+01
4.259202096680256489e+01
4.194606060606060538e+01
4.181487889273356728e+01
4.187565521258007806e+01
4.209120912091209021e+01
4.091262975778546718e+01
4.149303030303030226e+01
4.134090909090909349e+01
4.197518382352941302e+01
4.134227220299884920e+01
4.111111111111111427e+01
4.175937593759375943e+01
4.157497116493656364e+01
4.219090346534653690e+01
4.148573975044563156e+01
4.241584158415841443e+01
4.190790255496138172e+01
4.212062499999999687e+01
4.241125000000000256e+01
4.198303030303030425e+01
4.217960858585858830e+01
4.242897727272727337e+01
4.276636363636363569e+01
4.254666666666666686e+01
4.252093750000000227e+01
4.263557968700095557e+01
4.163970588235294201e+01
4.214111705288176069e+01
4.233723372337233570e+01
4.254626225490196134e+01
4.252824694234129055e+01
4.299659653465346310e+01
4.232796717171716949e+01
4.160599883517763686e+01
4.228562500000000313e+01
4.227562499999999801e+01
4.231466584158415856e+01
4.174412128712871350e+01
4.223192319231922909e+01
4.207309260337798662e+01
4.225952595259526134e+01
4.162016806722689211e+01
4.234860436893203683e+01
4.278427842784278567e+01
4.171271538918598054e+01
4.203960396039603609e+01
4.203548387096774519e+01
4.151256127450980671e+01
4.184068406840684418e+01
4.110529537802265310e+01
4.194385026737968047e+01
4.202320544554455495e+01
4.177909090909091105e+01
4.307843137254901933e+01
4.236169554455445763e+01
4.225589225589225606e+01
4.163517528223410835e+01
4.152970011534025474e+01
4.142341292952824716e+01
4.180593749999999886e+01
4.181945253348864355e+01
4.098375000000000057e+01
4.137125000000000341e+01
4.157995799579958174e+01
4.131575757575757279e+01
4.099451612903225595e+01
4.099179292929292728e+01
4.226325757575757791e+01
4.194612696563773824e+01
4.167818181818181955e+01
4.247586633663366484e+01
4.143181092302778978e+01
4.092999999999999972e+01
4.097989798979897813e+01
4.122969696969696685e+01
4.191333333333333400e+01
4.147824782478247840e+01
4.157845784578457682e+01
4.130529411764705827e+01
4.177441077441077510e+01
4.155433119069482473e+01
4.144969696969697281e+01
4.210562500000000341e+01
4.180375000000000085e+01
4.125103980986333596e+01
4.089149560117301974e+01
4.079834983498349743e+01
4.212861952861953085e+01
4.145286195286195152e+01
4.172176870748299393e+01
4.116498316498316257e+01
4.104854679016288799e+01
4.251612903225806406e+01
4.232800000000000296e+01
4.215075707702435892e+01
4.223798551678736146e+01
4.162959183673469710e+01
4.157800000000000296e+01
4.270435650149650542e+01
4.111612903225806548e+01
4.140389211334926500e+01
4.155206896551724327e+01
4.139032258064516157e+01
4.114107744107744224e+01
4.007250079846694035e+01
4.126227795193312176e+01
4.009387096774193537e+01
4.031044394762056982e+01
4.091343750000000057e+01
4.109198339188757387e+01
4.159074617139133068e+01
4.137474747474747261e+01
4.147205387205386984e+01
4.133377221856484596e+01
4.168914956011730055e+01
4.169160353535353636e+01
4.065852069077875797e+01
4.095731508634734297e+01
4.128869338546758172e+01
4.118033333333332990e+01
4.175000000000000000e+01
4.229124579124579242e+01
4.100766666666666538e+01
4.134285714285714164e+01
4.083522727272727337e+01
4.117627891821440045e+01
4.199674160964483605e+01
4.174141414141413975e+01
4.149600000000000222e+01
4.163100000000000023e+01
4.136632996632996395e+01
4.014483870967742263e+01
4.149354838709677296e+01
4.026387096774193708e+01
4.057934180514825329e+01
4.094645161290322477e+01
4.025346534653465369e+01
4.067513848159009626e+01
4.072140762463342867e+01
4.052362333007494044e+01
4.107967741935483730e+01
4.089377647442163521e+01
4.097935483870967488e+01
4.042329545454545325e+01
4.027565982404691880e+01
4.040032258064515958e+01
4.085681369321922318e+01
4.071554252199413781e+01
4.078851010101010388e+01
4.116624999999999801e+01
4.070772238514174290e+01
4.137113066145324325e+01
4.105702183121537985e+01
4.134911616161615910e+01
4.037250000000000227e+01
4.045012626262626299e+01
4.035687500000000227e+01
3.977261227071473826e+01
4.109405940594059103e+01
4.038198658575534949e+01
4.064972303681980748e+01
4.070843750000000227e+01
4.118193548387096570e+01
4.150677419354838804e+01
4.129354838709677722e+01
4.160312805474095654e+01
4.136603028308097407e+01
4.116656249999999773e+01
4.117468749999999744e+01
4.033870967741935232e+01
4.025741283805800208e+01
4.036943069306930454e+01
4.150615061506150738e+01
4.081000000000000227e+01
4.041374137413741607e+01
4.054740957966764370e+01
4.000212121212121019e+01
4.018928363424577554e+01
4.044812499999999744e+01
4.050795079507950902e+01
4.041166666666666885e+01
3.968812499999999943e+01
4.056000000000000227e+01
4.072580645161290391e+01
4.059629629629629477e+01
4.110198761811665236e+01
3.954136058767166872e+01
4.009383753501400349e+01
4.075516129032258306e+01
4.074030628869338244e+01
4.024548387096773894e+01
4.067727272727272947e+01
4.023967741935484099e+01
4.023566666666666691e+01
4.038901309485787294e+01
4.022794612794612590e+01
4.015733333333333377e+01
4.018768328445747784e+01
4.021130782410051552e+01
3.990672268907562881e+01
4.008627450980392126e+01
4.074063212772890097e+01
4.062114152591729521e+01
4.110868347338935536e+01
4.037548387096774150e+01
4.057117647058823451e+01
3.999163783160322794e+01
3.956872451951077352e+01
4.000913763563677605e+01
4.036721025043680555e+01
3.989168916891689065e+01
4.036757575757575722e+01
4.052625262526252925e+01
4.044379732090855839e+01
3.960616246498599224e+01
4.005111364934322893e+01
4.108734402852049783e+01
4.073515151515151445e+01
4.054515451545154292e+01
4.020823019801980536e+01
3.986517181129877940e+01
3.960541642399534368e+01
4.015834818775995529e+01
3.992411764705882149e+01
4.017941794179417769e+01
4.051951077460687145e+01
4.077425742574257583e+01
4.061680672268907699e+01
3.981886269070734841e+01
4.011041104110410771e+01
4.004333659172368698e+01
3.993598615916955197e+01
4.037341407151095751e+01
4.082567611599869650e+01
3.968987543915682181e+01
4.009594517418617698e+01
4.008575757575757592e+01
4.001967741935484213e+01
4.008774193548386933e+01
4.020492049204920448e+01
3.997060643564356752e+01
3.992632498543972019e+01
4.011065812463599656e+01
4.041584158415841443e+01
4.034976931949250201e+01
4.029988465974625456e+01
4.009750975097509951e+01
4.001066897347174489e+01
4.002883506343714259e+01
4.079530600118835082e+01
3.982781267846944928e+01
4.035115864527629270e+01
4.031210736721872934e+01
4.078200692041522757e+01
4.041438555620268147e+01
4.066216621662166375e+01
4.009485787288406300e+01
3.983592848904267925e+01
3.964705882352941302e+01
4.050666666666666771e+01
4.055600247524752433e+01
3.927104959630911196e+01
3.950643382352941302e+01
3.914108910891089010e+01
3.963334397955924970e+01
3.905096774193548725e+01
3.919801980198019464e+01
3.982727797001153647e+01
3.942953431372549034e+01
4.043447874199184611e+01
4.000145602795574007e+01
4.035703570357035375e+01
4.027518928363424777e+01
4.024911764705882433e+01
4.024782478247824713e+01
4.041868512110726641e+01
4.019743739079790146e+01
4.047944794479447950e+01
4.015051903114186871e+01
4.021782178217821979e+01
3.955190311418684956e+01
4.031067961165048530e+01
4.014445425125036593e+01
4.030052417006406529e+01
4.033968749999999659e+01
4.067236723672367305e+01
4.132207338380896999e+01
4.073034362259755170e+01
4.092836342457775345e+01
4.084147058823529619e+01
4.027314285714285802e+01
4.047524752475247567e+01
4.000553290623179947e+01
3.942975442604225833e+01
3.996459166190748391e+01
3.999909990999099563e+01
4.009159663865546008e+01
3.980249653259362219e+01
3.991288515406162674e+01
4.034380354083381093e+01
4.040629596940276258e+01
4.014181712288876014e+01
4.017732724157624347e+01
4.108674985145573544e+01
4.100029120559114659e+01
4.043223760092272556e+01
4.010745486313336983e+01
3.993185789167151967e+01
4.003450345034503499e+01
3.992619261926192564e+01
3.970885323826500013e+01
4.058679354094579139e+01
4.046434937611407889e+01
4.083838383838384090e+01
4.043294329432943357e+01
4.116782006920415427e+01
4.076957695769576873e+01
4.077169481654047445e+01
4.141404140414041279e+01
4.147801544860368494e+01
4.088838883888389120e+01
4.080408040804080372e+01
3.953200692041522757e+01
4.035943594359435593e+01
4.092979297929792892e+01
4.098722519310754819e+01
4.063861386138614051e+01
4.024662466246624604e+01
4.017851785178518043e+01
3.998276886512180539e+01
4.014319667260843971e+01
4.009803921568627771e+01
4.068375350140055957e+01
4.053980986333927206e+01
4.008730873087309021e+01
4.045068330362447995e+01
4.023843750000000341e+01
3.996405228758170125e+01
4.030008826125330756e+01
4.033363042186571334e+01
4.029114676173499987e+01
4.076945929887106246e+01
4.071479500891265246e+01
4.061764705882352899e+01
4.072608437314319474e+01
4.118805704099821696e+01
4.070387038703870530e+01
4.101320132013201203e+01
4.031496287835522452e+01
4.036620530565167542e+01
4.081199538638985302e+01
4.072895040369088804e+01
4.072187218721872171e+01
4.069226243012650457e+01
4.052047289504037053e+01
4.097117064647640916e+01
4.064158016147635522e+01
4.051135701805474554e+01
4.116201620162016184e+01
4.067023172905525996e+01
4.064997087944088605e+01
4.031362842166569749e+01
4.061007571345369627e+01
4.065570934256055580e+01
3.995444059976932039e+01
4.013148788927335886e+01
3.976421636615811650e+01
4.059515151515151388e+01
4.082352941176470296e+01
4.025061274509803866e+01
4.027932793279327939e+01
4.123972397239723620e+01
4.069637551990493307e+01
4.105466428995841000e+01
4.044979203802733281e+01
4.036200495049504866e+01
4.087165775401069823e+01
4.066715200931857765e+01
4.016493656286044001e+01
4.093069306930693330e+01
3.925381414701803351e+01
4.020380273321449494e+01
4.078401663695781565e+01
4.068449197860962840e+01
4.059308966304968891e+01
4.136423054070112926e+01
4.100300030003000273e+01
4.118301830183018097e+01
4.062456747404844037e+01
4.106726849155504055e+01
4.158942364824717686e+01
4.075072801397787003e+01
4.114875565610859809e+01
4.054613610149942104e+01
4.041671520093186132e+01
4.046464646464646364e+01
4.027926322043968810e+01
4.118440594059406124e+01
4.045157456922162709e+01
4.089555751691673890e+01
3.994565826330531877e+01
4.073414071510957513e+01
4.080868075385493654e+01
4.102335640138408479e+01
4.068954248366013360e+01
4.031639928698751874e+01
3.945219182112386136e+01
3.954839658723153661e+01
3.978155339805825008e+01
3.970915032679738488e+01
3.936423642364236741e+01
4.012128712871287206e+01
4.075247524752474959e+01
4.056575757575757279e+01
3.989791115033833790e+01
4.030124777183601026e+01
4.153027681660899617e+01
4.188748874887488682e+01
4.108110516934046075e+01
4.010903149138443524e+01
4.091681521093286023e+01
3.957456922162804602e+01
4.001618122977346559e+01
4.096108140225787508e+01
4.112511251125112466e+01
4.042589388696654851e+01
3.969791666666666430e+01
4.020677361853832110e+01
4.033333333333333570e+01
4.048323219418715979e+01
4.019504950495049656e+01
4.029351644841903379e+01
3.990533333333333132e+01
4.060924092409241126e+01
3.929044117647058698e+01
4.089045033535611395e+01
4.033124999999999716e+01
3.998850207601405060e+01
4.036090705844777915e+01
3.995739573957395407e+01
4.066990291262136026e+01
4.124585950885208518e+01
4.132085396039603609e+01
4.089093137254901933e+01
4.024242424242424221e+01
3.976716703928457264e+01
4.044444444444444287e+01
4.042172330097087496e+01
4.063162492719860097e+01
3.960374999999999801e+01
4.119272727272727508e+01
4.144787878787878554e+01
4.086781249999999943e+01
4.030882352941176805e+01
3.961258383902906388e+01
3.971800000000000352e+01
3.962248482912807646e+01
