4.606612903225806122e+01
4.695112414467253359e+01
4.715843749999999801e+01
4.671999999999999886e+01
4.673810284254231817e+01
4.668064516129032171e+01
4.625295432769083703e+01
4.708137376237623783e+01
4.684591584158415856e+01
4.604833333333333201e+01
4.626774193548386904e+01
4.654764851485148824e+01
4.670354838709677381e+01
4.567419354838709467e+01
4.629225806451612613e+01
4.659322580645161338e+01
4.700879765395894339e+01
4.678032178217821979e+01
4.691120049504950629e+01
4.716599326599326503e+01
4.660683487703609273e+01
4.664444444444444571e+01
4.667939393939393966e+01
4.719129032258064171e+01
4.693420632385819147e+01
4.673390151515151558e+01
4.696699669966996993e+01
4.604393564356435320e+01
4.661031249999999915e+01
4.709677419354838435e+01
4.665985308208239957e+01
4.699677419354839003e+01
4.666576657665766703e+01
4.647548387096774292e+01
4.701928374655647502e+01
4.623698498882146168e+01
4.719437500000000085e+01
4.664677419354838861e+01
4.654829545454545325e+01
4.667901628872564856e+01
4.639944306930693330e+01
4.605422794117647101e+01
4.580031249999999687e+01
4.575311402107952574e+01
4.608812499999999801e+01
4.668812499999999943e+01
4.648100000000000165e+01
4.614687500000000142e+01
4.675343749999999687e+01
4.650303030303030027e+01
4.649281249999999943e+01
4.600266666666666993e+01
4.621503712871287206e+01
4.658666666666666600e+01
4.657340355497037621e+01
4.646437499999999687e+01
4.653812500000000085e+01
4.704749999999999943e+01
4.651032258064515901e+01
4.636066666666666691e+01
4.645193229000319235e+01
4.654610148514851176e+01
4.683193548387096428e+01
4.680906250000000313e+01
4.713973063973063660e+01
4.660031250000000114e+01
4.714000000000000057e+01
4.701335940045617434e+01
4.732000000000000028e+01
4.691774193548386762e+01
4.710072416063199796e+01
4.646132425742574412e+01
4.664696969696969830e+01
4.660687500000000227e+01
4.687548754875487589e+01
4.697262952101661426e+01
4.679782816991376393e+01
4.664343434343434325e+01
4.679548387096774320e+01
4.640387096774193765e+01
4.622197381028425411e+01
4.584848484848485128e+01
4.658612903225806434e+01
4.706656250000000341e+01
4.647656250000000000e+01
4.660134680134679996e+01
4.697468750000000171e+01
4.703451612903225509e+01
4.648961992973490709e+01
4.614021079527307734e+01
4.662419354838709751e+01
4.673278061224489477e+01
4.675387096774193196e+01
4.687531249999999972e+01
4.696575757575757848e+01
4.727138047138047483e+01
4.679057239057239315e+01
4.683296071542638117e+01
4.650402227722772608e+01
4.745903225806451786e+01
4.622640264026402690e+01
4.678249999999999886e+01
4.608749999999999858e+01
4.620067401960784537e+01
4.684531249999999858e+01
4.657656250000000142e+01
4.692750000000000199e+01
4.717906250000000057e+01
4.723102310231023182e+01
4.661545832002555301e+01
4.603433333333333621e+01
4.617064516129032370e+01
4.695806451612903487e+01
4.709161290322580840e+01
4.715899999999999892e+01
4.651031249999999773e+01
4.657967741935483730e+01
4.693255131964809124e+01
4.642781250000000171e+01
4.644554455445544505e+01
4.631483870967741723e+01
4.631683501683501447e+01
4.590819081908190924e+01
4.685396039603960361e+01
4.710999999999999943e+01
4.782858910891089010e+01
4.694917929292929415e+01
4.740718749999999915e+01
4.677323538805493541e+01
4.665690235690235710e+01
4.641225806451613067e+01
4.634419354838709637e+01
4.691130050505050519e+01
4.645354838709677381e+01
4.675525990099009732e+01
4.714818181818181841e+01
4.709262216544235002e+01
4.637815656565656752e+01
4.652715271527152652e+01
4.689204726924305078e+01
4.733874999999999744e+01
4.700095816033216067e+01
4.719064516129031972e+01
4.697451612903225993e+01
4.689204726924305078e+01
4.699906250000000085e+01
4.679838709677419217e+01
4.707937499999999886e+01
4.688172043010752787e+01
4.682289562289562213e+01
4.642125000000000057e+01
4.633941831683168289e+01
4.649870967741935601e+01
4.677741935483871316e+01
4.671649831649831697e+01
4.622677419354838690e+01
4.653499999999999659e+01
4.657129032258064427e+01
4.726451612903225907e+01
4.596935483870967687e+01
4.640833333333333144e+01
4.637033333333333474e+01
4.680193548387097024e+01
4.637903225806451957e+01
4.626129032258064200e+01
4.658806818181817988e+01
4.667450495049504866e+01
4.643724049824336930e+01
4.604311721494730136e+01
4.625711633663366484e+01
4.610548387096774547e+01
4.628413163897035076e+01
4.613636363636363313e+01
4.691645161290322363e+01
4.694740099009901257e+01
4.694848484848484560e+01
4.657037037037036953e+01
4.581333333333333258e+01
4.711500000000000199e+01
4.653625039923347373e+01
4.631899641577060578e+01
4.676831683168316545e+01
4.704516129032258220e+01
4.672033333333333616e+01
4.670977722772277474e+01
4.731459597572660414e+01
4.698051740657936648e+01
4.611466666666666470e+01
4.608161290322580328e+01
4.638677738741615997e+01
4.704354838709677722e+01
4.641254125412541498e+01
4.730741935483870719e+01
4.677580645161290107e+01
4.682066666666666777e+01
4.723427826653632877e+01
4.690941674812642503e+01
4.662442244224422438e+01
4.712592592592592666e+01
4.673793316831682887e+01
4.669530501437240844e+01
4.668375000000000341e+01
4.643973063973064086e+01
4.661935483870967545e+01
4.681064356435643248e+01
4.671989779623123695e+01
4.673874161609709432e+01
4.637800000000000011e+01
4.661551724137930819e+01
4.712193548387097053e+01
4.663110827211753673e+01
4.678743811881188464e+01
4.669492574257425588e+01
4.628585116576173419e+01
4.611903225806451445e+01
4.692933333333333223e+01
4.664625000000000199e+01
4.684680134680134955e+01
4.644466666666667010e+01
4.580198019801980536e+01
4.653129032258064512e+01
4.643402777777777857e+01
4.696419354838709381e+01
4.665225806451612556e+01
4.665500000000000114e+01
4.667419554455445763e+01
4.639213921392138928e+01
4.674887488748874631e+01
4.627382425742574412e+01
4.622303030303030624e+01
4.670884900990098743e+01
4.634562499999999829e+01
4.683679335675503097e+01
4.681497524752474959e+01
4.669956683168317113e+01
4.688781250000000256e+01
4.670957095709570694e+01
4.613031250000000227e+01
4.601096774193548100e+01
4.629115099009901257e+01
4.620142326732673155e+01
4.680531249999999943e+01
4.676365378473331447e+01
4.708026960784313530e+01
4.739312499999999773e+01
4.711062499999999886e+01
4.671318069306930454e+01
4.681427174975561911e+01
4.687959558823529704e+01
4.615571557155715254e+01
4.643387096774193878e+01
4.731342821782178021e+01
4.695420792079207928e+01
4.691855637176620775e+01
4.703650990099009732e+01
4.657085396039603609e+01
4.656899752475247567e+01
4.686516129032258249e+01
4.696451612903225481e+01
4.629533333333333189e+01
4.761233333333333206e+01
4.732741935483871032e+01
4.677827782778278021e+01
4.678569147237304549e+01
4.707187499999999858e+01
4.652073019801980536e+01
4.647339108910890815e+01
4.723669554455445763e+01
4.727444306930693330e+01
4.692699999999999960e+01
4.645097412967103168e+01
4.644580645161290278e+01
4.647109549664644135e+01
4.648935483870968000e+01
4.694843749999999716e+01
4.732323232323232531e+01
4.664399999999999835e+01
4.774580645161289993e+01
4.681815181518151547e+01
4.696718750000000142e+01
4.700093749999999915e+01
4.602895622895622552e+01
4.655099380905832618e+01
4.671343749999999773e+01
4.686575431736721953e+01
4.718656250000000085e+01
4.688593749999999716e+01
4.642687500000000256e+01
4.642717497556207462e+01
4.669892473118279241e+01
4.659777227722772608e+01
4.635799999999999699e+01
4.660148514851485402e+01
4.629146039603960361e+01
4.650566666666667004e+01
4.601277547109549459e+01
4.619064516129031972e+01
4.678601085915043001e+01
4.646419354838709381e+01
4.648205445544554237e+01
4.604919554455445763e+01
4.634225806451613039e+01
4.657451612903226135e+01
4.624944107313957176e+01
4.633056531459597238e+01
4.619354838709677580e+01
4.672485768500948922e+01
4.710348131587352327e+01
4.704774193548387018e+01
4.635164484190354273e+01
4.708367933567550523e+01
4.664437499999999659e+01
4.636233333333333206e+01
4.677129032258064711e+01
4.669387096774193679e+01
4.629603960396039497e+01
4.707281249999999773e+01
4.697751710654936375e+01
4.609230277866496550e+01
4.658354838709677637e+01
4.612964108910890815e+01
4.593531250000000199e+01
4.622156249999999744e+01
4.703156249999999972e+01
4.680562499999999915e+01
4.686218749999999744e+01
4.665623981753014249e+01
4.668750000000000000e+01
4.689218749999999858e+01
4.653099999999999881e+01
4.682967741935483730e+01
4.645531249999999801e+01
4.642382625359309856e+01
4.670343749999999972e+01
4.701531250000000028e+01
4.741354838709677466e+01
4.691451612903225765e+01
4.709312500000000057e+01
4.650387096774193196e+01
4.676987698769877255e+01
4.697751710654936375e+01
4.665470297029703062e+01
4.711529862663685719e+01
4.767156250000000028e+01
4.632612903225806633e+01
4.703032258064516213e+01
4.634221813725490335e+01
4.705600247524752433e+01
4.697387096774193793e+01
4.681126237623762165e+01
4.601516089108910990e+01
4.451144801980198196e+01
4.447709677419354790e+01
4.405968750000000256e+01
4.526225806451613209e+01
4.444863861386138382e+01
4.430656249999999829e+01
4.375548387096774405e+01
4.369749999999999801e+01
4.363838709677419558e+01
4.299628712871287206e+01
4.328600000000000136e+01
4.327850526988182622e+01
4.373935483870968000e+01
4.362733333333333263e+01
4.341531249999999886e+01
4.322339108910890815e+01
4.306864686468647108e+01
4.303878787878787904e+01
4.283677419354838634e+01
4.335999999999999943e+01
4.357735148514851176e+01
4.382419354838709324e+01
4.340366666666666617e+01
4.341718749999999716e+01
4.367093750000000085e+01
4.376406250000000142e+01
4.380812499999999687e+01
4.346502714787607857e+01
4.378468749999999687e+01
4.339263603779733103e+01
4.365999999999999659e+01
4.362561881188118917e+01
4.289249999999999829e+01
4.301175742574257299e+01
4.352251676780581136e+01
4.331188118811881083e+01
4.272500000000000142e+01
4.301481481481481239e+01
4.403062500000000057e+01
4.353903225806451616e+01
4.348656249999999801e+01
4.324666666666666970e+01
4.343687500000000057e+01
4.285241336633663423e+01
4.353875000000000028e+01
4.287151515151515468e+01
4.359900990099009732e+01
4.342172029702970093e+01
4.384294558488107185e+01
4.338000000000000256e+01
4.354044117647058698e+01
4.361290322580644840e+01
4.346062500000000028e+01
4.285709570957095593e+01
4.352028106036409838e+01
4.372903225806451388e+01
4.400451612903226106e+01
4.368225806451612669e+01
4.409774193548387444e+01
4.357033333333333047e+01
4.387575757575757507e+01
4.358522727272727337e+01
4.286202491216863564e+01
4.296533333333333360e+01
4.362154882154882074e+01
4.335643564356435320e+01
4.347800586510263798e+01
4.356652227722772608e+01
4.311346801346801527e+01
4.351781249999999801e+01
4.341108050198959489e+01
4.344419642857143060e+01
4.345060606060606290e+01
4.345519713261649031e+01
4.517953730856956440e+01
4.423700495049504866e+01
4.419951995199519956e+01
4.416571969696969546e+01
4.490531250000000085e+01
4.409389971255190233e+01
4.425925925925925952e+01
4.431250000000000000e+01
4.441544477028347870e+01
4.395307917888563054e+01
4.391718749999999716e+01
4.351874999999999716e+01
4.366731834473770135e+01
4.323741935483870691e+01
4.343529040404040131e+01
4.371645161290322790e+01
4.297165200391006579e+01
4.369791666666666430e+01
4.391089108910890815e+01
4.310603641009262077e+01
4.368636218460555654e+01
4.362193548387097053e+01
4.346612903225806690e+01
4.392062500000000114e+01
4.380774193548386819e+01
4.433659172368849966e+01
4.439850114043662188e+01
4.343564679048549948e+01
4.386426061961034861e+01
4.333498349834983543e+01
4.332225480612577684e+01
4.384669434685404354e+01
4.351548821548821877e+01
4.415252525252525118e+01
4.434302139891408245e+01
4.423580645161290192e+01
4.336838709677419246e+01
4.332580645161290533e+01
4.352766666666666850e+01
4.360312499999999858e+01
4.285419354838709438e+01
4.365066666666666606e+01
4.351483870967742007e+01
4.355492424242424221e+01
4.380781249999999716e+01
4.359125000000000227e+01
4.349764309764309900e+01
4.368612903225806576e+01
4.301766666666666339e+01
4.367967741935483872e+01
4.335499999999999687e+01
4.310720104268491326e+01
4.305865102639296538e+01
4.331044394762056982e+01
4.329516129032258220e+01
4.348712935809709990e+01
4.356076898012381804e+01
4.390529336734693544e+01
4.472995391705069324e+01
4.503236245954692407e+01
4.400542957521558662e+01
4.462437500000000057e+01
4.477745193874226004e+01
4.462463343108504432e+01
4.424833333333333485e+01
4.410000000000000142e+01
4.498091730833612445e+01
4.525977011494252622e+01
4.526732673267326845e+01
4.557492063492063750e+01
4.539839743589743648e+01
4.545838709677419587e+01
4.442079207920792072e+01
4.435448717948717956e+01
4.498408018867924341e+01
4.533846153846153726e+01
4.531354838709677324e+01
4.479022277227722526e+01
4.394219099329287559e+01
4.387838709677419047e+01
4.397548387096774292e+01
4.416387096774193566e+01
4.433152347492814016e+01
4.459032258064516441e+01
4.513446183328009909e+01
4.478122005748961953e+01
4.464387096774193253e+01
4.412580645161290249e+01
4.341966666666666441e+01
4.342533333333333445e+01
4.305266666666666708e+01
4.348774193548386791e+01
4.346985988921472455e+01
4.434718749999999687e+01
4.399764309764309900e+01
4.391516129032257965e+01
4.444093749999999687e+01
4.439947865754317036e+01
4.435483870967741638e+01
4.440903225806451360e+01
4.392906250000000057e+01
4.379806451612903118e+01
4.373151515151515412e+01
4.384562499999999829e+01
4.311730205278592365e+01
4.323164983164983255e+01
4.419023569023568854e+01
4.377967171717171624e+01
4.403999999999999915e+01
4.335129032258064541e+01
4.390548387096774263e+01
4.357000000000000028e+01
4.417424242424242209e+01
4.420903225806451786e+01
4.422677419354838690e+01
4.430727272727272492e+01
4.211986531986531901e+01
4.165474289364420457e+01
4.131044394762056982e+01
4.082688268826882450e+01
4.142238713667285310e+01
4.190729072907290487e+01
4.229419354838709921e+01
4.152645161290322307e+01
4.119069482705846497e+01
4.089625000000000199e+01
4.004112554112553823e+01
3.991624999999999801e+01
4.052139565503620844e+01
4.042570153061224403e+01
4.065009874917708999e+01
4.021780303030303116e+01
3.957152166829585838e+01
3.933067602040816269e+01
3.875148123765634978e+01
3.903291639236339705e+01
3.953656250000000227e+01
3.935096774193548441e+01
3.960994075049374885e+01
3.901205604431410734e+01
3.931303489137590645e+01
4.006031250000000199e+01
3.949901250822910015e+01
3.893971977842945620e+01
3.875249999999999773e+01
3.873216031280547611e+01
3.883708048224177389e+01
3.908906249999999716e+01
3.889999999999999858e+01
3.883284457478006146e+01
3.904703282828283051e+01
3.963473444118605471e+01
3.894507575757575779e+01
3.820599489795918657e+01
3.830184331797234876e+01
3.798979591836734926e+01
3.764319727891156475e+01
3.757249918540241396e+01
3.775589225589225606e+01
3.715031249999999829e+01
3.793623737373737725e+01
3.808327847267939603e+01
3.808325681052954081e+01
3.784980867346938993e+01
3.781663574520717219e+01
3.812047399605003051e+01
3.753156565656565391e+01
3.734990125082291001e+01
3.739764309764309758e+01
3.765151515151514872e+01
3.831671554252199741e+01
3.770606060606060339e+01
3.758677685950413405e+01
3.782078853046594702e+01
3.794827058463422276e+01
3.815865701119157194e+01
3.774810606060606233e+01
3.752374999999999972e+01
3.778373930217248500e+01
3.749308755760368683e+01
3.794338380513495679e+01
3.775677419354838804e+01
3.779700228087325087e+01
3.764795918367347127e+01
3.805994897959183731e+01
3.814774193548387160e+01
3.827582908163265074e+01
3.822541743970315054e+01
3.806154336734693544e+01
3.881725417439702852e+01
3.862500000000000000e+01
3.841294642857143060e+01
3.866919191919191690e+01
3.865102639296187448e+01
3.925797193877551194e+01
3.892787878787878952e+01
3.931378299120234487e+01
3.965865701119157194e+01
3.915404040404040131e+01
3.899835418038183121e+01
3.900888742593811997e+01
3.935648452929559227e+01
3.961906249999999829e+01
3.969453587886767565e+01
4.006288693385467781e+01
3.912718749999999801e+01
3.690980908492429080e+01
3.716499999999999915e+01
3.708366666666666589e+01
3.770538720538720412e+01
3.738934802571166216e+01
3.768249999999999744e+01
3.754749999999999943e+01
3.778851010101010388e+01
3.754125412541254292e+01
3.802750000000000341e+01
3.736624307592049377e+01
3.731032258064516327e+01
3.724593749999999659e+01
3.747457107843137436e+01
3.769687499999999858e+01
3.772548387096774292e+01
3.784956882785052557e+01
3.762161290322580953e+01
3.763593749999999716e+01
3.776870967741935203e+01
3.789166666666666572e+01
3.778499999999999659e+01
3.785263480392156765e+01
3.788612903225806150e+01
3.819935483870968085e+01
3.820951772596614404e+01
3.819865857553497079e+01
3.819418716065155195e+01
3.775888480392156765e+01
3.800000000000000000e+01
3.817878787878787961e+01
3.754935483870967516e+01
3.720204207920792072e+01
3.755468750000000000e+01
3.749806451612903402e+01
3.750741935483871003e+01
3.777994251038006723e+01
3.806193548387096826e+01
3.716212871287128650e+01
3.687312500000000171e+01
3.528112811281128103e+01
3.490451612903225964e+01
3.491788856304984989e+01
3.494062499999999716e+01
3.512190594059406124e+01
3.531093750000000142e+01
3.524249999999999972e+01
3.485628562856285839e+01
3.474319306930693330e+01
3.467260843731431663e+01
3.471967821782178021e+01
3.427444306930693330e+01
3.481483870967741723e+01
3.475593750000000171e+01
3.513838709677419558e+01
3.487398739873987097e+01
3.487462863933452439e+01
3.473139572021718635e+01
3.474437499999999801e+01
3.486218749999999744e+01
3.484937500000000199e+01
3.467976485148514598e+01
3.509122474747474740e+01
3.483487703609070252e+01
3.437159653465346310e+01
3.472999999999999687e+01
3.443909685086156003e+01
3.485562500000000341e+01
3.456585658565856534e+01
3.444399752475247567e+01
3.385396039603960361e+01
3.408967741935483531e+01
3.425500000000000256e+01
3.427846534653465227e+01
3.422043969102792715e+01
3.448562499999999886e+01
3.463282732447817835e+01
3.426718800912349394e+01
3.427914404343660237e+01
3.410227272727272663e+01
3.386868686868687206e+01
3.318906249999999858e+01
3.356932966023875053e+01
3.352424242424242351e+01
3.362530940594059103e+01
3.368075980392156765e+01
3.387757575757575523e+01
3.389156249999999915e+01
3.384909090909091134e+01
3.460999999999999943e+01
3.409947964493419192e+01
3.420104268491365218e+01
3.428151515151515127e+01
3.437516129032258050e+01
3.417823395242749740e+01
3.413250000000000028e+01
3.395918367346938993e+01
3.346696969696969859e+01
3.340465258647076752e+01
3.350909090909090793e+01
3.380624426078971823e+01
3.409152127333945259e+01
3.433781249999999829e+01
3.406961633663366484e+01
3.417825311942959132e+01
3.406218750000000028e+01
3.413750000000000284e+01
3.378805693069306670e+01
3.416813294232649412e+01
3.424417892156862564e+01
3.394264705882353184e+01
3.393968749999999801e+01
3.396099609960996446e+01
3.402669902912621325e+01
3.393187499999999801e+01
3.443382352941176805e+01
3.488756127450980671e+01
3.389290048543688982e+01
3.398212121212121417e+01
