4.301581277672359249e+01
4.335457920792079278e+01
4.334591584158415856e+01
4.322836154583200141e+01
4.374343749999999886e+01
4.359150326797385588e+01
4.357745129351644664e+01
4.333143580012649920e+01
4.392567994939911102e+01
4.368780940594059103e+01
4.375742574257425588e+01
4.346954695469546692e+01
4.288541666666666430e+01
4.387344028520499251e+01
4.401485442661913083e+01
4.386242424242423965e+01
4.395290322580645181e+01
4.401085915043117325e+01
4.385650623885918264e+01
4.389851485148514598e+01
4.387927179814755618e+01
4.371004159239453202e+01
4.356587009803921262e+01
4.404965211891207844e+01
4.414527629233511874e+01
4.409160539215686470e+01
4.400534759358288994e+01
4.423058252427184556e+01
4.390309030903090104e+01
4.440954095409541225e+01
4.399142944597490157e+01
4.386415816326530859e+01
4.394863861386138382e+01
4.364581296839361357e+01
4.388952020202020066e+01
4.447860962566844734e+01
4.419975490196078738e+01
4.418538324420677554e+01
4.418894830659536410e+01
4.416160350767303555e+01
4.410856134157104691e+01
4.414231499051233243e+01
4.442481435643564680e+01
4.481832107843137436e+01
4.459789204726924083e+01
4.388393421884882883e+01
4.418842821782178021e+01
4.442110148514851176e+01
4.477218750000000114e+01
4.443345216874628534e+01
4.413756127450980671e+01
4.410667518364739692e+01
4.370177103099304361e+01
4.437035891089109185e+01
4.445036764705882604e+01
4.412009803921568363e+01
4.375787284610814254e+01
4.389661319073083945e+01
4.454337492572786772e+01
4.452673796791443550e+01
4.413547237076648599e+01
4.403216019417475735e+01
4.371938775510204067e+01
4.369321922317313778e+01
4.422547728768926589e+01
4.435154707044107880e+01
4.392483870967741666e+01
4.344193548387097081e+01
4.371980198019802089e+01
4.360741935483871146e+01
4.416089108910890815e+01
4.440748762376237835e+01
4.429394040843655489e+01
4.465113268608413932e+01
4.408819628647214728e+01
4.426217583807716949e+01
4.407483660130719016e+01
4.395742574257425872e+01
4.410499683744465216e+01
4.394851485148515025e+01
4.394845034788108507e+01
4.450735294117647101e+01
4.450468750000000284e+01
4.400990099009901257e+01
4.386830065359477260e+01
4.416608112424145816e+01
4.383364254792826387e+01
4.347995102540556900e+01
4.351948051948051699e+01
4.351466836734693544e+01
4.336033163265306456e+01
4.356555349412492006e+01
4.339898989898989612e+01
4.347878787878787676e+01
4.368491032776746863e+01
4.372665429808287030e+01
4.366017316017315864e+01
4.365561224489795933e+01
4.337340561224489477e+01
4.364117060192883457e+01
4.353375457266378135e+01
4.368521954236239679e+01
4.342758393680052365e+01
4.343166357452071935e+01
4.356462585034013557e+01
4.379921000658328012e+01
4.415495157763199074e+01
4.433279639175258069e+01
4.411764705882352899e+01
4.449218750000000000e+01
4.399448529411764497e+01
4.416615099009901257e+01
4.394161290322580982e+01
4.423687499999999773e+01
4.422258064516128684e+01
4.405531249999999943e+01
4.428553177898434967e+01
4.431374999999999886e+01
4.382739273927392532e+01
4.421687500000000171e+01
4.422272727272727622e+01
4.409893048128342485e+01
4.409599999999999653e+01
4.448886138613861618e+01
4.420515151515151331e+01
4.428186881188118917e+01
4.483218750000000341e+01
4.456137128864401831e+01
4.421187499999999915e+01
4.399430740037950471e+01
4.402175245098039369e+01
4.401424242424242550e+01
4.432468750000000313e+01
4.415011178537208281e+01
4.427199999999999847e+01
4.391723688497881994e+01
4.405907590759075987e+01
4.411210475886298354e+01
4.441122112211220951e+01
4.474234068627450966e+01
4.460024752475247567e+01
4.477887788778878075e+01
4.482456683168317113e+01
4.460140931372549034e+01
4.449108910891089153e+01
4.483193548387096428e+01
4.461856617647058698e+01
4.459885020760140861e+01
4.430597253273714387e+01
4.419801980198019464e+01
4.447986798679868059e+01
4.402751423149905463e+01
4.415298626636857193e+01
4.436899999999999977e+01
4.404248366013072058e+01
4.406990291262135884e+01
4.387171717171717233e+01
4.350495049504950629e+01
4.410692401960784537e+01
4.427784653465346310e+01
4.397647058823529420e+01
4.409007352941176805e+01
4.366888045540797236e+01
4.325359477124182916e+01
4.413280983270740876e+01
4.429822896900695639e+01
4.445082508250825271e+01
4.461098690514212706e+01
4.459467821782178021e+01
4.456806930693069546e+01
4.432951732673267031e+01
4.401051980198019464e+01
4.397242647058823195e+01
4.400857843137254832e+01
4.388731979994116017e+01
4.429282928292829524e+01
4.432098371127435144e+01
4.429160012775471245e+01
4.409898798228969241e+01
4.425704656862745168e+01
4.412809405940593876e+01
4.441268382352941302e+01
4.425922592259225752e+01
4.418254950495049371e+01
4.396627475247525041e+01
4.396101485148514598e+01
4.417917598211433727e+01
4.401299504950495134e+01
4.419498010407101418e+01
4.439193548387096655e+01
4.438706683168317113e+01
4.379300742574257299e+01
4.408847013733631570e+01
4.389696782178217660e+01
4.358001265022137716e+01
4.384931930693069546e+01
4.399872245289044770e+01
4.458288086873203326e+01
4.441584158415841443e+01
4.432928776748642719e+01
4.417994939911448427e+01
4.411465985308208104e+01
4.368284893005429836e+01
4.372468859789204743e+01
4.346151389332481330e+01
4.378968749999999943e+01
4.364100926221654220e+01
4.385915043117214651e+01
4.409294155221974165e+01
4.417555147058823195e+01
4.405400000000000205e+01
4.449419354838709495e+01
4.439508144362823572e+01
4.416576173746406653e+01
4.387065148640100887e+01
4.443201320132013166e+01
4.423091664005109891e+01
4.417342702012136613e+01
4.413900000000000290e+01
4.432290322580644926e+01
4.375193548387096598e+01
4.377258064516129110e+01
4.430966666666666498e+01
4.375300000000000011e+01
4.408304056212072908e+01
4.405972532737144576e+01
4.383387096774193736e+01
4.389451612903225453e+01
4.424081763015011148e+01
4.377355477483231994e+01
4.408080808080808310e+01
4.448514851485148824e+01
4.420760140530182269e+01
4.427709677419354506e+01
4.441333333333333400e+01
4.426567656765676873e+01
4.417450495049504866e+01
4.399451612903225595e+01
4.368903186274509665e+01
4.343244969658255883e+01
4.333839342188488075e+01
4.386548387096774348e+01
4.419372937293729109e+01
4.401980198019801804e+01
4.395305014372404884e+01
4.418419354838709978e+01
4.430161290322580925e+01
4.400132013201319836e+01
4.427425742574257583e+01
4.401469179175982305e+01
4.416032258064516469e+01
4.332583903551645221e+01
4.401935483870967403e+01
4.382305972532736860e+01
4.351774193548386904e+01
4.366419354838709666e+01
4.378566666666666407e+01
4.359741935483870634e+01
4.359259259259259522e+01
4.395451612903225680e+01
4.430957095709570837e+01
4.470000000000000284e+01
4.484528656435953309e+01
4.486085972850678871e+01
4.565442890442890445e+01
4.659469696969696884e+01
4.802084523129640559e+01
4.734565826330532445e+01
4.751067961165048814e+01
4.575885714285714556e+01
4.271049596309111962e+01
4.249902912621359263e+01
4.455511393746687787e+01
4.460784313725490335e+01
4.556132756132755901e+01
4.528773448773448962e+01
4.543731431966725864e+01
4.490617647058823536e+01
4.454620181405895352e+01
4.619882352941176151e+01
4.474689754689755006e+01
4.407687827606289943e+01
4.518472418670438628e+01
4.619685497961560827e+01
4.854426619132501486e+01
4.722093749999999801e+01
4.824352941176470466e+01
4.747326203208556450e+01
4.716147635524798432e+01
4.618925035360678777e+01
4.733823529411764497e+01
4.639158576051779903e+01
4.723489751887809973e+01
4.807900807381776076e+01
4.779548267326732969e+01
4.957759103641456733e+01
4.909803921568627771e+01
4.991409435061153488e+01
4.897509750975097376e+01
5.013550212164073372e+01
4.893273420479302871e+01
4.897927170868346991e+01
4.865282583621684154e+01
4.805169340463458383e+01
4.922167216721672389e+01
4.840819964349375937e+01
4.883523700742433249e+01
4.897628571428571576e+01
4.781382067390062929e+01
4.814824717765894491e+01
4.938231292517006921e+01
4.894469469469469658e+01
4.795686813186813424e+01
4.978032345013477311e+01
4.671707459207458868e+01
4.718789263278127066e+01
4.723659673659673786e+01
4.721193771626297320e+01
4.659693388693708016e+01
4.624195544554455495e+01
4.656110793832095851e+01
4.687199519230769340e+01
4.639491719017703986e+01
4.654368932038835283e+01
4.633422459893048284e+01
4.628428398058252213e+01
4.650990099009901257e+01
4.661694616063547869e+01
4.620618872549019329e+01
4.639573957395739257e+01
4.651759708737863974e+01
4.632301980198019464e+01
4.618333333333333002e+01
4.616969696969697168e+01
4.623339658444022859e+01
4.571565594059406124e+01
4.556465646564656424e+01
4.591359135913591416e+01
4.561606060606060709e+01
4.564502038439137976e+01
4.558749999999999858e+01
4.543354335433543412e+01
4.498422029702970093e+01
4.534727272727272407e+01
4.570897089708970640e+01
4.629042904290429306e+01
4.645064516129032484e+01
4.678696969696969887e+01
4.667750000000000199e+01
4.591181930693069546e+01
4.635457920792079278e+01
4.653656250000000227e+01
4.623008578431372229e+01
4.607454863133371958e+01
4.596256684491978461e+01
4.576061026352288508e+01
4.592677696078431637e+01
4.591209120912090924e+01
4.618931893189319027e+01
4.564292558288087065e+01
4.618841911764705799e+01
4.596279627962796610e+01
4.598112623762376217e+01
4.592314990512333850e+01
4.585241336633663423e+01
4.596249624962496227e+01
4.566452205882352899e+01
4.613888888888888573e+01
4.623329207920792072e+01
4.604830483048304757e+01
4.542033123929183347e+01
4.605312500000000142e+01
4.583774193548386933e+01
4.574156250000000057e+01
4.551330445544554237e+01
4.612571257125712521e+01
4.580713383838384090e+01
4.591243811881188464e+01
4.595906250000000171e+01
4.626907396622014801e+01
4.596936881188118917e+01
4.580677745193874273e+01
4.570875000000000199e+01
4.550999999999999801e+01
4.581562499999999716e+01
4.561937499999999801e+01
4.595757575757576063e+01
4.621244705115672957e+01
4.586648664866486769e+01
4.598419354838709694e+01
4.606322580645161224e+01
4.585903225806451644e+01
4.572818181818181671e+01
4.553768382352941302e+01
4.537928921568627771e+01
4.585204991087343984e+01
4.551299504950495134e+01
4.552537128712871350e+01
4.583948394839483598e+01
4.562312444836716452e+01
4.542034203420342209e+01
4.501277480689245181e+01
4.490909090909090651e+01
4.520018975332068578e+01
4.538613861386138382e+01
4.570386389850057896e+01
4.539522058823529704e+01
4.561726485148514598e+01
4.571500000000000341e+01
4.535272277227722526e+01
4.515748762376237835e+01
4.533075495049504866e+01
4.491544117647058698e+01
4.505538366336633516e+01
4.524752475247525041e+01
4.571757575757575864e+01
4.509714795008912347e+01
4.527450980392156765e+01
4.529595588235294201e+01
4.498917079207920722e+01
4.496724759615384670e+01
4.529217233009708821e+01
4.537128712871287206e+01
4.508677184466019128e+01
4.547518382352941302e+01
4.539727722772277474e+01
4.571617161716171296e+01
4.578906714200832084e+01
4.540364813180347170e+01
4.578743811881188464e+01
4.560555732992654043e+01
4.546813118811881083e+01
4.521721813725490335e+01
4.565389185977421249e+01
4.514644607843137436e+01
4.531313131313131493e+01
4.595884900990098743e+01
4.600095816033216067e+01
4.580136138613861618e+01
4.620192019201920175e+01
4.616785502079619619e+01
4.639003900390039092e+01
4.615315594059406124e+01
4.581431966726084681e+01
4.606595365418894517e+01
4.635661764705882604e+01
4.612221534653465227e+01
4.654901960784313530e+01
4.661687500000000028e+01
4.618351715686274161e+01
4.624969660194174992e+01
4.636753675367536687e+01
4.627837195484254096e+01
4.647950089126559448e+01
4.632687500000000114e+01
4.647445038621508928e+01
4.628042159054615468e+01
4.648576732673267031e+01
4.581877022653721809e+01
4.603031250000000085e+01
4.592605198019801804e+01
4.589603960396039639e+01
4.632442067736185720e+01
4.651830808080808310e+01
4.609209744503861828e+01
4.579486386138614051e+01
4.590625000000000000e+01
4.602468749999999886e+01
4.594616336633663423e+01
4.632046568627450966e+01
4.612345297029703062e+01
4.625103980986333596e+01
4.567647058823529704e+01
4.580878712871287206e+01
4.622052205220521870e+01
4.598700495049504866e+01
4.604932598039215463e+01
4.599969996999699617e+01
4.560242424242424164e+01
4.604331683168317113e+01
4.547801544860368494e+01
4.560539215686274161e+01
4.563156315631562876e+01
4.508448673587081856e+01
4.513757115749525894e+01
4.459423186750428414e+01
4.526154751397469767e+01
4.508394607843137436e+01
4.503624480095068350e+01
4.509387997623291966e+01
4.515134803921568363e+01
4.550990099009901257e+01
4.576991421568627771e+01
4.551623774509803866e+01
4.544307149161517856e+01
4.555614973262031953e+01
4.549073256840247126e+01
4.559375000000000000e+01
4.566960870844366127e+01
4.562345297029703062e+01
4.602741290691033527e+01
4.589603960396039639e+01
4.552910539215686470e+01
4.495098039215686470e+01
4.550086505190311215e+01
4.510426980198019464e+01
4.529462946294629688e+01
4.534010922330097060e+01
4.522824754901960631e+01
4.500900090009000820e+01
4.516421568627450966e+01
4.509038645800063705e+01
4.542661913250148586e+01
4.522947925860547258e+01
4.547763480392156765e+01
4.595111386138614051e+01
4.599412128712871350e+01
4.548276886512180539e+01
4.520320855614973254e+01
4.517475728155339709e+01
4.526960784313725839e+01
4.525490196078431637e+01
4.539093137254901933e+01
4.523143196672608468e+01
4.525697815533980872e+01
4.547834158415841443e+01
4.561305147058823195e+01
4.586601307189542354e+01
4.602520252025202296e+01
4.566636957813428666e+01
