4.230121212121212437e+01
4.235176470588235276e+01
4.197212121212120906e+01
4.213028571428571212e+01
4.209114285714285586e+01
4.189458357600465632e+01
4.207637906647807569e+01
4.220091093117408576e+01
4.275677056719468538e+01
4.164411764705882035e+01
4.165171428571428436e+01
4.159970845481049651e+01
4.180411764705882405e+01
4.196999999999999886e+01
4.198066378066378235e+01
4.206771428571428828e+01
4.182676470588235418e+01
4.189898989898989612e+01
4.202411764705882291e+01
4.178916666666666657e+01
4.166499999999999915e+01
4.158268398268398158e+01
4.154099821746880394e+01
4.190029154518950349e+01
4.146999405822935358e+01
4.169176470588235617e+01
4.160836940836940556e+01
4.195642135642135884e+01
4.185714285714285410e+01
4.193647058823529505e+01
4.181352941176470495e+01
4.182117647058823451e+01
4.209063625450180268e+01
4.143764705882352928e+01
4.157085137085137205e+01
4.180732292917166859e+01
4.171598336304218435e+01
4.161558441558441501e+01
4.176680672268907557e+01
4.135228571428571342e+01
4.173657142857143043e+01
4.217817059483726183e+01
4.180971880971880950e+01
4.137492572786690204e+01
4.146553773024361078e+01
4.222662238119571043e+01
