4.170161290322580783e+01
4.263025990099009732e+01
4.172403648131803777e+01
4.218971574576812600e+01
4.218492494410731553e+01
4.223545792079207928e+01
4.200095816033216067e+01
4.221966911764705799e+01
4.256736242884250743e+01
4.238966666666666328e+01
4.160322580645161139e+01
4.190779702970296938e+01
4.222462871287128650e+01
4.194314915362504337e+01
4.219607843137254832e+01
4.221875000000000000e+01
4.171287128712871350e+01
4.234034653465346310e+01
4.271382944746087418e+01
4.203774752475247567e+01
4.171462194763165598e+01
4.192095588235294201e+01
4.244028465346534773e+01
4.256840247131509614e+01
4.245513613861385949e+01
4.261999999999999744e+01
4.247277227722772608e+01
4.225061274509803866e+01
4.257363861386138382e+01
4.266246624662466047e+01
4.248638613861385949e+01
4.268471534653465227e+01
4.295637376237623783e+01
4.276717671767176654e+01
4.187998799879987644e+01
4.289306930693069120e+01
4.263641826923076650e+01
4.219387135922330145e+01
4.256899752475247567e+01
4.290386458000638470e+01
4.303417438518045657e+01
4.283915441176470296e+01
4.258062499999999773e+01
4.325804455445544505e+01
4.295709570957095735e+01
4.228549757281553667e+01
4.231612903225806122e+01
4.178487848784878622e+01
4.201906249999999687e+01
4.196454545454545126e+01
4.137893789378937726e+01
4.161656165616561509e+01
4.194585396039603609e+01
4.208727272727272606e+01
4.183258325832583324e+01
4.221727272727272862e+01
4.275636363636363768e+01
4.200630063006300929e+01
4.221032103210320940e+01
4.260406249999999773e+01
4.233562500000000028e+01
4.223019801980198196e+01
4.174454545454545240e+01
4.189625000000000199e+01
4.178879706152433471e+01
4.210024752475247567e+01
4.172127212721272116e+01
4.220018564356435320e+01
4.213406249999999886e+01
4.254156249999999773e+01
4.219580645161290278e+01
4.261066751836474253e+01
4.286016414141413833e+01
4.197886029411764497e+01
4.196579657965796883e+01
4.187818781878187480e+01
4.198267326732673155e+01
4.187393939393939490e+01
4.230454545454545467e+01
4.198788927335640153e+01
4.195297029702970093e+01
4.224845297029703062e+01
4.221193548387096683e+01
4.181528465346534773e+01
4.189758663366336577e+01
4.231219362745098067e+01
4.292803970223324939e+01
4.229901960784313530e+01
4.269129032258064171e+01
4.257100415923945036e+01
4.225636363636363768e+01
4.269495772001252476e+01
4.246702317290552742e+01
4.253255325532553144e+01
4.192848904267589205e+01
4.197981545559400018e+01
4.190625000000000000e+01
4.260447303921568363e+01
4.292030360531309441e+01
4.274077277970011579e+01
4.179183323814962847e+01
4.279292929292929415e+01
4.215515151515151615e+01
4.211912128712871350e+01
4.250485436893203683e+01
4.192676470588235560e+01
4.249970291146761525e+01
4.239625000000000199e+01
4.184373143196672373e+01
4.212406250000000085e+01
4.160484848484848186e+01
4.152515151515151359e+01
4.174071782178217660e+01
4.212210338680927180e+01
4.231623162316231657e+01
4.197524752475247567e+01
4.257500000000000284e+01
4.235939393939393938e+01
4.269340463458110690e+01
4.272192513368983668e+01
4.287375930521091760e+01
4.276479799561541029e+01
4.240747549019607732e+01
4.284777227722772608e+01
4.274938118811881083e+01
4.329639092941552292e+01
4.280043316831682887e+01
4.349029126213591923e+01
4.305650252525252597e+01
4.239424242424242095e+01
4.208140225787284550e+01
4.225765931372549034e+01
4.344821428571428612e+01
4.368023088023088008e+01
4.210887096774193594e+01
4.207189542483660460e+01
4.216715200931857765e+01
4.164666078258311188e+01
4.115811581158115473e+01
4.141944194419441772e+01
4.249387096774193395e+01
4.190999099909991088e+01
4.222272727272727622e+01
4.162406240624062548e+01
4.254090909090908923e+01
4.316893564356435320e+01
4.340410539215686470e+01
4.286868686868687206e+01
4.259441176470588175e+01
4.228310643564356752e+01
4.225812499999999972e+01
4.211274353241775970e+01
4.182281249999999773e+01
4.208057598039215463e+01
4.183384900990098743e+01
4.183333333333333570e+01
4.145424836601306851e+01
4.152320544554455495e+01
4.160952970297029907e+01
4.218129032258064370e+01
4.251677419354838605e+01
4.159363636363636374e+01
4.203774752475247567e+01
4.212283415841584144e+01
4.194461633663366484e+01
4.198468749999999972e+01
4.176087608760876435e+01
4.279064516129032114e+01
4.269066906690669327e+01
4.186482471776589165e+01
4.199718750000000256e+01
4.191149114911490869e+01
4.221503712871287206e+01
4.229696969696969688e+01
4.133303330333033188e+01
4.142952824694233982e+01
4.154517326732673155e+01
4.138463846384638600e+01
4.185148514851485402e+01
4.146243447874199006e+01
4.149594959495949809e+01
4.153979238754325110e+01
4.199549954995499235e+01
4.181035539215686470e+01
4.232403240324032367e+01
4.196669666966696610e+01
4.249942329873125857e+01
4.214388696655132804e+01
4.235079656862745168e+01
4.249821746880570572e+01
4.254331683168317113e+01
4.139606060606060822e+01
4.231996434937611440e+01
4.197988861386138382e+01
4.240156249999999716e+01
4.235121212121212153e+01
4.243935643564356752e+01
4.255649388468258820e+01
4.226143790849673110e+01
4.216062500000000313e+01
4.232733273327333023e+01
4.264903225806451559e+01
4.198253676470588402e+01
4.224721534653465227e+01
4.174797479747974904e+01
4.150061881188118917e+01
4.227073019801980536e+01
4.293826441467675892e+01
4.249312499999999915e+01
4.219981998199819628e+01
4.188235294117647101e+01
4.263575757575757308e+01
4.277035056446820960e+01
4.224381188118811536e+01
4.204604872251930914e+01
4.193459345934593330e+01
4.203860294117647101e+01
4.262687499999999829e+01
4.208323019801980536e+01
4.267891031527395285e+01
4.287281250000000199e+01
4.272484848484848641e+01
4.306924019607843235e+01
4.294781249999999773e+01
4.287824161922833355e+01
4.203605313092979401e+01
4.159181818181818358e+01
4.172174163783160594e+01
4.132709447415329862e+01
4.142249999999999943e+01
4.107800780078007818e+01
4.087969696969697253e+01
4.159060606060606347e+01
4.121141525917297344e+01
4.218531250000000199e+01
4.245301499846954130e+01
4.232562500000000227e+01
4.168533823079277312e+01
4.195111386138614051e+01
4.130063006300630235e+01
4.173209085614443836e+01
4.180618686868687206e+01
4.180314502038439173e+01
4.168706870687068999e+01
4.170297029702970093e+01
4.187757575757575523e+01
4.164032258064516157e+01
4.266225806451613067e+01
4.245193874226132635e+01
4.198125000000000284e+01
4.163031250000000227e+01
4.123241061130334373e+01
4.135031250000000114e+01
4.148882352941176777e+01
4.194437500000000085e+01
4.106570657065706342e+01
4.080569306930693330e+01
4.225151515151515014e+01
4.205194805194805241e+01
4.213573232323232531e+01
4.225545780384489802e+01
4.133783378337833625e+01
4.142634263426342756e+01
4.236843749999999886e+01
4.225052505250525314e+01
4.159187500000000171e+01
4.167901628872564856e+01
4.181028425423187400e+01
4.198696969696969461e+01
4.202144607843137436e+01
4.173437500000000000e+01
4.151485442661913083e+01
4.200979491888583084e+01
4.179300742574257299e+01
4.203001237623762165e+01
4.202714646464646364e+01
4.153015301530152925e+01
4.194059405940593876e+01
4.203282828282828376e+01
4.095928986838077890e+01
4.144987623762376217e+01
4.134254307783719895e+01
4.157425742574257299e+01
4.175185643564356752e+01
4.158570544554455495e+01
4.080718954248366259e+01
4.108400840084008365e+01
4.127593749999999773e+01
4.208960459183673208e+01
4.268865121806297935e+01
4.216386554621848859e+01
4.165113570180547242e+01
4.203032178217821979e+01
4.252468749999999886e+01
4.282988298829882723e+01
4.304406250000000256e+01
4.233073817762399216e+01
4.175605536332179923e+01
4.139573019801980536e+01
4.188118811881188464e+01
4.234121212121212352e+01
4.215812463599301196e+01
4.251696969696969575e+01
4.228593750000000284e+01
4.196472772277227392e+01
4.178416821273964388e+01
4.170933828076685046e+01
4.171531250000000313e+01
4.136963696369637233e+01
4.185852941176470665e+01
4.161296129612961181e+01
4.200278465346534773e+01
4.208915441176470296e+01
4.132763276327632695e+01
4.184870967741935743e+01
4.145900178253119606e+01
4.203615196078431637e+01
4.147920380273321683e+01
4.125154702970296938e+01
4.170156250000000142e+01
4.126173499702911585e+01
4.096627475247525041e+01
4.180605707629586476e+01
4.218811881188118917e+01
4.178545454545454874e+01
4.238562499999999744e+01
4.214587046939988113e+01
4.256311881188118917e+01
4.248394839483948715e+01
4.250290322580644897e+01
4.220271049596308899e+01
4.184545454545454390e+01
4.227656249999999716e+01
4.196911764705882320e+01
4.235182072829131528e+01
4.268999999999999773e+01
4.280208333333333570e+01
4.185290404040404155e+01
4.244949494949494806e+01
4.259345934593459049e+01
4.192696969696969944e+01
4.203090909090909122e+01
4.205970597059705796e+01
4.221662166216621870e+01
4.136878787878787733e+01
4.180181818181818443e+01
4.205070507050704975e+01
4.215823529411764525e+01
4.243628233791120863e+01
4.215298626636857193e+01
4.229511338230597062e+01
4.239249999999999829e+01
4.136051252184041971e+01
4.176852941176470324e+01
4.190874999999999773e+01
4.186426767676767469e+01
4.156439393939393767e+01
4.237143714371437397e+01
4.225922722029988421e+01
4.207393939393939064e+01
4.216003460207612363e+01
4.184696969696969404e+01
4.159000000000000341e+01
4.160486048604860798e+01
4.273181818181818414e+01
4.270290322580645181e+01
4.288281250000000000e+01
4.271677167716771351e+01
4.266460396039603609e+01
4.239201732673267031e+01
4.165826582658265664e+01
4.171407140714071460e+01
4.284759358288769704e+01
4.334939393939394137e+01
4.253535353535353636e+01
4.177227722772277474e+01
4.220018564356435320e+01
4.239545454545454817e+01
4.251863715783343167e+01
4.241232832960715626e+01
4.242499999999999716e+01
4.229529411764706026e+01
4.311584595959595845e+01
4.198319831983198469e+01
4.209270927092709513e+01
4.221732476277930601e+01
4.135529411764705543e+01
4.187696969696969518e+01
4.169599514563106624e+01
4.209198339188757387e+01
4.141769801980198196e+01
4.135352358765288017e+01
4.190730837789661223e+01
4.158972073677956161e+01
4.303236245954692407e+01
4.295897275289696182e+01
4.224387254901960631e+01
4.330085784313725839e+01
4.237375000000000114e+01
4.170267026702670421e+01
4.165106510651065008e+01
4.196702317290552742e+01
4.203645161290322818e+01
4.178781250000000114e+01
4.231373762376237835e+01
4.162586258625862712e+01
4.107251019219569343e+01
4.231736694677871213e+01
4.211041104110410771e+01
4.164648772130211540e+01
4.199666666666666970e+01
4.250124999999999886e+01
4.268687500000000057e+01
4.280812499999999687e+01
4.287593749999999915e+01
4.256575757575757279e+01
4.223375000000000057e+01
4.189918991899190104e+01
4.201117975875257571e+01
4.227499201533056805e+01
4.258458370108855462e+01
4.257766990291262488e+01
4.265903465346534773e+01
4.293255131964809124e+01
4.250999999999999801e+01
4.255586164677073668e+01
4.250999999999999801e+01
4.248154815481548496e+01
4.253495349534953363e+01
4.243316831683168289e+01
4.196116504854369111e+01
4.232913291329133187e+01
4.217326732673267031e+01
4.253818181818181898e+01
4.198062500000000341e+01
4.233983692486895478e+01
4.219051905190519136e+01
4.202523155541360467e+01
4.222549019607843235e+01
4.230976430976431146e+01
4.194906249999999659e+01
4.179281249999999659e+01
4.149594959495949809e+01
4.206091215182124188e+01
4.194406250000000114e+01
4.149625000000000341e+01
4.146751237623762165e+01
4.148272727272727423e+01
4.087611408199643392e+01
4.152346999405823169e+01
4.212281250000000199e+01
4.191899189918991908e+01
4.157393939393939064e+01
4.247586633663366484e+01
4.165787878787878640e+01
4.194355317884729573e+01
4.224393939393939235e+01
4.193609360936093822e+01
4.199818181818181984e+01
4.240787878787878640e+01
4.209060906090608967e+01
4.161206120612061454e+01
4.235365099009901257e+01
4.213581314878892670e+01
4.230454545454545467e+01
4.218121212121211983e+01
4.270545454545454334e+01
4.225622562256225478e+01
4.323012301230122745e+01
4.302437499999999915e+01
4.266072489601901196e+01
4.231978085351787655e+01
4.252468749999999886e+01
4.248731435643564680e+01
4.222892289228922635e+01
4.159871869539895073e+01
4.181421083284799067e+01
4.237594641817123176e+01
4.252351485148514598e+01
4.243249999999999744e+01
4.176135295959912241e+01
4.185495963091118909e+01
4.263104251601630779e+01
4.281974373907979015e+01
4.226121141525917579e+01
4.224350247524752433e+01
4.275874999999999915e+01
4.283156249999999687e+01
4.261333333333333684e+01
4.234248737373737725e+01
4.216141614161416129e+01
4.188727272727273032e+01
4.268092691622103274e+01
4.205247981545559099e+01
4.202935606060606233e+01
4.270111386138614051e+01
4.282951732673267031e+01
4.241164116411641061e+01
4.315218749999999659e+01
4.269468750000000057e+01
4.225538730343622262e+01
4.255029411764705571e+01
4.246474647464746255e+01
4.238211633663366484e+01
4.194852941176470296e+01
4.222909090909090679e+01
4.211997670355270884e+01
4.270027002700270202e+01
4.201040710131618994e+01
4.244593749999999943e+01
4.304857673267326845e+01
4.271410891089109185e+01
4.309720972097209568e+01
4.209848484848485128e+01
4.270875000000000199e+01
4.278181818181818130e+01
4.240848484848484645e+01
4.238350634371395387e+01
4.210774606872451642e+01
4.162139561707035540e+01
4.208532323820617194e+01
4.219424242424242522e+01
4.233539603960396391e+01
4.237559885020760220e+01
4.227753712871287206e+01
4.196333333333333115e+01
4.210249999999999915e+01
4.219935483870968085e+01
4.206060606060606233e+01
4.232928776748642719e+01
4.201591674318947156e+01
4.213580645161290050e+01
4.221818181818181870e+01
4.192341292952824716e+01
4.293356755030341532e+01
4.171352941176470353e+01
4.229615608619685219e+01
4.273575757575757450e+01
4.252271403610949108e+01
4.218811881188118917e+01
4.215281250000000313e+01
4.221362136213621596e+01
4.285333333333333172e+01
4.215031503150314762e+01
4.204088235294117482e+01
4.297599759975997813e+01
4.286788366336633516e+01
4.227812500000000284e+01
4.236540841584158557e+01
4.223545454545454447e+01
4.291582491582491343e+01
4.224210858585858830e+01
4.275309405940593876e+01
4.252753712871287206e+01
4.339843750000000000e+01
4.364187499999999886e+01
4.304269801980198196e+01
4.210111011101110279e+01
4.310031250000000114e+01
4.301980198019801804e+01
4.207704207920792072e+01
4.138888888888888573e+01
4.227722772277227392e+01
4.218258064516128769e+01
4.256645161290322932e+01
4.307409773235387718e+01
4.256935483870967829e+01
4.205199049316696147e+01
4.225031249999999972e+01
4.240474047404740787e+01
4.314757575757575836e+01
4.298562499999999886e+01
4.260210396039603609e+01
4.312656249999999858e+01
4.254749999999999943e+01
4.280636363636363484e+01
4.254263813478122103e+01
4.232456683168317113e+01
4.252636363636363370e+01
4.247794779477947458e+01
4.256615661566156916e+01
4.287320344937719341e+01
4.310477941176470296e+01
4.270175970873786753e+01
4.296969696969696884e+01
4.334548387096774036e+01
4.269225806451613181e+01
4.234469696969696884e+01
4.263137135922330145e+01
4.260072815533980872e+01
4.293548387096774377e+01
4.317233910891089010e+01
4.297119711971197376e+01
4.306540654065406670e+01
4.284653465346534773e+01
4.281794953688917360e+01
4.311483870967742149e+01
4.274587458745874358e+01
4.329197303921568363e+01
4.306035539215686470e+01
4.199617647058823877e+01
4.332951732673267031e+01
4.247437500000000199e+01
4.255218855218855367e+01
4.291562499999999858e+01
4.244656249999999886e+01
4.250181818181818016e+01
4.252396844660194120e+01
4.254515745692216200e+01
4.245618872549019329e+01
4.209437499999999943e+01
4.266986386138614051e+01
4.276144801980198196e+01
4.329345443156906015e+01
4.450558926860428244e+01
4.349409134461833304e+01
4.362500000000000000e+01
4.318224009900990268e+01
4.381156180134142630e+01
4.372933333333333650e+01
4.308064516129032029e+01
4.332774193548387132e+01
4.363900000000000290e+01
4.357468750000000313e+01
4.452161290322580811e+01
4.464733333333333576e+01
4.537624999999999886e+01
4.532628676470588402e+01
4.550123762376237835e+01
4.583511586452762998e+01
4.572833333333333172e+01
4.454193548387096513e+01
4.368093260938996991e+01
4.423033333333333417e+01
4.427870967741935715e+01
4.368161290322580470e+01
4.383800000000000097e+01
4.392326732673267031e+01
4.336781249999999943e+01
4.343451612903226078e+01
4.364288041707396815e+01
4.401233396584440527e+01
4.413656249999999659e+01
4.390290641967422403e+01
4.334238262535931341e+01
4.389240924092409557e+01
4.398977962312360290e+01
4.405781249999999716e+01
4.377774193548387416e+01
4.306960696069607053e+01
4.341843750000000313e+01
4.345343749999999972e+01
4.324392439243924713e+01
4.348824257425742701e+01
4.341769801980198196e+01
4.390493166963754845e+01
4.399042904290428879e+01
4.309123492994460491e+01
4.272532737144682358e+01
4.318812499999999943e+01
4.329534313725490335e+01
4.350375037503750519e+01
4.318474264705882604e+01
4.435092864125122247e+01
4.364457070707070585e+01
4.380031249999999687e+01
4.378217821782178021e+01
4.352265226522652597e+01
4.397122524752474959e+01
4.372549019607843235e+01
4.389612903225806662e+01
4.404483870967742121e+01
4.315781249999999858e+01
4.343048128342245917e+01
4.348544266191324681e+01
4.357485748574857354e+01
4.364527629233511874e+01
4.412001200120012356e+01
4.369340463458110690e+01
4.353187499999999943e+01
4.330873087308730618e+01
4.308230198019801804e+01
4.344014401440144013e+01
4.385272277227722526e+01
4.406126237623762165e+01
4.418716577540106982e+01
4.362754804892254157e+01
4.383425245098039369e+01
4.388374321303098213e+01
4.406962631747045833e+01
4.426206683168317113e+01
4.411677419354838747e+01
4.446742567994940032e+01
4.449938118811881083e+01
4.440069576217583602e+01
4.477879901960784537e+01
4.406683168316831711e+01
4.458639412328329854e+01
4.442311305981835545e+01
4.427825196312734590e+01
4.440891840607210383e+01
4.427967741935484014e+01
4.423607673267326845e+01
4.457906388361796246e+01
4.448253676470588402e+01
4.427882465665921785e+01
