4.147204426324985604e+01
4.177540106951871479e+01
4.191719171917191744e+01
4.221812181218121651e+01
4.162860438292964460e+01
4.183517763541060219e+01
4.202424242424242351e+01
4.177285963890506792e+01
4.170122306348282137e+01
4.220646476412347425e+01
4.182936157693439583e+01
4.247999999999999687e+01
4.229029411764705770e+01
4.158048090523337947e+01
4.224029411764706055e+01
4.262783925451368816e+01
4.266303030303030397e+01
4.205169340463458383e+01
4.231818181818182012e+01
4.236633663366336577e+01
4.283022714036109591e+01
4.231456859971711282e+01
4.389798979897989994e+01
4.310852941176470665e+01
4.231525735294117396e+01
4.198948019801980536e+01
4.183910034602076422e+01
4.208547794117647101e+01
4.152617647058823280e+01
4.173267326732673155e+01
4.219470588235294173e+01
4.167906574394463348e+01
4.154826732673267031e+01
4.152085208520852433e+01
4.133226557949912916e+01
4.123269896193771444e+01
4.174257425742574412e+01
4.156523005241700730e+01
4.109260337798485807e+01
4.166299357208448129e+01
4.166756675667566867e+01
4.121872187218721706e+01
4.115121806298277107e+01
4.157324106113033224e+01
4.114762992575671063e+01
4.117185697808535139e+01
4.153974540311173769e+01
4.113133372160745438e+01
4.130332739156268218e+01
4.137408088235294201e+01
4.122014260249554241e+01
4.126484848484848555e+01
4.206450645064506233e+01
4.205414603960396391e+01
4.170530565167243253e+01
4.164036109493302007e+01
4.147764705882352843e+01
4.159818181818182126e+01
4.183078307830783160e+01
4.190187499999999687e+01
4.179187499999999744e+01
4.167476747674767523e+01
4.153015301530152925e+01
4.125082508250824986e+01
4.161515151515151700e+01
4.091036414565826362e+01
4.106238859180035661e+01
4.076867686768677146e+01
4.115542857142857258e+01
4.142416378316032421e+01
4.193562500000000171e+01
4.169152227722772608e+01
4.191119111911191197e+01
4.178979238754325110e+01
4.164696969696969830e+01
4.116951695169517222e+01
4.171031250000000057e+01
4.119764705882352729e+01
4.109001782531194635e+01
4.116058168316831711e+01
4.124392439243924713e+01
4.111972667855020802e+01
4.085026737967914556e+01
4.046173615077098873e+01
4.109172976121141829e+01
4.130940023068050948e+01
4.150378567268491281e+01
4.207617647058823707e+01
4.150093749999999915e+01
4.121242124212421487e+01
4.151575757575757564e+01
4.141146761734997028e+01
4.195806639487478407e+01
4.155818181818181500e+01
4.123628571428571377e+01
4.098049804980497868e+01
4.152352941176470580e+01
4.125305765870704988e+01
4.124509803921568363e+01
4.112629757785467177e+01
4.155922865013774015e+01
4.156113033448673377e+01
4.099176470588235333e+01
4.119117647058823195e+01
4.116265912305516395e+01
4.150407687827605940e+01
4.124658348187760026e+01
4.116647058823529193e+01
4.123034362259755170e+01
4.108707047175305860e+01
4.106144437973208738e+01
4.111014994232987618e+01
4.176057605760576052e+01
4.136249999999999716e+01
4.129044117647058698e+01
4.170730198019801804e+01
4.173987398739873811e+01
4.122029702970296938e+01
4.116365754222481144e+01
4.137263726372637507e+01
4.115987186953989863e+01
4.150465046504650246e+01
4.185411764705882121e+01
4.191569156915691252e+01
4.159717416378315846e+01
4.170471753057658759e+01
4.128382838283828704e+01
4.075609031491384115e+01
4.128906714200832084e+01
4.136995386389850182e+01
4.135813148788927407e+01
4.166291810841983789e+01
4.146301688992428325e+01
4.116378316032295004e+01
4.121542154215421760e+01
4.077599524658348429e+01
4.137623762376237835e+01
4.119964349376114399e+01
4.101140114011401039e+01
4.113531353135313395e+01
4.103316032295271043e+01
4.147903319743738848e+01
4.120645905420992250e+01
4.089895165987186942e+01
4.153548387096774519e+01
4.193030303030302974e+01
4.187281250000000199e+01
4.160426042604260743e+01
4.208057598039215463e+01
4.176812519961673331e+01
4.189741161616161946e+01
4.270513613861385949e+01
3.834516129032257936e+01
3.802908415841584144e+01
3.787749999999999773e+01
3.783554292929292728e+01
3.782196969696969546e+01
3.719585396039603609e+01
3.735553555355535593e+01
3.753926360377973026e+01
3.720409982174687968e+01
3.823232323232323182e+01
3.744346692733789439e+01
3.786293546544831656e+01
3.769577205882352899e+01
3.742597087378640452e+01
3.653974514563106624e+01
3.317830882352941302e+01
3.239259708737863974e+01
3.248786407766990436e+01
3.194781553398058094e+01
3.207615291262136026e+01
3.199405822935234767e+01
3.057937499999999886e+01
3.081078167115903099e+01
3.123356401384083014e+01
3.050329670329670506e+01
3.097669902912621254e+01
3.042907227615965482e+01
3.014994802494802428e+01
2.899567474048442861e+01
3.049831989247311981e+01
3.018522135416666785e+01
3.005658263305322109e+01
3.016430412371133940e+01
3.043506944444444429e+01
3.098004655803126184e+01
3.020256813417190855e+01
3.026574202496532706e+01
2.981419683257918507e+01
2.983711274353241905e+01
2.978333333333333499e+01
3.023097643097642973e+01
3.045510204081632821e+01
2.993814432989690744e+01
2.977978933508887494e+01
3.004149659863945487e+01
2.970111915734035435e+01
2.967365801635264688e+01
2.977959183673469212e+01
2.959545753785385003e+01
3.241512027491408787e+01
3.299866977053541461e+01
3.325437500000000313e+01
3.364016990291262488e+01
3.390106951871657515e+01
3.400300030003000273e+01
3.410363636363636175e+01
3.409205882352941330e+01
3.333163265306122724e+01
3.400399999999999778e+01
3.407774716865625919e+01
3.299538239538239282e+01
3.389475201845444019e+01
3.385628571428571121e+01
3.412269756387403419e+01
3.368712871287128507e+01
3.374657142857142844e+01
3.362142857142857366e+01
3.448631333721607461e+01
3.543578643578643295e+01
3.493090909090908980e+01
3.564628571428571746e+01
3.545392702535559692e+01
3.542911764705882405e+01
3.530547466511357158e+01
3.516551326412918144e+01
3.445098039215686470e+01
3.432856385797562382e+01
3.460169731258839931e+01
3.466993464052287521e+01
3.476973125884016724e+01
3.461633663366336577e+01
3.468287711124053629e+01
3.498933102652825511e+01
3.456755969714618715e+01
3.513191613278974756e+01
3.494146767617938565e+01
3.554863133372160888e+01
3.592331478045763760e+01
3.542000000000000171e+01
3.521731601731601558e+01
3.517845117845117642e+01
3.342179369452096438e+01
3.331523474928138029e+01
3.396007665282657229e+01
3.429634687606692012e+01
3.596552814674257093e+01
3.702397372742200332e+01
3.796813725490196134e+01
3.843137254901960631e+01
3.810332871012482769e+01
3.887599469496021243e+01
3.845798459993304164e+01
3.865981432360742787e+01
3.892730158730158507e+01
3.883428188818212590e+01
3.859807692307692406e+01
3.869514563106795890e+01
3.771067961165048388e+01
3.905760517799352982e+01
3.944705882352941018e+01
3.871437908496731950e+01
3.898676419366074697e+01
3.878754208754208577e+01
3.889021815622800915e+01
3.844455782312925152e+01
3.782828282828283051e+01
3.838249158249158199e+01
3.828754208754208577e+01
3.897074829931973028e+01
3.884678279416992552e+01
3.931784511784511693e+01
3.926296296296296617e+01
3.903401360544217624e+01
3.976732845698362695e+01
3.972518286311390057e+01
3.936733333333333462e+01
3.934548387096774036e+01
3.914686468646864625e+01
3.907548387096774434e+01
3.867068965517241708e+01
3.895286195286195152e+01
3.922605363984674653e+01
3.880808080808080973e+01
3.914907697666318143e+01
3.949206349206349387e+01
3.957946127946127746e+01
3.948712871287128934e+01
3.935317460317460103e+01
3.947413793103448398e+01
3.936363636363636687e+01
3.991766666666666907e+01
3.999582027168234077e+01
3.995629907818368309e+01
4.008568443051201768e+01
3.906105610561056096e+01
3.906614532420984176e+01
3.943200000000000216e+01
3.915379602476376419e+01
3.919226750261233150e+01
3.834099616858237880e+01
3.551043771043771358e+01
3.583804713804713771e+01
3.572333333333333627e+01
3.572249999999999659e+01
3.547593750000000057e+01
3.548233333333333661e+01
3.613501683501683459e+01
3.588700000000000045e+01
3.579016288725646433e+01
3.545247524752475243e+01
3.636530612244897753e+01
3.589600000000000080e+01
3.566014988595633639e+01
3.544366666666666532e+01
3.599124579124578815e+01
3.550033670033670319e+01
3.603061224489795933e+01
3.535082508250825128e+01
3.572433333333333394e+01
3.521758620689654862e+01
3.554290322580644812e+01
3.632601880877742673e+01
3.711212121212120962e+01
3.755935483870968028e+01
3.721161290322580584e+01
3.726774193548386904e+01
3.698096774193548697e+01
3.708052805280527764e+01
3.695433333333333081e+01
3.717095709570956785e+01
3.759393939393939377e+01
3.767141049968374489e+01
3.771800000000000352e+01
3.696766666666666623e+01
3.757266666666667021e+01
3.804006734006733836e+01
3.723143564356435320e+01
3.720258064516129082e+01
3.711195445920303371e+01
3.636631016042780828e+01
3.654635463546354401e+01
3.699666666666666970e+01
3.765258064516129366e+01
3.766120049504950629e+01
3.658131067961164717e+01
3.698418722327640751e+01
3.732705206004471421e+01
3.647925860547219656e+01
3.667748786407766914e+01
