4.562749999999999773e+01
4.602624999999999744e+01
4.561968749999999773e+01
4.518631863186318753e+01
4.478062500000000057e+01
4.494937500000000341e+01
4.464500000000000313e+01
4.463354838709677352e+01
4.505322580645161423e+01
4.503033333333333132e+01
4.569689655172413723e+01
4.555036208031599898e+01
4.508566666666666833e+01
4.537064516129031944e+01
4.529800000000000182e+01
4.533935483870967431e+01
4.548290322580645295e+01
4.520138888888888573e+01
4.595959595959595845e+01
4.583906249999999716e+01
4.543312499999999687e+01
4.626925505050505194e+01
4.607070707070707272e+01
4.715269196822595177e+01
4.636148007590132636e+01
4.607186202491217131e+01
4.617791234140715062e+01
4.598019801980198196e+01
4.583707524271844846e+01
4.534553349875930195e+01
4.587316176470588402e+01
4.538878676470588402e+01
4.614379084967320210e+01
4.596723300970873538e+01
4.579915048543688982e+01
4.646710942441492875e+01
4.618778877887788781e+01
4.643660172468860026e+01
4.586138613861385949e+01
4.638387096774193452e+01
4.614469235970250338e+01
4.594400819392284063e+01
4.630970873786407793e+01
4.643803345851826236e+01
4.682209188660801402e+01
4.658906249999999716e+01
4.657833333333333314e+01
4.619093749999999687e+01
4.631182795698924792e+01
4.610843750000000085e+01
4.717419354838709467e+01
4.735777126099706891e+01
4.726420454545454675e+01
4.719088811995386123e+01
4.699417892156862564e+01
4.686318631863186113e+01
4.670967741935483986e+01
4.670699257425742701e+01
4.696752450980392268e+01
4.650490196078431637e+01
4.664666666666666828e+01
4.670544554455445763e+01
4.672899999999999920e+01
4.644714148834238188e+01
4.654096774193548214e+01
4.659875000000000256e+01
4.655062280421590515e+01
4.741105990783410107e+01
4.619393382352941302e+01
4.623514851485148824e+01
4.631593749999999687e+01
4.691850490196078738e+01
4.625371428571428822e+01
4.588508850885088464e+01
4.582727272727272805e+01
4.764610084559974723e+01
4.729656862745098067e+01
4.695414294750158035e+01
4.643516129032258277e+01
4.729533239038189407e+01
4.676314285714286001e+01
4.695628571428571263e+01
4.676852941176470324e+01
4.622206506364922518e+01
4.646796738497378954e+01
4.624242424242424221e+01
4.587864214992927714e+01
4.563156315631562876e+01
4.620742857142857218e+01
4.633794694348327425e+01
4.633925451368666160e+01
4.622257142857142753e+01
4.584545454545454390e+01
4.627590187590187298e+01
4.651913070094888525e+01
4.587789661319072820e+01
4.610764790764790888e+01
4.624092409240924439e+01
4.662626262626262275e+01
4.700765228037955268e+01
4.644260789715335136e+01
4.632571428571428385e+01
4.677181818181818329e+01
4.668628005657708968e+01
4.660291545189504347e+01
4.665294117647059124e+01
4.722617647058823565e+01
4.784756657483930553e+01
4.717575757575757223e+01
4.688823529411764923e+01
4.695360678925035103e+01
4.722222222222222143e+01
4.722057142857142509e+01
4.732542857142857429e+01
4.690649350649350424e+01
4.647763347763347497e+01
4.655445544554455495e+01
4.666794117647058471e+01
4.625374823196605689e+01
4.722044263249854623e+01
4.768431372549019898e+01
4.733242424242424562e+01
4.655474665113570154e+01
4.684025374855824708e+01
4.679033197437390612e+01
4.616103669190448500e+01
4.614342291371994520e+01
4.618258590564938970e+01
4.687484848484848499e+01
4.675127512751274850e+01
4.651352941176470779e+01
4.638235294117647101e+01
4.622324929971988894e+01
4.639349363507779600e+01
4.701457142857142912e+01
4.640291262135922068e+01
4.665599769319492651e+01
4.661074964639320939e+01
4.667828571428571394e+01
4.660841983852364478e+01
4.644285714285714306e+01
4.637170868347338626e+01
4.659243697478991919e+01
4.657367795603089888e+01
4.677664531158998074e+01
4.685462184873949809e+01
4.650000000000000000e+01
4.600640652300523925e+01
4.710947666195190919e+01
4.711130334486735904e+01
4.706892453951277133e+01
4.691779177917791799e+01
4.679673849737915248e+01
4.637823529411764412e+01
4.627128712871287064e+01
4.657535014005602392e+01
4.623236386138614051e+01
4.651941747572815444e+01
4.632064516129032228e+01
4.653574580759046597e+01
4.684041933605125507e+01
4.665042016806722813e+01
4.652450980392156765e+01
4.628392545136866687e+01
4.702533488642981752e+01
4.637168396770472611e+01
4.598029411764705543e+01
4.643425605536332057e+01
4.658073817762399216e+01
4.652442244224422296e+01
4.676354105998834854e+01
4.690166369578134464e+01
4.664059405940594161e+01
4.650099009900990410e+01
4.650612903225806605e+01
4.647986798679868059e+01
4.683455882352941302e+01
4.688379469434832458e+01
4.667552182163187524e+01
4.718236984988821803e+01
4.679115099009901257e+01
4.708030303030302832e+01
4.698264705882353098e+01
4.677737773777377583e+01
4.721986022131624594e+01
4.695195107746068430e+01
4.661640735502121657e+01
4.696539792387543599e+01
4.671490972626674676e+01
4.688235294117647101e+01
4.705074971164936670e+01
4.697291788002329582e+01
4.647666195190947747e+01
4.635913591359135921e+01
4.651848739495798668e+01
4.706755969714618715e+01
4.650749711649365281e+01
4.730851715686274161e+01
4.765801614763552152e+01
4.744348327566320478e+01
4.754640522875816799e+01
4.702795573675014396e+01
4.656096181046675753e+01
4.670000000000000284e+01
4.696666666666666856e+01
4.758613861386138666e+01
4.747914285714285398e+01
4.733974540311174195e+01
4.706902404526167061e+01
4.711117397454031419e+01
4.757971428571428874e+01
4.725720876585928210e+01
4.686418685121107330e+01
4.675144175317185358e+01
4.660527045769764243e+01
4.650669772859638584e+01
4.682893289328932696e+01
4.697963224893918266e+01
4.688206173558532441e+01
4.654659289458357563e+01
4.663668866886688846e+01
4.659227220299884920e+01
4.759547383309759283e+01
4.757676470588235418e+01
4.699123055162659313e+01
4.685035360678924832e+01
4.668117647058823394e+01
4.687100424328146886e+01
4.668771428571428572e+01
4.668486562942008788e+01
4.655954738330976284e+01
4.633946251768033875e+01
4.637793493635077624e+01
4.674956319161327656e+01
4.647837370242214661e+01
4.664882352941176435e+01
4.655502121640735425e+01
4.656231799650553427e+01
4.612638322655794809e+01
4.667006406523005069e+01
4.628529411764706225e+01
4.677114285714285558e+01
4.656298129812981301e+01
4.682852941176470551e+01
4.674519510774607056e+01
4.715987186953989863e+01
4.621636615811372906e+01
4.645098039215686470e+01
4.658176470588234963e+01
4.649613784907902669e+01
4.672057142857142509e+01
4.702114285714285558e+01
4.668870122306348236e+01
4.691263832265579481e+01
4.671764705882353041e+01
4.608714596949891273e+01
4.716577540106951716e+01
4.727460687245195459e+01
4.710069348127600364e+01
4.708189158016147502e+01
4.685104022191401185e+01
4.713121506325389731e+01
4.687740244612696472e+01
4.709457900807381492e+01
4.674855824682814642e+01
4.722539312754804541e+01
4.745781342840166417e+01
4.786080372743156630e+01
4.747376009227220095e+01
4.735894590846046981e+01
4.707515151515151786e+01
4.621484593837534760e+01
4.689378937893789612e+01
4.673645894001165146e+01
4.656218487394958316e+01
4.724152415241524494e+01
4.665253748558247082e+01
4.735643564356435320e+01
4.663147058823529534e+01
4.714701470147014817e+01
4.660980392156862706e+01
4.638319327731092301e+01
4.681568627450980102e+01
4.709750975097509951e+01
4.656747404844290372e+01
4.675337533753375396e+01
4.673949579831932510e+01
4.727482748274827173e+01
4.749393939393939235e+01
4.699019607843137436e+01
4.679235294117646760e+01
4.688257142857143123e+01
4.699775910364145659e+01
4.674529411764705600e+01
4.690215492137448905e+01
4.675615275813295568e+01
4.654642445213379176e+01
4.680411764705882405e+01
4.667268491555037713e+01
4.700961810466760937e+01
4.691580161476355215e+01
4.686065105653911900e+01
4.706173558532324108e+01
4.710411764705882121e+01
4.712121212121212466e+01
4.724331550802138935e+01
4.751182237600922775e+01
4.741118800461361360e+01
4.708266296809986073e+01
4.724602460246024549e+01
4.763211633663366484e+01
4.681257208765859446e+01
