5.054261363636363313e+01
5.235732323232323182e+01
5.401354838709677608e+01
5.690189018901889995e+01
5.742757748260594752e+01
5.714691791759820916e+01
5.719009900990099027e+01
5.389312479635060527e+01
5.349548387096773894e+01
5.153843537414965681e+01
5.079163923633969802e+01
5.006060606060606233e+01
4.898484848484848442e+01
4.840689875439156964e+01
4.967442633854339817e+01
4.901225806451613209e+01
4.872108178559791725e+01
4.824006734006734121e+01
4.835356116256787118e+01
4.851744568795260193e+01
4.874774193548387302e+01
4.774032258064516299e+01
4.776213933849401627e+01
4.795192915876027939e+01
4.815404040404040131e+01
4.756064516129032427e+01
4.800124999999999886e+01
4.835575281666097425e+01
4.812837145783544202e+01
4.819482758620689822e+01
4.802031250000000284e+01
4.837095709570957069e+01
4.774322580645161196e+01
4.695624999999999716e+01
4.753094140882159024e+01
4.732633333333333070e+01
4.722026718800912448e+01
4.749107142857143060e+01
4.751578282828283051e+01
4.734180514825676056e+01
4.760156250000000000e+01
4.754766414141413833e+01
4.745485154576063991e+01
4.696871945259042036e+01
4.683110075713453568e+01
4.686245674740484191e+01
4.727103960396039639e+01
4.772592592592592808e+01
4.741020114942529062e+01
4.638362068965517437e+01
4.636975945017181999e+01
4.656354166666666572e+01
4.645902777777777715e+01
4.689285714285714590e+01
4.722439862542955069e+01
4.667741935483871174e+01
4.682543103448276156e+01
4.722211021505376038e+01
4.700710984713828822e+01
4.753814432989690886e+01
4.704761904761905100e+01
4.690729166666666572e+01
4.816442831215970699e+01
4.658031932225480887e+01
4.665174456879525877e+01
4.600240549828178871e+01
4.617415316642120615e+01
4.606357388316151003e+01
4.578350515463917247e+01
4.629312714776632021e+01
4.621821305841924499e+01
4.602006802721088263e+01
4.576666666666666572e+01
4.599502310700319896e+01
4.607290132547864658e+01
4.638529204785362481e+01
4.616396903589021861e+01
4.612702503681884991e+01
4.611350574712643891e+01
4.688402777777777430e+01
4.704022988505747094e+01
4.715660919540229656e+01
4.672378243867756709e+01
4.682189832918592032e+01
4.660907811400421963e+01
4.689358600583090464e+01
4.732920962199312953e+01
4.752577319587629034e+01
4.735068027210884622e+01
4.751874999999999716e+01
4.737048611111111285e+01
4.638961962317809906e+01
4.630748299319727579e+01
4.635154639175257785e+01
4.678017241379310320e+01
4.608210603829160590e+01
4.616220971147079410e+01
4.625773195876288924e+01
4.632040229885057414e+01
4.602674173117522827e+01
4.624066832563099894e+01
4.610024884464984041e+01
4.618698897973693818e+01
4.700903225806451502e+01
4.750781250000000000e+01
4.720000000000000284e+01
4.701481481481481239e+01
4.690099009900990268e+01
4.715699999999999648e+01
4.718047138047138134e+01
4.721766666666666623e+01
4.678875000000000028e+01
4.677392739273927447e+01
4.654275862068965353e+01
4.672838283828382799e+01
4.637458745874587152e+01
4.667625000000000313e+01
4.685774193548387245e+01
4.667249999999999943e+01
4.701242424242424534e+01
4.698393939393939434e+01
4.691125000000000256e+01
4.655031249999999687e+01
4.639962121212121104e+01
4.612030303030302747e+01
4.652840909090909349e+01
4.662181818181818471e+01
4.629703282828283051e+01
4.604812499999999886e+01
4.686119257086998857e+01
4.664924812030075429e+01
4.728347996089931371e+01
4.772140762463342867e+01
4.769881826892366661e+01
4.784131638970348632e+01
4.733561420658195118e+01
4.757303030303030056e+01
4.768828176431863142e+01
4.718541854185418316e+01
4.712577386770934851e+01
4.728042159054615468e+01
4.712809405940593876e+01
4.716303630363036348e+01
4.619237749546279304e+01
4.673964912280701611e+01
4.643951890034364283e+01
4.703229166666666572e+01
4.692528735632183867e+01
4.771101485148514598e+01
4.796089931573802545e+01
4.740753752794634579e+01
4.712679597701149703e+01
