2.481910183428210104e+01
2.439975247524752433e+01
2.378083491461100607e+01
2.368841911764705799e+01
2.355662128712871350e+01
2.359497549019607732e+01
2.354965211891208199e+01
2.337683823529411598e+01
2.329779411764705799e+01
2.316942401960784181e+01
2.321599264705882248e+01
2.322549019607843235e+01
2.337745098039215819e+01
2.351470588235294201e+01
2.295145320983711201e+01
2.334957107843137081e+01
2.322311348781936857e+01
2.316893564356435675e+01
2.347855392156862919e+01
2.323468137254901933e+01
2.332070153460695394e+01
2.322459893048128166e+01
2.303033980582524265e+01
2.314031862745098067e+01
2.297997572815533829e+01
2.355522971652003861e+01
2.271571601941747431e+01
2.275796568627450966e+01
2.264623786407766914e+01
2.295540048543689338e+01
2.263174704567230933e+01
2.266902030008825975e+01
2.312299465240641538e+01
2.318229166666666785e+01
2.358425245098039369e+01
2.329319852941176450e+01
2.347178398058252569e+01
2.317263349514563231e+01
2.309209744503862183e+01
2.328312537136066496e+01
2.298468137254901933e+01
2.325333737864077577e+01
2.295615408706545679e+01
2.311734997029114780e+01
2.375680693069307026e+01
2.370947712418300668e+01
2.357904411764705799e+01
2.370145477545857204e+01
2.370645161290322633e+01
2.352258663366336577e+01
2.353648606326338921e+01
2.334713471347134828e+01
2.339007724301842117e+01
2.317362428842504585e+01
2.348131127450980316e+01
2.309860436893204039e+01
2.325919117647058698e+01
2.336121323529411598e+01
2.271287128712871350e+01
2.292301038062283780e+01
2.311029411764705799e+01
2.314246323529411598e+01
2.345266990291262132e+01
2.321695129664769297e+01
2.342218137254901933e+01
2.336741504854368756e+01
2.334629981024668055e+01
2.373731435643564325e+01
2.312388591800356608e+01
2.324777183600712860e+01
2.309708737864077577e+01
2.263576357635763614e+01
2.283318623124448266e+01
2.276348039215686114e+01
2.329289215686274517e+01
2.305552184466019483e+01
2.313185092389602104e+01
2.339168689320388239e+01
2.316019417475728304e+01
2.282943722943722875e+01
2.309491315136476430e+01
2.315594951923077005e+01
2.283040048543689338e+01
2.318537621359223166e+01
2.329447460875119802e+01
2.337803398058252569e+01
2.306644417475728304e+01
2.269538834951456252e+01
2.329338592233009564e+01
2.310831310679611761e+01
2.342708333333333215e+01
2.377336165048543748e+01
2.360870844365989996e+01
2.321357808857808891e+01
2.349575242718446688e+01
2.318841019417475735e+01
2.309981796116504782e+01
2.318416262135922423e+01
2.305279126213592278e+01
2.283464805825242649e+01
2.293474264705882248e+01
2.319577205882352899e+01
2.294145336863783413e+01
2.319144417475728304e+01
2.296057664018828959e+01
2.312308174130911453e+01
2.307475490196078383e+01
2.361703431372549034e+01
2.344811893203883457e+01
2.311529126213592278e+01
2.271853257432005080e+01
2.253731796116504782e+01
2.284466019417475735e+01
2.267416378316032421e+01
2.268173543689320226e+01
2.271271538918597699e+01
2.289108009708737868e+01
2.303953194180898123e+01
2.270137336314276766e+01
2.284661606578115212e+01
2.304656862745098067e+01
2.244975490196078383e+01
2.279520631067961034e+01
2.291144454251250195e+01
2.278799019607843235e+01
2.299544902912621325e+01
2.334113411341134281e+01
2.295509171410499860e+01
2.295615408706545679e+01
2.297273284313725483e+01
2.296146844660194120e+01
2.295479368932038966e+01
2.302971462194763319e+01
2.291295306001188337e+01
2.326577669902912504e+01
2.318901699029126107e+01
2.335334158415841443e+01
2.292090234151913108e+01
2.283838383838383734e+01
2.291409238011179639e+01
2.288529411764706012e+01
2.333464805825242649e+01
2.318039461321641070e+01
2.314488448844884516e+01
2.345418689320388239e+01
2.323300970873786397e+01
2.309313725490196134e+01
2.304945388349514701e+01
2.315690573128718910e+01
2.319114077669902940e+01
2.296141682479443347e+01
2.307427213309566127e+01
2.311427696078431282e+01
2.286219855934857392e+01
2.343601059135039577e+01
2.279316888045540779e+01
2.319815805109922735e+01
2.321875000000000000e+01
2.332449696582561316e+01
2.286401012017710244e+01
2.303589290967931902e+01
2.314805825242718385e+01
2.295496323529411598e+01
2.274908980582524265e+01
2.260787259615384670e+01
2.266072489601901196e+01
2.291856971153845990e+01
2.332827324478178355e+01
2.323407451923077005e+01
2.293378712871287206e+01
2.290717821782178376e+01
2.292779126213592278e+01
2.310460382085812725e+01
2.293266520513623519e+01
2.279442401960784181e+01
2.288834951456310662e+01
2.301164215686274517e+01
2.279788172992056516e+01
2.325919117647058698e+01
2.284134615384615330e+01
2.258131067961165073e+01
2.234661606578115212e+01
2.249172794117647101e+01
2.243203883495145590e+01
2.261635775228008072e+01
2.232599255583126663e+01
2.259191982461634751e+01
2.294053398058252569e+01
2.309145004697776216e+01
2.218392857142857011e+01
2.182602163461538325e+01
2.228318858560794169e+01
2.212444836716681351e+01
2.273988970588235148e+01
2.266430995475113264e+01
2.291233580810965265e+01
2.272549019607843235e+01
2.287222048230504257e+01
2.286397058823529349e+01
2.338866269965549805e+01
2.355430825242718385e+01
2.358697027197975871e+01
2.307675970873786397e+01
2.342938701923077005e+01
2.306127450980392268e+01
2.305422794117647101e+01
2.264990512333965711e+01
2.253234265734265662e+01
2.295881141512209567e+01
2.319751213592233086e+01
2.350980392156862919e+01
2.287908208296557788e+01
2.294321859370403160e+01
2.289510489510489677e+01
2.253263403263403220e+01
2.240962009803921617e+01
2.218161050828098269e+01
2.264873798076922995e+01
2.276274271844660291e+01
2.245883413461538325e+01
2.254627403846154010e+01
2.266493506493506516e+01
2.212558275058275115e+01
2.220922619047619051e+01
2.235773809523809419e+01
2.190808823529411598e+01
2.179191919191919169e+01
2.233954326923077005e+01
2.242698317307692335e+01
2.232946832579185426e+01
2.283594470046082847e+01
2.213006802721088562e+01
2.251544289044289116e+01
2.284253640776698902e+01
2.265139563106795961e+01
2.240958737864077577e+01
2.221587664191890354e+01
2.298999705795822379e+01
2.270390271493212708e+01
2.272027972027971998e+01
2.279641990291262132e+01
2.251894796380090469e+01
2.238281250000000000e+01
2.242247596153845990e+01
2.287066052227342539e+01
2.254553571428571601e+01
2.298426573426573327e+01
2.288523573200992445e+01
2.273418114143920477e+01
2.202519201228878742e+01
2.249308894230769340e+01
2.271285672256546206e+01
2.221760461760461780e+01
2.130946601941747431e+01
2.274492497793468715e+01
2.240212264150943255e+01
2.202380206702160947e+01
2.296207524271844491e+01
2.306451612903225978e+01
2.315847165674913910e+01
2.291706730769230660e+01
2.237604617604617729e+01
2.226652644230769340e+01
2.265476190476190510e+01
2.292875000000000085e+01
2.205889423076922995e+01
2.266286057692307665e+01
2.171966019417475735e+01
2.182752403846154010e+01
2.218750000000000000e+01
2.211166253101736956e+01
2.243088942307692335e+01
2.269732142857142776e+01
2.212166262135922423e+01
2.225932400932400768e+01
2.214957524271844491e+01
2.202609223300970953e+01
2.227561327561327431e+01
