4.327450980392156765e+01
4.336543654365436851e+01
4.340542099192618508e+01
4.395859585958595517e+01
4.373767082590612176e+01
4.373756987349220537e+01
4.348886350656767519e+01
4.296395617070357531e+01
4.330867498514557212e+01
4.287007424328955096e+01
4.321446078431372229e+01
4.319417475728155154e+01
4.344688749286122231e+01
4.264677047289504230e+01
4.295674740484429321e+01
4.301803051317614290e+01
4.318834951456310733e+01
4.305682467161621929e+01
4.283181039406053969e+01
4.298068050749711944e+01
4.295606435643564680e+01
4.268461312150632381e+01
4.333160322952710430e+01
4.285661764705882604e+01
4.236425339366515885e+01
4.290519703026841825e+01
4.324257425742574412e+01
4.305680507497116594e+01
4.263657542224810726e+01
4.255037856726848844e+01
4.238443256090315003e+01
4.255017301038062527e+01
4.308852649970879156e+01
4.303814793244030312e+01
4.299504950495049371e+01
4.257503467406380082e+01
4.275022065313327602e+01
4.245306001188354372e+01
4.262997198879551775e+01
4.269237170596393582e+01
4.238829471182412334e+01
4.274093879976233268e+01
4.279700115340254030e+01
4.286363636363636687e+01
4.287551990493167153e+01
4.258794694348327425e+01
4.287226066897347465e+01
4.260993717875499698e+01
4.309477124183006680e+01
4.334257703081232194e+01
4.374519056261343053e+01
4.284649859943977646e+01
4.324898078043098337e+01
4.314158016147635522e+01
4.345618872549019329e+01
4.375014277555682440e+01
4.386779560308971782e+01
4.377700242718446333e+01
4.336379211878926299e+01
4.354945388349514701e+01
4.330940023068050948e+01
4.343841911764705799e+01
4.363563677898343940e+01
4.376737967914438343e+01
4.343841911764705799e+01
4.386340136054421635e+01
4.368520152986172178e+01
4.365350140056022354e+01
4.304711593375213852e+01
4.299625144175317359e+01
4.320959451741861557e+01
4.288034188034188077e+01
4.311389850057670259e+01
4.269483075308318121e+01
4.309875173370318890e+01
4.311923076923076792e+01
4.293739079790331914e+01
4.270416904625928112e+01
4.252510402219139962e+01
4.267239944521497819e+01
4.264994606256742316e+01
4.319251040221914195e+01
4.346050420168067063e+01
4.344229691876750366e+01
4.306352288488211144e+01
4.266782006920415427e+01
4.277445054945054892e+01
4.277170596393897029e+01
4.278918169209430999e+01
4.289375866851595021e+01
4.304604715672677173e+01
4.282468793342579971e+01
4.274711649365628574e+01
4.296199722607489946e+01
4.300799543118218082e+01
4.315678418803418737e+01
4.264428263214671233e+01
4.271062567421790845e+01
4.279296424452133607e+01
4.288149628783552458e+01
4.321301272984441511e+01
4.337799564270152786e+01
4.362647058823529278e+01
4.353053221288515573e+01
4.332895488292404451e+01
4.350325318246110129e+01
4.323025210084033887e+01
4.355311250713877769e+01
4.330039977155910691e+01
4.357004160887655786e+01
4.349509803921568363e+01
4.314684466019417641e+01
4.266761850371216269e+01
4.277784123358080848e+01
4.330296973158195328e+01
4.268989149057681232e+01
4.321844660194174992e+01
4.342703619909502066e+01
4.384466019417475735e+01
4.388406624785836385e+01
4.372606689734717378e+01
4.367416378316032421e+01
4.368737864077669997e+01
4.329555940023067961e+01
4.288652912621359548e+01
4.331459054209918946e+01
4.315567439096850677e+01
4.350115340253748286e+01
4.333725490196078312e+01
4.309674681753890013e+01
4.305797511312216841e+01
4.351036414565826504e+01
4.341404911479154549e+01
4.295231296402055676e+01
4.351256424900056885e+01
4.324565826330532303e+01
4.343025210084033461e+01
4.305187239944521593e+01
4.312482662968099589e+01
4.334789644012945331e+01
4.361964591661907775e+01
4.309054209919261780e+01
4.351513420902341522e+01
4.305247981545559099e+01
4.291674021771109437e+01
4.284294688749286451e+01
4.315311418685121225e+01
4.293793706293705981e+01
4.315745692216280105e+01
4.297454031117397477e+01
4.319103086779266221e+01
4.315778186274509665e+01
4.308223872073101290e+01
4.330392156862745168e+01
4.336903690369037179e+01
4.335265837104072517e+01
4.362180629827688705e+01
4.324658348187760026e+01
4.319240196078431637e+01
4.309143855562026459e+01
4.316819852941176805e+01
4.308940894089408857e+01
4.356915691569157190e+01
4.318945908460471372e+01
4.308620182406590260e+01
4.302912621359223522e+01
4.322256787330316996e+01
4.322108183079056687e+01
4.325490196078431637e+01
4.366695501730103501e+01
4.345573957738434956e+01
4.306862745098039369e+01
4.334621848739495675e+01
4.311507709880068262e+01
4.291233580810965265e+01
4.281610508280981975e+01
4.357308377896612939e+01
4.308795518207283237e+01
4.377658942364824668e+01
4.313509015256587986e+01
4.355511136493432645e+01
4.297787114845938561e+01
4.304299583911234350e+01
4.276116504854368827e+01
4.318545751633986640e+01
4.340851648351648606e+01
4.349855824682814642e+01
4.349600228440890959e+01
4.310476190476190794e+01
4.297535014005602250e+01
4.335582468281430124e+01
4.366666666666666430e+01
4.366262975778546718e+01
4.359239453357100302e+01
4.348995756718529293e+01
4.314592527213886086e+01
4.336649365628604613e+01
4.313053221288515715e+01
4.273697478991596910e+01
4.288177623990772958e+01
4.278200692041522757e+01
4.272857142857142776e+01
4.310236447520184555e+01
4.316806722689075571e+01
4.359251856082238419e+01
4.352745098039216032e+01
4.371557155715571241e+01
4.329441473559120368e+01
4.365167243367935157e+01
4.306510565391204892e+01
4.322745098039215605e+01
4.358557558945908283e+01
4.286389850057670259e+01
4.253193277310924714e+01
4.275098039215686185e+01
4.285194174757281615e+01
4.323461538461538112e+01
4.297642163661581094e+01
4.316533409480297223e+01
4.330749646393211094e+01
4.312388591800356608e+01
4.289619377162630087e+01
4.260221914008322130e+01
4.289047619047619264e+01
4.275145687645687786e+01
4.303697478991596626e+01
4.278200692041522757e+01
4.269215686274510091e+01
4.293096008629989058e+01
4.299257567104511679e+01
4.284832756632064843e+01
4.288552479815455598e+01
4.276670474014848367e+01
4.292343966712898862e+01
4.268711484593837469e+01
4.299307958477508862e+01
4.302652825836216977e+01
4.286418685121107330e+01
4.273445378151260599e+01
4.286505190311418545e+01
4.276787773933102699e+01
4.288627450980391842e+01
4.278319327731092159e+01
4.317725381414701502e+01
4.282527664531158962e+01
4.285918003565062406e+01
4.308377896613190927e+01
4.281736694677871213e+01
4.292233910891089010e+01
4.339331026528258661e+01
4.295546218487395151e+01
4.320522052205220831e+01
4.334980011422044299e+01
4.382748274827482504e+01
4.335926449787835679e+01
4.364416441644164735e+01
4.287658592848904249e+01
4.287745098039215463e+01
4.329102910291029360e+01
4.328858474082702656e+01
4.341064425770308333e+01
4.338613861386138382e+01
4.299423298731257148e+01
4.297652050919377587e+01
4.274956319161327656e+01
4.315725101921957219e+01
4.303802733214497778e+01
4.309256055363321991e+01
4.296626297577854814e+01
4.292020966802562754e+01
4.300029708853238475e+01
4.346294117647058641e+01
4.343418753640069951e+01
4.313206459054210029e+01
4.356105610561056096e+01
4.287726244343891580e+01
4.304613610149942104e+01
4.259169550173010066e+01
4.255322128851540953e+01
4.293569780853518125e+01
4.263903743315508166e+01
4.295632798573974753e+01
4.274481792717087103e+01
4.256552125800815389e+01
4.268241235888294938e+01
4.276557093425605416e+01
4.244414735591206522e+01
4.274093879976233268e+01
4.271717171717171624e+01
4.246744674467446856e+01
4.236453645364536413e+01
4.260308677926616383e+01
4.276584808680753724e+01
4.250576701268742852e+01
4.263276327632762985e+01
4.240308123249299399e+01
4.273269896193771444e+01
4.278490790255496279e+01
4.282382650029708770e+01
4.298979897989799071e+01
4.282151095732410795e+01
4.272158766419188680e+01
4.294612696563773824e+01
4.277133794694348268e+01
4.260992275698158238e+01
4.263224893917963243e+01
4.273776520509193944e+01
4.301159830268741047e+01
4.281788178817881629e+01
4.303546712802768326e+01
4.308531921153280564e+01
4.266619519094766844e+01
4.256633663366336862e+01
4.251652661064425587e+01
4.285527082119976683e+01
4.321028571428571752e+01
4.306084198385236306e+01
4.296265912305516110e+01
4.292248939179632572e+01
4.308674985145573544e+01
4.317369165487977511e+01
4.302549019607842951e+01
4.272015142690739964e+01
4.258073817762399216e+01
4.255428067078552345e+01
4.300300030003000273e+01
4.282628262826282395e+01
4.261356135613561236e+01
4.273410576351752610e+01
4.285531788472965076e+01
4.282026143790849915e+01
4.261245674740484191e+01
4.279590017825312032e+01
4.298284313725490335e+01
4.314386584289496795e+01
4.324226485148514598e+01
4.334334078569147408e+01
4.269881221719457187e+01
4.290379523389232475e+01
4.286101499423298833e+01
4.327658942364824668e+01
4.275182072829131386e+01
4.301175213675213627e+01
4.256833910034602297e+01
4.272101656196458919e+01
4.288821081830790405e+01
4.253952843273231821e+01
4.268303826384922672e+01
4.251998857795545206e+01
4.237235865219874142e+01
4.287195484254307587e+01
4.304478021978022184e+01
4.308543956043956058e+01
4.319372171945701666e+01
4.304787878787878697e+01
4.254095409540953909e+01
4.297489177489177337e+01
4.241288515406162674e+01
4.301730769230768914e+01
4.281966726084372965e+01
4.312584841628959254e+01
4.306796116504854410e+01
4.326678550207962104e+01
4.349964539007092412e+01
4.279357298474945281e+01
4.346305285868392332e+01
4.326267529665587830e+01
4.332100840336134695e+01
4.266230936819172115e+01
4.288956170703575310e+01
4.342953431372549034e+01
4.327919976463665819e+01
4.304197601370645287e+01
4.317201426024955424e+01
4.287381404174573163e+01
4.363694852941176805e+01
4.333209594517418850e+01
4.318446601941747787e+01
4.381113033448673377e+01
4.309054209919261780e+01
4.304565826330532019e+01
4.336920943134535378e+01
4.363289760348583712e+01
4.454604295380994472e+01
4.411095700416088761e+01
4.396669396669396690e+01
4.203173394262503137e+01
4.563776655443322028e+01
4.603809523809523796e+01
4.497262094630515605e+01
4.437293814432989336e+01
4.543819241982507151e+01
4.521655328798185991e+01
4.529729729729729826e+01
4.411546723952739057e+01
4.406229860365198903e+01
4.385766614338042757e+01
4.345604395604395620e+01
4.356436156436156182e+01
4.339393939393939092e+01
4.376010030649205618e+01
4.416618075801748944e+01
4.388385354141656336e+01
4.404578532443905203e+01
4.396712018140589606e+01
4.359306987399770605e+01
4.430291085506367210e+01
4.455815295815295940e+01
4.433644314868804770e+01
4.389766763848396636e+01
4.389093868692349076e+01
4.330558539205155455e+01
4.467595146166574693e+01
4.558746355685131135e+01
4.345594837261504040e+01
4.344790764790764825e+01
4.467572633552015304e+01
4.395787878787879066e+01
4.371531250000000313e+01
4.348514557338086917e+01
4.352372206917661401e+01
4.322781249999999886e+01
4.355043316831682887e+01
4.290769722133503450e+01
4.341212871287128650e+01
4.391504311721494958e+01
4.339718750000000114e+01
4.392829282928293111e+01
4.413657142857142901e+01
4.399542857142856889e+01
4.430117647058823849e+01
4.356545559400230871e+01
4.407987312572088001e+01
4.345487977369165833e+01
4.370879440885264700e+01
4.381799650553290348e+01
4.326732673267326845e+01
4.297404844290657167e+01
4.365630252100840636e+01
4.356033287101248419e+01
4.357840541335686879e+01
4.359813348416289358e+01
4.321220527045769444e+01
4.317808599167822337e+01
4.340893665158370851e+01
4.314106753812636441e+01
4.320274129069103708e+01
4.325462962962962621e+01
4.322472222222221916e+01
4.273647711511789282e+01
4.298963585434173496e+01
4.286930693069307097e+01
4.265742296918767806e+01
4.324155773420478965e+01
4.344526952695269273e+01
4.356470588235293917e+01
4.341974197419742154e+01
4.323312331233123018e+01
4.308023986293546415e+01
4.299579831932773288e+01
4.305523809523809575e+01
4.306593406593406570e+01
4.377871148459383477e+01
4.319972260748959769e+01
4.337064534551684858e+01
4.401543389633081205e+01
4.342109728506787292e+01
4.360047072668432122e+01
4.315073529411764497e+01
4.333324175824175484e+01
4.367280219780219852e+01
4.363279857397504458e+01
4.341636615811373190e+01
4.325254524886877761e+01
4.373805361305361572e+01
4.363800277392510196e+01
4.403434065934065700e+01
4.343336275375110489e+01
4.331482993197278830e+01
4.360521978021977674e+01
4.332460317460317611e+01
4.331563156315631602e+01
4.328159580663948702e+01
4.320642701525054719e+01
4.254422869471412838e+01
4.318335644937586437e+01
4.306739006282124649e+01
4.305168475157053365e+01
