2.952698818268923731e+01
2.997280202403542049e+01
3.014168247944338930e+01
2.994433902593295471e+01
3.021720297029703062e+01
3.003856209150326961e+01
2.985435962951133959e+01
2.986664603960396036e+01
2.989184060721062508e+01
2.997369245223927336e+01
3.016410898841215271e+01
3.014751017851550330e+01
3.040069576217583958e+01
3.047549019607843235e+01
3.010309930423782276e+01
3.010468058191018415e+01
2.982254901960784466e+01
2.997659709044908283e+01
2.992585784313725483e+01
3.050632511068943842e+01
2.992076417162543223e+01
2.966413662239089177e+01
3.008800501096147784e+01
2.999281045751633812e+01
2.962549019607843093e+01
3.002750809061488724e+01
3.011977004152027959e+01
2.992015330565314457e+01
3.016305693069307026e+01
2.999781249999999844e+01
2.963813478122005662e+01
3.027690833599488940e+01
2.979869281045751706e+01
3.018935643564356397e+01
2.973618652187799327e+01
3.037352941176470722e+01
3.023682598039215819e+01
2.983570544554455495e+01
2.969306930693069191e+01
3.015006188118811892e+01
3.008762254901960631e+01
3.048731435643564325e+01
2.973793316831683242e+01
3.014224270353302515e+01
2.991166380789022128e+01
2.999514008004573995e+01
3.014181375532562512e+01
2.962648809523809490e+01
2.961815476190476204e+01
2.926309523809523938e+01
2.957053571428571459e+01
2.974271844660194120e+01
2.951829616923956578e+01
2.937169471153845990e+01
2.951742788461538325e+01
2.913824884792626690e+01
2.961802184466019483e+01
2.994494047619047450e+01
2.929793689320388239e+01
2.927968923418423941e+01
2.922202380952380807e+01
3.022115384615384670e+01
2.961057692307692335e+01
2.940986717267552208e+01
3.016497695852534733e+01
3.001136363636363669e+01
2.987101715686274517e+01
2.935328784119106871e+01
2.951369463869463772e+01
2.951412259615384670e+01
2.975910194174757351e+01
2.986298076923077005e+01
3.002770562770562890e+01
2.937483660130719088e+01
3.006957621758380839e+01
3.023614155966176043e+01
2.974035420619861014e+01
2.973911681803946294e+01
3.014012944983818798e+01
3.001033510804885651e+01
2.969478155339805880e+01
2.961589805825242649e+01
2.950901442307692335e+01
3.018697150015659147e+01
3.022716346153845990e+01
2.949213286713286664e+01
2.954957932692307665e+01
2.937773058252427205e+01
2.970904490828589672e+01
2.964081885856079523e+01
2.966583150642029310e+01
3.011941747572815586e+01
3.002481389578163729e+01
3.052006472491909506e+01
3.016285624804259413e+01
2.991356091450046861e+01
2.968124999999999858e+01
2.974569370497964371e+01
2.959411212026307680e+01
2.973687539531941937e+01
2.958864182692307665e+01
3.002385620915032760e+01
2.963802729528535806e+01
3.025148514851485260e+01
3.002245414294750248e+01
2.954271844660194191e+01
3.008080175383651778e+01
2.963051470588235148e+01
3.000124069478908240e+01
3.020064724919093990e+01
3.017111650485436769e+01
3.007843137254901933e+01
2.998137254901960702e+01
2.974575163398692723e+01
2.972169512966477001e+01
2.976291888506107242e+01
2.969285083848190610e+01
2.933555555555555472e+01
2.948604218362282836e+01
2.983181960538678368e+01
2.990535714285714164e+01
3.004321954274976392e+01
3.040500000000000114e+01
3.041716254306295042e+01
2.980331976197933130e+01
2.936423426244910573e+01
2.944577205882352899e+01
3.000383264132864980e+01
2.984650735294117752e+01
3.004680581910183435e+01
2.968279569892473191e+01
3.007649308620182538e+01
2.979183006535947698e+01
2.980929791271347185e+01
2.974705882352941089e+01
2.981716171617161848e+01
3.012839974699557288e+01
2.963137135922330145e+01
2.964010120177103147e+01
2.978621125869702624e+01
2.975728155339805880e+01
2.950132013201320191e+01
2.922880258899676420e+01
2.944339025932954002e+01
2.994183006535947555e+01
3.007712418300653567e+01
3.003529411764705870e+01
3.001035598705501783e+01
2.937934243176178484e+01
2.940625998083679349e+01
2.991018342820999365e+01
2.995445920303605192e+01
2.959799999999999898e+01
2.997614379084967240e+01
3.052539124880230048e+01
3.008464052287581580e+01
2.991872232764073303e+01
2.979933993399339798e+01
3.046503267973856310e+01
3.013531553398058094e+01
3.002909550917140891e+01
3.002814674256799421e+01
2.996897689768976747e+01
2.995698924731182800e+01
2.999904183966783933e+01
2.970882352941176308e+01
3.044789081885856064e+01
3.021372549019607945e+01
3.023432343234323483e+01
3.015643564356435746e+01
2.959444444444444500e+01
3.029150326797385517e+01
2.994967741935483829e+01
3.040451612903225964e+01
2.942871287128712865e+01
2.990228758169934764e+01
2.999379084967320352e+01
2.967586206896551815e+01
3.024535679374389119e+01
2.986039603960395894e+01
2.989768976897689612e+01
3.020200000000000173e+01
3.014785478547854680e+01
3.002450980392156765e+01
3.030516265912305585e+01
3.013150777552400328e+01
2.981734380334585310e+01
2.970825082508250858e+01
2.992904290429043002e+01
2.935907590759076058e+01
2.997839022862511626e+01
3.005742574257425659e+01
2.955172413793103559e+01
2.991293956981905211e+01
2.997303921568627416e+01
2.979676375404530830e+01
2.979867986798679880e+01
2.985736875395319245e+01
2.991584158415841443e+01
2.946732026143790861e+01
2.993717992488904045e+01
3.053993399339934101e+01
2.980594059405940754e+01
2.993104575163398806e+01
2.995214521452145107e+01
2.968180266302492143e+01
2.957821782178217873e+01
2.996732673267326774e+01
2.969084967320261370e+01
2.991311697092629984e+01
3.048814102564102413e+01
3.002366463826909992e+01
2.956503267973856097e+01
3.014908722109533556e+01
3.010993513144417832e+01
3.056333219528849554e+01
3.026862068965517238e+01
3.012001352265043863e+01
3.027112914131169674e+01
2.988366013071895466e+01
2.974018436326391424e+01
2.975349948787982157e+01
3.020766666666666822e+01
2.977026143790849844e+01
3.003515889114266457e+01
2.981085694776374240e+01
3.031262135922330003e+01
2.982285327924273233e+01
2.979113717823395291e+01
2.973529411764705799e+01
2.940255496137849178e+01
2.938007026509102459e+01
3.077944691020826085e+01
3.008566666666666833e+01
2.990449082858950192e+01
2.974215686274509807e+01
2.994818481848184888e+01
2.977161716171617201e+01
3.005163398692810617e+01
2.959705882352941231e+01
2.959342063238581844e+01
3.028937381404174545e+01
2.984607843137255045e+01
2.974984187223276422e+01
2.955399999999999849e+01
2.982254901960784466e+01
3.018390804597701305e+01
3.006866815713829411e+01
2.996732673267326774e+01
2.998699999999999832e+01
3.015180265654649006e+01
3.042123056118999358e+01
2.999575163398692723e+01
3.027614379084967311e+01
2.985899624445203315e+01
3.000379506641366234e+01
3.017843137254902075e+01
3.004933586337761042e+01
2.984498381877022766e+01
2.971764705882353041e+01
2.987543915681890638e+01
2.972556634304207179e+01
2.996620046620046551e+01
3.039595192915875899e+01
2.959411764705882320e+01
3.000633333333333397e+01
2.999053414469236145e+01
3.049766666666666737e+01
3.044542483660130827e+01
2.997563874034462117e+01
2.995364860632633963e+01
3.052329749103942547e+01
3.001117853720856132e+01
2.984271844660194262e+01
2.954101104787412169e+01
2.981294498381877034e+01
2.950608519269776764e+01
2.990686274509803866e+01
3.033428571428571274e+01
2.980873786407767057e+01
2.980675998634346158e+01
3.013365695792880317e+01
3.039939738868429941e+01
3.012211221122112192e+01
3.031541582150101277e+01
3.041108857336037730e+01
3.028405599180607766e+01
2.961321339950372078e+01
2.977965517241379345e+01
2.994187160651549107e+01
2.993793103448275872e+01
3.002244224422442187e+01
3.032297712529873834e+01
3.022427184466019412e+01
2.997371116421987125e+01
2.986781609195402254e+01
3.007109301597244055e+01
3.018613861386138453e+01
2.982265372168284756e+01
2.994789644012945118e+01
2.992977346278317086e+01
3.036569786010859318e+01
3.015874587458745992e+01
3.038844884488448983e+01
3.059943977591036557e+01
3.030374479889043116e+01
3.063692810457516202e+01
3.025424836601307277e+01
3.022232764073371314e+01
3.015165718111817839e+01
3.011416824794433822e+01
3.026357118470467711e+01
3.015608974358974237e+01
2.985372085595656344e+01
3.047849462365591222e+01
3.034551041311027575e+01
2.962772012052226245e+01
3.035728155339805667e+01
2.986600496277915795e+01
3.003094362745098067e+01
3.012523719165085367e+01
3.035999999999999943e+01
3.055049504950494921e+01
3.017320261437908613e+01
3.063946869070208834e+01
3.041470588235294059e+01
3.006278317152103696e+01
2.956094230112666565e+01
2.996105610561055954e+01
2.955473719450954206e+01
3.002058823529411669e+01
2.968657178217821624e+01
3.055077030812324779e+01
3.030425963488843877e+01
2.990625000000000000e+01
2.955000000000000071e+01
2.976988733356094130e+01
2.991637958033197719e+01
3.049304237824161845e+01
3.017411003236246003e+01
2.944530744336569583e+01
2.985805155674589884e+01
3.000284629981024764e+01
3.038235294117647101e+01
3.027380952380952550e+01
3.022481406355645817e+01
3.003758221108675386e+01
3.054800540906017403e+01
3.020330033003300230e+01
3.007458745874587436e+01
3.025181518151815041e+01
2.937829614604462591e+01
2.980358350236646459e+01
2.982222966186809643e+01
3.014800759013282772e+01
3.007715944008193887e+01
2.977766990291262061e+01
2.981277672359266262e+01
3.010987153482082590e+01
2.997814953909184155e+01
2.949526707234618073e+01
2.965330410272471084e+01
2.980471150563332117e+01
3.014554455445544434e+01
3.004587458745874429e+01
2.953022236141559631e+01
3.009184021850460766e+01
3.030640394088669964e+01
3.051762820512820440e+01
3.019647435897435983e+01
2.965436893203883528e+01
2.976547330097087496e+01
3.018659855769230660e+01
3.039783653846154010e+01
2.976206683168316758e+01
2.936454545454545340e+01
2.918038366336633516e+01
2.945159313725490335e+01
2.988580858085808600e+01
2.980414603960396036e+01
2.989516129032258007e+01
2.992848557692307665e+01
2.969170673076922995e+01
2.973314950980392268e+01
2.959867172675521729e+01
