3.364454545454545809e+01
3.390346534653465227e+01
3.411022272986864579e+01
3.405736981465136637e+01
3.361417079207920722e+01
3.378438228438228208e+01
3.482147277227722526e+01
3.413499999999999801e+01
3.383026960784313530e+01
3.380227140361095195e+01
3.390534855769230660e+01
3.391414141414141170e+01
3.358444022770398618e+01
3.348514851485148824e+01
3.318880455407969521e+01
3.332516129032258334e+01
3.366413834951456607e+01
3.314659853082082464e+01
3.360023310023309762e+01
3.379591184924944258e+01
3.365053763440860024e+01
3.374351676154332580e+01
3.377444306930693330e+01
3.411880046136101186e+01
3.367608120035304609e+01
3.345937500000000142e+01
3.311375000000000313e+01
3.326812499999999773e+01
3.303765813474551294e+01
3.316777912621359548e+01
3.350551470588235503e+01
3.396237864077669855e+01
3.371844660194174992e+01
3.362346234623462493e+01
3.359203036053131086e+01
3.322763480392156765e+01
3.338334804354222030e+01
3.340031249999999829e+01
3.377267156862745168e+01
3.367431597528685217e+01
3.327124183006535674e+01
3.324816352603001945e+01
3.300882352941176379e+01
3.334468749999999915e+01
3.326454207920792072e+01
3.323866421568627771e+01
3.318003565062388560e+01
3.316850490196078738e+01
3.300270027002700601e+01
3.348621323529411598e+01
3.393229166666666430e+01
3.365503640776699257e+01
3.338725490196078738e+01
3.353094362745098067e+01
3.369523514851485402e+01
3.332720588235294201e+01
3.360311856428361210e+01
3.388614800759012979e+01
3.364547754585705519e+01
3.296070544554455495e+01
3.287539531941808946e+01
3.270619860847564553e+01
3.307888853401469476e+01
3.309718749999999687e+01
3.319218750000000284e+01
3.325340346534653690e+01
3.298422029702970093e+01
3.325959595959596271e+01
3.320683111954458866e+01
3.327052696078431637e+01
3.297610294117647101e+01
3.344144417475727948e+01
3.322348484848485128e+01
3.365012254901960631e+01
3.307278669043375174e+01
3.289399509803921262e+01
3.297947303921568363e+01
3.355545343137254832e+01
3.368184693232131366e+01
3.365253712871287206e+01
3.393465346534653548e+01
3.362599808367933463e+01
3.348961992973490709e+01
3.328758169934640421e+01
3.339988116458705036e+01
3.326807598039215463e+01
3.326297577854671061e+01
3.359022676461194834e+01
3.373351158645276371e+01
3.370083184789066877e+01
3.380677099968061583e+01
3.359562499999999829e+01
3.401806451612903004e+01
3.356678921568627771e+01
3.335451612903225538e+01
3.373112623762376217e+01
3.318933823529411598e+01
3.384462269756387087e+01
3.465907653383933962e+01
3.429779411764705799e+01
3.375638740344622590e+01
3.374908980582524265e+01
3.450909090909090793e+01
3.392056487202118120e+01
3.369274992015330383e+01
3.395281862745098067e+01
3.356803327391562419e+01
3.405130718954248437e+01
3.372865099009901257e+01
3.354757785467128173e+01
3.357190533980582359e+01
3.381402257872846207e+01
3.346364182692308020e+01
3.392809466019417641e+01
3.362772277227723094e+01
3.437592821782178021e+01
3.397029702970296938e+01
3.409456040480708339e+01
3.416399286987522288e+01
3.384198385236447848e+01
3.389851485148514598e+01
3.410140931372549034e+01
3.382293523469994057e+01
3.374242424242424221e+01
3.344028520499108481e+01
3.373139158576051955e+01
3.415528146742568083e+01
3.428995840760546798e+01
3.413465346534653122e+01
3.405014372404982481e+01
3.417944147355912321e+01
3.386713510060683774e+01
3.393168880455407788e+01
3.485210396039603609e+01
3.480785891089109185e+01
3.448610667518364892e+01
3.415905197030268425e+01
3.375340346534653690e+01
3.419003513254551052e+01
3.371078431372549034e+01
3.379530600118835082e+01
3.388419117647058698e+01
3.407797029702970093e+01
3.429766847652507522e+01
3.427599524658348429e+01
3.403353927625772002e+01
3.416755793226381144e+01
3.363923267326732969e+01
3.405091714104997180e+01
3.393762871432774375e+01
3.365841584158415856e+01
3.436812144212523634e+01
3.387223276407337380e+01
3.369259962049336110e+01
3.299125874125873992e+01
3.319738102842542560e+01
3.359655377302436108e+01
3.369760137064534433e+01
3.398646660782583240e+01
3.374411764705882177e+01
3.413501213592233086e+01
3.397845873786408077e+01
3.375275735294117396e+01
3.418658088235294201e+01
3.385680332739156029e+01
3.368093260938996991e+01
3.386179633143579792e+01
3.414436282337911166e+01
3.436432637571157755e+01
3.464497920380273399e+01
3.464532766990291179e+01
3.452113970588235503e+01
3.406930693069306670e+01
3.382382650029708770e+01
3.393021844660194120e+01
3.420231729055258540e+01
3.439928698752228087e+01
3.472640931372549034e+01
3.408023986293546415e+01
3.370873786407766914e+01
3.406770833333333570e+01
3.456795679567957080e+01
3.428832009414533388e+01
3.430643203883494863e+01
3.435110294117647101e+01
3.389957524271844846e+01
3.303826384922901127e+01
3.027063106796116543e+01
2.990099009900990268e+01
2.958543596295113431e+01
2.889232127096204650e+01
2.993476941747572795e+01
2.892586054721977007e+01
2.905276816608996526e+01
2.918652544866137077e+01
2.910385407472785957e+01
2.910032362459546817e+01
2.920829655781112066e+01
2.959744503862150822e+01
2.933481877599524523e+01
2.894025735294117752e+01
2.923314950980392268e+01
2.878094362745098067e+01
2.901701732673267387e+01
2.904516129032258220e+01
2.866053921568627416e+01
2.858096141682479541e+01
2.865810643564356397e+01
2.887289663461538325e+01
2.901147396293027469e+01
2.910183428209993650e+01
2.914083694083694098e+01
2.882985452245414137e+01
2.891973039215686114e+01
2.873725728155339709e+01
2.839373814041745803e+01
2.864723557692307665e+01
2.948391990291262132e+01
2.917830882352941302e+01
2.955698529411764852e+01
2.907736650485436769e+01
2.878287731685789907e+01
2.910190136660724747e+01
2.896616065781151050e+01
2.876438962681847045e+01
2.866208878952411254e+01
2.881439177612792690e+01
2.868495475113122239e+01
2.924628639334521552e+01
2.897940570756104606e+01
2.905020796197266719e+01
2.930453045304530590e+01
2.902881758764111808e+01
2.919221628045157502e+01
2.881924019607843235e+01
2.869002306805074909e+01
2.888467196234186574e+01
2.924624889673433259e+01
2.902798400913763643e+01
2.920843446601941906e+01
2.887014563106795961e+01
2.894474153297682761e+01
2.854721977052074067e+01
2.943012650779641248e+01
2.927387729285262452e+01
2.888849661665195612e+01
2.864107090320682403e+01
2.909375000000000000e+01
2.928312499999999829e+01
2.966367574257425588e+01
2.944969658256148293e+01
2.909952465834818724e+01
2.920420792079207928e+01
2.925959158415841443e+01
2.897926980198019820e+01
2.879239859469818086e+01
2.878537208559565741e+01
2.883807090386457972e+01
2.890232421300382626e+01
2.886281250000000043e+01
2.920696263174704654e+01
2.901577970297029552e+01
2.940998217468805720e+01
2.942718749999999872e+01
3.015709677419354762e+01
2.968129032258064370e+01
2.923954008304056273e+01
2.935000000000000142e+01
2.955838709677419374e+01
2.981716171617161848e+01
2.947754585705249752e+01
2.993806451612903174e+01
2.920642064206420585e+01
2.957704207920792072e+01
2.923252325232523319e+01
2.901469179175981949e+01
2.930476485148514953e+01
2.946679316888045363e+01
2.896965825614819678e+01
2.845946782178217660e+01
2.911788366336633516e+01
2.920568508463749424e+01
2.920202020202020066e+01
2.883273915626856976e+01
2.847326203208556095e+01
2.890667084246789997e+01
2.845366284201235629e+01
2.922875816993463971e+01
2.929282806138427731e+01
2.855667892156862919e+01
2.918750000000000000e+01
2.929971813341684950e+01
2.907054455445544505e+01
2.923835784313725483e+01
2.933459595959595845e+01
2.907313957202172006e+01
2.926317401960784181e+01
2.908210784313725483e+01
2.923360148514851531e+01
2.908075495049504866e+01
2.937530637254901933e+01
2.984529702970296938e+01
2.924401149792398513e+01
2.963118811881188108e+01
2.887928921568627416e+01
2.939123912391239202e+01
2.883446782178217660e+01
2.886938646426312616e+01
2.885547122074636306e+01
2.901638349514563231e+01
2.908820882088208748e+01
2.915500000000000114e+01
2.874164603960396036e+01
2.880136138613861263e+01
2.921812500000000057e+01
2.895454545454545325e+01
2.843250000000000099e+01
2.881024667931688654e+01
2.872612903225806491e+01
2.900773514851485047e+01
2.903583916083915994e+01
2.874969660194174637e+01
2.911050782497604672e+01
2.825483405483405619e+01
2.861344537815126188e+01
2.838151260504201545e+01
2.854799999999999827e+01
2.831937500000000085e+01
2.971607454863133313e+01
2.949514563106795961e+01
2.921509209744503721e+01
2.888060570762958790e+01
2.828721682847896446e+01
3.126456043956044084e+01
3.248739495798319155e+01
3.320920745920746242e+01
3.387199093741149625e+01
3.373002219755827014e+01
3.408561341571050463e+01
3.521875901875901604e+01
3.666142191142191109e+01
3.727010489510489322e+01
3.845259851513420557e+01
3.857494343891402622e+01
3.960726072607261017e+01
3.924085714285714488e+01
3.932782369146005408e+01
3.898499999999999943e+01
3.920990099009900831e+01
3.881634304207119612e+01
3.980392156862745168e+01
3.989317416590144205e+01
3.930557823129251460e+01
3.923588829471182748e+01
4.049000000000000199e+01
4.000473484848485128e+01
3.942033235581622819e+01
3.880798079807981082e+01
4.166758494031221005e+01
3.926437500000000114e+01
3.927548048922539436e+01
3.930132641291810813e+01
3.906414565826330687e+01
3.892186571598336542e+01
3.859659746251441703e+01
3.853781512605041826e+01
3.818543417366947068e+01
3.844369747899159506e+01
3.874622437971952849e+01
3.858800122436485935e+01
3.891575757575757422e+01
3.835096774193548441e+01
3.843774377437743794e+01
3.570447044704470585e+01
3.543124999999999858e+01
3.460036003600360033e+01
3.358181818181817846e+01
3.324782478247824713e+01
3.223440285204991085e+01
3.074885714285714400e+01
3.071098901098901024e+01
3.055309973045822147e+01
3.080240549828178587e+01
3.106768707482993364e+01
3.121270161290322420e+01
3.067760180995475139e+01
3.051470588235294201e+01
3.049029126213592278e+01
3.097143665158371206e+01
3.066323613493424816e+01
3.110111011101110279e+01
3.076470588235294201e+01
3.166310160427807574e+01
3.296393939393939121e+01
3.430523989898989612e+01
3.874053030303030454e+01
3.845044191919191690e+01
3.836343750000000341e+01
3.866032258064516469e+01
3.946559343434343248e+01
3.860030303030303145e+01
3.984968750000000171e+01
4.107019171304885674e+01
4.247601010101010388e+01
4.327651515151514872e+01
4.369848584595128216e+01
4.290954439640837847e+01
4.319065656565656752e+01
4.368202764976958719e+01
4.445194546059195062e+01
4.465340136054421549e+01
4.436710858585858830e+01
4.384229390681003480e+01
4.425246872942725673e+01
4.469552337063857550e+01
4.516656249999999773e+01
4.514406249999999687e+01
4.479656250000000028e+01
4.479220779220779036e+01
4.537886767610270056e+01
4.514076246334310838e+01
4.483488642981945560e+01
4.500759075907591011e+01
4.525690235690235852e+01
4.551266666666666794e+01
4.515477354187031267e+01
4.577582274356468162e+01
4.528074097732353920e+01
4.530129032258064825e+01
4.512161290322580953e+01
4.534074074074074190e+01
4.525967741935483701e+01
4.486531250000000171e+01
4.540933333333333621e+01
4.512812499999999716e+01
4.511218749999999744e+01
4.505650252525252597e+01
4.513750407298794443e+01
4.560193548387096740e+01
4.522483870967742092e+01
4.487585532746822992e+01
4.502419354838709609e+01
4.464158163265306456e+01
4.497772277227722526e+01
4.491093750000000284e+01
4.513968750000000085e+01
4.452265226522652597e+01
4.500593750000000171e+01
4.531812500000000199e+01
4.532645161290322733e+01
4.461356135613561236e+01
4.491887575854359937e+01
4.528096774193548413e+01
4.548345588235294201e+01
4.530965909090909349e+01
4.466774193548386762e+01
4.543225806451612669e+01
4.504903225806451417e+01
4.527777777777777857e+01
4.513804713804713487e+01
4.483903225806451331e+01
4.493874999999999886e+01
4.435232843137254832e+01
4.529411764705882604e+01
4.541316389703486323e+01
4.542410714285714590e+01
4.495942800133023098e+01
4.478690127077224048e+01
4.471652003910068629e+01
4.461779081133919789e+01
4.445723905723905744e+01
4.481748519679554477e+01
4.486478960396039639e+01
4.458454545454545581e+01
4.482704207920792072e+01
4.463020833333333570e+01
4.431678921568627771e+01
4.445939393939394080e+01
4.424625000000000341e+01
4.550278465346534773e+01
4.467156412610957972e+01
4.466326530612244738e+01
4.274387755102041098e+01
4.205187894911872348e+01
4.162211981566819929e+01
4.146690203000882491e+01
4.075966666666666782e+01
4.052492668621700744e+01
4.031275480489225060e+01
3.985774193548387245e+01
3.996999999999999886e+01
4.018442489410231389e+01
4.061212121212120962e+01
4.015240289664252771e+01
3.959499999999999886e+01
3.998370804822418023e+01
3.939524275008145793e+01
3.974421635711958345e+01
3.953730856956663331e+01
4.026003949967083884e+01
4.002746212121212466e+01
4.043686868686868507e+01
4.038150098749176919e+01
4.003819444444444287e+01
4.039015151515151558e+01
4.001645819618169497e+01
4.030678077682686222e+01
4.046904761904762182e+01
4.023724489795918657e+01
4.016761363636363313e+01
4.062080315997366853e+01
4.021635711958292347e+01
4.049693877551020194e+01
4.032982225148123945e+01
3.959348255431204677e+01
3.964999999999999858e+01
3.985084637496007787e+01
3.987244897959183731e+01
3.995734091717027781e+01
3.950183823529411598e+01
4.037685643564356752e+01
4.002175245098039369e+01
3.968290322580644869e+01
4.019322900031938417e+01
4.040466304694985666e+01
4.075478547854785205e+01
4.005181518151815112e+01
3.986448019801980536e+01
3.932887700534759290e+01
3.954812499999999886e+01
3.981008100810080919e+01
3.983284457478006146e+01
4.003406249999999744e+01
3.977515170871925676e+01
3.973579545454545325e+01
3.937718749999999801e+01
3.933483870967742035e+01
3.976179382644146898e+01
3.945155709342560613e+01
3.874721534653465227e+01
3.856006600660065686e+01
3.906612903225806122e+01
3.849952091983391966e+01
3.707140714071407217e+01
4.228496287128712794e+01
4.178247549019607732e+01
4.189745145631067658e+01
4.173466160657811486e+01
4.174976511118070732e+01
4.234270201213669793e+01
4.187752525252525260e+01
4.164758663366336577e+01
4.182147277227722526e+01
4.179687000958160326e+01
4.218481848184818261e+01
4.214943553178846969e+01
4.252939356435643248e+01
4.266636029411764497e+01
4.245667299177735288e+01
4.263848039215686470e+01
4.218785578747628051e+01
4.189414343877231772e+01
4.207291666666666430e+01
4.230455407969639481e+01
4.234917491749175156e+01
4.216096774193548669e+01
4.248899999999999721e+01
4.238134781220057334e+01
4.213612903225806150e+01
4.244299999999999784e+01
4.238645800063877545e+01
4.309025741283805644e+01
4.264552696078431637e+01
4.239379310344827445e+01
4.186649632705206159e+01
4.289834983498349885e+01
4.180740977323538488e+01
4.168299278846154010e+01
4.176147642679900684e+01
4.273557422969187769e+01
4.022337662337662323e+01
4.081234119782214265e+01
3.939816571790006350e+01
3.845698924731182444e+01
3.846363061353573443e+01
3.763244416873449438e+01
3.620843672456575746e+01
3.587400000000000233e+01
3.522772277227722526e+01
3.473746406898754202e+01
3.443327008222643570e+01
3.479201388888888857e+01
3.539573019801980536e+01
3.525205566097406518e+01
2.923168316831683100e+01
2.912712418300653638e+01
2.901274509803921475e+01
2.926470588235294201e+01
2.918464052287581723e+01
2.902941176470588402e+01
2.953627450980392055e+01
2.871717171717171624e+01
2.878985280300657834e+01
2.892061986084756597e+01
2.913258064516129053e+01
2.921689356435643603e+01
2.888235294117647101e+01
2.882038834951456252e+01
2.884729649435531940e+01
2.875668449197861065e+01
2.866493656286044001e+01
2.842191400832177450e+01
2.854869079140923915e+01
2.911703296703296573e+01
2.917732724157624347e+01
2.803589108910891170e+01
2.787638763876387671e+01
2.815183080808080973e+01
2.843303030303030354e+01
2.871947194719471952e+01
2.847558823529411853e+01
2.786953989516598895e+01
2.809818181818181770e+01
2.804060606060605920e+01
2.795428072218986770e+01
2.813012477718359960e+01
2.773024361259655279e+01
2.755518207282913323e+01
2.761912128712871350e+01
2.789574839836924980e+01
2.769020300088261166e+01
2.742474048442906565e+01
2.761966551326412755e+01
2.806556372549019684e+01
2.778639334521687587e+01
2.788958895889588874e+01
2.808942364824717686e+01
2.818995098039215819e+01
2.851856435643564325e+01
2.850735073507350847e+01
2.826887376237623783e+01
2.827542892156862919e+01
2.829641089108910990e+01
2.826409313725490335e+01
2.842702012136697576e+01
2.806648284313725483e+01
2.823452970297029552e+01
2.787469059405940541e+01
2.801562500000000000e+01
2.770677361853832465e+01
2.794822303921568718e+01
2.808444962143273216e+01
2.820312500000000000e+01
2.774412128712871350e+01
2.765625000000000000e+01
2.768385922330097060e+01
2.798483910891089010e+01
2.817676767676767824e+01
2.817450495049504866e+01
2.803002450980392268e+01
2.831770833333333215e+01
2.824152415241524139e+01
2.796565594059405768e+01
2.787837009803921617e+01
2.774120145631068013e+01
2.784589460784313886e+01
2.854857673267326845e+01
2.829128074097732437e+01
2.758909090909090978e+01
2.779175982114340471e+01
2.816093749999999929e+01
2.822772277227722881e+01
2.816862623762376217e+01
2.803620049504950629e+01
2.796258064516128883e+01
2.768062499999999915e+01
2.793625000000000114e+01
2.796292892156862919e+01
2.802877925363693734e+01
2.844043436601724650e+01
2.819709158415841443e+01
2.801152912621359192e+01
2.814325495049504866e+01
2.800866336633663423e+01
2.811355198019801804e+01
2.831299904183966731e+01
2.792335115864527495e+01
2.830281250000000171e+01
2.838403840384038546e+01
2.781404702970296938e+01
