4.311151928627656815e+01
4.176641604010025333e+01
4.334041514041513921e+01
4.365963302752293629e+01
4.348364485981308292e+01
4.313287981859410536e+01
4.299291497975708154e+01
4.297187499999999716e+01
4.375625000000000142e+01
4.310716013546202419e+01
4.357990028863815013e+01
4.384966166519564723e+01
4.362932330827067773e+01
4.340094463395434587e+01
4.394285714285714306e+01
4.472884615384615614e+01
4.466441102756892434e+01
4.313517550410754353e+01
4.361918016194331926e+01
4.375103543488265245e+01
4.317868589743589780e+01
4.331428571428571672e+01
4.432754215636177975e+01
4.460916106547174564e+01
4.488641798182687381e+01
4.335298582995951477e+01
4.337139423076923350e+01
4.376952380952381105e+01
4.349686411149825460e+01
4.221252465483235028e+01
4.230401002506265939e+01
4.166976264189886336e+01
4.207413967611336147e+01
4.192708836310961118e+01
4.338345864661653906e+01
4.339350713231677048e+01
4.511028130445605910e+01
4.557924297924297719e+01
4.551598302687411746e+01
4.651009227220299636e+01
4.474673202614378908e+01
4.486972529028604129e+01
4.595904126213591923e+01
4.450901442307691980e+01
4.402235951750515142e+01
4.491637529137528873e+01
4.491144454251250551e+01
4.637018477920450721e+01
4.635191538021726387e+01
4.550515776699029402e+01
4.601973066082054231e+01
4.558373786407766914e+01
4.489948600799542788e+01
4.169839908519153937e+01
4.223287259615384670e+01
4.240093240093239757e+01
4.258330975954738307e+01
4.326470588235294201e+01
4.338997821350762507e+01
4.291261312217194757e+01
4.324145299145298793e+01
4.428434065934065700e+01
4.407380952380952266e+01
4.408627136752136977e+01
4.404916344916345139e+01
4.404246794871794890e+01
4.362574002574002918e+01
4.480136268343815686e+01
4.451891891891892072e+01
4.449745028046914541e+01
4.487644787644787669e+01
4.466853632478632363e+01
4.463281471004243173e+01
4.574705882352941444e+01
4.679229185054428086e+01
4.639693509615384670e+01
4.615181224004753346e+01
4.523183391003460230e+01
4.571022727272727337e+01
4.577937500000000171e+01
4.623677419354838491e+01
4.573186750428326519e+01
4.566878787878788160e+01
4.493877551020408134e+01
4.543878787878787762e+01
4.613081308130813341e+01
4.497048611111111427e+01
4.390555555555555856e+01
4.439965277777777430e+01
4.513090277777777715e+01
4.564258064516128854e+01
4.419886930495510313e+01
4.547456575682382152e+01
4.556033333333333246e+01
4.532999999999999829e+01
4.533909090909090622e+01
4.585238523852385129e+01
4.636258064516128741e+01
4.596731391585760207e+01
4.608079783637592897e+01
4.606440129449838139e+01
4.521679754182314781e+01
4.559337657903721208e+01
4.484260839877091342e+01
4.471516129032258391e+01
4.590870967741935260e+01
4.551621713895527677e+01
4.512598156367361213e+01
4.527450980392156765e+01
4.483333333333333570e+01
4.553300653594771319e+01
4.583168316831682887e+01
4.536006600660066113e+01
4.543373901284651595e+01
4.594237394300031241e+01
4.604640522875816799e+01
4.656798679867986834e+01
4.609294155221974165e+01
4.555577557755775331e+01
4.557156862745097925e+01
4.640692640692640936e+01
4.517091503267973707e+01
4.592142857142857082e+01
4.583495145631067658e+01
4.596764705882353041e+01
4.565816993464052587e+01
4.556078431372549176e+01
4.596600660066006583e+01
4.522261258383903026e+01
4.556798679867986834e+01
4.553233333333333377e+01
4.468258064516128769e+01
4.610600000000000165e+01
4.561280056577086128e+01
4.550853361198188907e+01
4.588686868686868792e+01
4.520364939719778619e+01
4.575290322580644897e+01
4.565552427867698526e+01
4.555967741935484128e+01
4.581806451612903430e+01
4.606373762376237835e+01
4.624959270120560717e+01
4.557261029411764497e+01
4.597560137457044505e+01
4.551745926172264944e+01
4.610990099009900689e+01
4.557590759075907272e+01
4.574215686274509807e+01
4.554831000341413727e+01
4.555931034482758690e+01
4.494258064516129281e+01
4.505657708628005764e+01
4.506483551580964786e+01
4.473894389438943620e+01
4.525214521452145533e+01
4.584094538486106529e+01
4.572508250825082854e+01
4.549607843137254548e+01
4.523557528166610098e+01
4.513202614379085276e+01
4.461714285714285921e+01
4.536785714285714022e+01
4.613036303630362767e+01
4.560839877091157746e+01
4.543154660293615876e+01
4.549438943894389098e+01
4.528006535947712763e+01
4.572053656978601310e+01
4.536633663366336577e+01
4.548448844884488551e+01
4.529801980198019606e+01
4.539346405228758385e+01
4.514551724137930933e+01
4.565301120448179262e+01
4.574803921568627629e+01
4.610196078431372513e+01
4.562357142857143089e+01
4.510370370370370097e+01
4.511595672751859354e+01
4.493342437692044911e+01
4.561673586713509820e+01
4.462717651075452352e+01
4.545402298850574851e+01
4.577944691020826440e+01
4.540766666666666396e+01
4.510233333333333405e+01
4.574241379310344513e+01
4.625555555555555287e+01
4.577340067340067264e+01
4.612823129251700749e+01
4.590800000000000125e+01
4.548619528619528296e+01
4.536310344827586505e+01
4.601275862068965239e+01
4.551023102310230684e+01
4.584133333333333127e+01
4.574080882352941302e+01
4.580863095238095184e+01
4.557736650485436769e+01
4.554359629511338170e+01
4.564193548387096655e+01
4.551650165016501859e+01
4.556248042593172443e+01
4.551268564356435320e+01
4.535638957816377115e+01
4.480363294707171917e+01
4.559567804572502325e+01
4.591544117647058698e+01
4.649836601307189454e+01
4.663363095238095468e+01
4.592128537735849392e+01
4.643171521035598914e+01
4.521328883495145590e+01
4.537593052109181002e+01
4.610723270440251298e+01
4.615907590759076129e+01
4.644385856079404817e+01
4.629342431761786258e+01
4.671287128712871350e+01
4.650679611650485157e+01
4.612019230769230660e+01
4.552667493796526088e+01
4.588161603507673192e+01
4.656043632075471805e+01
4.750382327952421235e+01
4.638983566646378875e+01
4.603177822853279366e+01
4.667965506228042472e+01
4.598478701825558090e+01
4.530012376237623783e+01
4.552326749246736171e+01
4.579009900990099169e+01
4.545505793924208859e+01
4.529500000000000171e+01
4.638033794162826240e+01
4.504439476205685366e+01
4.505199999999999960e+01
4.529299999999999926e+01
4.521354933726068026e+01
4.487216997561824883e+01
4.509811589050835323e+01
4.470952380952380878e+01
4.543938855314610947e+01
4.556503267973856452e+01
4.662189542483660176e+01
4.610649271844660291e+01
4.541801548205489070e+01
4.415646258503401356e+01
4.607854785478547655e+01
4.481870748299319729e+01
4.533356790992259278e+01
4.526377532883042676e+01
4.453608247422680222e+01
4.558507273877292931e+01
4.566702586206896797e+01
4.458367346938775455e+01
4.439367816091954211e+01
4.468865979381443054e+01
4.580882352941176805e+01
4.591018342820999720e+01
4.519642857142856940e+01
4.532420902950586594e+01
4.599857803057233951e+01
4.561197916666666430e+01
4.464883884588318352e+01
4.533537414965986301e+01
4.531141130465694999e+01
4.557842415316642359e+01
4.509420547458229578e+01
4.553075008887309139e+01
4.556878777106292233e+01
4.594880910060433621e+01
4.503872053872053982e+01
4.527721088435374241e+01
4.561122448979591582e+01
4.544879725085910849e+01
4.549828178694158254e+01
4.589759450171820987e+01
4.558549591183789573e+01
4.526054421768707670e+01
4.540917170280838633e+01
4.476038001407459888e+01
4.492072520440810734e+01
4.520433333333333081e+01
4.531413994169096071e+01
4.515374149659864145e+01
4.491144781144781462e+01
4.455252525252524975e+01
4.552351097178683403e+01
4.510823615160349931e+01
4.551676384839650069e+01
4.612334315169366761e+01
4.543983110485573462e+01
4.509204712812960025e+01
4.490533333333333132e+01
4.471960989202368353e+01
4.513259864912904362e+01
4.474557823129251943e+01
4.516850337717738739e+01
4.456486880466472655e+01
4.524777817276928715e+01
4.475789823744595708e+01
4.496868402533426945e+01
4.557952146375791358e+01
4.459217687074829684e+01
4.494788629737609398e+01
4.629219600725952688e+01
4.488316498316498127e+01
4.496018485602559878e+01
4.429049111807732686e+01
4.483344305464120794e+01
4.554354781372200733e+01
4.583762886597938291e+01
4.564008620689655515e+01
4.605022321428571530e+01
4.490778755294884661e+01
4.542721088435374099e+01
4.582940108892921671e+01
4.649042709867452317e+01
4.582823129251701033e+01
4.600817632420903180e+01
4.543156772129399457e+01
4.591326530612244738e+01
4.522864506627393411e+01
4.544827586206896797e+01
4.545929612513330653e+01
4.501656848306333103e+01
4.447857889237199913e+01
4.494679300291544877e+01
4.544072164948453718e+01
4.664116379310344485e+01
4.609518678160919336e+01
4.528484154257350269e+01
4.592782738095237960e+01
4.564690721649484573e+01
4.576436781609195492e+01
4.710714285714285410e+01
4.518225331369661291e+01
4.581260884709160308e+01
4.636303387334314863e+01
4.648347701149425149e+01
4.549447717231222299e+01
4.531222385861561008e+01
4.564543446244476854e+01
4.575662739322532957e+01
4.537762504772813799e+01
4.422966666666666669e+01
4.556296023564064512e+01
4.533345183078564133e+01
4.673758169934640705e+01
4.516041145398943257e+01
4.517563657407407618e+01
4.553077342047929932e+01
4.529576719576719768e+01
4.503877314814814525e+01
4.544198596869940587e+01
4.555508354573775165e+01
4.582606132075471805e+01
4.596627091203453830e+01
4.537642479844314636e+01
4.639496527777777857e+01
4.395437053326003252e+01
4.348624833110814336e+01
4.436550802139037586e+01
4.449838100377765926e+01
4.474367528495968571e+01
4.609614325068870500e+01
4.386427415002698638e+01
4.558659793814432959e+01
4.591442757009345854e+01
4.517402597402597308e+01
4.410165016501650115e+01
4.457407407407407618e+01
4.431129032258064626e+01
4.280366161616161946e+01
4.160759106213651393e+01
4.107748724489795933e+01
4.023354759718396423e+01
4.029639092941552292e+01
4.009414088215931571e+01
3.999081726354453536e+01
4.015088235294117425e+01
3.937806451612902947e+01
3.994599459945994369e+01
4.102726715686274161e+01
4.306670673076923350e+01
4.409159663865546008e+01
4.463496426608026724e+01
4.410641453466814710e+01
4.245888678051866094e+01
4.359929390997351817e+01
4.327700242718446333e+01
4.423157051282051100e+01
4.387308730873087370e+01
4.390677419354838662e+01
4.439507918552035903e+01
4.425980392156862564e+01
4.426213592233009564e+01
4.488948306595365523e+01
4.478991596638655182e+01
4.397692307692307878e+01
4.377400215749729995e+01
4.348484848484848442e+01
4.301009227220299636e+01
4.355097087378640452e+01
4.456372549019607732e+01
4.354593837535013989e+01
4.392935409457901130e+01
4.401525658807211983e+01
4.404977375565611197e+01
4.452400215749729995e+01
4.423856209150326890e+01
4.452056623931623847e+01
4.458739495798319297e+01
4.381418918918918592e+01
4.404567307692308020e+01
4.409196332254584405e+01
4.508031674208145034e+01
4.551592548076923350e+01
4.622784448256146561e+01
4.658312092891532075e+01
4.634615384615384670e+01
4.753089720736779356e+01
4.703554778554778437e+01
4.555749999999999744e+01
4.567845117845117642e+01
4.634419354838709637e+01
4.645993265993266164e+01
4.645833333333333570e+01
4.637766666666666993e+01
4.597821782178218086e+01
4.537451612903225850e+01
4.628350168350168303e+01
4.526161616161616053e+01
4.514633333333333098e+01
4.573677419354838491e+01
4.533933333333333593e+01
4.566911529862663599e+01
4.513343749999999943e+01
4.584516129032257936e+01
4.567979797979798207e+01
4.552155860747365068e+01
4.537161290322580953e+01
4.643432343234323412e+01
4.477656765676567829e+01
4.489078282828283051e+01
4.474870967741935601e+01
4.535933333333333195e+01
4.495258064516129082e+01
4.592419354838709467e+01
4.583266666666666822e+01
4.518833496252850779e+01
4.482372108178559955e+01
4.413967741935483957e+01
4.429874999999999829e+01
4.415088383838384090e+01
4.357611386138614051e+01
4.337593749999999915e+01
4.376967741935484213e+01
4.398414071510957513e+01
4.327612903225806207e+01
4.375625000000000142e+01
4.333986928104575043e+01
4.410179455445544505e+01
4.333586165048543393e+01
4.336243872549019329e+01
4.335272277227722526e+01
4.368270944741532702e+01
4.270934466019417641e+01
4.371237864077669855e+01
4.322935234699940565e+01
4.344652406417112189e+01
4.378170050014710313e+01
4.329176682692308020e+01
4.317892156862745168e+01
4.275363693864642300e+01
4.238015776699029402e+01
4.270192307692308020e+01
4.321966911764705799e+01
4.271406201064829133e+01
4.253008684863523570e+01
4.301725113122171962e+01
4.410492081447964097e+01
4.345782766990291179e+01
4.290174278846154010e+01
4.385008566533409180e+01
4.367313915857604911e+01
4.396753640776699257e+01
4.438187702265371826e+01
4.429538099441012378e+01
4.415085388994307181e+01
4.413640552995391886e+01
4.342135642135642115e+01
4.299504662004662237e+01
4.352396744045824306e+01
4.395492788461538680e+01
4.436687260959105572e+01
4.288197815533980872e+01
4.341616586538461320e+01
4.385364906832298004e+01
4.200000000000000000e+01
4.282130584192439926e+01
4.457165861513687588e+01
4.427041019514138043e+01
4.471326164874552234e+01
4.451530190239867579e+01
4.607402912621359548e+01
4.572658941434387714e+01
4.597549019607843235e+01
4.509552145317882577e+01
4.419667832167831989e+01
4.443012820512820582e+01
4.492044025157233023e+01
4.454195601851851904e+01
4.432494820952944536e+01
4.207821428571428868e+01
4.167540453074433771e+01
4.201843632639126014e+01
4.182927653820149061e+01
4.309840425531914576e+01
4.186999999999999744e+01
4.163636363636363313e+01
4.163475699558173915e+01
3.949575163398692723e+01
4.136011904761905100e+01
4.009705882352940876e+01
3.986830065359477260e+01
3.973847729600546330e+01
4.041891430522362327e+01
4.012168284789643735e+01
3.976267748478701947e+01
3.926217948717948758e+01
3.945653594771241757e+01
3.972650439486139362e+01
4.106840277777777715e+01
4.070023898941618512e+01
4.126329022988505812e+01
3.955848546315078096e+01
3.969771241830065378e+01
3.953177822853279366e+01
3.928368121442125016e+01
4.147920369712051070e+01
4.021196754563894871e+01
3.891168180394613074e+01
3.977186963979416845e+01
4.011435105774728527e+01
4.025659722222222570e+01
3.966822429906542169e+01
3.956835511982571063e+01
3.913606377130291492e+01
4.049645992636646952e+01
4.103620803159973462e+01
3.979772475027746736e+01
4.091079657669519776e+01
3.936465141612200114e+01
3.948629148629148489e+01
3.887740516767454579e+01
3.936903440621531303e+01
3.985896346644010180e+01
3.867682198327359799e+01
