4.436187113857016584e+01
4.323356449375867072e+01
4.333866362078811818e+01
4.322135922330097202e+01
4.246716162193032318e+01
4.260392156862744883e+01
4.282217680122636949e+01
4.289803921568627487e+01
4.282997198879552059e+01
4.297619047619047450e+01
4.293703190013869886e+01
4.308291316526610615e+01
4.257472527472527446e+01
4.296859971711457149e+01
4.246813186813187002e+01
4.259994288977726740e+01
4.272404844290657167e+01
4.205436893203883386e+01
4.250540915395284003e+01
4.233730929264909548e+01
4.248183079056865807e+01
4.219694868238557461e+01
4.258576051779935057e+01
4.220452182952183051e+01
4.206323799527682894e+01
4.221867043847241519e+01
4.247952710495962947e+01
4.214201680672268679e+01
4.234985994397759157e+01
4.212024221453287254e+01
4.219528351881292849e+01
4.274901960784313815e+01
4.290237324703343802e+01
4.290240452616690447e+01
4.258387270765911836e+01
4.296197411003236510e+01
4.250364145658263482e+01
4.240588235294117680e+01
4.253249299719887944e+01
4.264950495049505008e+01
4.218207282913165557e+01
4.242098166127292558e+01
4.257115117891817135e+01
4.215950069348127727e+01
4.230885714285714272e+01
4.222661064425770405e+01
4.211624649859943759e+01
4.254921374490390207e+01
4.246601941747572795e+01
4.234757281553397945e+01
4.242689075630251949e+01
4.222633053221288435e+01
4.181148459383753391e+01
4.269504950495049656e+01
4.236809986130374739e+01
4.281002361584885563e+01
4.280084033613445627e+01
4.264324618736383599e+01
4.284957983193277187e+01
4.301596638655462357e+01
4.279411764705882604e+01
4.283847241867044175e+01
4.287629757785467177e+01
4.268991596638655750e+01
4.264065230052416666e+01
4.185658807212205090e+01
4.223717059639389504e+01
4.247254901960783968e+01
4.213969795037755972e+01
4.250263522884882406e+01
4.180268418046830448e+01
4.211568627450980529e+01
4.202655625356938884e+01
4.225276645311590329e+01
4.241988795518206956e+01
4.222128851540616523e+01
4.239722607489597550e+01
4.247822468793342665e+01
4.233585434173669171e+01
4.223767082590612176e+01
4.246218487394958174e+01
4.211705963938973696e+01
4.252885154061624462e+01
4.250566343042071082e+01
4.227566320645905762e+01
4.219896193771626258e+01
4.254283266704739930e+01
4.221484593837534760e+01
4.247990681421083536e+01
4.238970588235294201e+01
4.263960396039603751e+01
4.288486562942008362e+01
4.234964639321074742e+01
4.245742296918767522e+01
4.245854341736694693e+01
4.213669467787114797e+01
4.256814210832848033e+01
4.286946778711484285e+01
4.295685005393742983e+01
4.342517680339462771e+01
4.304001059883412950e+01
4.294471677559912592e+01
4.318529819694867911e+01
4.280636461704423112e+01
4.346272568433313666e+01
4.322194989106753837e+01
4.354977997799780098e+01
4.347992081447964097e+01
4.378273419050118065e+01
4.481833910034602297e+01
4.602389705882352899e+01
4.542804111936036549e+01
4.442647058823529704e+01
4.458679354094579139e+01
4.399943422913720070e+01
4.360047072668432122e+01
4.390938511326860549e+01
4.363163906339234899e+01
4.312605042016807033e+01
4.307064590542098870e+01
4.332789749563191606e+01
4.249192618223759865e+01
4.254834012813046229e+01
4.258881770529994526e+01
4.271650485436893518e+01
4.285668973471741339e+01
4.332267275842375653e+01
4.328305183459522709e+01
4.326185037121644683e+01
4.290662478583666228e+01
4.299621432731508719e+01
4.323193277310924287e+01
4.336484848484848698e+01
4.346435506241331836e+01
4.326845827439886705e+01
4.338033448673586889e+01
4.307324106113033224e+01
4.309638905066977088e+01
4.308033946251767787e+01
4.307470747074707162e+01
4.322174163783160594e+01
4.342865463016890004e+01
4.334683468346834445e+01
4.282885154061624888e+01
4.283304498269896499e+01
4.250721357850071058e+01
4.319976703552708130e+01
4.336039603960396249e+01
4.312081891580161397e+01
4.308677926616191201e+01
4.341118229470005474e+01
4.315830449826989934e+01
4.348702422145328939e+01
4.294321859370403160e+01
4.350456881781838803e+01
4.377887788778878075e+01
4.390888119953864077e+01
4.337001414427157187e+01
4.311994342291372107e+01
4.295388967468175423e+01
4.311021984551396002e+01
4.259886845827439572e+01
4.271085714285714374e+01
4.281490649064906506e+01
4.287199999999999989e+01
4.283757796257796002e+01
4.327265372168285040e+01
4.355771305285868067e+01
4.328127600554785204e+01
4.314285714285714590e+01
4.301857142857142691e+01
4.335709951456311018e+01
4.345687645687645784e+01
4.358458370108855462e+01
4.396434937611407889e+01
4.402103960396039639e+01
4.389320388349514701e+01
4.344748455428067047e+01
4.358576051779935057e+01
4.326919682259487843e+01
4.314642857142857224e+01
4.312085032032614862e+01
4.262065063649222196e+01
4.275700416088765365e+01
4.242647058823529704e+01
4.228515406162465240e+01
4.260838779956426947e+01
4.295049504950495134e+01
4.279885714285714471e+01
4.298557284299858594e+01
4.281246359930110401e+01
4.283959694989106737e+01
4.297055555555555628e+01
4.314647641234711983e+01
4.328963585434173922e+01
4.345487977369165833e+01
4.313034013605442141e+01
4.367766990291261919e+01
4.369764216366158394e+01
4.368710124826629482e+01
4.389948600799542788e+01
4.359150326797385588e+01
4.362432814710042095e+01
4.374140943506115065e+01
4.334922035892909520e+01
4.348263305322128502e+01
4.329099244875943953e+01
4.295991926182237819e+01
4.298020361990950278e+01
4.370766488413547535e+01
4.359880068532267217e+01
4.360190136660725102e+01
4.323159340659340444e+01
4.385841983852364478e+01
4.331283710895361594e+01
4.339633080955154298e+01
4.355700141442715534e+01
4.319636678200691904e+01
4.304901960784313530e+01
4.379971988795518456e+01
4.383445378151260741e+01
4.308967704728950565e+01
4.317447173043974828e+01
4.305242718446601913e+01
4.369117647058823195e+01
4.350634371395616995e+01
4.340974625144175292e+01
4.323068050749711944e+01
4.303523587652883009e+01
4.320209668025626115e+01
4.277887788778878075e+01
4.277675070028011106e+01
4.257394957983193251e+01
4.330748074807480918e+01
4.366778711484593600e+01
4.349019607843137436e+01
4.322302357836338160e+01
4.352094313453536500e+01
4.368560822387207310e+01
4.346574202496532280e+01
4.327566320645905762e+01
4.363706453455168344e+01
4.305882352941176805e+01
4.331595006934812631e+01
4.283866362078811818e+01
4.345835760046593066e+01
4.340109573241061014e+01
4.336866627839254562e+01
4.329112200435729818e+01
4.309803921568627771e+01
4.339405940594059530e+01
4.318095238095238386e+01
4.321930325528269634e+01
4.384610814022578751e+01
4.347712418300653781e+01
4.340888119953864077e+01
4.314004118858488113e+01
4.322500000000000142e+01
4.327213886437187540e+01
4.343512110726643272e+01
4.346574202496532280e+01
4.334686672550750330e+01
4.317075956596230668e+01
4.339805825242718385e+01
4.329552955295529415e+01
4.309137635636778896e+01
4.316619074814391865e+01
4.310520361990950278e+01
4.346259280411193515e+01
4.305241700640652169e+01
4.283467406380027853e+01
4.371596638655461931e+01
4.339805825242718385e+01
4.313628421665696067e+01
4.273708791208791524e+01
4.262037037037037379e+01
4.286293546544831656e+01
4.298907563025210266e+01
4.278807212205270361e+01
4.307766990291262488e+01
4.271222606689734391e+01
4.304229691876750508e+01
4.258537978298115689e+01
4.344405997693194621e+01
4.338177623990772958e+01
4.331792717086834443e+01
4.353492849284928212e+01
4.312829131652661374e+01
4.296638655462184886e+01
4.353837535014005766e+01
4.338502080443827680e+01
4.299538638985005434e+01
4.311824123588829138e+01
4.341176470588235503e+01
4.313917963224893981e+01
4.327169481654047445e+01
4.272952710495962947e+01
4.339873987398739530e+01
4.308176470588234963e+01
4.310111011101110279e+01
4.338875946418171026e+01
4.308070807080708420e+01
4.329642964296429852e+01
4.357338086749851414e+01
4.335433543354335484e+01
4.313840830449827024e+01
4.344205008736167883e+01
4.337549971444888541e+01
4.331100757134537105e+01
4.279258605472197985e+01
4.344789915966386218e+01
4.343003997715591424e+01
4.350865051903114278e+01
4.310257142857143009e+01
4.307525951557093435e+01
4.356705670567056643e+01
4.325086505190311215e+01
4.284837340876944722e+01
4.317128027681660996e+01
4.322756981580511138e+01
4.334323432343234117e+01
4.336540841584158557e+01
4.339021549213745033e+01
4.334794908062234953e+01
4.328183894917189889e+01
4.315770308123249066e+01
4.331275480489225060e+01
4.321103253182461401e+01
4.333894917190176699e+01
4.335061153174140713e+01
4.303911234396671404e+01
4.346760961810466739e+01
4.382093425605536652e+01
4.377664531158998074e+01
4.396337946943483388e+01
4.308910891089109185e+01
4.340480905233380327e+01
4.366607825831126632e+01
4.331372549019607732e+01
4.297635524798154449e+01
4.315124999999999744e+01
4.293331391962725974e+01
4.306150615061505960e+01
4.285685997171145800e+01
4.357725772577257572e+01
4.341971428571428504e+01
4.319667260843731782e+01
4.292923704135119323e+01
4.287081891580161397e+01
4.321725601131542049e+01
4.320617944147355871e+01
4.372043969102792715e+01
4.358793820558526733e+01
4.316003460207612363e+01
4.351113861386138382e+01
4.404331683168317113e+01
4.282030303030303031e+01
4.273019801980198196e+01
4.335463546354635156e+01
4.280334486735871025e+01
4.286721025043680555e+01
4.263396339633963095e+01
4.310221316249271695e+01
4.288004613610149818e+01
4.280256260920209854e+01
4.336631016042780828e+01
4.387407178217821979e+01
4.358175817581758338e+01
4.317349970291147088e+01
4.311386138613861618e+01
4.326903114186850985e+01
4.306393210749646272e+01
4.311994342291372107e+01
4.329848573092603203e+01
4.299184624344787409e+01
4.347320908561444242e+01
4.387321530553969495e+01
4.399852941176470722e+01
4.314686468646864625e+01
4.332943294329432860e+01
4.334710042432814703e+01
4.356493884682586071e+01
4.329872701555869696e+01
4.340534053405340842e+01
4.424842946887493156e+01
4.445963938973648055e+01
4.396767617938264294e+01
4.383558823529411796e+01
4.330264705882353127e+01
4.333663366336633516e+01
4.325574229691876837e+01
4.334787878787879123e+01
4.322605042016806465e+01
4.326441176470588346e+01
4.346705882352941330e+01
4.322515151515151643e+01
4.300787878787878782e+01
4.302745098039216032e+01
4.343273150844495945e+01
4.352192362093352074e+01
4.350201845444060211e+01
4.349643493761141144e+01
4.364266426642664243e+01
4.354393939393939661e+01
4.385381479324402676e+01
4.393739079790331914e+01
4.268389780154485891e+01
4.327935222672064697e+01
4.360368389780154530e+01
4.358441558441558783e+01
4.404407713498622456e+01
4.441645408163265074e+01
4.472430994346525068e+01
4.428266666666666396e+01
4.609974747474747403e+01
4.445980210265924626e+01
4.509123649459783678e+01
4.547808535178777589e+01
4.410795454545454675e+01
4.489999999999999858e+01
4.387764705882352700e+01
4.423488721804510959e+01
4.326742857142857446e+01
4.379151515151514928e+01
4.294115983026873806e+01
4.291370851370851369e+01
4.267999999999999972e+01
4.311135135135135243e+01
4.263486486486486626e+01
4.235578947368421154e+01
4.166605448423630520e+01
4.227117327117326795e+01
4.183236151603498598e+01
4.149579124579124567e+01
4.169854227405247826e+01
4.158934707903780037e+01
4.174129651860744161e+01
4.248104956268221599e+01
4.222972582972582956e+01
4.209679300291545445e+01
4.195568513119533804e+01
4.163439955106621682e+01
4.179381752701080188e+01
4.159287317620650981e+01
4.164506172839506348e+01
4.223578643578643721e+01
4.199288806431663801e+01
4.198989898989898961e+01
4.228942486085342978e+01
4.205050505050505194e+01
4.240529336734693544e+01
4.255967841682127073e+01
4.254017857142856940e+01
4.226190476190475920e+01
4.240151515151514872e+01
4.207546048722519316e+01
4.188613861386138382e+01
4.201863715783343167e+01
4.221452145214521323e+01
