4.710133333333333638e+01
4.720433333333333081e+01
4.697466666666666413e+01
4.691518151815181170e+01
4.722133333333333383e+01
4.698910891089109043e+01
4.736633333333332985e+01
4.729999999999999716e+01
4.715033333333333587e+01
4.698275862068965836e+01
4.684191419141914281e+01
4.679241379310344939e+01
4.754299999999999926e+01
4.777425742574257583e+01
4.733234323432343160e+01
4.768066666666666720e+01
4.737316490269716951e+01
4.765866666666666873e+01
4.781295715778474431e+01
4.748677419354838491e+01
4.762966666666666526e+01
4.772457912457912244e+01
4.688266666666666538e+01
4.801645161290322505e+01
4.740697295536005385e+01
4.722399999999999665e+01
4.735483870967741638e+01
4.733003300330032914e+01
4.697623762376237977e+01
4.698217821782178305e+01
4.711933333333332996e+01
4.717758227435646745e+01
4.673960396039603893e+01
4.725933333333333053e+01
4.716636029411764497e+01
4.752145214521452488e+01
4.693431372549019898e+01
4.673758169934640705e+01
4.708217821782178447e+01
4.751896551724137652e+01
4.698977962312360290e+01
4.680387096774193623e+01
4.652623004235907445e+01
4.748700000000000188e+01
4.698924731182795966e+01
4.758415841584158557e+01
4.767799999999999727e+01
4.736250399233471597e+01
4.703333333333333144e+01
4.661162567869690321e+01
4.670588235294117396e+01
4.731566666666666521e+01
4.779718939635898778e+01
4.721483870967741581e+01
4.752129032258064711e+01
4.698250000000000171e+01
4.769933993399340011e+01
4.689460236346215538e+01
4.710933333333333195e+01
4.720249121686362059e+01
4.682605945604048259e+01
4.719099329287767830e+01
4.690562500000000057e+01
4.739174917491749284e+01
4.702612903225806207e+01
4.752100000000000080e+01
4.746233333333333348e+01
4.704719471947194620e+01
4.691466666666666896e+01
4.759838709677419644e+01
4.735132545512615820e+01
4.735643564356435320e+01
4.710792079207920580e+01
4.670935803257744823e+01
4.757566666666666322e+01
4.724191419141914139e+01
4.766322580645161366e+01
4.744718749999999829e+01
4.770433595083646594e+01
4.743366666666666731e+01
4.751650165016501859e+01
4.757600000000000051e+01
4.724257425742574412e+01
4.738965186841264909e+01
4.765172413793103345e+01
4.789068965517241594e+01
4.789866666666666362e+01
4.765808580858085719e+01
4.730137931034482790e+01
4.710124560843181030e+01
4.707689655172413978e+01
4.685247524752475101e+01
4.705799999999999983e+01
4.710689655172414092e+01
4.720099009900989984e+01
4.725849673202614554e+01
4.763531353135313395e+01
4.711733333333333462e+01
4.716033333333333388e+01
4.718060771594400649e+01
4.675103448275861950e+01
4.772241379310344911e+01
4.736105610561055812e+01
4.726129032258064200e+01
4.737194719471947479e+01
4.763724137931034619e+01
4.676448275862068726e+01
4.709655172413793167e+01
4.733498349834983543e+01
4.729207920792079278e+01
4.694870967741935175e+01
4.673876698014628772e+01
4.729034482758621039e+01
4.719042904290429163e+01
4.750099999999999767e+01
4.769669966996699628e+01
4.725965517241379388e+01
4.737756879136189525e+01
4.707293729372937463e+01
4.700517241379310462e+01
4.729447460875119447e+01
4.678646864686468376e+01
4.688246566592142983e+01
4.676806451612903004e+01
4.656798679867986834e+01
4.742542318748003538e+01
4.749366666666666958e+01
4.693233333333333235e+01
4.730693069306930454e+01
4.681000000000000227e+01
4.794774193548386876e+01
4.728431372549019329e+01
4.732745098039215748e+01
4.756270627062706069e+01
4.752698818268923731e+01
4.769801980198019464e+01
4.732300000000000040e+01
4.734322580645161338e+01
4.711333333333333684e+01
4.769482758620689822e+01
4.727766106442577154e+01
4.780006387735547690e+01
4.732542694497153946e+01
4.736468646864686605e+01
4.778533333333333388e+01
4.756531459597572820e+01
4.766109369557645437e+01
4.764033333333333076e+01
4.785892255892255776e+01
4.797741935483870890e+01
4.774289364420312864e+01
4.747419354838709893e+01
4.753737373737373417e+01
4.692813797508782869e+01
4.690899999999999892e+01
4.743896551724137822e+01
4.738294474608751017e+01
4.770758620689655061e+01
4.694342291371994236e+01
4.734686468646864910e+01
4.706600660066006725e+01
4.705610561056105468e+01
4.701268564356435320e+01
4.716765676567656840e+01
4.726407337128399888e+01
4.727326732673267173e+01
4.702640264026402406e+01
4.773551724137931274e+01
4.762244224422442329e+01
4.770363036303630366e+01
4.715554136058766943e+01
4.689313725490195850e+01
4.735633333333333184e+01
4.696732673267326419e+01
4.691782178217821553e+01
4.699636963696369918e+01
4.678999999999999915e+01
4.660976442471833536e+01
4.686458000638773314e+01
4.712199999999999989e+01
4.743598497780812551e+01
4.746103448275862036e+01
4.668415841584158699e+01
4.704726924305333569e+01
4.697058823529411598e+01
4.739284573618652274e+01
4.736966666666666725e+01
4.727956989247311981e+01
4.670297029702970093e+01
4.683104439476205982e+01
4.733451612903225936e+01
4.766296296296296475e+01
4.750833333333333286e+01
4.689999999999999858e+01
4.733696369636963652e+01
4.781386138613861192e+01
4.770396039603960503e+01
4.736516129032258249e+01
4.723400000000000176e+01
4.747586206896551886e+01
4.737344827586206719e+01
4.709655172413793167e+01
4.779768976897689470e+01
4.756913622396722729e+01
4.698799999999999955e+01
4.708482758620689879e+01
4.832937293729372641e+01
4.791516129032257965e+01
4.789433333333333564e+01
4.764224422442244133e+01
4.742970297029702920e+01
4.756632996632996679e+01
4.719603960396039355e+01
4.698754391568188993e+01
4.728533333333333388e+01
4.751743238840013106e+01
4.690769722133503450e+01
4.706228042159054326e+01
4.717392739273927305e+01
4.722772277227722526e+01
4.723187480038326669e+01
4.714979239859469828e+01
4.706579367614180853e+01
4.679117647058823337e+01
4.698466666666666924e+01
4.698250825082508442e+01
4.717326732673267031e+01
4.714019607843137294e+01
4.756766666666666765e+01
4.714290322580644954e+01
4.792799999999999727e+01
4.741679974449057511e+01
4.717342702012136613e+01
4.692508250825082428e+01
4.786966666666666725e+01
4.792673267326732400e+01
4.793036303630363193e+01
4.790231023102310104e+01
4.743999999999999773e+01
4.768215488215488307e+01
4.773166666666666913e+01
4.711122112211221236e+01
4.749409134461833304e+01
4.765656565656565391e+01
4.692777777777777715e+01
4.763912598156367295e+01
4.760099009900989842e+01
4.766746329805394566e+01
4.724166666666666714e+01
4.681386138613861192e+01
4.733064516129032029e+01
4.713797508783136436e+01
4.727339508144363123e+01
4.761258383902906388e+01
4.771254125412541214e+01
4.775533333333333275e+01
4.698899999999999721e+01
4.710322580645161139e+01
4.743465346534653548e+01
4.780804854679016103e+01
4.736866666666666958e+01
4.715933333333333621e+01
4.690860215053763227e+01
4.729299999999999926e+01
4.814838709677419359e+01
4.772828282828282909e+01
4.717566272756307910e+01
4.746709677419354989e+01
4.744490578090066890e+01
4.726764611945065298e+01
4.723499999999999943e+01
4.702874480996486994e+01
4.680453529223890285e+01
4.737677419354838548e+01
4.740625998083679349e+01
4.738070903864579719e+01
4.732933333333333081e+01
4.729981024667931422e+01
4.737227722772276906e+01
4.741056105610561389e+01
4.712254901960784537e+01
4.707090386458000353e+01
4.708080485467901610e+01
4.698633333333333439e+01
4.745412541254125216e+01
4.675630788885339939e+01
4.733471734270201381e+01
4.742516339869280984e+01
4.758575534972852239e+01
4.800990099009901257e+01
4.725091911764705799e+01
4.743300330033003576e+01
4.837676767676767753e+01
4.814059405940594161e+01
4.768548387096774377e+01
4.807952730756946380e+01
4.733161290322580328e+01
4.758870967741935232e+01
4.795049504950495134e+01
4.784829931972789296e+01
4.728201852443309150e+01
4.751740657936761636e+01
4.737458745874587152e+01
4.737491749174917288e+01
4.691966666666666441e+01
4.723561037318152955e+01
4.759516129032257936e+01
4.761683168316831427e+01
4.767533333333333445e+01
4.716448419035452133e+01
4.751683168316831996e+01
4.728776748642606265e+01
4.703898514851485402e+01
4.720606060606060339e+01
4.692659932659932309e+01
4.703172413793103601e+01
4.644873842222931870e+01
4.655218216318785807e+01
4.708300653594771035e+01
4.703098051740658292e+01
4.723985946981795081e+01
4.736685641998735008e+01
4.723630363036303947e+01
4.734158415841584144e+01
4.704677419354838719e+01
4.730661130629192002e+01
4.728279702970296938e+01
4.791129032258064768e+01
4.818580858085808671e+01
4.804785478547854893e+01
4.754111321948133906e+01
4.781443628233790832e+01
4.788233333333333519e+01
4.798599999999999710e+01
4.706707122325136083e+01
4.760862068965517579e+01
4.740741935483870861e+01
4.734899999999999665e+01
4.750066666666666748e+01
4.718258064516128769e+01
4.745967741935483986e+01
4.744290322580645380e+01
4.716862623762376217e+01
4.730531117627892002e+01
4.721699999999999875e+01
4.692300000000000182e+01
4.755033333333333445e+01
4.751193548387097110e+01
4.774102722772277474e+01
4.755433333333333223e+01
4.733396584440227883e+01
4.766677419354838463e+01
4.752806451612903516e+01
4.691723688497881994e+01
4.758258064516129338e+01
4.699177735610373219e+01
4.767920792079208070e+01
4.780833333333333002e+01
4.766195286195286229e+01
4.740990099009901115e+01
4.713466666666666782e+01
4.742806451612903373e+01
4.728184818481847884e+01
4.693450635386119529e+01
4.705375000000000085e+01
4.689907377834557423e+01
4.688468749999999829e+01
4.704279782816991684e+01
4.670419354838709580e+01
4.721309872922775952e+01
4.735516454871293490e+01
4.740806451612903061e+01
4.726093899712552115e+01
4.774366666666666958e+01
4.774832321941871527e+01
4.743947620568508228e+01
4.798882146279144223e+01
4.807058447780261901e+01
4.767233910891089010e+01
4.753069306930692761e+01
4.732874999999999943e+01
4.718743598497781022e+01
4.758184818481848311e+01
4.732937499999999886e+01
4.773193548387096996e+01
4.787709677419354648e+01
4.730066006600659989e+01
4.728425423187479737e+01
4.806100287448099806e+01
4.722457912457912244e+01
4.764399999999999835e+01
4.759933333333333394e+01
4.786166666666666458e+01
4.768026565464895583e+01
4.765099009900990268e+01
4.707254901960784110e+01
4.735313531353135375e+01
4.751677419354838605e+01
4.718267973856209352e+01
4.722707147375079018e+01
4.724145640370488763e+01
4.677433333333333110e+01
4.696039603960396391e+01
4.713768564356435320e+01
4.724257425742574412e+01
4.735892255892255776e+01
4.685387205387205256e+01
4.712241379310344769e+01
4.705148514851484975e+01
4.656900000000000261e+01
4.746225806451612783e+01
4.713900000000000290e+01
4.739903225806451559e+01
4.710896551724137993e+01
4.650773514851485402e+01
4.739035516454871555e+01
4.717741935483871174e+01
4.757899934167215150e+01
4.683594771241830301e+01
4.733290322580645437e+01
4.705466666666666953e+01
4.756343749999999915e+01
4.734300000000000352e+01
4.757999999999999829e+01
4.753030303030303116e+01
4.730483870967741922e+01
4.690833599488981065e+01
4.671542638134781100e+01
4.704088150750558839e+01
4.708431372549019756e+01
4.674417119131268095e+01
4.671056105610561104e+01
4.680891089108910563e+01
4.722422517394054609e+01
4.709677419354838435e+01
4.654933586337760687e+01
4.680993042378241853e+01
4.728516129032258419e+01
4.736984988821463105e+01
4.730150111785371791e+01
4.769370808048546451e+01
4.690705844778025835e+01
4.718843819865857370e+01
4.737193548387097053e+01
4.700187499999999829e+01
4.686060049019607732e+01
4.646483870967741581e+01
4.709406249999999972e+01
4.719418089816571893e+01
4.700000000000000000e+01
4.670166666666666799e+01
4.705422794117647101e+01
4.735643564356435320e+01
4.695784094538485931e+01
4.715016501650165281e+01
4.699210858585858830e+01
4.694193548387097081e+01
4.692314990512333850e+01
4.667039284573618829e+01
4.753177898435004778e+01
4.726774193548386904e+01
4.717866666666666475e+01
4.751740657936761636e+01
4.708570544554455495e+01
4.764333333333333087e+01
4.728743811881188464e+01
4.771948134092346550e+01
4.734062500000000284e+01
4.755531249999999943e+01
4.744096774193548072e+01
4.780939393939394222e+01
4.810468749999999716e+01
4.725968749999999829e+01
4.793409653465346310e+01
4.775419354838710007e+01
4.732992654104120334e+01
4.723345588235294201e+01
4.719156250000000341e+01
4.758400000000000318e+01
4.722928526249209114e+01
4.711741935483870947e+01
4.799019607843137436e+01
4.776470588235294201e+01
4.792079207920792072e+01
