4.856204620462046506e+01
4.949466666666666725e+01
4.927843137254902217e+01
4.879477124183006254e+01
4.913960396039603751e+01
4.945505793924208859e+01
4.858613861386138666e+01
4.887935483870968056e+01
4.907904411764705799e+01
4.971161290322580584e+01
4.911606578115117117e+01
4.889483870967742263e+01
4.905841584158415714e+01
4.969509803921568647e+01
4.918187499999999801e+01
4.915511551155115200e+01
4.900154702970296938e+01
4.917795603089720657e+01
4.902718749999999659e+01
4.807625000000000171e+01
4.866129032258064768e+01
4.850866336633663423e+01
4.845451612903225680e+01
4.851899999999999835e+01
4.898806451612902890e+01
4.840903225806451360e+01
4.821677419354838889e+01
4.862064516129031944e+01
4.833363636363636573e+01
4.870606060606060339e+01
4.950096774193548299e+01
4.943611638203668690e+01
4.829382055852644129e+01
4.936484848484848698e+01
4.828954882924043090e+01
4.712285539215686470e+01
4.916458704693998527e+01
4.897239723972397485e+01
5.303003640776699257e+01
5.363221016561964660e+01
5.623243860651056281e+01
5.895388349514563231e+01
5.822734254992319336e+01
5.791919824616348222e+01
5.810937500000000000e+01
5.841622298778577971e+01
5.775115207373271886e+01
5.845787660507360073e+01
5.822987785781396752e+01
5.803237179487179276e+01
5.777951769495771828e+01
5.862934243176178484e+01
5.810800970873786753e+01
5.823118932038835283e+01
5.798966489195114349e+01
5.845951929158760407e+01
5.833621794871795174e+01
5.879776674937965453e+01
5.840484084880636573e+01
5.870873786407766914e+01
5.881877022653721809e+01
5.852762695624401346e+01
5.874976511118070732e+01
5.877022653721682843e+01
5.839764267990074131e+01
5.860320512820512562e+01
5.861100323624595632e+01
5.834544315690573058e+01
5.820097087378641021e+01
5.809240040174087483e+01
5.870865384615384386e+01
5.859591194968553651e+01
5.837768379960962761e+01
5.853590992087644906e+01
5.899907834101382775e+01
5.830558894230769340e+01
5.846132164108988150e+01
5.838589743589743364e+01
5.831265508684863619e+01
5.840517799352750927e+01
5.861290322580644840e+01
5.814887267904509116e+01
5.804236453201970392e+01
5.802946650124069805e+01
5.831891025641025550e+01
5.859967948717948616e+01
5.806816798539257718e+01
5.902972802024035559e+01
5.847196993423113298e+01
5.862535931012455848e+01
5.834685404024273225e+01
5.805755850727387468e+01
5.851038007026509291e+01
5.848954248366013076e+01
5.820947712418300313e+01
5.861812297734628174e+01
5.844903225806451275e+01
5.823653846153845848e+01
5.838872596937113002e+01
5.813630613535736558e+01
5.816765676567656840e+01
5.813925970873786753e+01
5.801593749999999972e+01
5.924511718750000000e+01
5.923209635416666430e+01
5.809996806132225800e+01
5.900062480474851867e+01
5.791209150326797328e+01
5.944570446735394853e+01
5.795884900990098743e+01
5.785949131513647359e+01
5.923632812500000000e+01
5.913269038909211872e+01
5.824346405228757817e+01
5.829276538201487767e+01
5.789285714285714590e+01
5.864731990440423459e+01
5.913033448673586889e+01
5.902389705882352899e+01
5.974806892453950979e+01
5.997058823529411598e+01
5.942324029126213247e+01
5.854742893644203150e+01
5.863989408649602808e+01
5.997860962566844734e+01
5.968389491719018025e+01
5.889348127600554506e+01
5.816362078812107228e+01
5.794056372549019329e+01
5.657681324957167135e+01
5.585351787773932841e+01
5.534659746251441703e+01
5.487758775877587425e+01
5.501980198019801804e+01
5.413706453455168344e+01
5.447326203208556450e+01
5.423327566320645587e+01
5.468512110726643272e+01
5.443850267379679053e+01
5.430361519607843235e+01
5.449168152109328389e+01
5.482388238823882176e+01
5.493315508021390059e+01
5.414260249554367022e+01
5.489242424242424079e+01
5.450165016501649973e+01
5.459313118811881083e+01
5.460829207920792072e+01
5.506300630063006452e+01
5.440318627450980671e+01
5.485272277227722526e+01
5.432797029702970093e+01
5.444059976931949052e+01
5.442790841584158557e+01
5.469126912691269382e+01
5.448926767676767469e+01
5.404358974358974166e+01
5.387759952465835056e+01
5.452317290552584694e+01
5.498988970588235503e+01
5.461151960784313530e+01
5.469669117647058698e+01
5.448700281866582884e+01
5.503709677419355017e+01
5.459223300970873538e+01
5.449009900990098743e+01
5.437658134745513649e+01
5.405361519607843235e+01
5.404840686274509665e+01
5.413675742574257299e+01
5.428792475728155154e+01
5.453267973856209494e+01
5.462985436893203683e+01
5.434801488833746674e+01
5.443318103940605113e+01
5.468003565062388560e+01
5.478515502662073544e+01
5.440169902912621325e+01
5.480885922330097060e+01
5.431730769230769340e+01
5.460171568627450966e+01
5.443531468531468676e+01
5.444012944983818869e+01
5.414121800529567707e+01
5.420829655781112422e+01
5.434637350085665020e+01
5.454289215686274161e+01
5.427651515151514872e+01
5.413221016561964660e+01
5.477595155709342833e+01
5.502139037433155266e+01
5.444842657342657333e+01
5.405266254780817547e+01
5.429411764705882604e+01
5.418924539512774885e+01
5.414960407239819062e+01
5.448786407766990436e+01
5.459164460135333741e+01
5.484895833333333570e+01
5.443739079790331914e+01
5.420559400230680325e+01
5.442889777270131191e+01
5.417929864253393646e+01
5.424595469255663716e+01
5.431891732862606403e+01
5.443277434539570692e+01
5.477073019801980536e+01
5.421544471153845990e+01
5.434678398058252213e+01
5.378045157456921999e+01
5.392733156810826500e+01
5.394140625000000000e+01
5.439453357100416042e+01
5.439743589743589780e+01
5.419752018454440901e+01
5.394527802294792451e+01
5.374979195561719791e+01
5.378229527104959828e+01
5.443630479552809476e+01
5.410180995475113264e+01
5.405345022624434392e+01
5.457016769638129006e+01
5.449102677258017025e+01
5.396189618961896173e+01
5.412792689891490738e+01
5.377997737556560764e+01
5.378212450028554770e+01
5.454641990291262488e+01
5.431920415224913512e+01
5.401500441306266254e+01
5.414151220947337606e+01
5.401268742791233990e+01
5.437563756375637780e+01
5.397831253713606969e+01
5.382200647249190695e+01
5.473978960396039639e+01
5.467125000000000057e+01
5.473131127450980671e+01
5.411718750000000000e+01
5.471123798076923350e+01
5.486858685868586605e+01
5.415248429468874747e+01
5.455198019801980536e+01
5.458265826582658065e+01
5.449813895781637996e+01
5.478247549019607732e+01
5.451662253604001052e+01
5.458764111705288258e+01
5.446286393345216936e+01
5.485072738772928602e+01
5.449693627450980671e+01
5.474227422742274030e+01
5.463101604278075030e+01
5.455075022065313561e+01
5.473598496711556294e+01
5.460847564832384649e+01
5.443264563106796317e+01
5.504718137254901933e+01
5.459129901960784537e+01
5.456327985739750375e+01
5.477236519607843235e+01
5.517976485148514598e+01
5.454248366013072058e+01
5.433252427184466171e+01
5.404381127450980671e+01
5.432763276327632695e+01
5.378342245989304615e+01
5.455413605876717043e+01
5.413857016769637909e+01
5.463622572815533829e+01
5.453030303030303116e+01
5.447212009803921262e+01
5.462376237623762165e+01
5.392233009708737512e+01
5.447242647058823195e+01
5.466042780748663432e+01
5.482880868732034685e+01
5.500123762376237835e+01
5.447415329768271164e+01
5.473434535104364329e+01
5.452673796791443550e+01
5.477732539931099609e+01
5.464242788461538680e+01
5.418088942307691980e+01
5.445741421568627771e+01
5.495242718446601771e+01
5.437316176470588402e+01
5.488774271844660291e+01
5.439813981398139475e+01
5.463349514563106624e+01
5.467867209520827032e+01
5.474908088235294201e+01
5.506990699069906725e+01
5.494300031318509525e+01
5.505555555555555713e+01
5.536938646426312260e+01
5.519322900031938417e+01
5.494845034788108507e+01
5.477942961165048530e+01
5.461104218362282836e+01
5.445068330362447995e+01
5.471631878557874984e+01
5.447633495145630889e+01
5.522804215905461689e+01
5.479530600118835082e+01
5.468856885688568781e+01
5.472028186274509665e+01
5.467861519607843235e+01
5.477548543689320582e+01
5.452604166666666430e+01
5.468321078431372229e+01
5.469485294117647101e+01
5.477243018419488862e+01
5.441444174757281615e+01
5.454199936122644488e+01
5.406660899653979158e+01
5.363119953863898814e+01
5.366419354838709666e+01
5.312418300653595082e+01
5.253339460784313530e+01
5.240441176470588402e+01
5.214886731391585784e+01
5.215502450980392268e+01
5.265748762376237835e+01
5.310156499520919482e+01
5.279696394686907013e+01
5.317374640689875775e+01
5.243883743213031323e+01
5.252187799425103520e+01
5.270435327278421767e+01
5.162106501912327161e+01
5.233603360336033461e+01
5.227113970588235503e+01
5.228890931372549034e+01
5.206419354838709523e+01
5.238045540796964161e+01
5.223497786211258642e+01
5.225835396039603609e+01
5.225096774193548299e+01
5.212747524752474959e+01
5.229702970297029907e+01
5.163978494623655990e+01
5.162566844919786035e+01
5.126639851485148824e+01
5.159865196078431637e+01
5.183359948898115732e+01
5.158946078431372229e+01
5.140091376356367903e+01
5.184795673076923350e+01
5.263813478122006018e+01
5.173143196672608468e+01
5.197260668973471809e+01
5.220358910891089010e+01
5.234670231729054990e+01
5.166429455445544505e+01
5.212226066897347465e+01
5.213675742574257299e+01
5.202753712871287206e+01
5.189967741935483758e+01
5.196850861556743695e+01
5.185588235294117965e+01
5.263612903225806150e+01
5.240025054807391314e+01
5.196852015298617289e+01
5.238805493452571227e+01
5.224301841948900460e+01
5.198544266191324681e+01
5.198143917761279198e+01
5.232768865121806101e+01
5.217911791179118097e+01
5.255355535553555058e+01
5.216349480968857932e+01
5.214857310973815885e+01
5.162132352941176805e+01
5.207138777841233690e+01
5.215219874357509866e+01
5.220300088261253535e+01
5.251275127512751340e+01
5.224645161290322903e+01
5.238181818181818272e+01
5.250773514851485402e+01
5.311262376237623783e+01
5.271347134713471405e+01
5.233477508650518928e+01
5.277153891859774149e+01
5.295718750000000341e+01
5.269786096256684260e+01
5.243375214163335585e+01
5.219845513963161210e+01
4.980918091809181192e+01
4.944571932921447655e+01
4.985024752475247567e+01
5.009090909090909349e+01
4.997415329768271164e+01
4.954901960784313530e+01
4.941036414565826362e+01
4.971999999999999886e+01
4.946474647464746255e+01
4.957605760576057463e+01
4.941494149414941717e+01
4.995769576957695790e+01
4.994209420942094368e+01
4.968389780154485891e+01
4.985748574857485949e+01
5.041212871287128650e+01
5.080484848484848470e+01
5.062848484848484532e+01
4.835630252100840210e+01
4.802820282028202570e+01
4.665754222481071878e+01
4.552715271527152652e+01
4.464236423642364571e+01
4.423272727272727423e+01
4.374432149097262368e+01
4.433878787878787620e+01
4.363517528223410835e+01
4.447344734473447403e+01
4.397118241235888547e+01
4.425442544254425314e+01
4.420169731258840073e+01
4.450772430184194661e+01
4.399563191613278690e+01
4.390564938846825527e+01
4.447812499999999858e+01
4.401252184041933901e+01
4.411242424242423965e+01
4.459088235294117908e+01
4.582291371994342200e+01
4.621735294117647186e+01
4.518787878787878753e+01
4.214071407140713887e+01
4.132471776589423484e+01
4.175990099009901257e+01
4.177706802938358521e+01
4.138696655132640956e+01
4.127545454545454362e+01
4.152085208520852433e+01
