4.617176470588235304e+01
4.480612577386771278e+01
4.504860486048605139e+01
4.460308972073678291e+01
4.498019801980198196e+01
4.475750000000000028e+01
4.410258838383838054e+01
4.374063212772890097e+01
4.304333659172368698e+01
4.259315931593159377e+01
4.263937500000000114e+01
4.216141614161416129e+01
4.202346999405823169e+01
4.206459054209918946e+01
4.186217948717948900e+01
4.192468373050897412e+01
4.260984848484848442e+01
4.254587458745874784e+01
4.285694776374189274e+01
4.322776442307691980e+01
4.348627450980391984e+01
4.351832611832611519e+01
4.427243306854957439e+01
nan
4.407204116638079228e+01
4.503467365967365765e+01
4.437997903563941549e+01
4.272888759464181874e+01
4.244551282051281760e+01
4.268860028860029132e+01
4.197614424410540579e+01
4.254515745692216200e+01
4.202846534653465227e+01
4.180048004800480044e+01
4.146936274509803866e+01
4.148391089108910990e+01
4.134545454545454390e+01
4.139303930393039366e+01
4.128743811881188464e+01
4.143434343434343248e+01
4.158241118229469890e+01
4.183408340834083106e+01
4.218763391490664105e+01
4.213226010101010388e+01
4.233543354335433406e+01
4.215250000000000341e+01
4.210121212121212153e+01
4.195513613861385949e+01
4.221212121212121104e+01
4.178681930693069546e+01
4.158182877111240572e+01
4.161706464764123581e+01
4.148223645894000811e+01
4.160250436808387065e+01
4.178403465346534773e+01
4.159653465346534773e+01
4.163726372637263751e+01
4.194949494949494806e+01
4.170966802562609388e+01
4.162347117064647506e+01
4.211454545454545695e+01
4.195981362842166362e+01
4.234432560903149323e+01
4.211213235294117396e+01
4.207470747074707162e+01
4.219471947194719519e+01
4.213981398139814161e+01
4.204062499999999858e+01
4.205250000000000199e+01
4.186858685868586605e+01
4.219896193771626258e+01
4.150297088532382617e+01
4.225455097087378675e+01
4.195484254307783800e+01
4.219187500000000313e+01
4.197118241235888547e+01
4.258055805580558228e+01
4.206115317414094079e+01
4.187611408199643392e+01
4.194682115270350664e+01
4.204770477047704702e+01
4.219429590017825404e+01
4.198529411764705799e+01
4.183954571927780819e+01
4.171757575757575864e+01
4.166336633663366484e+01
4.115196078431372229e+01
4.130187500000000256e+01
4.142959001782531203e+01
4.174181818181818215e+01
4.137110726643598468e+01
4.183678367836783707e+01
4.205090909090909435e+01
4.174167416741673975e+01
4.228743811881188464e+01
4.155132641291810813e+01
4.142836342457775345e+01
4.177947794779478130e+01
4.159417706476529730e+01
4.149264926492649153e+01
4.129192919291929087e+01
4.119132207338380880e+01
4.153885388538854073e+01
4.150255025502550410e+01
4.127242724272426955e+01
4.082768865121806101e+01
4.108937499999999687e+01
4.131473147314731165e+01
4.169996999699969820e+01
4.143780940594059103e+01
4.176837683768376763e+01
4.197470588235294287e+01
4.173442050087361821e+01
4.181272727272727252e+01
4.179837983798379497e+01
4.164349376114081736e+01
4.178639334521687232e+01
4.172367236723672335e+01
4.167206720672066922e+01
4.145952242283051703e+01
4.182454545454545780e+01
4.199588235294117311e+01
4.211791179117911810e+01
4.203029411764705969e+01
4.202520252025202296e+01
4.203382352941176237e+01
4.195719277810133718e+01
4.198705882352940932e+01
4.193731431966725864e+01
4.184908490849085183e+01
4.192721330956624826e+01
4.197058823529411598e+01
4.182500000000000284e+01
4.192852941176470694e+01
4.140924395469850339e+01
4.168899242865462895e+01
4.131491384432560920e+01
4.135650623885918264e+01
4.154921374490390207e+01
4.172606060606060652e+01
4.148886138613861618e+01
4.194629462946294751e+01
4.168676867686768617e+01
4.168835412953060171e+01
4.191291810841983789e+01
4.156848484848485015e+01
4.149752475247525041e+01
4.110179455445544505e+01
4.156525652565256479e+01
4.188568856885688518e+01
4.153285328532853526e+01
4.164244521337946736e+01
4.167735294117647271e+01
4.149058823529411910e+01
4.158415841584158557e+01
4.182818870122306265e+01
4.165459688826025797e+01
4.137449039021549169e+01
4.132055852644087679e+01
4.163832265579499392e+01
4.137705882352940989e+01
4.141032295271049435e+01
4.143592644978783568e+01
4.139271708683473605e+01
4.147828571428571109e+01
4.139514285714285791e+01
4.130838672102504461e+01
4.128802880288029087e+01
4.154815455594002316e+01
4.116407151095732075e+01
4.151089108910890957e+01
4.160499999999999687e+01
4.132294700058240977e+01
4.127842784278427501e+01
4.136343750000000341e+01
4.231891580161476440e+01
4.202227722772277474e+01
4.243844696969696884e+01
4.247853535353535648e+01
4.192645202020202078e+01
4.191843750000000313e+01
4.220031250000000256e+01
4.196658415841584144e+01
4.171164936562860248e+01
4.199369936993699071e+01
4.240766666666666396e+01
4.222239077669902940e+01
4.240867718446602197e+01
4.211502117953730817e+01
4.198263888888888573e+01
4.188073979591836604e+01
4.177967171717171624e+01
4.200520355065809497e+01
4.152427500814597749e+01
4.169906249999999659e+01
4.215939393939393653e+01
4.227090909090909321e+01
4.188920454545454675e+01
4.170567056705670694e+01
4.172817281728173100e+01
4.210529537802265310e+01
4.142000000000000171e+01
4.166272727272727394e+01
4.158765288293535178e+01
4.234515151515151388e+01
4.217484848484848214e+01
4.175014560279557685e+01
4.155445544554455495e+01
4.158575757575757592e+01
4.130873087308730618e+01
4.135374999999999801e+01
4.152835283528352761e+01
4.201575757575757564e+01
4.165794117647058670e+01
4.164866486648664790e+01
4.135899653979238622e+01
4.171008663366336577e+01
4.157872846108140408e+01
4.188208820882088190e+01
4.136060606060605949e+01
4.143654365436543685e+01
4.154548267326732969e+01
4.171437143714371132e+01
4.157393939393939064e+01
4.141878787878788160e+01
4.177134900990098743e+01
4.140924092409240842e+01
4.126114081996434635e+01
4.151755175517551777e+01
4.144933022714035786e+01
4.133303030303030567e+01
4.165023068050749799e+01
4.196093750000000000e+01
4.284391380314502129e+01
4.168112987769364963e+01
4.273731435643564680e+01
4.312751275127512685e+01
4.452875000000000227e+01
4.393049450549450796e+01
4.255824175824175626e+01
4.352427184466019128e+01
4.293249324932493494e+01
4.316861686168616785e+01
4.332615026208502940e+01
4.368598615916955197e+01
4.342218299499852918e+01
4.308794694348327425e+01
4.302790279027902898e+01
4.318171228887594992e+01
4.358115811581158283e+01
4.432887700534759290e+01
4.356027955736750101e+01
4.361620530565167542e+01
4.394270833333333570e+01
4.374463077375698816e+01
4.318284789644012989e+01
4.314769049720506189e+01
4.309566250742721394e+01
4.322319347319347571e+01
4.294204177699323566e+01
4.306581246359930049e+01
4.242647058823529704e+01
4.246761734997028981e+01
4.241541629891144538e+01
4.295894607843137436e+01
4.304723707664884103e+01
4.302822341057635214e+01
4.254152249134948249e+01
4.285972850678732726e+01
4.320102798400913713e+01
4.332523252325232477e+01
4.332924043403769332e+01
4.332038834951456607e+01
4.247406759906760243e+01
4.246568627450980671e+01
4.312269756387403419e+01
4.347860962566844734e+01
4.320703575547866393e+01
4.269046259280410993e+01
4.305571266968325972e+01
4.320504201680672196e+01
4.279094579008074106e+01
4.292733564013840919e+01
4.334948096885813129e+01
4.325403690888119712e+01
4.332122260668973723e+01
4.331713171317131383e+01
4.308910891089109185e+01
4.333938869665513494e+01
4.327739331026528191e+01
4.286414565826330403e+01
4.304830483048304757e+01
4.309209744503861828e+01
4.273841886269070756e+01
4.330190311418684956e+01
4.361972667855020802e+01
4.380111797587525757e+01
4.344117647058823195e+01
4.266027227722772608e+01
4.283200941453368671e+01
4.243566176470588402e+01
4.306632064590542086e+01
4.327941176470588402e+01
4.330738177623990737e+01
4.299257278669043103e+01
4.306967447173043695e+01
4.353569388920616490e+01
4.328921568627450966e+01
4.292044817927170897e+01
4.282898289828982996e+01
4.284411421911421769e+01
4.304625928041119209e+01
4.224325213956550584e+01
4.276974789915966113e+01
4.277145106271319719e+01
4.265264293419632935e+01
4.274645969498910603e+01
4.274589295177530346e+01
4.301034858387799886e+01
4.281187069422363578e+01
4.277886710239651080e+01
4.259708737864077932e+01
4.263725490196078738e+01
4.263834951456311018e+01
4.276510248112190027e+01
4.288683473389355783e+01
4.280713723432170070e+01
4.239023732470334238e+01
4.248166127292341088e+01
4.241553398058252355e+01
4.273187048434573398e+01
4.263091118800461032e+01
4.334586056644879903e+01
4.290814081408140623e+01
4.318291316526610757e+01
4.306603229527105015e+01
4.300112044817927170e+01
4.280088235294117993e+01
4.264850057670126660e+01
4.292289228922892619e+01
4.225602240896358808e+01
4.248543417366946784e+01
4.329570041608876352e+01
4.305378151260504183e+01
4.252454923717059643e+01
4.242801120448179120e+01
4.286274509803921262e+01
4.267843137254902075e+01
4.261523652365236359e+01
4.288918597742127048e+01
4.293428571428571416e+01
4.260582468281430124e+01
4.246078431372549034e+01
4.282843137254901933e+01
4.286575422248107259e+01
4.291617647058823337e+01
4.324163783160322794e+01
4.323673587081891867e+01
4.352623990772779905e+01
4.324271844660194120e+01
4.343290441176470296e+01
4.353055396916047926e+01
4.309358288770053491e+01
4.305707561047366738e+01
4.286821266968325972e+01
4.306996002284408576e+01
4.360843731431966575e+01
4.355369226243012548e+01
4.337908496732026009e+01
4.345991695943787647e+01
4.334610814022578751e+01
4.377826495458815970e+01
4.344365989997057653e+01
4.381818181818182012e+01
4.357797029702970093e+01
4.341100323624595347e+01
4.363786764705882604e+01
4.310380622837369913e+01
4.299495798319327378e+01
4.320710784313725839e+01
