5.353999999999999915e+01
5.308193548387096428e+01
5.182549504950495134e+01
5.247366666666666646e+01
5.220161812297734372e+01
5.151939393939393597e+01
5.166078431372549318e+01
5.125242718446602197e+01
5.131395720217182799e+01
5.131044394762056982e+01
5.163973171510699700e+01
5.185983910891089010e+01
5.162639894667544382e+01
5.156000000000000227e+01
5.149272727272727224e+01
5.142233910891089010e+01
5.167596759675967633e+01
5.169002525252525260e+01
5.220424242424242323e+01
5.181344696969696884e+01
5.181756963575145392e+01
5.162812499999999716e+01
5.177696078431372229e+01
5.201608910891089010e+01
5.228462998102466486e+01
5.236928104575163445e+01
5.207530753075307217e+01
5.162511744440964634e+01
5.169449715370019049e+01
5.140594362745098067e+01
5.096410891089109185e+01
5.143991144845034569e+01
5.071181818181818102e+01
5.116636363636363427e+01
5.109180035650624063e+01
5.119281250000000227e+01
5.163211633663366484e+01
5.126577970297029907e+01
5.133168316831682887e+01
5.173225806451613096e+01
5.209102523155541320e+01
5.175656250000000114e+01
5.180970873786407793e+01
5.212806372549019329e+01
5.177696078431372229e+01
5.170343137254901933e+01
5.153318858560793814e+01
5.176343042071197686e+01
5.231095297029703062e+01
5.214967320261438033e+01
5.166551832132790167e+01
5.166476913345983490e+01
5.200517799352751069e+01
5.217617866004962934e+01
5.214000000000000057e+01
5.202308665401644561e+01
5.167293729372937605e+01
5.148793316831682887e+01
5.165903465346534773e+01
5.182642326732673155e+01
5.169797596457937772e+01
5.134771241830065236e+01
5.132737144682209873e+01
5.132066432449696691e+01
5.130725007984669617e+01
5.149272612270714689e+01
5.211005692599620431e+01
5.240666666666666629e+01
5.170201213669754026e+01
5.160278304870335120e+01
5.160386029411764497e+01
5.170456723091663775e+01
5.231810923027786941e+01
5.181507505589268447e+01
5.240594059405940897e+01
5.253209837112743230e+01
5.180851715686274161e+01
5.230686274509803724e+01
5.217698019801980536e+01
5.190948950829940145e+01
5.188781250000000256e+01
5.160366036603660689e+01
5.199498903852176568e+01
5.214613970588235503e+01
5.239593750000000227e+01
5.173209951456311018e+01
5.190992647058823195e+01
5.185968137254901933e+01
5.138312499999999972e+01
5.139603960396039639e+01
5.168774193548387075e+01
5.154411764705882604e+01
5.162713472485768307e+01
5.203704886617693859e+01
5.211587848418415092e+01
5.212468434343434609e+01
5.171720297029703062e+01
5.233056531459597238e+01
5.200030637254901933e+01
5.217566272756307910e+01
5.219399752475247567e+01
5.187218750000000256e+01
5.173561037318152955e+01
5.237016927499201557e+01
5.166360294117647101e+01
5.179110554337613337e+01
5.202972802024035559e+01
5.193459345934593330e+01
5.204509865330410179e+01
5.130834914611005360e+01
5.159937500000000199e+01
5.146781250000000085e+01
5.146425419240953403e+01
5.222236141559661604e+01
5.196359223300970598e+01
5.137622549019607732e+01
5.185620915032679790e+01
5.162317961165048530e+01
5.180653594771241899e+01
5.114963942307691980e+01
5.182156862745097925e+01
5.179074754901960631e+01
5.208950031625553123e+01
5.191207107843137436e+01
5.182050463110827110e+01
5.180325774512935055e+01
5.119829222011384928e+01
5.163946869070208834e+01
5.145793801391524624e+01
5.163398275311401875e+01
5.223750790638835895e+01
5.229566666666666919e+01
5.201897533206830815e+01
5.182289690069575983e+01
5.237048866176940010e+01
5.190062499999999801e+01
5.181404174573054888e+01
5.218658088235294201e+01
5.188172043010752787e+01
5.208127767235926342e+01
5.217023315234749248e+01
5.199873497786211374e+01
5.212500000000000000e+01
5.209037990196078738e+01
5.178458737864077932e+01
5.205313092979127276e+01
5.179900990099010016e+01
5.146000000000000085e+01
5.212365591397849585e+01
5.233627450980392126e+01
5.129415522197380994e+01
5.209234661606578243e+01
5.191899999999999693e+01
5.148578728840625729e+01
5.181277672359266262e+01
5.090410539215686470e+01
5.204585705249841965e+01
5.185232843137254832e+01
5.186841264771638293e+01
5.186335784313725839e+01
5.183040562120728367e+01
5.170251225490196134e+01
5.132732447817836885e+01
5.154072181411689257e+01
5.170722087378640452e+01
5.167493872549019329e+01
5.201884381986585737e+01
5.232832960715426651e+01
5.192686042797828350e+01
5.171347248576849864e+01
5.177691831683168289e+01
5.222566666666666890e+01
5.199683744465528434e+01
5.213829447460874889e+01
5.210922029702970093e+01
5.234312500000000057e+01
5.239540083040562024e+01
5.148202614379084707e+01
5.150347881087918722e+01
5.208559565633982658e+01
5.175098039215686185e+01
5.147854785478547512e+01
5.175395319418090168e+01
5.121200980392156765e+01
5.146739501536360706e+01
5.162152666879590868e+01
5.176624999999999943e+01
5.199009900990098743e+01
5.146406898754391790e+01
5.180366666666666475e+01
5.177413366336633516e+01
5.178712871287128650e+01
5.175047438330170735e+01
5.231366666666666987e+01
5.231076333439795434e+01
5.253880549345257123e+01
5.226935483870967403e+01
5.162032258064515844e+01
5.206291919514531941e+01
5.203128054740957964e+01
5.185674504950495134e+01
5.232162248482912759e+01
5.198566308243727718e+01
5.200516129032258306e+01
5.243404663046949565e+01
5.284516129032257936e+01
5.267133333333333667e+01
5.217623762376237551e+01
5.214967741935483758e+01
5.203036053130929872e+01
5.169045291625936756e+01
5.240466304694985666e+01
5.170033003300329710e+01
5.161122112211221236e+01
5.213415404040404155e+01
5.239891408495688552e+01
5.242254870648355336e+01
5.151580964548067954e+01
5.194158415841584286e+01
5.215086347344411877e+01
5.208972772277227392e+01
5.231935483870967829e+01
5.222190656565656752e+01
5.147032258064515986e+01
5.139258064516128854e+01
5.163825757575757791e+01
5.139343749999999744e+01
5.159812500000000313e+01
5.173749999999999716e+01
5.192821782178217660e+01
5.199305555555555713e+01
5.157635763576357846e+01
5.145296717171716949e+01
5.182670454545454675e+01
5.133789507983056666e+01
5.200988520408163396e+01
5.176339285714285410e+01
5.142992424242424221e+01
5.189299242424242209e+01
5.211697621375040512e+01
5.187468112244897611e+01
5.167562499999999659e+01
5.189575757575757819e+01
5.142880417073965305e+01
5.125000000000000000e+01
5.166258064516129167e+01
5.167242424242424192e+01
5.180563207835935202e+01
5.178811881188119060e+01
5.173121212121212409e+01
5.173327020202020066e+01
5.174162371134020333e+01
5.186426767676767469e+01
5.158545918367347127e+01
5.167326732673267031e+01
5.148937500000000256e+01
5.150680693069306670e+01
5.161718235681369293e+01
5.128625000000000256e+01
5.107225806451612726e+01
5.171656250000000199e+01
5.142546678910315450e+01
5.215848214285714590e+01
5.165273206056615862e+01
5.179833333333333201e+01
5.156266666666666509e+01
5.167838709677419473e+01
5.159966666666666413e+01
5.089931972789115378e+01
5.124966666666666981e+01
5.169537953795379792e+01
5.154829931972788870e+01
5.176299999999999812e+01
5.215233333333333121e+01
5.161967741935483645e+01
5.191354838709677466e+01
5.124548387096773894e+01
5.092255892255892036e+01
5.064548387096774462e+01
5.130202020202020208e+01
5.179766414141413833e+01
5.137551020408163538e+01
5.175031887755102389e+01
5.195486111111111427e+01
5.187741935483870748e+01
5.168375000000000341e+01
5.196163366336633516e+01
5.250691244239631317e+01
5.162800000000000011e+01
5.188250000000000028e+01
5.159381171823568479e+01
5.133670033670033916e+01
5.089931034482758321e+01
5.142244224422442045e+01
5.156413793103448029e+01
5.149141914191419289e+01
5.176366666666666561e+01
5.189399999999999835e+01
5.157506095437130256e+01
5.129032258064516014e+01
5.064580006387735267e+01
5.187973484848485128e+01
5.130580645161290221e+01
5.171166666666666600e+01
5.183569023569023670e+01
5.136241379310344968e+01
5.104800000000000182e+01
5.110067340067340069e+01
5.142346938775510523e+01
5.126734006734006499e+01
5.131099999999999994e+01
5.146633663366336719e+01
5.159693388693708016e+01
5.159086553816671739e+01
5.147581699346405060e+01
5.153866666666666418e+01
5.128580645161290619e+01
5.140709677419354762e+01
5.160792079207920580e+01
5.201666666666666572e+01
5.130387096774193623e+01
5.127722772277227392e+01
5.178300000000000125e+01
5.186699669966996851e+01
5.193870967741935374e+01
5.170033333333333303e+01
5.142456826327794062e+01
5.113637815394442754e+01
5.146394984326018829e+01
5.182850559578670158e+01
5.165387096774193765e+01
5.178250825082508157e+01
5.154806770999680765e+01
5.129354838709677722e+01
5.188258064516129053e+01
5.204612903225806519e+01
5.128526645768025105e+01
5.129064516129032114e+01
5.152172413793103800e+01
5.192799999999999727e+01
5.172760942760942982e+01
5.153099999999999881e+01
5.198855218855219107e+01
5.194935483870968085e+01
5.183141762452107315e+01
5.186904761904762040e+01
5.146620689655172498e+01
5.189191919191919311e+01
5.235204081632652873e+01
5.232013201320132367e+01
5.256670149773597700e+01
5.163266666666666538e+01
5.150206896551723901e+01
5.194419354838709779e+01
5.197931034482758861e+01
5.181535947712418277e+01
5.146888237210817607e+01
5.212290322580645352e+01
5.199172413793103686e+01
5.218475073313783241e+01
5.214566666666666350e+01
5.209974747474747403e+01
5.182366666666666788e+01
5.205806451612902919e+01
5.209645161290322335e+01
5.163266666666666538e+01
5.155359477124183343e+01
5.175874587458746134e+01
5.161161290322580442e+01
5.204863945578231466e+01
5.185935483870967744e+01
5.192079207920792072e+01
5.169240924092409273e+01
5.165900383141762120e+01
5.166699669966996566e+01
5.196258503401360684e+01
5.163166666666666771e+01
5.186402640264026331e+01
5.165392857142857252e+01
5.211419141914191755e+01
5.194944852941176805e+01
5.226001955034212898e+01
5.141452145214521607e+01
5.114851485148514598e+01
5.147366666666666646e+01
5.107399999999999807e+01
5.123333333333333428e+01
5.172599999999999909e+01
5.143532417757904796e+01
5.194233333333333036e+01
5.129645161290322619e+01
5.141447593035165653e+01
5.206831683168316971e+01
5.153593101245608210e+01
5.149724137931034562e+01
5.143413793103448484e+01
5.152099692727893654e+01
5.127755240027045147e+01
5.168689655172413921e+01
5.177344827586206577e+01
5.130792079207920864e+01
5.173267326732673155e+01
5.189600000000000080e+01
5.202343234323432597e+01
5.207000000000000028e+01
5.164141414141413833e+01
5.187206896551724356e+01
5.200383141762451800e+01
5.149655172413793025e+01
5.190714285714285836e+01
5.196318018898664093e+01
5.166734693877550910e+01
5.177866666666666617e+01
5.195437129919888264e+01
5.204749999999999943e+01
5.205840957072484088e+01
5.194838709677419075e+01
5.170896551724138135e+01
5.234309764309764290e+01
5.251485148514851176e+01
5.268466666666666498e+01
5.242471833390235503e+01
5.251881188118812105e+01
5.256989247311827995e+01
5.289217687074830110e+01
5.312280084447571937e+01
5.241062631949331774e+01
5.204266666666666907e+01
5.235597352838732377e+01
5.272800844475721505e+01
5.242983953567770783e+01
5.239064516129032256e+01
5.247516129032258192e+01
5.218773946360153104e+01
5.221818181818181870e+01
5.210766666666666680e+01
5.235034482758620555e+01
5.234233333333333604e+01
5.201851851851851904e+01
5.231099999999999994e+01
5.203004438374871654e+01
5.203399999999999892e+01
5.217124183006536242e+01
5.225613275613275732e+01
5.284633333333333383e+01
5.290212469522814587e+01
5.299477533960292419e+01
5.218357142857142605e+01
5.228250244379276523e+01
5.205482758620689765e+01
5.207366666666666788e+01
5.159899999999999665e+01
5.201566666666666805e+01
5.221133333333333582e+01
5.200441919191919027e+01
5.203095238095237818e+01
5.231414141414141739e+01
5.240202020202020350e+01
5.242289562289562355e+01
5.218484848484848726e+01
