2.502830687830687850e+01
2.468400000000000105e+01
2.405906249999999957e+01
2.447716384541680057e+01
2.353562499999999957e+01
2.344570707070706916e+01
2.525363636363636388e+01
2.522896039603960361e+01
2.493687500000000057e+01
2.530453045304530590e+01
2.603242424242424136e+01
2.683049242424242564e+01
2.691698232323232176e+01
2.726468750000000085e+01
2.737310606060606233e+01
2.808419354838709836e+01
2.791580645161290164e+01
2.832108843537415055e+01
2.879483870967741765e+01
2.853967741935483815e+01
2.903030303030303116e+01
2.916387096774193566e+01
2.895044191919192045e+01
2.951333333333333186e+01
2.951181818181818173e+01
2.967852722772277119e+01
3.011502117953730817e+01
3.022322580645161239e+01
2.991899189918991908e+01
2.957032258064516128e+01
2.942171717171717304e+01
2.983838383838383734e+01
2.950239540083040524e+01
2.960475724991853852e+01
2.978125000000000000e+01
2.969354838709677580e+01
2.986348331802877354e+01
3.010290322580645039e+01
2.952935483870967914e+01
2.954967741935483971e+01
2.986673183447377156e+01
2.982612903225806278e+01
2.934785353535353636e+01
2.989843750000000000e+01
2.943606060606060737e+01
2.984681372549019684e+01
3.025656250000000114e+01
2.914499999999999957e+01
2.967773874161609626e+01
2.959806451612903189e+01
2.947533206831119656e+01
2.959757266049185631e+01
2.947612903225806491e+01
2.942193548387096769e+01
2.924381188118811892e+01
2.957085396039603964e+01
2.955225806451612769e+01
2.995336953050143691e+01
2.990129950495049371e+01
2.979950495049504866e+01
2.985354838709677594e+01
3.008645161290322534e+01
2.970258064516129082e+01
2.910284254231874712e+01
2.915500000000000114e+01
2.927467262855317642e+01
3.005032258064516171e+01
3.000032258064516100e+01
3.006810035842293871e+01
3.043806451612903174e+01
2.971414141414141241e+01
2.989322580645161409e+01
2.953838709677419416e+01
3.008406250000000171e+01
3.043406249999999957e+01
3.032493622448979664e+01
2.975093749999999915e+01
2.968230694037145767e+01
2.979545454545454675e+01
2.970906250000000171e+01
2.980354838709677523e+01
3.012322580645161452e+01
2.990333333333333243e+01
2.994064516129032327e+01
2.995503421309872749e+01
2.979749999999999943e+01
2.991522277227722881e+01
3.004266666666666552e+01
3.052466666666666839e+01
3.052753339850114145e+01
3.054250000000000043e+01
2.997899999999999920e+01
3.002215705441511773e+01
2.996155099380905895e+01
3.027441077441077510e+01
3.038546757901596607e+01
3.043516129032257922e+01
3.006875203649397221e+01
2.980579993483219425e+01
2.973096774193548342e+01
2.984874999999999901e+01
