4.519669117647058698e+01
4.562863933452168652e+01
4.542791234140715062e+01
4.546345811051693175e+01
4.549381188118811536e+01
4.510709951456311018e+01
4.594899489948994642e+01
4.536007995431182138e+01
4.527784653465346310e+01
4.558380771663504305e+01
4.500091911764705799e+01
4.480974264705882604e+01
4.564884135472370730e+01
4.553310643564356752e+01
4.582999999999999829e+01
4.564646464646464352e+01
4.573452970297029907e+01
4.571410891089109185e+01
4.542218137254901933e+01
4.543903186274509665e+01
4.548406862745098067e+01
4.603248762376237835e+01
4.583210784313725839e+01
4.598267326732673155e+01
4.526051980198019464e+01
4.538228155339805880e+01
4.545101500441306541e+01
4.551366607248959895e+01
4.512485582468281109e+01
4.579950495049504866e+01
4.582171226831420796e+01
4.515762421473444022e+01
4.518690702087286581e+01
4.499540441176470296e+01
4.536274509803921262e+01
4.538644801980198196e+01
4.574065793676141567e+01
4.544694348327566047e+01
4.515359477124182774e+01
4.548722519310754819e+01
4.515808823529411598e+01
4.552655265526552597e+01
4.542661913250148586e+01
4.542524509803921262e+01
4.550585058505850355e+01
4.557338086749851414e+01
4.550582107843137436e+01
4.603420342034203117e+01
4.550809061488673279e+01
4.542524509803921262e+01
4.567991504854369111e+01
4.568811274509803866e+01
4.545033535611625553e+01
4.531862312444836505e+01
4.549845297029703062e+01
4.522868093260939304e+01
4.546534653465346310e+01
4.506342821782178021e+01
4.487937628714328042e+01
4.482590612002376673e+01
4.467616421568627771e+01
4.486512180629827640e+01
4.469944852941176805e+01
4.507252998286693213e+01
4.498039215686274161e+01
4.496616651956458099e+01
4.559981796116505137e+01
4.552184466019417641e+01
4.567976485148514598e+01
4.532099514563106624e+01
4.530909653465346310e+01
4.549295343137254832e+01
4.526351752822341012e+01
4.508946078431372229e+01
4.508149509803921262e+01
4.518504901960784537e+01
4.562902227722772608e+01
4.530581910183428107e+01
4.503624480095068350e+01
4.501868872549019329e+01
4.487500000000000000e+01
4.516666666666666430e+01
4.556775990099009732e+01
4.528125000000000000e+01
4.558164165931156475e+01
4.554424504950495134e+01
4.535523552355235211e+01
4.528799019607843235e+01
4.550556930693069546e+01
4.546000000000000085e+01
4.530693069306930454e+01
4.500367647058823195e+01
4.526881067961164717e+01
4.546444644464446583e+01
4.576397317151069899e+01
4.580229958479718988e+01
4.539603960396039639e+01
4.553650990099009732e+01
4.552882281553397803e+01
4.561986084756482995e+01
4.557575757575757791e+01
4.581443628233790832e+01
4.560368389780154530e+01
4.530136138613861618e+01
4.556678921568627771e+01
4.517079207920792072e+01
4.527688651218063143e+01
4.562430126507796757e+01
4.584065594059406124e+01
4.565564320388349273e+01
4.583125371360665667e+01
4.582146279144043177e+01
4.564854426619132255e+01
4.558164165931156475e+01
4.578281699137655636e+01
4.617258064516128968e+01
4.543523469994057962e+01
4.561543327008222803e+01
4.558096141682479185e+01
4.590656249999999972e+01
4.590339033903390487e+01
4.603030303030303116e+01
4.617981475566911342e+01
4.577205882352941302e+01
4.569678217821782340e+01
4.613706683168317113e+01
4.563131313131312794e+01
4.560992275698158238e+01
4.601604278074866272e+01
4.587959558823529704e+01
4.568211713122455109e+01
4.592143085276269687e+01
4.594546568627450966e+01
4.611060049019607732e+01
4.581551155115511875e+01
4.555361519607843235e+01
4.548866421568627771e+01
4.590747549019607732e+01
4.581064356435643248e+01
4.549535891089109185e+01
4.535175282234105509e+01
4.582931412464766652e+01
4.562775735294117396e+01
4.571967821782178021e+01
4.593995098039215463e+01
4.557202171830086002e+01
4.554718137254901933e+01
4.583647396997764645e+01
4.555116421568627771e+01
4.567973856209150085e+01
4.539601901366606995e+01
4.564745145631067658e+01
4.566844919786096568e+01
4.557159833630421986e+01
4.559269162210338777e+01
4.533422459893048284e+01
4.539453357100416042e+01
4.560012135922330145e+01
4.568667255075022382e+01
4.526499143346659082e+01
4.538334804354222030e+01
4.563235294117647101e+01
4.593143203883494863e+01
4.541850490196078738e+01
4.538501213592233086e+01
4.527639563106796317e+01
4.498893105629348810e+01
4.526348039215686470e+01
4.550247524752474959e+01
4.555208333333333570e+01
4.557208765859284938e+01
4.547602235951750771e+01
4.567392739273927305e+01
4.550959158415841443e+01
4.577691831683168289e+01
4.537623762376237835e+01
4.577722772277227392e+01
4.527528969621045718e+01
4.549662990196078738e+01
4.545054611650485299e+01
4.542914603960396391e+01
4.571472772277227392e+01
4.519860847564832085e+01
4.542493872549019329e+01
4.589705882352941302e+01
4.551128936423054228e+01
4.567003676470588402e+01
4.570600728155339709e+01
4.541819852941176805e+01
4.545204207920792072e+01
4.562004950495049371e+01
4.512903225806451957e+01
4.536243872549019329e+01
4.504484566103668897e+01
4.538572303921568363e+01
4.556992574257425588e+01
4.560086633663366484e+01
4.524161922833649641e+01
4.516329656862745168e+01
4.518964460784313530e+01
4.497845873786408077e+01
4.508737864077669855e+01
4.575639894086496184e+01
4.573174504950495134e+01
4.557222712562518296e+01
4.605024509803921262e+01
4.582598039215686470e+01
4.564552696078431637e+01
4.591027227722772608e+01
4.565442350686681294e+01
4.559283088235294201e+01
4.508191018342820655e+01
4.526072303921568363e+01
4.548345588235294201e+01
4.556887135922330145e+01
4.540410539215686470e+01
4.520472692430533357e+01
4.545451612903225680e+01
4.574535891089109185e+01
4.540562120728201734e+01
4.532733273327333023e+01
4.527754710954966555e+01
4.532194813409234513e+01
4.578278186274509665e+01
4.556464460784313530e+01
4.546814320388349273e+01
4.541935483870967971e+01
4.538756127450980671e+01
4.564349376114081736e+01
4.521535745807590700e+01
4.555685568556855713e+01
4.552221241541629837e+01
4.539304812834224379e+01
4.533731617647058698e+01
4.524480095068330598e+01
4.526641918903483486e+01
4.535447303921568363e+01
4.531250000000000000e+01
4.500475341651812045e+01
4.522712271227122471e+01
4.523452669902912504e+01
4.544346405228758101e+01
4.568535539215686470e+01
4.607611386138614051e+01
4.558254269449715679e+01
4.593224009900990268e+01
4.546476715686274161e+01
4.546078431372549034e+01
4.581837871287128650e+01
4.571182412358882630e+01
4.572610294117647101e+01
4.572817281728173100e+01
4.592174168873197715e+01
4.555414603960396391e+01
4.558539603960396391e+01
4.611912128712871350e+01
4.590578090067071315e+01
4.609065594059406124e+01
4.624628712871287206e+01
4.575394417475727948e+01
4.562902227722772608e+01
4.544852941176470296e+01
4.537224264705882604e+01
4.526572979878633163e+01
4.570285378052368230e+01
4.496480582524272052e+01
4.494498381877022553e+01
4.534987745098039369e+01
4.521092109210920995e+01
4.556559405940593876e+01
4.557797029702970093e+01
4.597593750000000057e+01
4.557202171830086002e+01
4.524731182795699169e+01
4.492662871600253283e+01
4.526991421568627771e+01
4.506195286195286087e+01
4.533915441176470296e+01
4.561859582542694369e+01
4.532352941176470296e+01
4.562990196078431637e+01
4.556691152986266502e+01
4.585907619888202191e+01
4.554423506866815785e+01
4.550861556743909375e+01
4.544275990099009732e+01
4.498498774509803866e+01
4.544178921568627771e+01
4.507659313725490335e+01
4.587075242718446333e+01
4.545080445544554237e+01
4.540253748558247082e+01
4.541353155339805880e+01
4.540702087286527444e+01
4.557766089108910990e+01
4.519163206643244735e+01
4.540377475247525041e+01
4.548468137254901933e+01
4.584818481848184746e+01
4.581466584158415856e+01
4.554710954966464698e+01
4.577125000000000199e+01
4.529812499999999886e+01
4.479888613861385949e+01
4.514138349514563231e+01
4.522400475341651571e+01
4.532823282328232750e+01
4.540655940594059103e+01
4.529300742574257299e+01
4.554159239453357344e+01
4.561764705882352899e+01
4.523700495049504866e+01
4.531433823529411598e+01
4.567512376237623783e+01
4.583384900990098743e+01
4.592616421568627771e+01
4.553676470588235503e+01
4.560156015601560142e+01
4.586043829296424690e+01
4.582146279144043177e+01
4.598866421568627771e+01
4.555631188118811536e+01
4.617560553633217779e+01
4.598608475648323690e+01
4.589198919891989448e+01
4.588148814881488136e+01
4.548455139631609967e+01
4.539139851485148824e+01
4.546626297577854814e+01
4.590377475247525041e+01
4.581497524752474959e+01
4.537157987643424661e+01
4.533323019801980536e+01
4.541276846131214739e+01
4.525801706384230982e+01
4.560338680926916055e+01
4.528094059405940897e+01
4.530821078431372229e+01
4.560044714148834544e+01
4.545067401960784537e+01
4.580154486036838790e+01
4.588519924098671510e+01
4.563165636952044935e+01
4.566584158415841443e+01
4.556683168316831711e+01
4.556466584158415856e+01
