4.266161290322580868e+01
4.278888888888889142e+01
4.310066666666666890e+01
4.325656565656565533e+01
4.335387096774193338e+01
4.338258064516129053e+01
4.386193548387096541e+01
4.395806451612903487e+01
4.364516129032258362e+01
4.355796870009581312e+01
4.331584158415841301e+01
4.472580645161290391e+01
4.471862024912168465e+01
4.517766666666666708e+01
4.524199999999999733e+01
4.557966764418377181e+01
4.576435643564356326e+01
4.544064516129031972e+01
4.573562499999999886e+01
4.582828282828283051e+01
4.554258064516128712e+01
4.587248724872487315e+01
4.528617055253912582e+01
4.554129032258064314e+01
4.516429455445544505e+01
4.501948259342063352e+01
4.558933333333333593e+01
4.535646790485500190e+01
4.589339933993399256e+01
4.557645161290322733e+01
4.620495275333985319e+01
4.616466666666666896e+01
4.571782178217821979e+01
4.542190993292877721e+01
4.539444267007345957e+01
4.549870967741935601e+01
4.491472373043755795e+01
4.491152986266368430e+01
4.515156249999999716e+01
4.521379950495049371e+01
4.525841584158415998e+01
4.500462046204620492e+01
4.499580645161289993e+01
4.572709677419354790e+01
4.615290322580645466e+01
4.544064516129031972e+01
4.534483870967741836e+01
4.564449257425742701e+01
4.498205445544554237e+01
4.537437500000000057e+01
4.496167358671350911e+01
4.572442244224422581e+01
4.570495049504950202e+01
4.507064516129032228e+01
4.560677419354838946e+01
4.504631108272117501e+01
4.521947194719471952e+01
4.561200495049504866e+01
4.539263613861385949e+01
4.521941871606515662e+01
4.530774193548386819e+01
4.536788366336633516e+01
4.587562499999999943e+01
4.561625000000000085e+01
4.565591397849462396e+01
4.587064835515809591e+01
4.608612903225806434e+01
4.562933168316831711e+01
4.502968750000000142e+01
4.564066666666666805e+01
4.588258064516129053e+01
4.600711633663366484e+01
4.641120886282176627e+01
4.583186705767350588e+01
4.537172413793103232e+01
4.535433333333333650e+01
4.533677419354838634e+01
4.576299999999999812e+01
4.572933333333333650e+01
4.567128712871286922e+01
4.575119770041520439e+01
4.598133333333333184e+01
4.540838709677419160e+01
4.566634082763115288e+01
4.562837009803921262e+01
4.614092409240924297e+01
4.581910183428210104e+01
4.616831683168317113e+01
4.587416160970936119e+01
4.562535931012455848e+01
4.567079207920792072e+01
4.542095588235294201e+01
4.558700980392156765e+01
4.479687000958160326e+01
4.577293729372937037e+01
4.542366666666666930e+01
4.557607323232323182e+01
4.548898115618013094e+01
4.528999999999999915e+01
4.482518564356435320e+01
4.543781565656565391e+01
4.476397317151069899e+01
4.473490897476844452e+01
4.493036303630363193e+01
4.409372937293729677e+01
4.312366666666666504e+01
4.333396584440227883e+01
4.330119047619047734e+01
4.338836179633143786e+01
4.394654377880184626e+01
4.392418300653594798e+01
4.421741688731979991e+01
4.559158576051780187e+01
4.512320261437908187e+01
4.505252525252524975e+01
4.520516129032257879e+01
4.570129032258064683e+01
4.601833333333333087e+01
4.532000000000000028e+01
4.523685127133403228e+01
4.540168350168350031e+01
4.593483219289670672e+01
4.552390572390572743e+01
4.619958202716823337e+01
4.604724666014988799e+01
4.669486504279130656e+01
4.604217687074829968e+01
4.604640151515151558e+01
4.493806451612903174e+01
4.492966666666666953e+01
4.484062599808368077e+01
4.471225806451612783e+01
4.531657179000632851e+01
4.541982936157693729e+01
4.576787290379523654e+01
4.604366666666666674e+01
4.444077669902912930e+01
4.491804245283018560e+01
4.520733173076923350e+01
4.630594405594405316e+01
4.628037383177569808e+01
4.584994172494172204e+01
4.687560096153845990e+01
4.479159519725557459e+01
4.710512820512820298e+01
4.575424757281553667e+01
4.509047619047618838e+01
4.601444575471698073e+01
4.504587935429056955e+01
4.545843160377358316e+01
4.523072196620583441e+01
4.522362514029180858e+01
4.484976958525345481e+01
4.553485576923076650e+01
4.568114143920595183e+01
4.679004854368932342e+01
4.411797587525742870e+01
4.658576051779935057e+01
4.488622069754145372e+01
4.589820535451603689e+01
4.515710503089143657e+01
4.375068719076415391e+01
4.359723502304147758e+01
4.415627936110241336e+01
4.481606699751861100e+01
4.365267857142857366e+01
4.380491551459293476e+01
4.518719951923076650e+01
4.502481389578164084e+01
4.451795496043822453e+01
4.447097139620504436e+01
4.457295271049596153e+01
4.484935064935064730e+01
4.826198372022912508e+01
4.900952380952381304e+01
4.874532710280373493e+01
4.960460829493087687e+01
4.830177871570696624e+01
4.736214953271028349e+01
4.631428571428571672e+01
4.727267156862745168e+01
4.639246323529411598e+01
4.676348039215686470e+01
4.688741302972802316e+01
4.655707196029776895e+01
4.623604218362282836e+01
4.719551282051281760e+01
6.264484503478811206e+01
7.095631067961164717e+01
7.343810679611650016e+01
7.402450980392157476e+01
7.208394607843136725e+01
7.224566666666666492e+01
7.124612903225806804e+01
6.953741935483870407e+01
6.718151815181518316e+01
6.593627450980392268e+01
6.554217687074829257e+01
6.429229756418696695e+01
6.316494845360824684e+01
6.310903225806451644e+01
6.202378624959270326e+01
6.234225806451613039e+01
6.211564625850340349e+01
6.157015306122448806e+01
6.160450387051372445e+01
5.820364939719778619e+01
5.770707070707070585e+01
5.767600000000000193e+01
5.687239057239057161e+01
5.716366666666666418e+01
5.724137931034482563e+01
5.679789335088874225e+01
5.631677419354839031e+01
5.675534972852123872e+01
5.764771241830065662e+01
5.747425742574257157e+01
5.773011817310763405e+01
5.764566666666666350e+01
5.769166666666666998e+01
5.842592592592592382e+01
5.841344123856438841e+01
5.894287704632532154e+01
5.931962481962482059e+01
6.020298613579807778e+01
6.098311048557354042e+01
6.097422500870776929e+01
6.070935960591133096e+01
6.134266666666666623e+01
6.488235294117646390e+01
7.479649435531788981e+01
7.969284128745837847e+01
7.577662811929397435e+01
7.322956467272157965e+01
7.298513349514563231e+01
7.342081310679611761e+01
7.458596930786094958e+01
7.776297577854671772e+01
7.842839805825242649e+01
8.021875000000000000e+01
8.144200109950521949e+01
8.545987654320987303e+01
8.701479750778815969e+01
8.505854341736694835e+01
8.643375481033534413e+01
8.777598414047011488e+01
8.508379578246392327e+01
8.373193277310924998e+01
8.017352941176470438e+01
7.749325980392157476e+01
7.744086021505376038e+01
7.608191747572816155e+01
7.595129664769133626e+01
7.507779886148007620e+01
7.486709677419354136e+01
7.428061868686869218e+01
7.309999999999999432e+01
7.282920792079207217e+01
7.350402227722771897e+01
7.329999999999999716e+01
7.361116111611161728e+01
7.329935720844811442e+01
7.391902567478604169e+01
7.441676980198019464e+01
7.419699754901961342e+01
7.387256467582241726e+01
7.397370049504949918e+01
7.566290322580644556e+01
7.453161290322580612e+01
7.467774519387423027e+01
7.403451612903225509e+01
7.441533333333333644e+01
7.357161290322581237e+01
7.359419354838709637e+01
7.302150537634408067e+01
7.210483870967742348e+01
7.290284653465346310e+01
7.350846374960076446e+01
7.452970297029702351e+01
7.502706270627062679e+01
7.379672029702970804e+01
7.287161942000651038e+01
7.322417091836734926e+01
7.255727452271230504e+01
7.062468434343433898e+01
6.965593112244897611e+01
6.813520408163265074e+01
6.611878787878788444e+01
6.732553191489361666e+01
6.600559578670177530e+01
6.620462046204620776e+01
6.652370689655172953e+01
6.653912488022996286e+01
6.771766208878952398e+01
6.754181818181818642e+01
6.759107201042684210e+01
6.747995102540556900e+01
6.710475557033588245e+01
6.736458333333332860e+01
6.688593749999999716e+01
6.672062499999999829e+01
6.763159746657284188e+01
6.828759331674369548e+01
6.697677691766361363e+01
6.774833333333333485e+01
6.848109965635738661e+01
6.876075364379666155e+01
6.842329545454545325e+01
6.785992578849722179e+01
6.789112903225806406e+01
6.823967741935483389e+01
6.832877158683609764e+01
6.752154921374490470e+01
6.845670103092783165e+01
6.756426116838487417e+01
6.685659722222222001e+01
6.686529209621993175e+01
6.772604166666666003e+01
6.744432471264367734e+01
6.766711007648819987e+01
6.820763888888889426e+01
6.801696969696969575e+01
6.749915110356536729e+01
6.894288793103447688e+01
6.730510204081632253e+01
6.711794717887154604e+01
6.719147659063625611e+01
6.792545454545454220e+01
6.735648452929558516e+01
6.683042546678910867e+01
6.711938775510203925e+01
6.696308613235783014e+01
6.708689927583937163e+01
6.694306703397612068e+01
6.797140006651147814e+01
6.653719008264462786e+01
6.674931129476584601e+01
7.134787018255578062e+01
6.888161290322580044e+01
6.773729372937293647e+01
6.799873737373737015e+01
6.733112373737374412e+01
6.649690785405070415e+01
6.789097157138394323e+01
6.690156062424969718e+01
6.717676767676768179e+01
6.780381830151415556e+01
6.760358688930116955e+01
6.756932966023875053e+01
6.761003979185797164e+01
6.784511784511784072e+01
6.795083487940630107e+01
6.856565656565656752e+01
6.840024002400240022e+01
6.801829065513801709e+01
6.785353535353534937e+01
6.846510862409479614e+01
6.818089990817263413e+01
6.773995052566480979e+01
6.781484848484848271e+01
6.850000000000000000e+01
6.804421768707483409e+01
6.817432052483599136e+01
6.621768707482992511e+01
6.617251275510204778e+01
6.557557397959183731e+01
6.556246134817563131e+01
6.558705882352941785e+01
6.507297464440321733e+01
6.459757653061224403e+01
6.462745098039215463e+01
6.465497448979591866e+01
6.514796846573680966e+01
6.510631443298969145e+01
6.585032139577593568e+01
6.455670103092784018e+01
6.528014842300557063e+01
6.413296227581942333e+01
6.072247224722472225e+01
5.482374999999999687e+01
5.154382929642445532e+01
4.930696744717304369e+01
4.889976689976690238e+01
5.004959630911187674e+01
5.156199538638985302e+01
5.162826797385621092e+01
5.229469434832756747e+01
5.211705288175876660e+01
5.258055805580558228e+01
5.245876585928488822e+01
5.173298731257208516e+01
5.148661370991467834e+01
5.204471414883423819e+01
5.187038703870386769e+01
5.131204088150750664e+01
5.090999999999999659e+01
5.067003367003366776e+01
5.057838709677419331e+01
5.020588235294117396e+01
5.003718750000000171e+01
4.991509150915091197e+01
4.923638613861385949e+01
4.999102722772277474e+01
4.999662990196078738e+01
5.047208737864077932e+01
4.913212121212121275e+01
4.902812500000000284e+01
4.902196782178217660e+01
4.908601485148514598e+01
4.867855020796197607e+01
4.901588702559576660e+01
4.926162616261625971e+01
4.798422029702970093e+01
4.950032258064516100e+01
4.990548387096774263e+01
4.919214108910890815e+01
4.979826732673267031e+01
4.915812499999999829e+01
4.986293316831682887e+01
4.907835935108662540e+01
4.909093750000000256e+01
4.910829207920792072e+01
4.939606060606060822e+01
4.904503353561162271e+01
4.843382352941176805e+01
4.829358097100032410e+01
4.879863147605082929e+01
4.879703282828283051e+01
4.890285204991087653e+01
4.922994652406416805e+01
4.952970885323826167e+01
4.914967967384973946e+01
4.897308168316831711e+01
4.933153315331533406e+01
4.921818181818181870e+01
4.891676980198019464e+01
4.898649864986498415e+01
4.884777227722772608e+01
4.949566831683168289e+01
4.938823882388238928e+01
4.908741935483870833e+01
4.867728960396039639e+01
4.907797029702970093e+01
4.908016608112423995e+01
4.875965537730243682e+01
4.903832641328649089e+01
4.959975997599759978e+01
4.943997524752474959e+01
4.893285891089109185e+01
