4.540698843640019788e+01
4.279554540262707008e+01
4.319340463458110690e+01
4.437129210658622469e+01
4.450932568149210766e+01
4.481252889505316972e+01
4.538211382113821202e+01
4.438021516662293209e+01
4.448193738292748378e+01
4.417647058823529704e+01
4.156661272923408745e+01
4.121180364037506649e+01
4.357583621683967579e+01
4.546080985081695758e+01
4.328151260504201758e+01
4.211373626373626422e+01
4.189483065953654517e+01
4.304733893557423130e+01
4.512985436893203683e+01
4.277934686672550413e+01
4.382319660537482520e+01
4.127373247033440862e+01
4.221587664191890354e+01
4.194061624649859965e+01
4.219361111111111029e+01
4.154341192787794768e+01
4.101669316375198804e+01
4.159830268741159642e+01
4.181924019607843235e+01
4.299299719887955007e+01
4.150461361014994566e+01
4.140412895927601511e+01
4.358986928104575043e+01
4.306726849155504055e+01
4.190434552199258178e+01
4.226722689075630512e+01
4.126171023965141416e+01
4.269044845661036902e+01
4.337245475113122239e+01
4.213862179487179560e+01
4.388425925925925952e+01
4.379945054945054750e+01
4.447201599086236712e+01
4.367901583710407465e+01
4.399395604395604664e+01
4.467656033287101280e+01
4.309220985691573702e+01
4.405742024965326209e+01
4.532591414944356245e+01
4.499406604747161964e+01
4.460265763418447449e+01
4.432543554006968378e+01
4.464600000000000080e+01
4.342717086834733919e+01
4.447209653092006221e+01
4.291595006934812773e+01
4.252941176470588402e+01
4.192499999999999716e+01
4.291755102040816183e+01
4.289140271493212708e+01
4.365495642701525014e+01
4.323937099592312450e+01
4.270721357850070632e+01
4.379838274932614439e+01
4.318189605939463149e+01
4.205507497116493454e+01
4.187670825906120342e+01
4.194088526499708536e+01
4.252562609202096411e+01
4.288928892889288846e+01
4.198528995756718274e+01
4.113437139561707312e+01
4.250200695745250101e+01
4.275630252100840067e+01
4.379688826025459747e+01
4.346235294117646930e+01
4.317941794179417769e+01
4.355989010989011234e+01
4.232227615965479828e+01
4.409737292975442813e+01
4.322542735042735274e+01
4.286159169550172976e+01
4.270571428571428640e+01
4.181535947712418277e+01
4.245657142857142929e+01
4.306730769230769340e+01
4.209029411764706197e+01
4.221259625962596118e+01
4.259625668449197633e+01
4.231362842166569749e+01
4.326845444059976842e+01
4.330481283422459882e+01
4.323529411764705799e+01
4.349279123414071790e+01
4.292941176470588260e+01
4.355470588235294116e+01
4.288036303630362767e+01
4.308324175824175484e+01
4.430906593406593430e+01
4.333949579831932652e+01
4.407619047619047592e+01
4.236093609360936085e+01
4.272941176470587976e+01
4.325659340659341012e+01
4.317013888888888573e+01
4.236779266161910584e+01
4.301904761904761898e+01
4.320084790673026021e+01
4.175921375921375756e+01
4.154292527821939274e+01
4.300721220527045574e+01
4.278383838383838622e+01
4.126470588235294201e+01
4.110190136660725102e+01
4.095737073707370968e+01
4.187997623291740723e+01
4.076585928489042487e+01
4.107892503536067608e+01
4.129411764705882604e+01
4.133469498910675100e+01
4.155199999999999960e+01
4.102310231023102460e+01
4.078138528138528329e+01
4.064687500000000142e+01
4.110774309723889530e+01
4.109600960096009459e+01
4.056868811881188464e+01
4.087940006121824155e+01
4.054872251931075766e+01
4.068686224489795933e+01
4.000720072007200656e+01
4.094412878787878896e+01
4.115717821782178021e+01
4.073262032085561657e+01
4.119727272727272549e+01
4.141494149414941717e+01
4.195352941176470551e+01
4.111857142857142833e+01
4.110345804988661911e+01
4.147999999999999687e+01
4.252507288629737303e+01
4.167507002801120564e+01
4.129733560090703293e+01
4.196405228758170125e+01
4.237446581196581263e+01
4.222746221990620086e+01
4.326347634763476435e+01
4.420349854227405473e+01
4.427585258525852652e+01
4.364182621502209258e+01
4.374137001078748455e+01
4.249610187110187098e+01
4.162354497354497340e+01
4.082928292829282668e+01
4.010184317400812404e+01
4.039529639175258069e+01
4.015568513119533378e+01
4.024256559766763530e+01
4.173707664884135227e+01
4.001812240047534175e+01
4.099514285714285933e+01
4.217806935332708207e+01
4.050207961972667903e+01
4.237214885954382027e+01
4.206522366522366241e+01
4.160293658231802283e+01
4.103586005830904071e+01
4.195114285714285529e+01
4.307241867043847350e+01
4.232360604481500843e+01
4.201019219569015917e+01
4.201800000000000068e+01
4.191209391209391555e+01
4.335301735301734993e+01
4.207743082000507684e+01
4.430461538461538140e+01
4.273519417475728233e+01
4.360264423076922924e+01
4.196676231468197216e+01
4.064673046251993327e+01
4.162838915470494072e+01
4.164806435394670814e+01
3.987124765478424138e+01
4.102149239314175588e+01
4.079969535415079918e+01
4.172516803584764489e+01
4.206508875739645248e+01
4.165867639395518296e+01
4.225432157234193653e+01
4.283101548150091986e+01
4.140126861555432924e+01
4.053163265306122298e+01
4.051516822945394125e+01
4.119775220765319546e+01
4.209684210526315695e+01
4.139927184466019128e+01
4.155605832076420114e+01
4.239369535204785677e+01
4.111248710010320195e+01
4.165367647058823763e+01
4.130245098039215890e+01
4.117206477732793246e+01
4.169422363540010679e+01
4.215194174757281331e+01
4.211157407407407760e+01
4.296263157894736651e+01
4.298916408668730327e+01
4.284418145956607304e+01
4.192205882352941160e+01
4.327035203520352269e+01
4.287993762993762914e+01
4.294735294117646873e+01
4.327774725274725398e+01
4.326499143346659082e+01
4.305430543054305303e+01
4.384016973125883965e+01
4.314270152505446276e+01
4.364708994708994538e+01
4.331169871794871540e+01
4.303592644978783710e+01
4.324386065105653643e+01
4.231699346405228823e+01
4.189055429864253455e+01
4.275517551755175560e+01
4.272472222222221916e+01
4.333437057991513086e+01
4.137258297258297546e+01
4.189982527664530920e+01
4.068828571428571195e+01
4.193881673881674033e+01
4.210962099125364233e+01
4.178611111111111143e+01
4.216235294117647214e+01
4.307843137254901933e+01
4.239912536443148383e+01
4.197385620915032689e+01
4.188484848484848300e+01
4.108764111705288258e+01
4.160012135922330145e+01
4.216661951909476613e+01
4.151202263083451527e+01
4.052228571428571513e+01
4.268007202881152296e+01
4.252152819890842750e+01
4.189702970297030049e+01
4.126088235294117368e+01
4.222969696969696685e+01
4.117630853994490536e+01
4.255905998763141440e+01
4.223771428571428288e+01
4.143148688046647266e+01
4.081260504201680561e+01
4.150247371675943242e+01
4.158883553421368617e+01
4.254818181818181699e+01
4.219485714285714550e+01
4.159828571428571564e+01
4.219283746556473602e+01
4.199333333333333229e+01
4.120878787878788074e+01
4.189749563191612935e+01
4.172330097087378675e+01
4.132117647058823451e+01
4.192885714285714016e+01
4.232382650029708770e+01
4.191299019607843235e+01
4.201353339217416760e+01
4.169203296703296502e+01
4.103155339805825008e+01
4.164410540915395131e+01
4.131861111111111029e+01
4.210728291316526395e+01
4.102693602693602770e+01
4.122357836338419190e+01
4.177029411764706168e+01
4.186907073509015476e+01
4.257960931228257806e+01
4.138997821350762507e+01
4.238487394957983412e+01
4.200000000000000000e+01
4.195593749999999744e+01
4.133630421865716187e+01
4.229187675070028263e+01
4.070083184789066877e+01
4.169284414796846505e+01
4.245504158004158057e+01
4.195523193096008896e+01
4.012266226622661947e+01
4.266476091476091170e+01
4.194435612082671128e+01
4.170222222222222541e+01
4.096054054054054205e+01
4.119507626438319647e+01
4.107315789473684475e+01
4.041603498542274053e+01
4.089631463146314871e+01
4.093371428571428794e+01
4.141878787878788160e+01
4.059447415329768205e+01
4.196857463524130338e+01
4.240582524271844989e+01
4.271103238866396623e+01
4.283932186234817863e+01
4.192125779625779813e+01
4.180454777721001847e+01
4.055671946857435017e+01
4.171840958605664440e+01
4.320363455314911505e+01
4.252299437915176128e+01
4.203594856992915396e+01
4.391804927099044420e+01
4.371267383888743296e+01
4.219339622641509635e+01
4.125127107305325325e+01
4.294218674407353831e+01
4.054941498630819297e+01
4.182426470588235645e+01
4.349496555378908624e+01
4.175986193293885407e+01
4.185052910052910136e+01
4.395023584905660385e+01
4.201717464925012280e+01
4.182516339869280841e+01
4.287645502645502660e+01
4.204602622424404501e+01
4.224031777557100042e+01
4.273786407766990436e+01
4.300843127235564367e+01
4.279684418145956926e+01
4.244471413160733420e+01
4.273405253283301874e+01
4.285861713106294957e+01
4.303821964199322991e+01
4.169906444906445131e+01
4.179621621621621586e+01
4.214369658119657913e+01
4.197889317889318050e+01
4.204912280701754668e+01
4.221673286991062213e+01
4.280298376480912736e+01
4.243941798941798993e+01
4.161904761904762040e+01
4.305880952380952209e+01
4.314058904739990652e+01
4.332569033530572256e+01
4.366047619047618866e+01
4.175257997936016352e+01
4.146554487179486870e+01
4.220147058823529562e+01
4.315266990291262061e+01
4.202812500000000284e+01
4.204209979209979053e+01
4.176209335219235896e+01
4.314054184808901482e+01
4.304582210242587337e+01
4.249311490978157480e+01
4.093050587634133564e+01
4.144854368932038824e+01
4.199324324324324209e+01
4.218724696356274961e+01
4.213562091503268192e+01
4.335067873303167119e+01
4.310128575177118648e+01
4.241776315789473983e+01
4.241098209966134647e+01
4.256310679611650727e+01
4.237746548323471529e+01
4.280071538068472137e+01
4.196397547266224137e+01
4.252155388471177844e+01
4.397505668934240219e+01
4.270242914979757387e+01
4.300673766572484169e+01
4.264065040650406502e+01
4.319190476190475891e+01
4.275689223057644028e+01
3.914064064064064041e+01
4.395000000000000284e+01
4.485966386554621721e+01
4.369352869352869106e+01
4.318930409487580846e+01
4.374700854700854791e+01
4.313918269230769198e+01
4.306633733239237927e+01
4.357548543689320297e+01
4.407264150943396430e+01
4.335257009345794188e+01
4.385138162808065942e+01
4.244921104536489054e+01
4.299172932330827024e+01
4.305794392523364422e+01
4.191666666666666430e+01
4.253708513708513550e+01
4.282661091982291879e+01
4.297507122507122546e+01
4.308176100628930527e+01
4.350250626566415946e+01
4.334492110453648905e+01
4.330301455301455604e+01
4.334919028340080871e+01
4.211772349272349203e+01
4.309854368932038682e+01
4.376586538461538112e+01
4.261006289308176065e+01
4.276325363825363723e+01
4.276469085334696274e+01
4.233656957928802456e+01
4.247277777777777885e+01
4.290806346446424868e+01
4.288325471698113489e+01
4.238836477987421603e+01
4.236800000000000210e+01
4.272996794871794890e+01
4.290598290598290276e+01
4.190576813249571586e+01
4.262388876225210765e+01
4.216987179487179560e+01
4.217435897435897374e+01
4.180949074074074190e+01
4.263618771165941013e+01
4.254532903819604428e+01
4.240830280830280685e+01
4.319230769230769340e+01
4.313995327102803401e+01
4.207585470085469836e+01
4.209724310776942247e+01
4.248428571428571132e+01
4.300464576074332257e+01
4.249569838056680027e+01
4.367147730254526294e+01
4.252180451127819794e+01
4.278195488721804196e+01
4.221378446115288341e+01
4.275271203155818256e+01
4.190324141267537783e+01
4.435140237324703349e+01
4.240641855447680797e+01
4.323666666666666458e+01
4.352336028751123109e+01
4.194173669467787136e+01
4.268501742160278667e+01
4.230163853028798115e+01
4.258726415094339757e+01
4.497781065088757657e+01
4.358378256963162301e+01
4.364508775928880624e+01
4.412040816326530290e+01
4.466550749836991940e+01
4.324002849002849302e+01
4.269773175542406562e+01
4.235204786010124423e+01
4.258543417366946926e+01
4.222356336919443720e+01
4.137580128205128460e+01
4.223300970873786753e+01
4.161061320754716775e+01
4.257223865877711688e+01
4.219410256410256466e+01
4.248514150943396572e+01
4.204062499999999858e+01
4.216626213592233086e+01
4.265442141170296253e+01
4.119152046783625565e+01
4.219166666666666998e+01
4.267185109637939888e+01
4.486601307189542354e+01
4.293055555555555713e+01
4.431538461538461604e+01
4.408124680633623171e+01
4.450357690342360684e+01
4.438509615384615614e+01
4.338283118125298898e+01
4.230112570356472901e+01
4.286573751451800263e+01
4.257043343653251100e+01
4.229567307692308020e+01
4.209837278106508762e+01
4.144649901380670798e+01
4.180556284439779802e+01
4.227084889220811448e+01
4.358248669569424294e+01
4.370285714285714107e+01
4.282688338493291980e+01
4.293831640058055399e+01
4.362549309664694164e+01
4.305134158926728816e+01
4.288275143303803816e+01
4.292666666666666941e+01
4.460857142857143032e+01
4.406533530571991975e+01
4.327353238866396623e+01
4.400048543689320724e+01
4.409447115384615046e+01
4.470404761904762125e+01
4.267986714358712419e+01
4.389831730769230944e+01
4.237241722678616185e+01
4.351960784313725839e+01
4.349735029146793863e+01
4.161650485436893376e+01
4.371340647578271188e+01
4.408712969878018129e+01
4.447960927960927791e+01
4.339555256064689814e+01
4.395035778175313368e+01
4.435985576923076934e+01
4.349953980671882192e+01
4.417460317460317754e+01
4.360523809523809291e+01
4.232512431920435603e+01
4.321574973031283662e+01
4.205719921104536496e+01
4.363736552086066922e+01
4.325268267756770513e+01
4.298452380952380736e+01
4.359829059829059617e+01
4.333856556387345904e+01
4.353922854893728811e+01
4.267460529836767336e+01
4.286898326898327127e+01
4.324875360797690860e+01
4.212698019801980109e+01
4.240597853857946120e+01
4.175211069418386245e+01
4.286958803463657830e+01
4.147109100050276709e+01
4.400715421303656427e+01
4.206178266178266512e+01
4.121493212669683004e+01
4.250797373358349063e+01
4.182648742842917500e+01
4.253365384615384670e+01
4.210130718954248152e+01
4.094329388560157668e+01
4.275389194139194160e+01
4.083056133056133064e+01
4.262661782661782439e+01
4.269080188679244969e+01
4.182004716981131764e+01
4.425776699029125894e+01
4.380593262946204192e+01
4.394222116978450998e+01
4.441896468311562529e+01
4.428139904610493005e+01
4.291130936762004922e+01
4.221568627450980671e+01
4.231930693069306670e+01
4.214705882352941302e+01
4.410576923076923350e+01
4.360576923076923350e+01
4.222977346278317157e+01
4.325708502024291846e+01
4.418866943866943586e+01
4.363407525172230805e+01
4.279148351648351678e+01
4.269450549450549204e+01
4.406848596168984500e+01
4.356541840036985747e+01
4.355016181229773764e+01
4.384167289021657865e+01
4.295485636114911188e+01
4.232694174757281758e+01
4.211299019607842808e+01
4.262373481781376228e+01
4.244635299975105625e+01
4.220340543028071778e+01
4.165507889546351095e+01
4.314242982052461883e+01
4.311158906882591424e+01
4.322976190476190794e+01
4.341017488076311537e+01
4.255145530145529875e+01
4.233009708737863974e+01
4.206756756756756488e+01
4.269645909645909398e+01
4.325516554642768341e+01
4.323042973286875679e+01
4.299087771203155484e+01
4.260808823529411882e+01
4.355306122448979522e+01
4.360929705215419716e+01
4.267466460268317974e+01
4.285501012145748945e+01
4.390291262135922068e+01
4.236910569105690882e+01
4.314702530202872310e+01
4.396213704994192994e+01
