4.664204545454545325e+01
4.616218750000000171e+01
4.588775510204081343e+01
4.511815120906030074e+01
4.576867686768677146e+01
4.607133838383838054e+01
4.621366782006920459e+01
4.633939393939393625e+01
4.641672152732060397e+01
4.694911872297971200e+01
4.680417073965460872e+01
4.642387096774193367e+01
4.626843749999999744e+01
4.667665816326530859e+01
4.682047193877551194e+01
4.698683807774716570e+01
4.675937499999999858e+01
4.672909090909090679e+01
4.684251237623762165e+01
4.668560606060606233e+01
4.689806451612903260e+01
4.692955326460481302e+01
4.688131313131312794e+01
4.644523514851485402e+01
4.738954207920792072e+01
4.708779514466245075e+01
4.760161290322580641e+01
4.768316498316498553e+01
4.740921885995777529e+01
4.785011404366242971e+01
4.718564845292955567e+01
4.849591836734693828e+01
4.766984858459512964e+01
4.667474747474747687e+01
4.650066666666666748e+01
4.684580645161290136e+01
4.691548821548821735e+01
4.718999999999999773e+01
4.684733333333333150e+01
4.716100000000000136e+01
4.636430976430976614e+01
4.652741935483871316e+01
4.627593749999999773e+01
4.645391414141413833e+01
4.602083333333333570e+01
4.668795260039499340e+01
4.637531565656565391e+01
4.655892255892256060e+01
4.665166666666666373e+01
4.665395894428152701e+01
4.644545454545454533e+01
4.632121212121212039e+01
4.644854797979797922e+01
4.743193548387096570e+01
4.828562500000000313e+01
4.842000651678070966e+01
4.790452916259367555e+01
4.833431085043988418e+01
4.850700553926360215e+01
4.853434343434343390e+01
4.818968749999999801e+01
4.856755050505050519e+01
4.840999999999999659e+01
4.779569892473118387e+01
4.782274356467905108e+01
4.778249158249158057e+01
4.850942760942761112e+01
4.775790159661127632e+01
4.806498316498316825e+01
4.827012056044313937e+01
4.849637919684002441e+01
4.808612903225806434e+01
4.822287390029325849e+01
4.833605442176870781e+01
4.786553030303030454e+01
4.792774193548387274e+01
4.797190656565656752e+01
4.813701692749920369e+01
4.861421988150098628e+01
4.791560768980124152e+01
4.778377515170871703e+01
4.769665404040404155e+01
4.720658194851743161e+01
4.663245356793743923e+01
4.684750733137829570e+01
4.685500162919517919e+01
4.698937500000000256e+01
4.699593749999999659e+01
4.718181818181817988e+01
4.723666886109282359e+01
4.626458129683935994e+01
4.664809384164222905e+01
4.658846529814271520e+01
4.639330808080808310e+01
4.690033670033670177e+01
4.696875000000000000e+01
4.724161290322580697e+01
4.721531250000000313e+01
4.707624633431085215e+01
4.710296513522320083e+01
4.700516129032258306e+01
4.691666666666666430e+01
4.650726010101010388e+01
4.647370049504950629e+01
4.677182130584192521e+01
4.661406250000000284e+01
4.714031250000000028e+01
4.636424242424242692e+01
4.682895622895622978e+01
4.667057673509286531e+01
4.676296296296296617e+01
4.679830563701531787e+01
4.725870967741935402e+01
4.679516129032258220e+01
4.659289868380777477e+01
4.690388413429887748e+01
4.712258064516129252e+01
4.714218749999999858e+01
4.663115021179537223e+01
4.690454545454545610e+01
4.653737373737373417e+01
4.666903225806451871e+01
4.645389377647442330e+01
4.704575757575757677e+01
4.633431085043988418e+01
4.680741935483870719e+01
4.689835858585858830e+01
4.677718749999999659e+01
4.691919191919191690e+01
4.677939393939394108e+01
4.707846586910626030e+01
4.670707070707070585e+01
4.692750000000000199e+01
4.693032258064516071e+01
4.653516129032258419e+01
4.627468749999999886e+01
4.697451612903225993e+01
4.717129032258064569e+01
4.632741935483871032e+01
4.720161290322580783e+01
4.711742424242424221e+01
4.666129032258064768e+01
4.695032258064516384e+01
4.709031250000000313e+01
4.730208333333333570e+01
4.706848484848485015e+01
4.732417929292929415e+01
4.681468071099407524e+01
4.656624999999999659e+01
4.703000000000000114e+01
4.706976010101010388e+01
4.744483870967741979e+01
4.686397306397306295e+01
4.673020527859237205e+01
4.635060280221570395e+01
4.646562500000000284e+01
4.663983585858586167e+01
4.630334595959595845e+01
4.584129032258064740e+01
4.661159986966438851e+01
4.704968749999999744e+01
4.704562500000000114e+01
4.690561868686868507e+01
4.653079178885630540e+01
4.646017116524028978e+01
4.598781249999999687e+01
4.681981101335939854e+01
4.594093749999999687e+01
4.703456221198156584e+01
4.668621700879765513e+01
4.655997474747474740e+01
4.669258064516129281e+01
4.679064516129032114e+01
4.664613880742913210e+01
4.652592592592592524e+01
4.714532420984033934e+01
4.630997474747474740e+01
4.626451612903225907e+01
4.646258503401360684e+01
4.653686635944700356e+01
4.680188986640599325e+01
4.711647727272727337e+01
4.686031249999999915e+01
4.694037145650048615e+01
4.664419354838709353e+01
4.715056818181817988e+01
4.625883838383838054e+01
4.702398989898989612e+01
4.691125000000000256e+01
4.733080808080808310e+01
4.667512376237623783e+01
4.731935483870967829e+01
4.770060606060606290e+01
4.775419354838710007e+01
4.741479309221244876e+01
4.750495049504950629e+01
4.660012755102040671e+01
4.633967741935483531e+01
4.710249999999999915e+01
4.695707070707070585e+01
4.715193548387096456e+01
4.693258064516128769e+01
4.697034864776800589e+01
4.671129032258064484e+01
4.651710654936461253e+01
4.627870967741935715e+01
4.652069077875529501e+01
4.643967741935483673e+01
4.607240099009901257e+01
4.653645161290322818e+01
4.548033333333333417e+01
4.586412512218964110e+01
4.658080808080808310e+01
4.660374999999999801e+01
4.659645161290322335e+01
4.682632779406972645e+01
4.700032583903551853e+01
4.676593749999999972e+01
4.640561868686868507e+01
4.591103316326530859e+01
4.639267676767676818e+01
4.641096774193548669e+01
4.592897727272727337e+01
4.602683080808080973e+01
4.677746212121212466e+01
4.571374999999999744e+01
4.595029624753126996e+01
4.644718749999999829e+01
4.689041934496479769e+01
4.586806451612903146e+01
4.588878787878788046e+01
4.608996212121212466e+01
4.617266414141413833e+01
4.640156249999999716e+01
4.688172043010752787e+01
4.633691756272401108e+01
4.693308080808080973e+01
4.716812500000000341e+01
4.705074257425742701e+01
4.696387096774193282e+01
4.667141089108910990e+01
4.574305555555555713e+01
4.644897959183673208e+01
4.620218750000000085e+01
4.650838709677419303e+01
4.689374999999999716e+01
4.627142391658520637e+01
4.610718750000000199e+01
4.602906250000000199e+01
4.605934343434343248e+01
4.627562499999999801e+01
4.631656250000000341e+01
4.578870967741935516e+01
4.609970674486803688e+01
4.589968749999999886e+01
4.568198110133594270e+01
4.554773541870316222e+01
4.648367346938775313e+01
4.664309764309764006e+01
4.677028347996090218e+01
4.636322580645160940e+01
4.635156250000000000e+01
4.609797979797979650e+01
4.605848484848484503e+01
4.674779040404040131e+01
4.613269038909211872e+01
4.669903225806451275e+01
4.693187499999999801e+01
4.641055718475073633e+01
4.662862068965517182e+01
4.713656249999999659e+01
4.692562499999999659e+01
4.670968750000000114e+01
4.662626262626262275e+01
4.693420632385819147e+01
4.687218750000000256e+01
4.707070707070707272e+01
4.730465949820788296e+01
4.656891495601173148e+01
4.682795698924731198e+01
4.746379196840026538e+01
4.786968749999999773e+01
4.719225806451613181e+01
4.726161290322580300e+01
4.671456500488758223e+01
4.662854349951123822e+01
4.627598566308243733e+01
4.587354838709677551e+01
4.612121212121212466e+01
4.617953730856956440e+01
4.671212121212121104e+01
4.668129032258064370e+01
4.688562499999999744e+01
4.672451612903225993e+01
4.715531250000000085e+01
4.726132290648419598e+01
4.754193548387096513e+01
4.674417119131268095e+01
4.688856304985337431e+01
4.642684913652655609e+01
4.679562500000000114e+01
4.692473118279569633e+01
4.711323238973008642e+01
4.697029702970296938e+01
4.640483870967742064e+01
4.650099999999999767e+01
4.607741935483871032e+01
4.633593750000000000e+01
4.625600000000000023e+01
4.607657217334636357e+01
4.661874999999999858e+01
4.676935483870967403e+01
4.651933333333333564e+01
4.695433333333333081e+01
4.712468750000000028e+01
4.632612903225806633e+01
4.691749999999999687e+01
4.663097643097643186e+01
4.669225589225589346e+01
4.687224528904503273e+01
4.664483212639894560e+01
4.713066145324209799e+01
4.621503712871287206e+01
4.690782828282828376e+01
4.751062499999999744e+01
4.735016835016835302e+01
4.733428030303030454e+01
4.683781249999999829e+01
4.608367933567550523e+01
4.640250000000000341e+01
4.654924242424242209e+01
4.691677419354838463e+01
4.667281249999999915e+01
4.628187499999999943e+01
4.624787878787878981e+01
4.606387735547748008e+01
4.634119897959183731e+01
4.626749999999999829e+01
4.657478005865102944e+01
4.658428030303030454e+01
4.647781249999999886e+01
4.594687499999999858e+01
4.577437499999999915e+01
4.600814597588791344e+01
4.620296717171716949e+01
4.594242424242424505e+01
4.609427609427609696e+01
4.572096774193548185e+01
4.606031250000000199e+01
4.670935483870967886e+01
4.668752036493972213e+01
4.664727891156462647e+01
4.618354838709677068e+01
4.600924744897959329e+01
4.612342171717171624e+01
4.668855218855218681e+01
4.677367424242424221e+01
4.588032258064516355e+01
4.666516129032257965e+01
4.662626262626262275e+01
4.649625000000000341e+01
4.647507331378299256e+01
4.676786843769765767e+01
4.627624999999999744e+01
4.720169436298468213e+01
4.695312500000000000e+01
4.635516454871293490e+01
4.650888742593811997e+01
4.669827305311176247e+01
4.726793943383805185e+01
4.742264647794601728e+01
4.733528836754643265e+01
4.680449657869012725e+01
4.689433333333333564e+01
4.707473650590865333e+01
4.730381830151415556e+01
4.695012626262626299e+01
4.688758553274682583e+01
4.612967741935484156e+01
4.644375000000000142e+01
4.615437500000000171e+01
4.649593749999999659e+01
4.562248482912807646e+01
4.681178451178450928e+01
4.704161290322580413e+01
4.705930270446399533e+01
4.683468750000000114e+01
4.695806451612903487e+01
4.668612903225806576e+01
4.701548387096774206e+01
4.715234749281379578e+01
4.691224747474747403e+01
4.670866666666666589e+01
4.701733333333333320e+01
4.680485467901628738e+01
4.703468749999999687e+01
4.692171717171716949e+01
4.647967741935483588e+01
4.663374999999999915e+01
4.646349009900990268e+01
4.669965986394557689e+01
4.702709677419354506e+01
4.630093750000000341e+01
4.633612903225806434e+01
4.616256786969019288e+01
4.602266666666666595e+01
4.604999999999999716e+01
4.618741935483870975e+01
4.625566666666667004e+01
4.644160353535353636e+01
4.695723905723905744e+01
4.654551261577771015e+01
4.640160891089109185e+01
4.644554455445544505e+01
4.649652777777777857e+01
4.646397306397306437e+01
4.659730639730639723e+01
4.630166666666666941e+01
4.670976430976431004e+01
4.627845117845117784e+01
4.662152777777777857e+01
4.713483870967741751e+01
4.725808580858085861e+01
4.670067401960784537e+01
4.652181818181818329e+01
4.679906249999999801e+01
4.653882575757575779e+01
4.622066666666666634e+01
4.543670033670033348e+01
4.536322580645160940e+01
4.636212121212120962e+01
4.639987244897959329e+01
4.617079207920792072e+01
4.656683168316831711e+01
4.631060606060606233e+01
4.695096774193548583e+01
4.637128399746995910e+01
4.635185185185185475e+01
4.699739328771586599e+01
4.647181372549019329e+01
4.604790801660811184e+01
4.635419354838709438e+01
4.664646464646464352e+01
4.603258064516128911e+01
4.721999999999999886e+01
4.703650990099009732e+01
4.656868811881188464e+01
4.586290322580644840e+01
4.627322580645161310e+01
4.644363636363636516e+01
4.670575757575757336e+01
4.566677419354838463e+01
4.623466666666666924e+01
4.639092941552219429e+01
4.604718749999999972e+01
4.603960396039603609e+01
4.591666666666666430e+01
4.651547029702970093e+01
4.664066666666666805e+01
4.708910891089109185e+01
4.671734270201213945e+01
4.712718749999999801e+01
4.679955808080808310e+01
4.692499999999999716e+01
4.681562499999999716e+01
4.733064516129032029e+01
4.682241772564353255e+01
4.686933854675790201e+01
4.671718750000000142e+01
4.620236851271334189e+01
4.595806451612903487e+01
4.660841750841751008e+01
4.658806451612903032e+01
4.634599999999999653e+01
4.600684261974584643e+01
4.638604797979797922e+01
4.689019224503095273e+01
4.663701531443467019e+01
4.639185049019607732e+01
4.674486803519061340e+01
4.665917236884978792e+01
4.630774193548386819e+01
4.609093750000000256e+01
4.670156250000000142e+01
4.667322580645161167e+01
4.692968750000000000e+01
4.662718749999999801e+01
4.671156249999999943e+01
4.671689356435643248e+01
4.654500000000000171e+01
4.615286195286195436e+01
4.647803217821782340e+01
4.686843749999999886e+01
4.707377834557649265e+01
4.699322580645161196e+01
4.703833333333333400e+01
4.723271889400921708e+01
4.615011178537208281e+01
4.654419354838709921e+01
4.607935483870967630e+01
4.639718750000000114e+01
4.649313318428617237e+01
4.701741935483870805e+01
4.742574257425742701e+01
4.678709677419355017e+01
4.697225806451612584e+01
4.680111459421804199e+01
