2.779493968814357174e+01
2.791738861386138737e+01
2.799806451612903402e+01
2.788838883888388764e+01
2.826445225167677933e+01
2.828805693069307026e+01
2.816339869281045694e+01
2.763606360636063641e+01
2.781338133813381219e+01
2.823588829471182393e+01
2.837995049504950629e+01
2.867017326732673155e+01
2.834282099936748978e+01
2.841903545193229164e+01
2.815687499999999943e+01
2.804656862745098067e+01
2.807380738073807436e+01
2.816621662166216566e+01
2.822005748961992921e+01
2.818428617055253937e+01
2.815379901960784181e+01
2.822311348781936857e+01
2.815625000000000000e+01
2.823284313725490335e+01
2.874133663366336577e+01
2.865257352941176450e+01
2.881775990099009732e+01
2.834895833333333215e+01
2.820884900990099098e+01
2.812966476913345915e+01
2.810539215686274517e+01
2.847045672309166520e+01
2.809840984098409677e+01
2.837778465346534773e+01
2.833384900990099098e+01
2.796507352941176450e+01
2.840747549019607732e+01
2.845032258064516029e+01
2.821966911764705799e+01
2.888096774193548555e+01
2.800612745098039369e+01
2.809060906090608967e+01
2.826187499999999986e+01
2.816540164452877804e+01
2.790346534653465227e+01
2.818075980392156765e+01
2.851485148514851531e+01
2.858363636363636218e+01
2.849500000000000099e+01
2.841552219738102991e+01
2.833075495049504866e+01
2.828361545832002477e+01
2.855158096454806937e+01
2.861612903225806548e+01
2.832194187160651566e+01
2.853050143724049903e+01
2.848247177658942419e+01
2.857020872865275152e+01
2.791390931372549034e+01
2.837254901960784181e+01
2.844183168316831711e+01
2.846287128712871350e+01
2.850622804215905504e+01
2.805105198019801804e+01
2.815065359477124218e+01
2.841749174917491771e+01
2.785009487666034289e+01
2.764421252371916538e+01
2.808728652751423027e+01
2.804343660172468944e+01
2.848948019801980180e+01
2.887097772277227747e+01
2.851548387096774206e+01
2.879687000958160326e+01
2.855573299265410370e+01
2.819056372549019684e+01
2.834819734345350994e+01
2.848039215686274517e+01
2.863892326732673155e+01
2.796905637254901933e+01
2.840385831752055523e+01
2.844616336633663423e+01
2.882689236665602195e+01
2.875643382352941302e+01
2.834838709677419288e+01
2.867486426061961069e+01
2.817741935483870819e+01
2.871751237623762520e+01
2.928510915607689924e+01
2.885343749999999829e+01
2.857116336633663423e+01
2.867633333333333212e+01
2.838415841584158272e+01
2.840231023102310104e+01
2.847748323219418864e+01
2.856514864010120291e+01
2.883500000000000085e+01
2.850924092409240984e+01
2.771666666666666501e+01
2.840724137931034576e+01
2.808529411764705941e+01
2.846739501536360706e+01
2.853733333333333277e+01
2.789933993399339940e+01
2.816303630363036348e+01
2.854285714285714448e+01
2.894973544973544932e+01
2.863915598290598297e+01
2.875271273557966722e+01
2.800254524886877761e+01
2.829019607843137152e+01
2.841164021164021136e+01
2.875591836734693985e+01
2.871644204851752136e+01
2.867417582417582267e+01
2.880726072607260591e+01
2.882989417989417902e+01
2.859505494505494383e+01
2.834780125642490134e+01
2.858412698412698560e+01
2.891300000000000026e+01
2.895714285714285552e+01
2.845522875816993391e+01
2.887557755775577562e+01
2.875633333333333397e+01
2.834827586206896655e+01
2.860619610348131658e+01
2.895749999999999957e+01
2.867294793995528579e+01
2.819035451932289860e+01
2.858267973856209210e+01
2.876045991695943727e+01
2.855502136752136622e+01
2.811499999999999844e+01
2.840281249999999957e+01
2.828571428571428470e+01
2.866368572341104937e+01
2.836058767167039107e+01
2.874884488448844877e+01
2.866435643564356539e+01
2.836468646864686605e+01
2.832795698924731198e+01
2.846433333333333238e+01
2.780455407969639481e+01
2.805557329926541144e+01
2.801733333333333320e+01
2.833064516129032384e+01
2.888619528619528509e+01
2.829780982905982967e+01
2.832681655262300424e+01
2.817156250000000028e+01
2.835709677419354691e+01
2.800862344298946027e+01
2.835774193548387245e+01
2.787935483870967701e+01
2.807748260594560463e+01
2.845049504950495134e+01
2.817689768976897824e+01
2.834389438943894390e+01
2.853597359735973527e+01
2.860429042904290498e+01
2.838812499999999872e+01
2.885148514851485047e+01
2.859821143404662891e+01
2.825466666666666526e+01
2.866466666666666541e+01
2.855294117647058982e+01
2.888435374149660007e+01
2.887087912087912045e+01
2.892508250825082428e+01
2.918085808580858043e+01
2.900264026402640383e+01
2.856787330316742057e+01
2.873171510699457087e+01
2.869933333333333181e+01
2.935876001393242873e+01
2.900522875816993462e+01
2.887646258503401242e+01
2.918708791208791098e+01
2.908127600554784919e+01
2.878439153439153486e+01
2.865995220211676298e+01
2.875156462585033879e+01
2.864620462046204707e+01
2.855509421909932755e+01
2.837352941176470722e+01
2.878498001142204288e+01
2.861353135313531482e+01
2.856766666666666765e+01
2.816895604395604380e+01
2.829977375565610842e+01
2.853465346534653335e+01
2.907900000000000063e+01
2.909131944444444429e+01
2.909668803418803407e+01
2.876200000000000045e+01
2.884533333333333260e+01
2.868380709038645904e+01
2.845940170940171043e+01
2.862372080818682818e+01
2.910844017094017033e+01
2.870549450549450654e+01
2.896851851851851833e+01
2.877617521367521292e+01
2.831333333333333258e+01
2.832967741935483730e+01
2.837333333333333485e+01
2.806166982922201214e+01
2.818700000000000117e+01
2.796607905982905962e+01
2.817310763334397805e+01
2.821909932928776854e+01
2.849207920792079207e+01
2.835294117647058698e+01
2.804056212072820031e+01
2.812980769230769340e+01
2.800316255534471921e+01
2.804631108272117501e+01
2.738358351964228632e+01
2.774686468646864768e+01
2.794889811561801451e+01
2.872087378640776834e+01
2.777227722772277119e+01
2.770967741935483986e+01
2.768566666666666620e+01
2.783903225806451687e+01
2.774417119131268095e+01
2.748802299584797026e+01
2.768933333333333380e+01
2.755395299145299148e+01
2.792601495726495742e+01
2.778721088435374043e+01
2.771181318681318828e+01
2.798897058823529349e+01
2.788624338624338606e+01
2.801608876560332817e+01
2.772843537414965809e+01
2.841533119658119588e+01
2.812378640776698902e+01
2.758607473650590691e+01
2.746096774193548384e+01
2.724333333333333229e+01
2.716765676567656840e+01
2.720906593406593288e+01
2.762034824172072334e+01
2.761832264957265082e+01
2.725646758224209520e+01
2.716318785578747708e+01
3.006693877551020577e+01
3.041142557651991751e+01
3.174960076652826402e+01
3.175742574257425588e+01
3.155166666666666586e+01
3.196533333333333360e+01
3.293580012650221533e+01
3.339600000000000080e+01
3.342441239316239177e+01
3.330469498562759156e+01
3.389399999999999835e+01
3.394230769230769340e+01
3.392607260726072838e+01
3.418666666666666742e+01
3.383934845097412847e+01
3.408633776091081558e+01
3.449121686362184391e+01
3.411380471380471135e+01
3.403800702650909926e+01
3.423506866815714034e+01
3.421516129032258391e+01
3.422316602316602285e+01
3.447489316239316537e+01
3.500027739251040515e+01
3.481699137655701293e+01
3.449725274725274460e+01
3.450889967637540678e+01
3.432307692307692548e+01
3.474321266968325972e+01
3.472319347319347571e+01
3.459756787330316996e+01
