3.973906100287447885e+01
4.075909090909090793e+01
4.041830065359476976e+01
4.119554455445544505e+01
4.060922029702970093e+01
4.048081683168317113e+01
4.194492574257425588e+01
4.138025990099009732e+01
4.127328431372549034e+01
4.141704170417041553e+01
4.067218137254901933e+01
4.119131924614506346e+01
4.190655940594059103e+01
4.118241824182418043e+01
4.111650485436893376e+01
4.095216874628639658e+01
4.155824682814301951e+01
4.152382425742574412e+01
4.049227569815805339e+01
4.145049504950495134e+01
4.099286987522281578e+01
4.109025374855824708e+01
4.124443069306930454e+01
4.113250148544265983e+01
4.148574857485748879e+01
4.102768166089965263e+01
4.143595297029703062e+01
4.081253713606654543e+01
4.085968137254901933e+01
4.069214108910890815e+01
4.000490196078431637e+01
4.093531353135313822e+01
4.119566666666666777e+01
4.076384922901199559e+01
4.045545402627070075e+01
3.953398058252427205e+01
3.989215686274509665e+01
4.061800699300699335e+01
4.140686274509803866e+01
4.063781512605041968e+01
4.138052805280528190e+01
4.003370098039215463e+01
4.021631878557874984e+01
4.043755988502076093e+01
4.000313185092389290e+01
4.086076732673267031e+01
4.085244330884701469e+01
4.114180772916001416e+01
4.027307569466623960e+01
3.980325774512935055e+01
4.046225806451612783e+01
4.082562500000000227e+01
4.015148640101201494e+01
