6.770871925902267208e+01
6.740417457305503035e+01
6.743137254901961342e+01
6.806903225806451019e+01
6.731562302340290671e+01
6.781300000000000239e+01
6.792300000000000182e+01
6.790500000000000114e+01
6.700415202810603432e+01
6.807326732673267600e+01
6.787959118492494781e+01
6.838800000000000523e+01
6.894413793103447574e+01
6.785755349728520969e+01
6.787192590226764821e+01
6.784286170552539375e+01
6.801333333333333542e+01
6.801584158415840875e+01
6.800100000000000477e+01
6.781221122112211219e+01
6.839740525776716140e+01
6.877569136223966950e+01
6.847149197678388077e+01
6.860899999999999466e+01
6.838481848184818546e+01
6.840849673202613701e+01
6.848762376237623073e+01
6.825548387096773695e+01
6.776365378473330736e+01
6.820472692430533357e+01
6.785723411050781806e+01
6.847953795379538633e+01
6.838151815181518600e+01
6.803692810457516771e+01
6.851451007169681873e+01
6.886586206896551232e+01
6.832599999999999341e+01
6.846033333333333815e+01
6.797221335036729783e+01
6.841815181518151689e+01
6.876707234617984454e+01
6.864493001024240471e+01
6.837933333333333508e+01
6.788278505269882146e+01
6.805032679738562251e+01
6.817924206213724858e+01
6.764290429042904407e+01
6.871099999999999852e+01
6.866821428571428498e+01
6.781794953688917360e+01
6.781233333333332780e+01
6.785099999999999909e+01
6.790294117647059124e+01
6.742937499999999318e+01
6.783102310231022614e+01
6.869172413793103260e+01
6.849366666666666958e+01
6.807677419354838833e+01
6.819033333333332791e+01
6.756533333333332791e+01
6.815034482758620982e+01
6.799500000000000455e+01
6.863344827586206520e+01
6.812533333333333019e+01
6.766006600660065828e+01
6.789519945909398757e+01
6.854725829725829556e+01
6.725412541254125642e+01
6.777935483870967914e+01
6.784009465855307042e+01
6.759633333333333383e+01
6.831233333333332780e+01
6.799603960396039781e+01
6.829758620689655402e+01
6.805428473881870843e+01
6.838886992147490673e+01
6.809636963696370060e+01
6.799537953795379508e+01
6.803655172413793650e+01
6.800693069306930738e+01
6.869205187894911546e+01
6.810330033003300798e+01
6.759466666666666868e+01
6.885334220152977025e+01
6.886020408163265927e+01
6.828917719358142335e+01
6.790379310344827957e+01
6.746354838709677892e+01
6.778012973711163625e+01
6.779801980198020317e+01
6.761176470588235077e+01
6.822772277227723237e+01
6.775700000000000500e+01
6.756020440753752609e+01
6.795131845841784468e+01
6.768466666666667209e+01
6.782566666666666322e+01
6.849808429118773745e+01
6.909477884935151337e+01
6.812896551724138305e+01
6.771056105610560394e+01
6.797923985946981418e+01
6.748354838709677495e+01
6.837986798679868627e+01
6.825879139638101378e+01
6.786466666666666470e+01
6.858481365377916461e+01
6.861720654824102894e+01
6.781013071895425526e+01
6.762821766047572680e+01
6.713432343234323696e+01
6.713258064516128343e+01
6.744191419141914423e+01
6.636355198019802515e+01
6.760866666666666447e+01
6.712144212523719489e+01
6.616862623762376927e+01
6.651641414141414543e+01
6.666047572499185492e+01
6.696390929415521498e+01
6.708797653958944807e+01
6.683807090386457617e+01
6.692866666666667186e+01
6.690067071223251105e+01
6.672660491855637588e+01
6.655629348513599552e+01
6.714258064516128854e+01
6.677614858260020014e+01
6.664418377321602804e+01
6.669225806451612470e+01
6.642441492726122476e+01
6.640371456500488989e+01
6.613322580645161963e+01
6.638838709677419558e+01
6.660870967741935544e+01
6.644419354838709069e+01
6.586362184605557957e+01
6.664803577131907275e+01
6.664005110188438152e+01
6.616451612903226476e+01
6.661616161616161946e+01
6.661453242098403393e+01
6.615234749281380289e+01
6.638869370808048131e+01
6.537218749999999545e+01
6.602290322580644499e+01
6.584529702970297649e+01
6.680572390572390873e+01
6.629766847652507522e+01
6.673894389438943620e+01
6.698724137931034761e+01
6.695911849249441161e+01
6.703233333333332666e+01
6.715366666666666617e+01
6.707744107744107964e+01
6.765511551155115910e+01
6.808066666666667288e+01
6.908400000000000318e+01
6.852620689655172725e+01
6.788827586206896569e+01
6.864074595355383224e+01
6.790724137931034932e+01
6.832776036224312577e+01
6.807068965517241566e+01
6.801379310344827900e+01
6.674838709677419502e+01
6.674032258064515588e+01
6.941887477313974841e+01
6.639516129032257652e+01
6.725666666666666060e+01
6.662472053656978233e+01
6.795959595959595845e+01
6.705233333333333690e+01
6.810275165447579582e+01
6.761750841750841801e+01
6.805612520237453111e+01
6.819545454545455243e+01
6.824916344916344713e+01
6.815686274509803866e+01
6.792713301536831239e+01
6.833422459893047574e+01
6.821759259259259522e+01
6.860185185185184764e+01
6.791375661375661821e+01
6.771164021164021563e+01
6.846122994652407101e+01
6.763812436289499885e+01
6.825588235294117112e+01
6.800767195767195972e+01
6.823529411764705799e+01
6.833617372182517613e+01
6.816945493793848243e+01
6.809698558322411088e+01
6.744246395806028715e+01
6.786727272727273430e+01
6.809724770642202429e+01
6.821127129750982476e+01
6.760530303030303401e+01
6.746579218106995768e+01
6.807005838198499248e+01
6.816461336828309925e+01
6.800311688311688840e+01
6.809150326797386299e+01
6.854685746352413389e+01
6.863299663299663678e+01
6.766945493793848243e+01
6.878241822429906449e+01
6.868296169239565074e+01
6.815457325549068912e+01
6.884492924528301216e+01
6.943484669811320487e+01
6.900202546296296191e+01
6.834648370497427550e+01
6.787663398692809835e+01
6.765353535353534653e+01
6.795506535947711768e+01
6.804302832244009380e+01
6.843238042880703631e+01
6.786448598130840537e+01
6.858033161806746136e+01
6.746214596949890563e+01
6.757216775599128766e+01
6.790339989206691484e+01
6.799568267674041522e+01
6.722545454545453936e+01
6.815491362220333826e+01
6.715647298674821286e+01
6.812493254182406588e+01
6.927158376214980251e+01
6.854023307436182222e+01
6.824946524064171172e+01
6.808021390374331361e+01
6.838936859147328562e+01
6.820423309510719889e+01
6.806044252563410168e+01
6.740749235474005729e+01
6.810842368640533095e+01
6.699090909090908497e+01
6.912933657942787136e+01
6.771451699946032932e+01
6.778251484079871148e+01
6.816285403050109437e+01
6.764141546526867899e+01
6.792139037433155124e+01
6.863697429906541458e+01
6.746005291005290871e+01
6.716775884665793228e+01
6.793355574089518711e+01
6.775201556852933038e+01
6.727339449541284466e+01
6.750580808080808026e+01
6.802585487906588924e+01
6.767269293038316391e+01
6.786427415002698638e+01
6.814150681123157938e+01
6.769400971397733713e+01
6.793883277216610850e+01
6.824667233078447737e+01
6.792676767676768179e+01
6.721363040629096020e+01
6.736034658511722739e+01
6.810130718954248152e+01
6.744304812834224094e+01
6.756723460026212535e+01
6.800054466230936612e+01
6.832979302832244173e+01
6.780858585858585741e+01
6.719548387096774889e+01
6.777424242424243062e+01
6.771793103448275986e+01
6.762587587587587734e+01
6.784466666666666868e+01
6.734888438133874899e+01
6.839175539175539598e+01
6.847696267696267114e+01
6.804793103448275815e+01
6.701023102310230684e+01
6.761904761904762040e+01
6.730205205205204777e+01
6.685909090909090935e+01
6.818159740960604154e+01
6.754999999999999716e+01
6.816489898989898677e+01
6.823556395035078026e+01
6.782235195996663890e+01
6.780886291697102308e+01
6.724671717171716523e+01
6.722514257376643343e+01
6.784938837920489618e+01
6.778512396694215170e+01
6.775038961038960394e+01
6.851571268237934476e+01
6.768909090909090764e+01
6.788608562691130999e+01
6.778977719528178625e+01
6.769873737373737299e+01
6.739314314314314913e+01
6.765714285714285836e+01
6.754317323259579098e+01
6.825982042648709580e+01
6.799786096256684687e+01
6.787854030501088687e+01
6.767036625971142882e+01
6.785914732865623478e+01
6.671483180428134574e+01
6.792633315008245631e+01
6.752171717171717091e+01
6.692584097859327130e+01
6.829657687991021930e+01
6.679587155963302791e+01
6.744954128440366503e+01
6.725740498034076609e+01
6.742352941176470438e+01
6.706587301587300942e+01
6.706583917970857556e+01
6.707732634338138666e+01
6.818351741716227821e+01
6.732458847736624818e+01
6.734444444444444855e+01
6.740883116883117054e+01
6.745032765399737684e+01
6.777350649350648837e+01
6.787142857142856656e+01
6.739402597402597905e+01
6.826715686274509665e+01
6.764813815434430921e+01
6.787112299465240994e+01
6.750890447922287763e+01
6.776000000000000512e+01
6.782460317460316901e+01
6.728348909657320576e+01
6.704029484029483399e+01
6.762550505050505478e+01
6.721742424242424363e+01
6.711391437308869001e+01
6.703383838383838622e+01
6.758805194805194105e+01
6.790468409586055998e+01
6.772936507936508121e+01
6.805560189046427411e+01
6.773880194279546174e+01
6.774608742579600573e+01
6.800599128540305571e+01
6.768155844155843681e+01
6.791900393184796769e+01
6.789787581699346219e+01
6.756727272727272293e+01
6.764842873176206695e+01
6.768337662337661698e+01
6.772699214365880493e+01
6.789814814814815236e+01
6.741581219643821044e+01
6.790196078431372939e+01
6.748572884811416372e+01
6.757620320855615148e+01
6.759767943874797425e+01
6.801790633608815995e+01
6.804452239611440234e+01
6.720419397116644689e+01
6.752396694214876050e+01
6.705012987012986514e+01
6.718609625668449326e+01
6.768020969855832902e+01
6.728597883597883822e+01
6.733108472746897633e+01
6.734764309764310042e+01
6.763386155129273902e+01
6.751125938281901995e+01
6.765373525557011192e+01
6.725714285714285268e+01
6.817689220183486043e+01
6.730634920634921059e+01
6.774840144564915079e+01
6.729826038159372104e+01
6.791527253103076589e+01
6.741476034858388289e+01
6.693918741808650452e+01
6.758034076015727010e+01
6.730264550264550394e+01
6.785076252723311541e+01
6.788850267379679337e+01
6.794270833333332860e+01
6.832359813084111977e+01
6.850448028673835665e+01
6.710039318479685733e+01
6.758715596330274877e+01
6.765682870370370949e+01
6.797712418300653781e+01
6.787155963302751616e+01
6.797395833333332860e+01
6.798148148148148096e+01
6.867500753693096271e+01
6.750645342312009234e+01
6.748701642819290214e+01
6.818233944954128845e+01
6.800308641975308888e+01
6.732271991365352903e+01
6.771670836808451099e+01
6.823802570093458542e+01
6.749973016729627773e+01
6.783442265795207504e+01
6.778431372549019329e+01
6.759983810037776664e+01
6.748809523809524080e+01
6.801225490196078738e+01
6.837297453703703809e+01
6.797819314641743915e+01
6.754682539682539755e+01
6.759713977334052970e+01
6.839536878216124194e+01
6.817317207256733980e+01
6.764543982730707228e+01
6.771377091377091517e+01
6.814534231200897807e+01
6.772389853137516980e+01
6.789161220043573053e+01
6.836077758719268616e+01
6.935112028301887221e+01
6.869725829725830124e+01
6.887676886792452535e+01
6.888030660377359027e+01
6.802502085070892690e+01
6.777468969239072294e+01
6.874380896226415416e+01
6.792381761540640639e+01
6.730878112712974826e+01
6.796290002832058974e+01
6.783290852449731290e+01
6.738756613756613945e+01
6.807586586036283904e+01
6.776089324618736498e+01
6.796006796941375683e+01
6.790933621154883326e+01
6.877948113207547465e+01
6.765087145969498295e+01
6.748488180318857133e+01
6.772827846735023627e+01
6.792048929663609158e+01
6.800311526479751478e+01
6.782216775599128766e+01
6.832379349046016159e+01
6.811519607843136725e+01
6.866811342592592382e+01
6.832138761467889765e+01
6.803567538126361569e+01
6.752071170419793589e+01
6.814556782781082234e+01
6.797194989106753837e+01
6.836565420560746986e+01
6.780968564146134270e+01
6.828703703703703809e+01
6.763608305274972565e+01
6.912485065710872334e+01
6.856242532855435456e+01
6.878823178016726558e+01
6.854918981481480955e+01
6.825897867564533783e+01
6.782356273010478276e+01
6.739478114478114890e+01
6.776040781648258360e+01
6.779609175870858451e+01
6.827301047861796235e+01
6.836039719626168676e+01
6.791928632115548226e+01
6.830303899082568364e+01
6.714025054466230813e+01
6.787457912457912812e+01
6.818691588785046065e+01
6.826576834862385113e+01
6.836280233527939743e+01
6.830052570093458542e+01
6.790102863497358499e+01
6.827862149532710134e+01
6.748232323232323893e+01
6.819042056074766833e+01
6.914942178940961526e+01
6.842202102803737773e+01
6.931246105919002787e+01
6.811226851851851904e+01
6.812288017792604933e+01
6.790797887128162813e+01
6.798244123477768142e+01
6.794473379629629051e+01
6.758877495952509662e+01
6.801200686106346893e+01
6.725157232704403043e+01
6.835574314139282137e+01
6.874937965260545525e+01
6.795240825688073016e+01
6.845577830188679513e+01
6.762181712962963331e+01
6.844761904761904248e+01
6.783517417162276786e+01
6.754460492778250114e+01
6.853394777265745574e+01
6.768819031435853617e+01
6.731762065095398384e+01
6.806863317757009213e+01
6.848594258656407874e+01
6.820577830188679513e+01
6.789369158878504606e+01
6.758170489946191140e+01
6.761140046296296191e+01
6.763041631265930675e+01
6.770263381478335418e+01
6.763296516567544359e+01
6.753129425092042482e+01
6.821440823327615988e+01
6.795397369925672137e+01
6.859723502304147758e+01
6.752902860379495564e+01
6.824115566037735903e+01
6.799240654205607370e+01
6.841126179245283367e+01
6.813392857142856940e+01
6.826732377538829155e+01
6.782204861111111427e+01
6.931797235023041992e+01
6.815694682675814420e+01
6.828446261682242380e+01
6.884316588785046065e+01
6.843396226415094930e+01
6.822050233644860384e+01
6.853870412844037219e+01
6.908005952380952408e+01
6.821948456527896099e+01
6.881591617105635805e+01
6.867406542056075125e+01
6.795358877495952754e+01
6.848919392523364991e+01
6.817014178482068587e+01
6.769427954668105940e+01
6.849334466156895473e+01
6.812710437710437361e+01
6.844801401869159463e+01
6.905215556225505225e+01
6.833177570093458542e+01
6.891087962962963331e+01
6.868370327102803685e+01
6.854517396184063216e+01
6.910406839622640973e+01
6.907900943396226978e+01
6.875900514579760170e+01
6.931730769230769340e+01
6.925624999999999432e+01
6.850083240843507326e+01
6.855536675162844062e+01
6.927889150943396146e+01
6.912352594339623124e+01
6.899797453703703809e+01
6.864310747663552092e+01
6.870648364485981574e+01
6.824503504672897236e+01
6.855108173076922640e+01
6.870194575471698784e+01
6.879127358490566735e+01
6.798466435185184764e+01
6.883244047619047024e+01
6.768041526374859984e+01
6.783124826244092276e+01
6.832301401869159463e+01
6.758823529411765207e+01
6.775757575757575069e+01
6.900091296409007668e+01
6.818399532710280653e+01
6.792160133444536996e+01
6.826508071367884156e+01
6.845165094339623124e+01
6.794596912521440402e+01
6.815930735930736262e+01
6.823125000000000284e+01
6.889857320099255844e+01
6.790909090909090651e+01
6.765014005602240843e+01
6.817610981308411056e+01
6.836290322580644840e+01
6.786792452830188438e+01
6.874968982630272762e+01
6.743507214206437084e+01
6.794911377930246488e+01
6.813171728971963148e+01
6.880357142857143060e+01
6.833506493506493484e+01
6.804459691252144182e+01
6.822169811320755173e+01
6.811034877072613369e+01
6.847965367965367989e+01
6.753022126281705084e+01
6.730017152658662383e+01
6.884353331323485747e+01
6.840708976558033783e+01
6.864770047169811562e+01
6.883991558637322328e+01
6.840779220779221248e+01
6.795185499858396838e+01
6.757738095238094900e+01
6.803545673076922640e+01
6.825854952830188438e+01
6.787992070235060282e+01
6.910080645161289681e+01
6.793653516295026407e+01
6.844944168734491541e+01
6.853473945409429291e+01
6.830216450216450141e+01
6.783333333333332860e+01
6.817095483133219602e+01
6.828272405660376876e+01
6.826168224299065912e+01
6.801874999999999716e+01
6.798542024013721630e+01
6.842581775700934088e+01
6.873416965352448926e+01
6.815151515151515582e+01
6.884564365390413343e+01
6.916973168525775861e+01
6.894487942373943667e+01
6.909981740718198751e+01
6.917511792452830832e+01
6.845138888888888573e+01
6.864300144300143813e+01
6.909429280397021955e+01
6.784595959595959869e+01
6.834553571428571672e+01
6.828216123499142043e+01
6.820029761904761756e+01
6.848407451923077360e+01
6.795697167755990620e+01
6.848377403846153300e+01
6.834645432692308020e+01
6.832389937106918865e+01
6.831417953116066144e+01
6.855048076923077360e+01
6.907403993855606927e+01
6.895643028846153300e+01
6.901785155026620089e+01
6.992847896440129318e+01
6.834419668381931956e+01
6.868118990384616041e+01
6.906952709051049055e+01
6.947987711213517059e+01
6.766594711279006447e+01
6.771043771043771642e+01
6.925502130249543598e+01
6.819173038799206665e+01
6.834048027444254103e+01
6.789179708580680028e+01
6.860922897196262227e+01
6.851405741343592126e+01
6.919075682382134573e+01
6.871582943925233167e+01
6.849739583333332860e+01
6.876553166069295742e+01
6.904672330097086785e+01
6.899174528301887221e+01
6.821127159444915833e+01
6.815632965165674761e+01
6.801500991220616754e+01
6.813225715094874602e+01
6.828359062321327144e+01
6.904373449131513496e+01
6.854030373831776046e+01
6.834419668381931956e+01
6.830817610062892697e+01
6.891303066037735903e+01
6.806117247238742607e+01
6.724809368191721148e+01
6.740168845315903923e+01
6.860864485981308292e+01
6.780246913580246826e+01
6.812435677530017131e+01
6.756397306397306579e+01
6.829235209235208970e+01
6.831456367924528195e+01
6.760241301907969103e+01
6.721078431372548323e+01
6.742973856209150085e+01
6.820630787037036669e+01
6.806655338431039581e+01
6.731737967914438059e+01
