6.944949494949494806e+01
6.863310524600846918e+01
6.855066797002281476e+01
6.887811447811448318e+01
6.911700680272109309e+01
6.872419354838709182e+01
6.809096774193548640e+01
6.853554970375246569e+01
6.853884134298880326e+01
6.868774193548387075e+01
6.858459512837393390e+01
6.902704463994786011e+01
6.927272727272726627e+01
6.898866666666665992e+01
6.927643097643097292e+01
6.890336700336700915e+01
6.847070441079657144e+01
6.848387096774193594e+01
6.890808080808081115e+01
6.810574494949494806e+01
6.916938775510203641e+01
6.878383838383838622e+01
6.866451612903226476e+01
6.856207233626588504e+01
6.863501683501684170e+01
6.855993265993265595e+01
6.834496379196839655e+01
6.882721088435374668e+01
6.855791245791245103e+01
6.900238095238094616e+01
6.881785597914630159e+01
6.965387205387204972e+01
6.839565503620802644e+01
6.840289664252797763e+01
6.854870967741935317e+01
6.874812642554577735e+01
6.824983541803818810e+01
6.851387096774193708e+01
6.825742574257425588e+01
6.802295918367346417e+01
6.780873248615183968e+01
6.817693059628543040e+01
6.880134680134679570e+01
6.818244949494949481e+01
6.882176870748298825e+01
6.876094276094275415e+01
6.821691902567478394e+01
6.841161290322580157e+01
6.837225806451613153e+01
6.911862068965517381e+01
6.919517241379310235e+01
6.859897959183673777e+01
6.769249999999999545e+01
6.806691919191919737e+01
6.803630050505050519e+01
6.813978494623655990e+01
6.844705115672857687e+01
6.744349747474747403e+01
6.830903225806451928e+01
6.915959595959596129e+01
6.852851091560768282e+01
6.854213298222515505e+01
6.847083740632128013e+01
6.860105332455562177e+01
6.925600835945662936e+01
6.921873911529084467e+01
6.893482758620689310e+01
6.824800000000000466e+01
6.891269841269841834e+01
6.861326530612244312e+01
6.745117845117844979e+01
6.856700680272108173e+01
6.826262626262625588e+01
6.852107279693485964e+01
6.867878787878787250e+01
6.856321839080459313e+01
6.845766666666666822e+01
6.803219696969696884e+01
6.900965517241378677e+01
6.849733333333333007e+01
6.808327847267939603e+01
6.856966666666666299e+01
6.861407175200278630e+01
6.876228956228956690e+01
6.873198653198653574e+01
6.823366336633662854e+01
6.812289562289562639e+01
6.894242424242423795e+01
6.829372937293729251e+01
6.833102310231022614e+01
6.856999999999999318e+01
6.798895202020202078e+01
6.839533333333334042e+01
6.874646464646464494e+01
6.886632996632997106e+01
6.894074074074073621e+01
6.839645161290322051e+01
6.836387096774193139e+01
6.779999999999999716e+01
6.907205387205387126e+01
6.796562500000000284e+01
6.902255892255892888e+01
6.839387096774193253e+01
6.923655172413792513e+01
6.830118499012507982e+01
6.784906250000000227e+01
6.873411534701857306e+01
6.839903225806452269e+01
6.759193548387096939e+01
6.746243686868686495e+01
6.797032828282827666e+01
6.816259367872271469e+01
6.854677419354838719e+01
6.831534090909090651e+01
6.782238223822382395e+01
6.867967741935483161e+01
6.786575757575756995e+01
6.867000000000000171e+01
6.835069444444444287e+01
6.846204933586338370e+01
6.903128054740957964e+01
6.848898115618013094e+01
6.876870967741935203e+01
6.878483870967741609e+01
6.901245791245791850e+01
6.890257412838057860e+01
6.905521885521885395e+01
6.881930693069307381e+01
6.885851165761737036e+01
6.912284131638971019e+01
6.874358130348913676e+01
6.773705808080808310e+01
6.881580645161290022e+01
6.872462871287129360e+01
6.883451612903225225e+01
6.847185325743200224e+01
6.893612903225806576e+01
6.817203282828282340e+01
6.874504950495050082e+01
6.905365371955234366e+01
6.932516129032258334e+01
6.911191573403554855e+01
6.854064516129032825e+01
6.881966666666666299e+01
6.921327319587628324e+01
6.849853372434017729e+01
6.887650700553926697e+01
6.932760942760943124e+01
6.841875000000000284e+01
6.905555555555555713e+01
6.875935483870968312e+01
6.851840990550668664e+01
6.851254480286738158e+01
6.871225806451613494e+01
6.738582920792079278e+01
6.843336591723688400e+01
6.857249918540240685e+01
6.832794612794613442e+01
6.900000000000000000e+01
6.772032258064515986e+01
6.852255892255892888e+01
6.844387096774192969e+01
6.829733333333332723e+01
6.858922558922559176e+01
6.852222222222222570e+01
6.762967741935483446e+01
6.781593750000000398e+01
6.814478114478114890e+01
6.748387096774193594e+01
6.766500000000000625e+01
6.742095177259660943e+01
6.792244224422442755e+01
6.763707750085353609e+01
6.771321270058039943e+01
6.778349834983498567e+01
6.722706270627062963e+01
6.978663793103447688e+01
6.777349560513860638e+01
7.031433756805807889e+01
6.929513888888888573e+01
6.730924092409240700e+01
6.977291666666666003e+01
6.694935483870968085e+01
6.686451048951049358e+01
6.753780523683435888e+01
6.975375939849624274e+01
6.681259193880552516e+01
6.721025485436892666e+01
6.770036764705882604e+01
6.764765300059417541e+01
6.762049278846153300e+01
6.695155709342560613e+01
6.783434466019417641e+01
6.768052184466019128e+01
6.750641025641026260e+01
6.722652714932127083e+01
6.714423076923077360e+01
6.699802036199095312e+01
6.665991678224688144e+01
6.616212606837606813e+01
6.730273321449791979e+01
6.684332579185520729e+01
6.706108597285067674e+01
6.734637350085665730e+01
6.700707013574660209e+01
6.777871148459384187e+01
6.790705128205128460e+01
6.843359375000000000e+01
6.810576923076922640e+01
6.792958144796379827e+01
6.794792586054721539e+01
6.791203295086789637e+01
6.791850544277728829e+01
6.797983193277310932e+01
6.778235294117646959e+01
6.762075791855203022e+01
6.897611662531016918e+01
6.764168552036198889e+01
6.785887445887445324e+01
6.870599078341014376e+01
6.794747474747474314e+01
6.864965517241378734e+01
6.925998711340206171e+01
6.678672095208267478e+01
6.742810457516340250e+01
6.949574468085106105e+01
6.782154882154881648e+01
6.897177419354838435e+01
6.807488344988344409e+01
6.934194711538461320e+01
6.838614718614718413e+01
6.894140625000000000e+01
6.878729603729603070e+01
6.816537180910100346e+01
6.775249722530521979e+01
6.844317532838377360e+01
6.874939903846153300e+01
6.813333333333333997e+01
6.855690809494826965e+01
6.701981351981352475e+01
6.662312444836716452e+01
6.664905768132496178e+01
6.593736263736263936e+01
6.645109890109890216e+01
6.763867243867244383e+01
6.682574916759156736e+01
6.705022197558268715e+01
6.687737184933446599e+01
6.712978845054317389e+01
6.660193920335429141e+01
6.690350404312668786e+01
6.767314095449501110e+01
6.750028011204481970e+01
6.693271028037382564e+01
6.742109728506787292e+01
6.674028856825749756e+01
6.710183129855715833e+01
6.625726895119419169e+01
6.612489795918367008e+01
6.688263849229012692e+01
6.628337104072397779e+01
6.629865229110512814e+01
6.738141025641026260e+01
6.773521624007061348e+01
6.607647058823529562e+01
6.612820512820512420e+01
6.585938375350140461e+01
6.610540915395284856e+01
6.618351648351648464e+01
6.567815170940170333e+01
6.684841628959276250e+01
6.716063348416290069e+01
6.710839160839161366e+01
6.651573992350691356e+01
6.665108225108225781e+01
6.702539682539682531e+01
6.663051470588234793e+01
6.655231900452488958e+01
6.740625000000000000e+01
6.705854663136216232e+01
6.668543417366946358e+01
6.710478617955253355e+01
6.699803921568627629e+01
6.680756302521008649e+01
6.712930077691453334e+01
6.752929292929293581e+01
6.728398268398268556e+01
6.728280542986425417e+01
6.698599439775910014e+01
6.826348039215686470e+01
6.727625772285966832e+01
6.758811415122094957e+01
6.664067702552719652e+01
6.768689903846153300e+01
6.692409532215357615e+01
6.743048128342246628e+01
6.779417941794179114e+01
6.745748749632244312e+01
6.783425245098038658e+01
6.741054778554779148e+01
6.685661764705882604e+01
6.656274509803921546e+01
6.730068532267276282e+01
6.750203962703962191e+01
6.847028186274509665e+01
6.697001153402537454e+01
6.700707013574660209e+01
6.790673727566931461e+01
6.768871359223301454e+01
6.817950937950938339e+01
6.737907925407925802e+01
6.756067961165048530e+01
6.727068764568764436e+01
6.770716783216782630e+01
6.601820728291316698e+01
6.741833238149628471e+01
6.661029411764705799e+01
6.703001165501164849e+01
6.711907481439178014e+01
6.688492290119931738e+01
6.658739495798319297e+01
6.690360750360750330e+01
6.718269230769230660e+01
6.673443746430611156e+01
6.724242424242424931e+01
6.753146853146853346e+01
6.695192307692308020e+01
6.694145927601809376e+01
6.685110722610723144e+01
6.627128427128427290e+01
6.687980769230769340e+01
6.583800539083557624e+01
6.676694677871148542e+01
6.641176470588234793e+01
6.706447963800904688e+01
6.634850166481686529e+01
6.670448179271708966e+01
6.707090320682553397e+01
6.677030812324929343e+01
6.682549019607843377e+01
6.695283018867924341e+01
6.729159519725557459e+01
6.687075791855203022e+01
6.666923956546598617e+01
6.581088510170422978e+01
6.620283018867924341e+01
6.632741398446171388e+01
6.756148018648018194e+01
6.632880133185349791e+01
6.675238095238094616e+01
6.676872498570611469e+01
6.766352201257861054e+01
6.619006659267481041e+01
6.670560747663552092e+01
6.817604617604617090e+01
6.751600113282356119e+01
6.644705882352941728e+01
6.611376248612653228e+01
6.772898799313894358e+01
6.687358597285067674e+01
6.689253393665158853e+01
6.648942252715838208e+01
6.646493506493506231e+01
6.581701631701631072e+01
6.569002695417789539e+01
6.586847946725859515e+01
6.797702205882353610e+01
6.691713800904977916e+01
6.616526610644257289e+01
6.682142857142856940e+01
6.621864594894562117e+01
6.679140923801118390e+01
6.596115427302996181e+01
6.572003329633740520e+01
6.618189605939463149e+01
6.572689075630252376e+01
6.688772624434389513e+01
6.662308802308801603e+01
6.606582633053221798e+01
6.666142191142191109e+01
6.614747474747474598e+01
6.607861990950226527e+01
6.597313348416290069e+01
6.588023088023088292e+01
6.708487316003758849e+01
6.898836049218489563e+01
6.525006802721088661e+01
6.561565934065933448e+01
6.577552719200888021e+01
6.572237196765499334e+01
6.652419354838710319e+01
6.628291316526610899e+01
6.611688311688311614e+01
6.601611990950226527e+01
6.644400452488687847e+01
6.672639860139859991e+01
6.855389030612245449e+01
6.616789115646258779e+01
6.536982643524699199e+01
6.571347708894879247e+01
6.547047619047619094e+01
6.616610644257703200e+01
6.600028280542986181e+01
6.561220043572984650e+01
6.524957983193277755e+01
6.584901960784313246e+01
6.587142857142856656e+01
6.682689075630251807e+01
6.728431372549019329e+01
6.754195804195803987e+01
6.611265306122449203e+01
6.647181372549019329e+01
6.596241258741258662e+01
6.548455428067079254e+01
6.598235294117647243e+01
6.653278186274509665e+01
6.649509803921569073e+01
6.767563388991960949e+01
6.529006802721087865e+01
6.827278911564626185e+01
6.584135472370766706e+01
6.557685009487666150e+01
6.553329633740288784e+01
6.537061224489795563e+01
6.549931972789116230e+01
6.557430069930069294e+01
6.596998834498835151e+01
6.595949883449883089e+01
6.589920045688178618e+01
6.546832579185520729e+01
6.576213592233010274e+01
6.525044563279857357e+01
6.593750000000000000e+01
6.590328054298642257e+01
6.660285194174757351e+01
6.635922330097086785e+01
6.608003393665158853e+01
6.853598484848484418e+01
6.599543118218160487e+01
6.581674208144796978e+01
6.609737292975442813e+01
6.619873556899395339e+01
6.538290788013318888e+01
6.577472527472527020e+01
6.566946778711484001e+01
6.496798941798941485e+01
6.563423180592991457e+01
6.540000000000000568e+01
6.582963374028857118e+01
6.609999999999999432e+01
6.528291316526610899e+01
6.623418652544866347e+01
6.542142857142857792e+01
6.560851648351648180e+01
6.514312925170068524e+01
6.557509994288977850e+01
6.555901875901875542e+01
6.557509994288977850e+01
6.593679653679653541e+01
6.627096204766107235e+01
6.649271561771561778e+01
6.710727163461538680e+01
6.601036414565825794e+01
6.627310924369747624e+01
6.612424409015942217e+01
6.623070325900513922e+01
6.672976190476190084e+01
6.834911616161616621e+01
6.680173160173160340e+01
6.654609728506787292e+01
6.571292517006803280e+01
6.731789044289044455e+01
6.679913419913420114e+01
6.725595763459841692e+01
6.742067307692308020e+01
6.605825242718447043e+01
6.766535194174757351e+01
6.680885780885780889e+01
6.566770361990950278e+01
6.582352941176471006e+01
6.520053908355795613e+01
6.609383753501400349e+01
6.564234184239734304e+01
6.609999999999999432e+01
6.730922619047619548e+01
6.726291486291486876e+01
6.574750277469478021e+01
6.503564625850340519e+01
6.592138364779874848e+01
6.687738095238094616e+01
6.751729368932038255e+01
6.687676767676767042e+01
6.607792207792208217e+01
6.694054834054834657e+01
6.705038402457756774e+01
6.618181818181818699e+01
6.830476804123711076e+01
6.651820728291316698e+01
6.658490566037735903e+01
6.622445913461538680e+01
6.808150773195876582e+01
6.620000000000000284e+01
6.707345895879910813e+01
6.674112554112554108e+01
6.768235294117647527e+01
6.610492081447964097e+01
6.770619860847564553e+01
6.798275311402107945e+01
6.744803921568627914e+01
6.705597722960152396e+01
6.750253004427577252e+01
6.782036863480162481e+01
6.620224089635854625e+01
6.772591145833332860e+01
6.612857142857143344e+01
6.623697478991596199e+01
6.626470588235294201e+01
6.773363142765889222e+01
6.807893041237113607e+01
6.658908371040723750e+01
6.677573529411765207e+01
6.602773109243698002e+01
6.673560049019607732e+01
6.761288265306122014e+01
6.802459278185882852e+01
6.737982289690069138e+01
6.653116066323613609e+01
6.768384879725086023e+01
6.721148989898989612e+01
6.697897340754484219e+01
6.686332714904143870e+01
6.611726190476190368e+01
6.636422477199175773e+01
6.680896358543417080e+01
6.776881377551021046e+01
6.873694337548103306e+01
6.869915966386554373e+01
6.898832360300249888e+01
6.969381443298969714e+01
6.947748655913979121e+01
6.827005804028678426e+01
6.954659863945578024e+01
6.752293577981650685e+01
6.791437308868501077e+01
6.880159198113207708e+01
6.750614973262031526e+01
6.766621694549380095e+01
6.758229897463571945e+01
6.794747474747474314e+01
6.742042042042042738e+01
6.757222222222222285e+01
6.753712121212120678e+01
6.714004914004914326e+01
6.860747028862478203e+01
6.871000658327847077e+01
6.738519924098672220e+01
6.803366666666666163e+01
6.837392739273927589e+01
6.888250825082508300e+01
6.829728020240354169e+01
6.847897340754484219e+01
6.792328042328041704e+01
6.740103896103896375e+01
6.811980572045331428e+01
6.810466348701642403e+01
6.783482142857143060e+01
6.682248677248676927e+01
6.787955182072829530e+01
6.667328042328041704e+01
6.726730769230769624e+01
6.753466666666666640e+01
6.725986394557823189e+01
6.755933333333332769e+01
6.682884353741496852e+01
6.755033333333332735e+01
6.860118425635667450e+01
6.675291005291005320e+01
6.934884559884559962e+01
6.734009009009008651e+01
6.684319833852543979e+01
6.817417417417416914e+01
6.802155844155844022e+01
6.812727272727272521e+01
6.905189220183486043e+01
6.894893378226711889e+01
6.774278074866310817e+01
6.749803407601572758e+01
6.722097097097096707e+01
6.816935064935064759e+01
6.906588824020016659e+01
6.761663286004056772e+01
6.895096418732782695e+01
6.817728008634647097e+01
6.929836601307189881e+01
6.937733333333333974e+01
6.866738861386139092e+01
6.817126225490196134e+01
6.835196422868092725e+01
6.910620915032679079e+01
6.786846846846846404e+01
6.877161716171616490e+01
6.923496732026143263e+01
6.783965844402277412e+01
6.867227722772277332e+01
6.760764705882353098e+01
6.813142857142857167e+01
6.867869690194825694e+01
6.720404040404039847e+01
6.893202614379084991e+01
6.661827314039703651e+01
6.865096774193548868e+01
6.753230373230373118e+01
6.788781127129750814e+01
6.703624338624338463e+01
6.782023089609675992e+01
6.817375590770086546e+01
6.879225806451613323e+01
6.844322580645160770e+01
6.881398809523810201e+01
6.858066378066378377e+01
6.897327188940091958e+01
6.839290322580644954e+01
6.794903581267217874e+01
6.731636363636363285e+01
6.750219901044529536e+01
6.750136165577342240e+01
6.756844420010995123e+01
6.796450216450216431e+01
6.829953379953380477e+01
6.758631115997800975e+01
6.787819089900111180e+01
6.828875291375291567e+01
6.716721132897603752e+01
6.814953271028036852e+01
6.788720538720538400e+01
6.886468160377359027e+01
6.796087680355161353e+01
6.820606060606060339e+01
6.835315774568111635e+01
6.820758991787029402e+01
6.803593750000000284e+01
6.818214402085369841e+01
6.757696969696969802e+01
6.897724137931034250e+01
6.782816991376556359e+01
6.792607260726072127e+01
6.662175838077166645e+01
6.674871355060034261e+01
6.789605734767025069e+01
6.726649350649350367e+01
6.790648419680677250e+01
6.470629800307219170e+01
6.723290937996820560e+01
6.717753001715266237e+01
6.828146742567994920e+01
6.751933551198257533e+01
6.652122830440588075e+01
6.671061971061971008e+01
6.770310907237512765e+01
6.715090709180869055e+01
6.765250637213253526e+01
6.724724919093851838e+01
6.797198399085191056e+01
6.713407525172230805e+01
6.756032547699214774e+01
6.723116883116883002e+01
6.749656249999999602e+01
6.766401695813461004e+01
6.624361370716511033e+01
6.750837438423644699e+01
6.673253993109928217e+01
6.685583224115333678e+01
6.725585754451734033e+01
6.686641414141413975e+01
6.737468749999999318e+01
6.690597564429340594e+01
6.718427260812582347e+01
6.737033523086654441e+01
6.684152834325085735e+01
6.701405228758170551e+01
6.646234194612424062e+01
6.729788359788359742e+01
6.606217948717949184e+01
6.727922077922077904e+01
6.687532051282050816e+01
6.786616161616161946e+01
6.749906249999999375e+01
6.583933002481388996e+01
6.798025016458196035e+01
6.806254114549045653e+01
6.720801767676768179e+01
6.857266378450282218e+01
6.719346405228758101e+01
6.794982078853045948e+01
6.831007241606319269e+01
6.769554455445545216e+01
6.813396971691902593e+01
6.704818181818181699e+01
6.729577020202020776e+01
6.752733520774758347e+01
6.765719696969696884e+01
6.785718749999999488e+01
6.709840984098410388e+01
6.727742448330683089e+01
6.688057040998216962e+01
6.717636363636363228e+01
6.614702233250619656e+01
6.757620320855615148e+01
6.722315164597949888e+01
6.749090909090908497e+01
6.725066242713302245e+01
6.586166253101737311e+01
6.665012285012285531e+01
6.757406249999999659e+01
6.699631737529293218e+01
6.708194186765615541e+01
6.646698717948717672e+01
6.641651376146789687e+01
6.708562691131498923e+01
6.727232142857143060e+01
6.780678077682685512e+01
6.743727272727272748e+01
6.748368983957219314e+01
6.820191713048855320e+01
6.803002235707441514e+01
6.881103448275861467e+01
6.847260726072607895e+01
6.906447502548419948e+01
6.880708460754331668e+01
6.892188728702490153e+01
6.881939711664482218e+01
6.864041794087665949e+01
6.897431192660550892e+01
6.881584362139918198e+01
6.842966360856269148e+01
6.854971485246714735e+01
6.841966666666667152e+01
6.848967741935483389e+01
6.744812500000000455e+01
6.787655172413792570e+01
6.794966666666667265e+01
6.751932290003193771e+01
6.837077500853533252e+01
6.735705249841872444e+01
6.769147237304375153e+01
6.790666666666666629e+01
6.797799999999999443e+01
6.825035360678924690e+01
6.811899932386748446e+01
6.839774667121884022e+01
6.795829260345389855e+01
