6.167848484848484958e+01
6.170941176470588374e+01
6.169181818181818500e+01
6.127028571428571269e+01
6.123314285714285887e+01
6.102300524170063767e+01
6.104667609618104507e+01
6.089321862348177916e+01
6.109121103730199565e+01
6.090058823529411569e+01
6.149457142857142600e+01
6.065160349854227206e+01
6.079323529411765037e+01
6.084441176470588175e+01
6.056450216450216573e+01
6.095657142857142929e+01
6.098117647058823820e+01
6.110529537802265310e+01
6.094970588235294429e+01
6.056277777777777516e+01
6.096441176470587919e+01
6.108802308802308545e+01
6.136601307189542354e+01
6.101224489795918515e+01
6.137046939988116634e+01
6.147617647058823565e+01
6.120981240981240745e+01
6.113881673881673606e+01
6.110158730158730123e+01
6.103794117647058926e+01
6.100676470588235389e+01
6.098852941176470921e+01
6.151200480192076725e+01
6.074794117647059011e+01
6.080692640692640794e+01
6.113415366146458751e+01
6.097831253713606969e+01
6.095238095238094900e+01
6.132563025210084362e+01
6.082628571428571718e+01
6.092485714285714238e+01
6.098316498316498269e+01
6.101665301665301655e+01
6.166191325014854385e+01
6.187611408199643392e+01
6.131451200817578240e+01
