4.765921430852762342e+01
4.743959519291587412e+01
4.746110056925996190e+01
4.751644528779253562e+01
4.733137376237623783e+01
4.784705882352940876e+01
4.759182369849888516e+01
4.717914603960396391e+01
4.787982289690069848e+01
4.775101785155026590e+01
4.776542436580018602e+01
4.770811149389289341e+01
4.765148640101201494e+01
4.794803921568627203e+01
4.740860215053763227e+01
4.765623023402909553e+01
4.800522875816993462e+01
4.756388361796331310e+01
4.750030637254901933e+01
4.802403542061986030e+01
4.774538051988725584e+01
4.761669829222011430e+01
4.791544002505480648e+01
4.820588235294117396e+01
4.826274509803921831e+01
4.842556634304207108e+01
4.806770999680612988e+01
4.803800702650909926e+01
4.753898514851485402e+01
4.759937500000000199e+01
4.781603321622484515e+01
4.775694666240817554e+01
4.768398692810457362e+01
4.747370049504950629e+01
4.769306930693069546e+01
4.805392156862745168e+01
4.743045343137254832e+01
4.764047029702970093e+01
4.759501756627275881e+01
4.699938118811881083e+01
4.677297794117647101e+01
4.724164603960396391e+01
4.672710396039603609e+01
4.736036866359447117e+01
4.628158947970268855e+01
4.598827901658090411e+01
4.635301278149726301e+01
4.578898809523809632e+01
4.619494047619047450e+01
4.609642857142856798e+01
4.605684523809523512e+01
4.650910194174757351e+01
4.565551743853630740e+01
4.605018028846154010e+01
4.594891826923076650e+01
4.618371735791090771e+01
4.640078883495145590e+01
4.572083333333333144e+01
4.601486650485436769e+01
4.528135405105438593e+01
4.613095238095237960e+01
4.638551682692308020e+01
4.676893028846154010e+01
4.667077798861480176e+01
4.654562211981566833e+01
4.615559440559440674e+01
4.693719362745098067e+01
4.675248138957816479e+01
4.632750582750582424e+01
4.642578125000000000e+01
4.662985436893203683e+01
4.674158653846154010e+01
4.620288600288600378e+01
4.776405228758169841e+01
4.706483238456672780e+01
4.697870341371750413e+01
4.735072738772928602e+01
4.694268712809270028e+01
4.710355987055016413e+01
4.723238333855308468e+01
4.733950242718446333e+01
4.737044902912621325e+01
4.700600961538461320e+01
4.715659254619480123e+01
4.695973557692308020e+01
4.663548951048951352e+01
4.704867788461538680e+01
4.725455097087378675e+01
4.742473118279569633e+01
4.718765508684863619e+01
4.735640463513936993e+01
4.743754045307443334e+01
4.731575682382133863e+01
4.782718446601941764e+01
4.747760726589414304e+01
4.723520200438458971e+01
4.621547619047618838e+01
4.698590667084246775e+01
4.701628562480426154e+01
4.712049335863377308e+01
4.693239182692308020e+01
4.750065359477124360e+01
4.718579404466500904e+01
4.762772277227723094e+01
4.745509171410499505e+01
4.783462783171520982e+01
4.744096461008456345e+01
4.722212009803921262e+01
4.723759305210918313e+01
4.765663430420711677e+01
4.689745145631067658e+01
4.709550917141049808e+01
4.751372549019608016e+01
4.758986928104575043e+01
4.708697027197975871e+01
4.722611963670529178e+01
4.631774051191526809e+01
4.728222222222222371e+01
4.693796526054590856e+01
4.724616348261822907e+01
4.684494047619047308e+01
4.717820231756968496e+01
4.784700000000000131e+01
4.714218603194488111e+01
4.748449733792671168e+01
4.757688694018164455e+01
4.726838235294117396e+01
4.765506228042158909e+01
4.719025735294117396e+01
4.745256166982922252e+01
4.741524351676154225e+01
4.650544277728743481e+01
4.770555555555555571e+01
4.745161290322580783e+01
4.759281045751634309e+01
4.771188118811880940e+01
4.725110689437065048e+01
4.686741504854369111e+01
4.722991777356103427e+01
4.756894370651486526e+01
4.774886731391585926e+01
4.770297029702970093e+01
4.784466019417475735e+01
4.773149905123339920e+01
4.809640522875817226e+01
4.768104575163398806e+01
4.806830065359476833e+01
4.779935275080906365e+01
4.763709677419355160e+01
4.765314595975726775e+01
4.815749525616698179e+01
4.760910815939278962e+01
4.804966666666666697e+01
4.797581699346405060e+01
4.767901628872564856e+01
4.804836601307189881e+01
4.770777988614801046e+01
4.827689768976897966e+01
4.785882352941176521e+01
4.716110436893203683e+01
4.750284629981024409e+01
4.751739405439595032e+01
4.829504950495049798e+01
4.765907653383933962e+01
4.764452251676780747e+01
4.786339869281045623e+01
4.733374689826302983e+01
4.785032679738561967e+01
4.807689768976897682e+01
4.754917491749174729e+01
4.797810457516339966e+01
4.778823529411764781e+01
4.756580645161290022e+01
4.762645161290322449e+01
4.839405940594059530e+01
4.791470588235294059e+01
4.787156862745098351e+01
4.842310344827586022e+01
4.796643857934180488e+01
4.806138613861386233e+01
4.811287128712871208e+01
4.807300000000000040e+01
4.795841584158415571e+01
4.776143790849673110e+01
4.849964639321075310e+01
4.802467883705206475e+01
4.829122567429156732e+01
4.799867986798680164e+01
4.791122112211220951e+01
4.794950495049504724e+01
4.737488255559035366e+01
4.783333333333333570e+01
4.826068965517241338e+01
4.807715944008194242e+01
4.850070028011204215e+01
4.780226537216828575e+01
4.782211221122112477e+01
4.721283997469955551e+01
4.757293729372937463e+01
4.800294117647058556e+01
4.822021167634004968e+01
4.781320132013201629e+01
4.789570957095709502e+01
4.764705882352941302e+01
4.755874587458745850e+01
4.799419597132126825e+01
4.800792079207920438e+01
4.799174917491749426e+01
4.782614379084967027e+01
4.799154834347532272e+01
4.756826923076923208e+01
4.803346855983772912e+01
4.773692810457516345e+01
4.790432724814063903e+01
4.783782861044725365e+01
4.812564015022191910e+01
4.798827586206896711e+01
4.810141987829614862e+01
4.812643678160919336e+01
4.778627450980392410e+01
4.792147490611129967e+01
4.791225674291567316e+01
4.766066666666666407e+01
4.766143790849672968e+01
4.799628127112914200e+01
4.807340389211334752e+01
4.717831715210355981e+01
4.782724814063556806e+01
4.773020527859237205e+01
4.751339869281045480e+01
4.661378490790255569e+01
4.713222612583839322e+01
4.801468077842267235e+01
4.765666666666666629e+01
4.698829854522454497e+01
4.753758169934640421e+01
4.766765676567656840e+01
4.770297029702970093e+01
4.751535947712418562e+01
4.757124183006536100e+01
4.738102842542318882e+01
4.709171410499683930e+01
4.747647058823529420e+01
4.726344086021505575e+01
4.778566666666666407e+01
4.755261437908496447e+01
4.777924273157538693e+01
4.718716065154902850e+01
4.739438943894389666e+01
4.758299999999999841e+01
4.714832384566729928e+01
4.812778904665314172e+01
4.780065359477124076e+01
4.758856209150327032e+01
4.780607715944007907e+01
4.766002530044275431e+01
4.775980392156862564e+01
4.735926628716002540e+01
4.797022653721683128e+01
4.808202614379084849e+01
4.736633663366336577e+01
4.750032362459546675e+01
4.644522144522144202e+01
4.765559772296015240e+01
4.769803921568627203e+01
4.789866666666666362e+01
4.803549695740365166e+01
4.777766666666666850e+01
4.782320261437908471e+01
4.671212121212121104e+01
4.700375822110867574e+01
4.776311502117953722e+01
4.735068668157138205e+01
4.772912621359223095e+01
4.793672581185135328e+01
4.783236245954692833e+01
4.819337390128465159e+01
4.812287581699346362e+01
4.853000000000000114e+01
4.785372168284789751e+01
4.808057357459883718e+01
4.781326860841424065e+01
4.808269166387680116e+01
4.790033003300329995e+01
4.785665990534144498e+01
4.780223123732251622e+01
4.811300785250939072e+01
4.720192307692308020e+01
4.808620689655172242e+01
4.732194187160651211e+01
4.803999999999999915e+01
4.772046204620462362e+01
4.811505633321952757e+01
4.776148867313915503e+01
4.795527483782861111e+01
4.795469912102772270e+01
4.729376761666144802e+01
4.771815181518152116e+01
4.769741100323624750e+01
4.779482200647249357e+01
4.778802588996763490e+01
4.780453529223890285e+01
4.792079207920792072e+01
4.781452145214521465e+01
4.888620448179271705e+01
4.883529819694868479e+01
4.824477124183006538e+01
4.802516339869281126e+01
4.762934851359899113e+01
4.802477402075660962e+01
4.745888678051866094e+01
4.819426425401160685e+01
4.756314102564102342e+01
4.766081124241456735e+01
4.757210626185958091e+01
4.820757937862752129e+01
4.789487780381654147e+01
4.786440129449837855e+01
4.740446650124069805e+01
4.729105392156862564e+01
4.754870335230866374e+01
4.870428571428571729e+01
4.773432343234323127e+01
4.762777777777777999e+01
4.765876027830486805e+01
4.757124183006536100e+01
4.765436893203883528e+01
4.809218163195630069e+01
4.778679867986798513e+01
4.791697355205891995e+01
4.762385620915032547e+01
4.702908415841584144e+01
4.839180672268907557e+01
4.796517917511832252e+01
4.707593750000000199e+01
4.807941176470588118e+01
4.838613861386138382e+01
4.744597557156279066e+01
4.753700189753320871e+01
4.792038834951456039e+01
4.784951456310679418e+01
4.828757951121526304e+01
4.768026565464895583e+01
4.839317106152805792e+01
4.844187675070028121e+01
4.850202839756592255e+01
4.741058565612276965e+01
4.837390128465179373e+01
4.797359735973597594e+01
4.809669966996699486e+01
4.797161716171617485e+01
4.790229885057470938e+01
4.805442866801892876e+01
4.802042182792099112e+01
4.754807084123972061e+01
4.775930351655855333e+01
4.787119741100323722e+01
4.764705882352941302e+01
4.799391480730223236e+01
4.822840559918060421e+01
4.794455713319810997e+01
4.745756341998120575e+01
4.839125981563673662e+01
4.766798679867986976e+01
4.769900990099009874e+01
4.733134982774819832e+01
4.855069989757596716e+01
4.816683087027914922e+01
4.793429487179486870e+01
4.764839743589743648e+01
4.771909385113268343e+01
4.692809466019417641e+01
4.692788461538461320e+01
4.657962740384615330e+01
4.655074257425742701e+01
4.581969696969697026e+01
4.641243811881188464e+01
4.602879901960784537e+01
4.687623762376237835e+01
4.650092821782178021e+01
4.682382133995037066e+01
4.604837740384615330e+01
4.588401442307691980e+01
4.597334558823529704e+01
4.589215686274509665e+01
