6.851426024955436844e+01
6.844074407440744778e+01
6.835726643598616192e+01
6.810034602076125054e+01
6.821316249271986010e+01
6.873057305730573319e+01
6.823154555940023158e+01
6.833660130718953951e+01
6.861686168616861892e+01
6.862696969696969518e+01
6.861236123612361837e+01
6.880124999999999602e+01
6.885515151515151899e+01
6.909453848610667137e+01
6.904044117647059409e+01
6.927375000000000682e+01
6.974322580645161906e+01
6.921384803921569073e+01
6.986242884250474106e+01
7.025066666666666038e+01
6.904224941724942255e+01
6.889568764568764436e+01
6.937654702970297649e+01
6.984007352941176805e+01
6.973253676470588402e+01
6.950524475524476031e+01
7.044117647058823195e+01
7.069322580645160770e+01
6.982361778846153300e+01
7.005885922330097060e+01
6.981856796116504427e+01
6.981277672359266262e+01
6.913857016769638619e+01
6.887212121212121474e+01
6.934123972169513195e+01
6.887867647058823195e+01
6.894638480392157476e+01
6.905321782178218371e+01
6.844030303030302775e+01
6.853105310531053362e+01
6.857937499999999886e+01
6.870566666666667288e+01
6.889638318670576211e+01
6.897100032583902873e+01
6.860024752475247567e+01
6.952323232323232105e+01
6.873807380738074357e+01
6.925419354838709296e+01
6.883711274353241549e+01
6.841129032258064058e+01
6.833787128712870640e+01
6.901500000000000057e+01
6.936666666666666003e+01
6.882242095177259955e+01
6.867616421568627061e+01
6.820528817587640447e+01
6.857673267326732969e+01
6.786726485148514598e+01
6.869028465346534063e+01
6.884192961165048530e+01
6.831893382352940591e+01
6.833887259693710803e+01
7.149345238095237676e+01
7.166496743132256597e+01
7.036027210884353167e+01
7.111540616246499269e+01
6.778321678321678689e+01
7.079779411764705799e+01
7.076843537414966079e+01
7.123744658119657913e+01
6.712189205579139184e+01
7.217589948600799232e+01
7.343346938775509614e+01
7.278122448979591752e+01
7.073308846036118780e+01
7.161418299032978041e+01
7.244598765432098730e+01
7.117304582210242359e+01
7.071347134713471405e+01
7.032590051457975733e+01
7.031887135922329435e+01
6.933391608391607974e+01
6.907531626949102588e+01
6.866105082809822591e+01
6.824682814302191503e+01
6.913804611650485299e+01
6.923199739328771329e+01
6.880124777183600315e+01
6.867332952598515305e+01
6.809394631639062823e+01
6.847884788478847895e+01
6.874845542806707499e+01
6.823063482818869829e+01
6.797174163783159884e+01
6.824955436720142643e+01
6.785527082119976683e+01
6.770184544405998395e+01
6.843819865857552998e+01
6.785028502850285292e+01
6.814000000000000057e+01
6.791419141914191471e+01
6.850804455445545216e+01
6.798951659871869424e+01
6.934718750000000398e+01
7.040900735294117396e+01
6.890185185185184480e+01
6.863949579831933079e+01
6.948227163461538680e+01
6.808778825995807438e+01
6.746430392656807840e+01
6.904827968923417814e+01
7.063779761904761756e+01
6.979272237196765616e+01
7.063251201923077360e+01
7.115260545905707090e+01
7.016924504950495134e+01
7.047589285714285268e+01
7.047735732009925869e+01
6.979134199134199434e+01
7.098552631578947114e+01
7.139558573853989287e+01
6.946798170383075899e+01
7.165820178448868205e+01
7.090837336993823214e+01
7.149637919684002441e+01
7.071284271284271483e+01
7.013671875000000000e+01
6.945627705627705950e+01
6.933481877599524523e+01
6.983266666666666822e+01
6.960466666666665958e+01
6.960806451612903345e+01
6.908910891089108475e+01
6.844727272727273260e+01
6.829691876750700885e+01
6.860508578431372939e+01
6.818242424242424704e+01
6.781608160816081465e+01
6.751816608996540481e+01
6.733753501400559571e+01
6.895857052498418227e+01
6.838020833333332860e+01
6.845327970297029196e+01
6.771260504201680419e+01
6.779971988795517746e+01
6.833823529411765207e+01
6.801027984009137128e+01
6.830672268907562739e+01
6.810813148788926696e+01
6.785640138408304267e+01
6.705800000000000693e+01
6.729299719887954723e+01
6.764771428571428658e+01
6.813482818870122060e+01
6.762647058823529278e+01
6.741705882352941614e+01
6.744794117647059295e+01
6.760117647058822854e+01
6.753401360544218335e+01
6.797749774977498305e+01
6.621898660454280616e+01
6.766874628639334333e+01
6.797581879400061666e+01
6.761636363636363001e+01
6.822909090909091390e+01
