6.499393165122964433e+01
6.514151515151515071e+01
6.510308972073677580e+01
6.590717821782178021e+01
6.591089108910891525e+01
6.593873762376237835e+01
6.586169554455445052e+01
6.598793316831682887e+01
6.568596813725490335e+01
6.527962796279628321e+01
6.574417892156863275e+01
6.492632781267846553e+01
6.568007425742574412e+01
6.505730573057306287e+01
6.534010002942041240e+01
6.565240641711230296e+01
6.481430219146481875e+01
6.550000000000000000e+01
6.477748068924539382e+01
6.565810643564356042e+01
6.499821746880570572e+01
6.447029988465975237e+01
6.547215346534653690e+01
6.473321449792038607e+01
6.514671467146715145e+01
6.449538638985005434e+01
6.563923267326732969e+01
6.483957219251337278e+01
6.539613970588234793e+01
6.570853960396038929e+01
6.389705882352941302e+01
6.543366336633663138e+01
6.528300000000000125e+01
6.399143346659052156e+01
6.490177041690462545e+01
6.426870359794402532e+01
6.471885813148789168e+01
6.511567599067599588e+01
6.595772058823528994e+01
6.432913165266106148e+01
6.564356435643564680e+01
6.444270833333332860e+01
6.494876660341556374e+01
6.542925582880869229e+01
6.491168180394613785e+01
6.438830445544554948e+01
6.519386777387416032e+01
6.519035451932289504e+01
6.415043117214946733e+01
6.441616097093580606e+01
6.546193548387097394e+01
6.472750000000000625e+01
6.388140417457305631e+01
