6.743469387755102673e+01
6.766268748086929463e+01
6.683088023088022567e+01
6.677696793002915854e+01
6.595948379351740698e+01
6.598169267707082497e+01
6.606803327391563130e+01
6.603238265002970309e+01
6.584004998437988831e+01
6.626304279912527306e+01
6.574074074074074758e+01
6.490066026410563893e+01
6.590656565656566102e+01
6.544712430426716310e+01
6.576531231049121118e+01
6.577413308341142795e+01
6.531253713606655253e+01
6.571900826446281485e+01
6.538528138528138811e+01
6.544063079777365033e+01
6.507696969696969802e+01
6.537909709338281061e+01
6.530364873222015376e+01
6.499479644934190503e+01
6.488797061524334708e+01
6.534260977118120195e+01
6.532683073229291892e+01
6.428499999999999659e+01
6.498049219687875677e+01
6.526054358013121259e+01
6.470709520921771229e+01
6.473859543817526685e+01
6.484469696969696884e+01
6.508716026241799568e+01
6.462329174093879658e+01
6.357871720116617809e+01
6.492439546985001186e+01
6.417142008318478474e+01
6.392389326864766730e+01
6.396159615961596501e+01
6.524259020618556804e+01
6.417727272727272236e+01
6.483577806122448806e+01
6.486181818181817960e+01
6.486472977194627276e+01
6.402340936374550040e+01
6.405393939393938751e+01
6.422303921568627061e+01
6.398919891989199016e+01
6.491161616161616621e+01
6.390088235294117425e+01
6.482151515151515753e+01
6.355228571428571627e+01
6.409239453357101013e+01
6.373238206173558495e+01
6.428061224489795222e+01
6.436848484848485441e+01
6.368597742127153793e+01
6.346482122260668746e+01
6.413343749999999943e+01
6.389484848484848811e+01
6.445604560456045817e+01
6.465214646464646364e+01
6.425371360665478448e+01
6.491955445544554948e+01
6.440054005400540404e+01
6.494183168316831711e+01
6.498250000000000171e+01
6.457820630547902852e+01
6.483168316831682887e+01
6.439647058823528880e+01
6.494638480392157476e+01
6.443774377437743794e+01
6.438193819381937999e+01
6.502645161290323017e+01
6.507281249999999773e+01
6.463382352941177089e+01
6.453696969696969177e+01
6.436933693369337561e+01
6.445154515451545763e+01
6.456825682568256752e+01
6.480909090909091219e+01
6.432739156268567626e+01
6.436690433749257068e+01
6.446476715686274872e+01
6.463906249999999432e+01
6.438756127450980671e+01
6.451237623762376927e+01
6.445000000000000284e+01
6.432147277227723237e+01
6.419306930693069546e+01
6.531313131313130782e+01
6.446593749999999545e+01
6.506579367614180853e+01
6.409625668449197633e+01
6.459344362745098067e+01
6.514232673267326845e+01
6.472640931372548323e+01
6.450585058505851066e+01
6.503248762376237835e+01
6.502682848930054149e+01
6.509613541999361530e+01
6.492093611638203754e+01
6.462685643564356042e+01
6.520062500000000227e+01
6.516645161290323074e+01
6.503620049504949918e+01
6.536884978820462777e+01
6.490333333333333599e+01
6.541531249999999886e+01
6.514665841584158557e+01
6.526225806451613209e+01
6.513548387096774661e+01
6.541088302378625485e+01
6.596666666666666856e+01
6.558194851743239440e+01
6.535500000000000398e+01
6.575419354838709296e+01
6.580258064516128513e+01
6.588419354838710262e+01
6.580838709677419729e+01
6.598246173469387088e+01
6.661113007852509327e+01
6.610548387096774547e+01
6.635242718446602339e+01
6.592354838709677267e+01
6.507620762076207654e+01
6.550303417438517783e+01
6.452620850320326440e+01
6.568062500000000625e+01
6.570312500000000000e+01
6.551996167358670675e+01
6.545738636363635976e+01
6.590483870967742064e+01
6.525454545454545041e+01
6.548406249999999318e+01
6.580935483870968028e+01
6.523333333333333428e+01
6.517454545454545212e+01
6.489196272568433699e+01
6.585286195286195721e+01
6.531778984350047779e+01
6.562612903225806349e+01
6.518909090909090764e+01
6.565322580645161565e+01
6.552691831683168289e+01
6.528991336633663423e+01
6.589051808406647126e+01
6.532580445544554948e+01
6.542818181818181245e+01
6.578918214402085596e+01
6.484402852049910848e+01
6.486029411764705799e+01
6.511045792079207217e+01
6.506480648064805905e+01
6.537469059405940186e+01
6.532889851485148824e+01
6.564228680932609450e+01
6.532093749999999943e+01
6.581483870967741723e+01
6.551006068348770839e+01
6.491769801980197485e+01
6.559645161290322335e+01
6.532321941871606441e+01
6.547333120408815432e+01
6.498700495049504866e+01
6.501630751310425183e+01
6.540306611306291984e+01
6.500278465346534063e+01
6.465379901960784537e+01
6.520220588235294201e+01
6.480948094809481574e+01
6.512898284313725128e+01
6.509129901960784537e+01
6.471262254901961342e+01
6.473314950980392268e+01
6.459705970597059377e+01
6.538235294117646390e+01
6.485416666666667140e+01
6.493504901960784537e+01
6.520075164422173941e+01
6.431280637254901933e+01
6.495435049019607732e+01
6.508474082702387875e+01
6.504702970297029196e+01
6.503060011883540881e+01
6.461929979405707059e+01
6.535906862745098067e+01
6.511726485148514598e+01
6.547855392156863275e+01
6.572957920792079278e+01
6.514325495049504866e+01
6.543780637254901933e+01
6.528567225654603590e+01
6.482199754901961342e+01
6.542647058823528994e+01
6.544424019607842524e+01
6.544014401440144013e+01
6.560723039215686470e+01
6.551972087378641163e+01
6.513621653427478009e+01
6.510679611650485299e+01
6.602505480739117161e+01
6.562242703533026145e+01
6.604885687441277753e+01
6.526333746898262689e+01
6.507119741100324006e+01
6.572642679900744156e+01
6.533428209993674329e+01
6.512621359223301454e+01
6.553429376761665992e+01
6.534729649435531940e+01
