6.461706464764122870e+01
6.480243612596554215e+01
6.568406840684068015e+01
6.565706570657066266e+01
6.463696655132640956e+01
6.528013977868374695e+01
6.569606060606061249e+01
6.534886429819452758e+01
6.538905066977285685e+01
6.529994175888177210e+01
6.513062665489850644e+01
6.571454545454545837e+01
6.525411764705881978e+01
6.506421499292785882e+01
6.586529411764705344e+01
6.545078625509609083e+01
6.595818181818181358e+01
6.550505050505050519e+01
6.552703505644682025e+01
6.594539453945394314e+01
6.530780430984275142e+01
6.459151343705799775e+01
6.470657065706571132e+01
6.319705882352941018e+01
6.302910539215686470e+01
6.341120049504950629e+01
6.259746251441752918e+01
6.299448529411764497e+01
6.218176470588235105e+01
6.258235823582358393e+01
6.266470588235294059e+01
6.245069204152249398e+01
6.316738861386138382e+01
6.297839783978398032e+01
6.186866627839254562e+01
6.207871972318339004e+01
6.238817705299941707e+01
6.239429237041350973e+01
6.187099592312172547e+01
6.289531680440771311e+01
6.244404440444044724e+01
6.239843984398439858e+01
6.222162804515745904e+01
6.221828143021914315e+01
6.183266704740148612e+01
6.175403690888119712e+01
6.185997171145685769e+01
6.210163075131042376e+01
6.227748068924539382e+01
6.278523284313725839e+01
6.219756387403446496e+01
6.264727272727272833e+01
6.282628262826282395e+01
6.425649752475247567e+01
6.276499423298731273e+01
6.269743739079790146e+01
6.269529411764705884e+01
6.294696969696969546e+01
6.277197719771977091e+01
6.345499999999999829e+01
6.316062500000000313e+01
6.276027602760276380e+01
6.260036003600360033e+01
6.283528352835283215e+01
6.264515151515151814e+01
6.164565826330532161e+01
6.230867498514557212e+01
6.244164416441644505e+01
6.166428571428571104e+01
6.194636678200691904e+01
6.312968750000000284e+01
6.300216584158415856e+01
6.307890789078907545e+01
6.208852364475201568e+01
6.249878787878787989e+01
6.212271227122712247e+01
6.296093750000000000e+01
6.198147058823529676e+01
6.238354129530600289e+01
6.261819306930693330e+01
6.262466246624662602e+01
6.225163398692810546e+01
6.240968508615567600e+01
6.164391776127926903e+01
6.219452533488642842e+01
6.183362168396770642e+01
6.194117647058823195e+01
6.220382352941176407e+01
6.284000000000000341e+01
6.232013201320132367e+01
6.235787878787878924e+01
6.220588235294117396e+01
6.216889924286546432e+01
6.241545454545454419e+01
6.196457142857143197e+01
6.230183018301830344e+01
6.248235294117647243e+01
6.222917880023296533e+01
6.144761904761904958e+01
6.193858131487889551e+01
6.281114172023262654e+01
6.214186851211072593e+01
6.215882352941176237e+01
6.222001153402537454e+01
6.179207920792079278e+01
6.214909726266744627e+01
6.274153297682709507e+01
6.218264705882352672e+01
6.228974956319161294e+01
6.226936517181130171e+01
6.214560279557367295e+01
6.215715109573240937e+01
6.286078607860785894e+01
6.320593749999999744e+01
6.280851715686274161e+01
6.296349009900990268e+01
6.250795079507950902e+01
6.288706683168317113e+01
6.209726266744321777e+01
6.263276327632762985e+01
6.229207920792079278e+01
6.248514851485148824e+01
6.226705882352941046e+01
6.245754575457545599e+01
6.179988465974625456e+01
6.220588235294117396e+01
6.232913291329133187e+01
6.264408793820558685e+01
6.250000000000000000e+01
6.197779700115340518e+01
6.210322952710495770e+01
6.221078431372549034e+01
6.238264414676761760e+01
6.180565167243367597e+01
6.231773177317731438e+01
6.178490790255496279e+01
6.273452970297029907e+01
6.239334521687462853e+01
6.241314131413141553e+01
6.251245124512450957e+01
6.177220299884659482e+01
6.180052417006406529e+01
6.150028835063437072e+01
6.177751892836342762e+01
6.299677419354839003e+01
6.262757575757575523e+01
6.322687499999999972e+01
6.321062106210621323e+01
6.416819852941176805e+01
6.510954966464387894e+01
6.497380050505050519e+01
6.489387376237623073e+01
5.748290322580645295e+01
5.732735148514851176e+01
5.704375000000000284e+01
5.743244949494949481e+01
5.738667929292929415e+01
5.770327970297029907e+01
5.694629462946294751e+01
5.767350928641251073e+01
5.686512180629827640e+01
5.842188552188552109e+01
5.802117953730856925e+01
5.677898343803541081e+01
5.808026960784313530e+01
5.764957524271844846e+01
5.665807038834951470e+01
5.326562500000000000e+01
5.244053398058252213e+01
5.234617718446602197e+01
5.204186893203883812e+01
5.181250000000000000e+01
5.125609031491384115e+01
5.074656250000000313e+01
4.940566037735849392e+01
4.917099192618223924e+01
4.825494505494505404e+01
4.768626907073509358e+01
4.703451995685005471e+01
4.663721413721413711e+01
4.560986159169549836e+01
4.891028225806451957e+01
4.833919270833333570e+01
4.542268907563025238e+01
4.800096649484535760e+01
4.883576388888889142e+01
4.792384436315264651e+01
4.465408805031446349e+01
4.380332871012482343e+01
4.441883484162895712e+01
4.796135419993612459e+01
4.800633333333333042e+01
4.763501683501683459e+01
4.742346938775510523e+01
4.718201208674013714e+01
4.624753127057274327e+01
4.627721088435374241e+01
4.609545753785385358e+01
4.680270174191254995e+01
4.649931972789115520e+01
4.609084924292297814e+01
4.922096219931271577e+01
5.126238776188892388e+01
5.042343749999999858e+01
5.060497572815533829e+01
5.166310160427807574e+01
5.225742574257425588e+01
5.310393939393939178e+01
5.266294117647058926e+01
5.275240096038415061e+01
5.204771428571428515e+01
5.273278236914600825e+01
5.162106782106781822e+01
5.227133794694348268e+01
5.188514285714285990e+01
5.230718954248366259e+01
5.164809052333804829e+01
5.160314285714285631e+01
5.178485714285714181e+01
5.271811298776936638e+01
5.279855699855699669e+01
5.378181818181818130e+01
5.336971428571428788e+01
5.436147186147186261e+01
5.383647058823529363e+01
5.337099592312172547e+01
5.308708189158016211e+01
5.259551820728291460e+01
5.192421833598304204e+01
5.249504950495049371e+01
5.192156862745098067e+01
5.231258840169731172e+01
5.261166116611661181e+01
5.339749563191612935e+01
5.269175317185698049e+01
5.266161910308677818e+01
5.275946418171228913e+01
5.272626674432149230e+01
5.275596971461852291e+01
5.501731601731601984e+01
5.394029411764705628e+01
5.355815295815295940e+01
5.434557698194061715e+01
5.107407407407407618e+01
5.183008623442989204e+01
5.199840306611306318e+01
5.451894844656879258e+01
5.755186590765338650e+01
5.995894909688013286e+01
6.168697478991596483e+01
6.311437908496731808e+01
6.247018030513176257e+01
6.229045092838196496e+01
6.229460997656511267e+01
6.220457559681697290e+01
6.184476190476190283e+01
6.213726146635420378e+01
6.159615384615384670e+01
6.210129449838187554e+01
6.209935275080906081e+01
6.198608414239482300e+01
6.225653594771242183e+01
6.237973856209150370e+01
6.272274468826192617e+01
6.204848484848484702e+01
6.301407459535538180e+01
6.276836734693877418e+01
6.235806339254614983e+01
6.235555555555555429e+01
6.240538720538720696e+01
6.286054421768707812e+01
6.296338428723782243e+01
6.237542087542087188e+01
6.238686868686868792e+01
6.273639455782313235e+01
6.295855102751654186e+01
6.308185301288749258e+01
6.313700000000000045e+01
6.233838709677419132e+01
6.286435643564356468e+01
6.251258064516129309e+01
6.321310344827585936e+01
6.299023569023569280e+01
6.363636363636363313e+01
6.369696969696969546e+01
6.362103796586555404e+01
6.422582972582972616e+01
6.328585858585858404e+01
6.269174917491749000e+01
6.428102453102452785e+01
6.397413793103448398e+01
6.329158249158248850e+01
6.278033333333333132e+01
6.368338557993730120e+01
6.336360532604984286e+01
6.368199233716475050e+01
6.344488448844884232e+01
6.281068752036493663e+01
6.343666666666666742e+01
6.268132942326490564e+01
6.341518634622082828e+01
6.243817485196795758e+01
6.094646464646464779e+01
6.106498316498316825e+01
6.114833333333333343e+01
6.012906250000000341e+01
6.018468750000000256e+01
6.107900000000000063e+01
6.092356902356902282e+01
6.113700000000000045e+01
6.064931331842861795e+01
6.084653465346534773e+01
6.125544217687075133e+01
6.097800000000000153e+01
6.037797328119908968e+01
6.112733333333333263e+01
6.142525252525252455e+01
6.148888888888888715e+01
6.116122448979592008e+01
6.068415841584158699e+01
6.086133333333333439e+01
6.160620689655172555e+01
6.091258064516129167e+01
6.173423894113549437e+01
6.091447811447811489e+01
6.059000000000000341e+01
6.057677419354838833e+01
6.067000000000000171e+01
6.073032258064515787e+01
6.078283828382838294e+01
6.115233333333333121e+01
6.091089108910890815e+01
6.144040404040404013e+01
6.070841239721695359e+01
6.123400000000000176e+01
6.141366666666666418e+01
6.150800000000000267e+01
6.151683501683501731e+01
6.007858910891089010e+01
6.061096774193548242e+01
6.027356103731815296e+01
5.927421271538918290e+01
5.946024602460246200e+01
5.943575757575757734e+01
6.028419354838709410e+01
5.973700495049504866e+01
5.953337378640776478e+01
6.029316888045541134e+01
5.976844458639412494e+01
5.892527213886437210e+01
5.853519417475727948e+01
