5.777619047619047876e+01
5.679359634076615038e+01
5.706147186147185835e+01
5.681333333333333258e+01
5.672264150943396288e+01
5.763312739040894428e+01
5.701680672268907557e+01
5.621675824175824232e+01
5.736767676767676960e+01
5.672408963585434094e+01
5.675028280542986181e+01
5.687980769230769340e+01
5.670930896630496676e+01
5.679411764705882604e+01
5.723129640205596758e+01
5.629835164835164818e+01
5.698823529411764355e+01
5.710520361990950278e+01
5.772387425658453708e+01
5.740831367924528195e+01
5.679649595687331498e+01
5.716482582837723214e+01
5.682724867724867579e+01
5.729452603471295191e+01
5.774417314095449427e+01
5.793138936535162742e+01
5.768658008658008640e+01
5.747261072261072457e+01
5.774343434343434467e+01
5.797956730769230660e+01
5.817597087378640452e+01
5.844791666666666430e+01
5.842687128092703119e+01
5.874667931688804856e+01
5.831603773584905781e+01
5.839899780770435456e+01
5.775273058252427205e+01
5.867077798861480176e+01
5.844178187403993974e+01
5.754399766899766888e+01
5.748339160839160655e+01
5.747406759906760243e+01
5.715530303030303116e+01
5.727503607503607697e+01
5.725396825396825307e+01
5.702097902097901994e+01
5.721385281385281729e+01
5.760983009708737512e+01
5.748455428067078543e+01
5.675678733031674028e+01
5.711255656108597378e+01
5.741423948220064943e+01
5.759344059405940897e+01
5.763368983957219172e+01
5.841838709677419672e+01
5.837161290322580953e+01
5.809517725966144752e+01
5.769981060606060908e+01
5.742838709677419473e+01
5.781188118811881083e+01
5.757827669902912504e+01
5.806609740670461406e+01
5.827197975964579513e+01
5.889721695129664880e+01
5.811243872549019329e+01
5.859469817949536719e+01
5.875151708719258892e+01
5.845572422517393818e+01
5.856492718446602197e+01
5.843118990384615330e+01
5.820192580005664240e+01
5.805382907880132848e+01
5.846683819325328813e+01
5.869909502262443368e+01
5.831624649859944043e+01
5.822117718446602197e+01
5.858394607843137436e+01
5.765134803921568363e+01
5.731832107843137436e+01
5.671652661064425871e+01
5.736893203883494863e+01
5.765064102564102910e+01
5.673379120879121018e+01
5.737160633484162986e+01
5.701401098901099118e+01
5.747458595088520639e+01
5.770045688178183951e+01
5.730666666666666487e+01
5.860096153846154010e+01
5.855704099821746667e+01
5.821717171717171624e+01
5.890610028744809767e+01
5.842667079207920722e+01
5.862438118811881083e+01
5.873793316831682887e+01
5.802310231023102460e+01
5.856000000000000227e+01
5.849690594059406124e+01
5.878531250000000341e+01
5.852000000000000313e+01
5.834777227722772608e+01
5.845637376237623783e+01
5.880271464646464352e+01
5.799875000000000114e+01
5.785020760140530172e+01
5.836781249999999943e+01
5.831906250000000114e+01
5.845142326732673155e+01
5.871000000000000085e+01
5.843453957046190084e+01
5.902389705882352899e+01
5.842045454545454675e+01
5.872145061728394921e+01
5.845187500000000114e+01
5.885891169762137309e+01
5.951678071032909401e+01
5.912563131313131493e+01
5.962774193548386847e+01
5.948334833483348660e+01
5.884548454845484855e+01
5.944087009803921262e+01
5.878187818781878349e+01
5.849287469287469321e+01
5.942906250000000057e+01
5.947843749999999829e+01
5.880030303030302719e+01
5.971967741935483787e+01
5.970499999999999829e+01
5.845206942590120036e+01
5.945487129358097178e+01
5.884473981900452344e+01
5.922656250000000000e+01
5.987878787878787534e+01
5.924621212121212466e+01
5.993189964157706129e+01
5.938137755102040671e+01
5.888200815494393225e+01
5.934223300970873538e+01
6.084198385236447848e+01
6.271954842543078001e+01
6.265928945835759833e+01
6.337983798379838163e+01
6.377647764776477857e+01
6.349365628604383005e+01
6.405377302436126286e+01
6.440819964349375937e+01
6.512072820185244382e+01
6.443045343137255543e+01
6.543434343434343248e+01
6.447013827596352087e+01
6.393622597553873277e+01
6.466924504950495134e+01
6.393454440599769129e+01
6.620841239721694649e+01
6.497499264489555060e+01
6.516522277227723237e+01
6.505724009900990268e+01
6.413963161021985115e+01
6.485661764705882604e+01
6.447794779477948168e+01
6.451905190519052269e+01
6.428069674471730366e+01
6.448484848484848442e+01
6.427812781278127829e+01
6.397831253713606969e+01
6.500325839035517106e+01
6.406298276886512610e+01
6.378527227722772608e+01
6.384135472370766706e+01
6.371449792038027482e+01
6.430453431372548323e+01
6.366696969696969433e+01
6.470986519607842524e+01
6.443100247524752433e+01
6.424721534653465937e+01
6.430818181818182211e+01
6.443719059405940186e+01
6.387500000000000000e+01
6.409957107843136725e+01
6.473590686274509665e+01
6.513857016769638619e+01
6.587697659709044729e+01
6.530552184466019128e+01
6.492371323529411598e+01
6.558156250000000398e+01
6.540042892156863275e+01
6.629967637540453040e+01
6.567741935483870463e+01
6.593811274509803866e+01
6.562624999999999886e+01
6.495772058823528994e+01
6.580707798308800704e+01
6.547640931372548323e+01
6.548866421568627061e+01
6.545664566456645161e+01
6.624479166666667140e+01
6.590439356435643958e+01
6.585989879822896853e+01
6.515597147950089152e+01
6.610021922956467222e+01
6.620600447141488587e+01
6.622833649588868354e+01
6.546170343137255543e+01
6.554595588235294201e+01
6.650303417438517783e+01
6.555565556555654894e+01
6.558601485148514598e+01
6.596139705882353610e+01
6.540255496137848468e+01
6.556435643564356042e+01
6.592903225806450962e+01
6.594485294117646390e+01
6.519103086779266221e+01
6.550386215092098041e+01
6.551949257425742701e+01
6.576937499999999659e+01
6.553867574257425588e+01
6.561169554455445052e+01
6.558694306930692619e+01
6.577781249999999602e+01
6.553341584158415856e+01
6.535508578431372939e+01
6.557673267326732969e+01
6.569337871287129360e+01
6.564480198019802515e+01
6.630593749999999886e+01
6.538073807380737890e+01
6.572215346534653690e+01
6.612870641902900104e+01
6.636200495049504866e+01
6.578937500000000682e+01
6.580875000000000341e+01
6.561293316831682887e+01
6.624762808349146326e+01
6.580147058823528994e+01
6.542295792079207217e+01
6.577750000000000341e+01
6.515781578157815090e+01
6.544430693069307381e+01
6.492769276927693056e+01
6.558013613861386659e+01
6.541666666666667140e+01
6.548514851485148824e+01
6.540406249999999488e+01
6.552289603960396391e+01
6.487403446226976200e+01
6.557178217821781629e+01
6.568100247524752433e+01
6.586090686274509665e+01
6.539613970588234793e+01
6.529999999999999716e+01
6.567636138613860908e+01
6.576906250000000398e+01
6.592125000000000057e+01
6.560210396039603609e+01
6.571446822101565033e+01
6.553505644682115872e+01
6.574142156862744457e+01
6.552258663366336577e+01
6.528503787878787534e+01
6.518719362745098067e+01
6.620132013201320831e+01
6.562097772277228103e+01
6.563273514851485402e+01
6.576807680768077091e+01
6.517187500000000000e+01
6.568625000000000114e+01
6.546132425742574412e+01
6.519562500000000682e+01
6.499470432480141824e+01
6.504354221829950689e+01
6.511805555555555713e+01
6.593165122963908686e+01
6.605874587458745850e+01
6.595568589116976455e+01
6.561968749999999773e+01
6.607982673267326845e+01
6.563174704567231288e+01
6.596263174704567689e+01
6.534870049504949918e+01
6.618646864686468234e+01
6.596071542638134133e+01
6.611716171617162274e+01
6.630645161290323131e+01
6.567872271098077874e+01
6.579281249999999659e+01
6.590294117647059124e+01
6.573750790638835895e+01
6.631683168316831711e+01
6.609996806132225800e+01
6.582659313725490335e+01
6.640462046204621060e+01
6.614436282337911166e+01
6.627356103731816006e+01
6.537344028520499251e+01
6.541535194174757351e+01
6.553712871287129360e+01
6.578093749999999318e+01
6.587874999999999659e+01
6.623888888888889426e+01
6.647194719471947622e+01
6.590625000000000000e+01
6.638519924098672220e+01
6.651320132013201203e+01
6.538572303921569073e+01
6.567017326732673155e+01
6.583857808857808891e+01
6.550445632798573570e+01
6.515533980582524975e+01
6.610784313725490335e+01
6.624130297280201773e+01
6.627387729285263163e+01
6.543790849673202104e+01
6.633111954459202764e+01
6.717274857716772374e+01
6.632637571157495415e+01
6.665314595975726775e+01
6.627261227071473115e+01
6.615022137887413578e+01
6.675896210310686740e+01
6.617583807716634681e+01
6.589368872549019329e+01
6.612766666666666993e+01
6.544058229352347666e+01
6.619333333333332803e+01
6.607154263813478678e+01
6.604982433727244029e+01
6.669869281045751563e+01
6.608016608112424706e+01
6.509545454545454390e+01
6.566698292220114297e+01
6.703594771241830585e+01
6.673717948717948900e+01
6.586031250000000625e+01
6.597349089747685014e+01
6.557062500000000682e+01
6.576173746406898601e+01
6.566268382352940591e+01
6.519667260843731071e+01
6.621967741935483787e+01
6.542475728155339709e+01
6.551454775458570623e+01
6.510055693069307381e+01
6.542580645161289965e+01
6.605525391248802691e+01
6.592064950980392268e+01
6.549912587412588039e+01
6.554217233009708821e+01
6.568219339622640973e+01
6.644813409234662060e+01
6.680613222612583968e+01
6.561711165048544103e+01
6.552396844660194120e+01
6.512019230769230660e+01
6.543416262135922068e+01
6.537645687645687076e+01
6.577389705882353610e+01
6.593028846153846700e+01
6.630866540164453227e+01
6.514865637507146801e+01
6.613865291262135315e+01
6.649816176470588402e+01
6.540790255496138172e+01
6.493974871501998791e+01
6.506930693069307381e+01
6.534362259755387470e+01
6.510149942329873340e+01
6.536130334486735194e+01
6.571956901572509935e+01
6.574420677361854359e+01
6.528403361344537359e+01
6.607018054746650648e+01
6.576701268742790774e+01
6.559308966304968180e+01
6.587860438292963750e+01
6.597750865051902736e+01
6.614121800529566997e+01
6.594665513264129686e+01
6.641794179417941280e+01
6.624635993011065693e+01
6.586620879120879124e+01
6.625299828669331248e+01
6.626384922901199559e+01
6.650970873786407367e+01
6.637607081667619013e+01
6.680161476355247885e+01
6.658109651627641767e+01
6.651622746185853430e+01
6.704111936036549935e+01
6.672444317532838909e+01
6.707266435986159081e+01
6.732266435986159081e+01
6.701370645345517119e+01
6.721816105082810111e+01
6.748274827482748606e+01
6.687142857142856656e+01
6.678487394957983270e+01
6.812928921568627061e+01
6.755763517528222906e+01
6.662577030812325063e+01
6.769251336898395266e+01
6.755276816608996171e+01
6.758852364475201568e+01
6.706526610644257858e+01
6.735690045248868785e+01
6.671065493646138123e+01
6.745454545454545325e+01
6.712912087912087600e+01
6.677414965986395146e+01
6.728333887595610463e+01
6.776462585034013841e+01
6.752074829931973454e+01
6.762653061224489193e+01
6.740068027210884338e+01
6.758591065292095834e+01
6.686372613561553635e+01
6.786840253342715812e+01
6.771147079521463752e+01
6.705102040816326792e+01
6.723707482993197004e+01
6.638614718614718413e+01
6.784306826178747940e+01
6.768787878787878753e+01
6.769831649831650111e+01
6.818491228070175225e+01
6.705206896551723617e+01
6.754410774410774820e+01
6.685352205398288561e+01
6.697939393939394392e+01
6.761986531986532611e+01
6.844752186588921461e+01
6.793525686136523234e+01
6.698847926267281139e+01
6.680085582620144180e+01
6.746802721088435817e+01
6.666030283080974073e+01
6.721421107628003710e+01
6.744370161857847279e+01
6.844077961019490886e+01
6.656352863726135638e+01
6.623753665689149273e+01
6.672886597938143893e+01
6.727551020408162685e+01
6.682806784170269054e+01
6.798000000000000398e+01
6.852558983666061465e+01
6.727621393384940518e+01
6.655773195876288639e+01
6.714319727891155765e+01
6.679380717804363599e+01
6.704761904761905100e+01
6.530366161616161946e+01
6.696292517006803280e+01
6.637886767610270056e+01
6.656096774193548526e+01
6.660368663594469751e+01
6.620625610948191309e+01
6.626084183673469852e+01
6.620299771912675624e+01
6.583258928571429180e+01
6.614988595633757029e+01
6.656190476190475636e+01
6.606360544217686481e+01
6.592733789507983033e+01
6.584131638970349343e+01
6.596513522319973788e+01
6.685680272108844235e+01
6.770035842293906114e+01
6.817375886524823159e+01
6.687448979591836462e+01
6.749073438572409600e+01
6.705120274914089862e+01
6.753976073187895679e+01
6.736666666666666003e+01
6.731632653061224403e+01
6.683324084350721250e+01
6.641094007696536039e+01
6.607343124165554116e+01
6.650350404312668218e+01
6.659208356239692250e+01
6.677414965986395146e+01
6.644878706199460794e+01
6.614205607476635862e+01
6.616395193591455381e+01
6.677687074829931646e+01
6.630707610146862407e+01
6.792755102040815984e+01
6.810496453900709923e+01
6.582600195503421503e+01
6.635286372613560957e+01
6.693673469387755404e+01
6.593939393939393767e+01
6.630710994075049314e+01
6.577386770935157756e+01
6.620210664911125775e+01
6.714627039627039551e+01
6.664931972789115378e+01
6.661957119296316421e+01
6.755177696078430927e+01
6.793120567375886765e+01
6.676708259061200579e+01
6.675935828877005918e+01
6.713951395139514489e+01
6.755249999999999488e+01
6.547507788161993858e+01
6.570423280423280232e+01
6.750014430014429934e+01
6.602032967032967292e+01
6.656816932380428398e+01
6.683198319831983270e+01
6.688638985005766813e+01
6.631563342318059995e+01
6.675951557093425492e+01
6.742064950980392268e+01
6.717324185248713775e+01
6.603076923076923777e+01
6.617841287458379895e+01
6.751750514857310748e+01
6.728467365967365765e+01
6.660995052226498103e+01
6.679496606334841147e+01
6.611685319289006202e+01
6.810354609929078151e+01
6.544096774193548072e+01
6.749206349206349387e+01
6.845964783565663936e+01
6.823411978221415097e+01
6.815483870967742064e+01
6.602082777036048356e+01
6.783404255319149456e+01
6.657891156462585514e+01
6.603172413793103601e+01
6.627265306122448862e+01
6.687790526625478549e+01
6.639677601809954410e+01
6.586730961090788128e+01
6.680632630410654826e+01
6.639649595687330930e+01
6.678789592760180938e+01
6.671606334841628438e+01
6.642745098039215179e+01
6.544075049374588104e+01
6.589279895731507963e+01
6.665865552072447997e+01
6.704961294862772547e+01
6.655282695602512888e+01
6.678673469387754835e+01
6.549419354838710206e+01
6.826276595744680264e+01
6.538290322580645864e+01
6.627373737373737583e+01
6.769756944444444002e+01
6.780190007037298017e+01
6.634141414141414828e+01
6.747300592128178209e+01
6.667607105538139933e+01
6.641582491582491343e+01
6.674591836734694539e+01
6.641313131313131635e+01
6.783180858550316827e+01
6.875969827586206407e+01
6.699525616698292652e+01
6.576072658941434668e+01
6.313938584779706531e+01
6.161746031746032060e+01
6.379190938511327147e+01
6.154479889042995921e+01
5.913119916032537304e+01
5.981354244461040537e+01
6.047297297297297547e+01
6.009767192935509428e+01
5.728405572755418262e+01
5.934741537654159060e+01
6.022549019607843235e+01
6.013872549019608016e+01
6.136115142718916360e+01
6.020937500000000142e+01
6.301619433198380449e+01
6.903768191268191856e+01
6.808638545087143257e+01
6.873584387025837827e+01
6.915468975468975543e+01
6.980731170973062660e+01
6.997198879551820028e+01
7.064647435897435912e+01
6.903642191142191109e+01
7.133161512027491824e+01
6.962087542087542147e+01
6.892225806451612868e+01
6.942261322906483656e+01
6.941392526349409309e+01
6.910060683487704125e+01
6.979333333333333655e+01
7.004646464646464210e+01
6.993300000000000693e+01
6.950297029702970519e+01
6.909834983498349459e+01
6.934587458745875210e+01
6.980433333333333223e+01
6.969411764705881751e+01
6.897732353880549283e+01
6.867204301075268802e+01
6.965032679738561683e+01
6.986829836829836893e+01
6.965000000000000568e+01
7.034897959183673777e+01
6.924555628703093646e+01
7.019778429455848823e+01
7.033040078201368317e+01
7.043877551020408134e+01
7.039455782312924725e+01
7.032074829931973170e+01
6.943265306122448521e+01
6.991885521885521371e+01
6.984013605442176242e+01
6.974766666666666026e+01
7.139633413461538680e+01
7.072525252525252881e+01
7.092857142857143060e+01
7.110539215686274872e+01
7.074854312354312924e+01
7.071008158508158203e+01
7.077884615384616041e+01
6.967872271098077874e+01
7.000808080808080547e+01
7.010944570135747256e+01
6.967155425219941378e+01
7.045589203423304525e+01
7.115952380952380452e+01
7.042925170068026830e+01
7.033745219182112862e+01
7.090291563275434328e+01
7.084529702970297649e+01
7.063923267326732969e+01
7.019623418652544444e+01
7.014593837535014131e+01
7.030851715686274872e+01
7.033774639599882050e+01
7.072273284313725128e+01
7.050445632798573570e+01
7.075757575757575069e+01
7.066322815533980872e+01
6.890309343434343248e+01
6.962137504072987326e+01
6.908426596445029588e+01
7.076972087378641163e+01
7.060877403846153300e+01
7.119209558823528994e+01
7.082430069930069294e+01
7.006747404844290372e+01
7.122325721153846700e+01
7.098717948717948900e+01
7.088046116504854410e+01
7.033286199095022084e+01
7.035968137254901933e+01
7.113592233009708821e+01
7.088511904761904248e+01
7.092961165048544103e+01
7.060006009615383959e+01
7.088470873786407367e+01
7.086654016445287141e+01
7.060667067307691980e+01
7.061227685562167267e+01
7.026286764705882604e+01
6.992483660130719159e+01
7.028155339805825008e+01
6.965300059417705825e+01
7.087192590226764821e+01
6.982055852644087679e+01
7.083807716635041629e+01
7.094275774826058978e+01
7.044914215686274872e+01
7.086664603960396391e+01
7.124658808933001808e+01
7.004961378490790480e+01
7.031617647058823195e+01
7.014022578728460644e+01
7.062500000000000000e+01
7.068780339805825008e+01
6.989605939463163509e+01
7.068254950495050082e+01
7.061875901875902173e+01
7.059163059163059017e+01
7.064704184704184797e+01
6.970198019801979683e+01
7.066207328531162091e+01
7.059865196078430927e+01
6.999465240641711716e+01
7.151166666666667027e+01
7.085499530222361386e+01
7.067196234186525317e+01
7.062193627450980671e+01
7.016280451574569099e+01
7.117415048543689693e+01
7.122928526249209824e+01
7.079627403846153300e+01
7.069424019607842524e+01
7.109145004697776926e+01
7.094863861386139092e+01
7.146176470588235929e+01
7.131456310679611477e+01
7.060232843137255543e+01
7.174411764705882888e+01
7.118100247524752433e+01
7.065826582658266375e+01
7.160413404321954545e+01
7.075398284313725128e+01
7.152176636392107412e+01
7.054503676470588402e+01
7.055821078431372939e+01
7.037240498243372144e+01
7.130245927818587859e+01
7.025103980986334307e+01
7.055429292929292728e+01
7.085860148514851176e+01
7.040684068406841334e+01
7.095668316831682887e+01
7.098387096774193594e+01
7.059735973597359759e+01
7.091556490384616041e+01
7.127709677419355216e+01
7.023483910891089010e+01
7.052512254901961342e+01
7.044751213592232375e+01
7.129601518026565543e+01
7.056735436893204394e+01
7.086211258697026949e+01
7.114290322580644954e+01
7.121015649952092019e+01
7.076392326732673155e+01
7.010201020102010716e+01
6.974450386215092124e+01
7.085199240986717939e+01
7.116640051101884978e+01
7.106311274509803866e+01
7.107633343979559015e+01
7.051011029411765207e+01
7.150046977763858536e+01
7.084189356435643958e+01
7.152443308847013270e+01
7.164281045751633314e+01
7.080667892156863275e+01
7.153984819734345990e+01
7.178823529411764071e+01
7.085156250000000000e+01
7.110814950980392268e+01
7.040314913844325417e+01
7.178856595336952751e+01
7.128712871287129360e+01
7.068717477808387173e+01
7.160721062618596022e+01
7.169892473118279952e+01
7.175310173697270955e+01
7.100091911764705799e+01
7.172341105078250223e+01
7.162503992334717395e+01
7.090379901960784537e+01
7.010326566637246515e+01
7.071813725490196134e+01
7.120450986533040805e+01
7.128318858560794524e+01
7.102184466019417641e+01
7.074693627450980671e+01
7.074248798076922640e+01
7.112998102466792716e+01
7.131225806451612925e+01
7.142893644203130066e+01
7.009002647837598943e+01
7.083854166666667140e+01
7.062500000000000000e+01
7.012863933452169363e+01
7.136148007590132636e+01
7.081709558823528994e+01
7.060507359849671616e+01
7.062898284313725128e+01
7.068180394613216322e+01
6.979229185054427376e+01
7.028310643564356042e+01
6.996734333627537694e+01
7.026470588235294201e+01
7.051701732673267031e+01
7.051175742574257299e+01
7.025490196078430927e+01
7.122772277227723237e+01
7.133459835547121486e+01
7.078278186274509665e+01
7.038918597742127758e+01
7.043790849673202104e+01
7.089480198019802515e+01
