7.242424242424242209e+01
7.220192019201920175e+01
7.218531249999999488e+01
7.241508838383838054e+01
7.143118686868686495e+01
6.919218750000000284e+01
6.448179611650485299e+01
6.236324257425742701e+01
6.615377475247524330e+01
7.400464108910891525e+01
8.080374149659863292e+01
8.560808080808081399e+01
8.714717383576252985e+01
8.678114478114477492e+01
8.625413793103447802e+01
8.566873177842565212e+01
8.347021943573668068e+01
8.293004115226337092e+01
8.167938645716424162e+01
8.036775158997380686e+01
7.961769230769230887e+01
7.771681096681096790e+01
7.686471861471861189e+01
8.360167638483964936e+01
9.339380196523053712e+01
9.337747848858960253e+01
9.139035714285714107e+01
8.727518518518517965e+01
8.600182215743440395e+01
8.251436130007559200e+01
8.092646023926812404e+01
8.083628005657708115e+01
8.058896551724137680e+01
8.002116763400478305e+01
8.009965517241379018e+01
7.990793103448275758e+01
8.033418367346938282e+01
7.960257749912922520e+01
8.016269841269841834e+01
8.050728862973761579e+01
8.014686588921283317e+01
7.974275862068965637e+01
7.914838035527691318e+01
7.897854785478547512e+01
7.919505398815744002e+01
7.969782913165266791e+01
7.840168350168350742e+01
7.933035714285713880e+01
7.852145214521452488e+01
7.857821782178217518e+01
7.855181518151815112e+01
7.843421884882985751e+01
7.826664390576988239e+01
7.792366666666666219e+01
7.770366666666666333e+01
7.853147100424328642e+01
7.772599999999999909e+01
7.759166666666666856e+01
7.825496342737721989e+01
7.741488342382625376e+01
7.779793103448275815e+01
7.851964285714285552e+01
7.853279883381924265e+01
7.773133333333333894e+01
7.827180527383367803e+01
7.823448275862068613e+01
7.722666666666667368e+01
7.763332195288494120e+01
7.796620689655172498e+01
7.802473005921281413e+01
7.680631188118812247e+01
7.676193548387097110e+01
7.721718300862343654e+01
7.683597359735973953e+01
7.714799999999999613e+01
7.718766666666667220e+01
7.711033333333332962e+01
7.713569023569023386e+01
7.766678571428570876e+01
7.695066666666666322e+01
7.695866666666667300e+01
7.687333333333333485e+01
7.728585858585859114e+01
7.697033333333332905e+01
7.758047138047137992e+01
7.699022482893450103e+01
7.788551724137930421e+01
7.620915841584158557e+01
7.615741935483870861e+01
7.710795273075694922e+01
7.624794433902593482e+01
7.581404702970297649e+01
7.621655172413792911e+01
7.493434343434343248e+01
7.529741935483870918e+01
7.492806451612902663e+01
7.483401360544218051e+01
7.462087542087542147e+01
7.376578282828282340e+01
7.405709570957095877e+01
7.353645161290322108e+01
7.387171717171716523e+01
7.309044908285895303e+01
7.292789373814041198e+01
7.266584158415841443e+01
7.247117718446601486e+01
7.375808580858085861e+01
7.246568627450980671e+01
7.276666666666666572e+01
7.367450980392156623e+01
7.257387096774193935e+01
7.363928329952670992e+01
7.298811881188119344e+01
7.208362041966802281e+01
7.267095709570956785e+01
7.314401622718052920e+01
7.260231023102309678e+01
7.239342188488298291e+01
7.268252427184465603e+01
7.215416666666666856e+01
7.255705128205127608e+01
7.305018777739843472e+01
7.241254125412541498e+01
7.209139784946236773e+01
7.245115511551155407e+01
7.269096774193548072e+01
7.268999999999999773e+01
7.211419354838709239e+01
7.325965517241378677e+01
7.242079207920792783e+01
7.270033333333333303e+01
7.241839667837751904e+01
7.243729372937293931e+01
7.303201320132012597e+01
7.315980392156862422e+01
7.252762695624400635e+01
7.255507197857382096e+01
7.258352862403749839e+01
7.357340917170280647e+01
7.313962136578768991e+01
7.288617341814529027e+01
7.317038539553752230e+01
7.313379310344826933e+01
7.293559870550161861e+01
7.241121202630755249e+01
7.341210277214334212e+01
7.261830065359477260e+01
7.281252092400401921e+01
7.240056373316630811e+01
7.279895731508634071e+01
7.314333333333333087e+01
7.249838709677419502e+01
7.320966666666666356e+01
7.267483870967741666e+01
7.370043103448276156e+01
7.300538720538720838e+01
7.242739273927392674e+01
7.203741935483870407e+01
7.279033333333333644e+01
7.313468013468013851e+01
7.319158249158249419e+01
7.308463949843260821e+01
7.343279380717804372e+01
7.348451794510907575e+01
7.237655701053976998e+01
7.254545454545454675e+01
7.329158249158248850e+01
7.325521885521885679e+01
7.367448979591836178e+01
7.240150328844346461e+01
7.303290322580645011e+01
7.311733080328906453e+01
7.314066666666666094e+01
7.324379084967320352e+01
7.411215604319052375e+01
7.352543530215091039e+01
7.231443783275915393e+01
7.294710411784399184e+01
7.340266666666666140e+01
7.276666666666666572e+01
7.310903225806451644e+01
7.381529532263570559e+01
7.351109593717993107e+01
7.370776732845698120e+01
7.300132013201320547e+01
7.243883495145631457e+01
7.342082356879812721e+01
7.299108910891088442e+01
7.353953326367118848e+01
7.371885521885522508e+01
7.381515151515151274e+01
7.287585532746822992e+01
7.387626774847869626e+01
7.373724137931034761e+01
7.380594996619336712e+01
7.379377958079783184e+01
7.288140417457304920e+01
7.420448275862068499e+01
7.331881188118812531e+01
7.344191496484766901e+01
7.387946127946128172e+01
7.344096774193548072e+01
7.373737373737374412e+01
7.325648323845666710e+01
7.316761543327008610e+01
7.323592662871600112e+01
7.384279918864096715e+01
7.384584178498985807e+01
7.311796331435800766e+01
7.300980392156863275e+01
7.330235690235690527e+01
7.337327188940092526e+01
7.303483870967741609e+01
7.308775252525252597e+01
7.374899999999999523e+01
7.313587487781036600e+01
7.333333333333332860e+01
7.323872422680412342e+01
7.357244897959184016e+01
7.273106060606060908e+01
7.310012755102040671e+01
7.341381557510590028e+01
7.382749140893470496e+01
7.297267939433838535e+01
7.339915281850765894e+01
7.253363636363636147e+01
7.298142717497556475e+01
7.327040816326530148e+01
7.326052295918367463e+01
7.413299663299663678e+01
7.404622547389425335e+01
7.300189393939393767e+01
7.421560431905258781e+01
7.419993033786137460e+01
7.391310072416062837e+01
7.366556945358789221e+01
7.386496598639455158e+01
7.392034233048057956e+01
7.396445029624753431e+01
7.459523809523810201e+01
7.362561094819159280e+01
7.382883475971033249e+01
7.438140020898642035e+01
7.427481713688609943e+01
7.404542462146149262e+01
7.362645161290322449e+01
7.438035527690699666e+01
7.404838709677419217e+01
7.400825082508251285e+01
7.355892034233048093e+01
7.415918367346938567e+01
7.425016458196181190e+01
7.391463017269468594e+01
7.463298969072164368e+01
7.405252525252525686e+01
7.449931972789116230e+01
7.422906484196806787e+01
7.447361013370866090e+01
7.459537953795378940e+01
7.479633333333333667e+01
7.429874999999999829e+01
7.488193548387096143e+01
7.444592030360531965e+01
7.413180693069307381e+01
7.487491749174917288e+01
7.451724137931034875e+01
7.325258064516128798e+01
7.187749999999999773e+01
7.249166666666666003e+01
7.227200000000000557e+01
7.164511784511785208e+01
7.238662486938349616e+01
7.186666666666666003e+01
7.221466666666667322e+01
7.219166666666666288e+01
7.223127830024381524e+01
7.177172413793103090e+01
7.148890406282006893e+01
7.144653465346534915e+01
7.161724137931034306e+01
7.151066666666666549e+01
7.108114478114478629e+01
7.130806451612903629e+01
7.099169594378793136e+01
7.078494623655913642e+01
7.150168350168350173e+01
7.073150863473443906e+01
7.129620689655172328e+01
7.116103448275862320e+01
7.042096774193548470e+01
7.101172413793103999e+01
7.028934506353861877e+01
7.062248482912806935e+01
7.074233333333333462e+01
7.095633333333333326e+01
7.060366666666666902e+01
7.079764309764310326e+01
7.108045977011494188e+01
7.140862068965516585e+01
7.067486426061961424e+01
7.153764954257565023e+01
7.067531580744281428e+01
7.131614885626493106e+01
7.105993265993265595e+01
7.043042378241619872e+01
7.073842222931970980e+01
7.126498316498316399e+01
7.128484848484848158e+01
7.154592010925230738e+01
7.126195286195286371e+01
7.088613861386139092e+01
7.189241379310344371e+01
7.191908501194947689e+01
7.229068965517241452e+01
7.185286195286195721e+01
7.176802507836990230e+01
7.190909090909090651e+01
7.208740184363263381e+01
7.234040404040403871e+01
7.241515151515152127e+01
7.235689655172413381e+01
7.237931034482758719e+01
7.147733333333333405e+01
7.070572390572390020e+01
6.814323432343233833e+01
6.725676567656765314e+01
6.750818530128874784e+01
6.682246500512120235e+01
6.694466666666666299e+01
6.690965517241379246e+01
6.660330033003300798e+01
6.624870967741935601e+01
6.585599999999999454e+01
6.554517241379309667e+01
6.488018112156042605e+01
6.513172413793103033e+01
6.438666666666667027e+01
6.400891089108911558e+01
6.447866666666666902e+01
6.441899999999999693e+01
6.442100000000000648e+01
6.345448738422228985e+01
6.361322906484196693e+01
6.427166666666666117e+01
6.446800000000000352e+01
6.488249999999999318e+01
6.443666666666666742e+01
6.459352142110762429e+01
6.398910891089109043e+01
6.442319749216301261e+01
6.367633333333333212e+01
6.383894389438943762e+01
6.406435643564356042e+01
6.425310344827586562e+01
6.449620689655172612e+01
6.388563049853372178e+01
6.482900432900433429e+01
6.403468013468012998e+01
6.369806451612902976e+01
6.430500000000000682e+01
6.405966666666667209e+01
6.436666666666666003e+01
6.379266666666666907e+01
6.350290322580644897e+01
6.443097643097642901e+01
6.376765676567656982e+01
6.345612903225806178e+01
6.391333333333333400e+01
6.322899999999999920e+01
6.338899676375404368e+01
6.443827586206896285e+01
6.356612903225806122e+01
6.431066666666666265e+01
6.437482758620689083e+01
6.444866666666666788e+01
6.372999999999999687e+01
6.391919191919191690e+01
6.409393939393939377e+01
6.327786649632705007e+01
6.417062706270627359e+01
6.459827586206895944e+01
6.416865824513486416e+01
6.401485148514851176e+01
6.460551724137931728e+01
6.423728234892455191e+01
6.414339364970979318e+01
6.438689655172413495e+01
6.365478547854785774e+01
6.323036303630362909e+01
6.453260498463639294e+01
6.414896551724137908e+01
6.386413793103448455e+01
6.383310344827586391e+01
6.399724137931034562e+01
6.383758620689655316e+01
6.418495297805642963e+01
6.361617161716171864e+01
6.209405940594059103e+01
6.351633333333333553e+01
6.322328439740525852e+01
6.360600887674974047e+01
6.357326732673267600e+01
6.351782178217821695e+01
6.366379310344827758e+01
6.319901960784313388e+01
6.391222570532915626e+01
6.391013584117032309e+01
6.344861727552065389e+01
6.416973125884017293e+01
6.374393991123250203e+01
6.336133333333333439e+01
6.431138975966561588e+01
6.372819472616632908e+01
6.375793786275179542e+01
6.378999999999999915e+01
6.415636736087401459e+01
6.463482758620689594e+01
6.401122112211221804e+01
6.414455445544554379e+01
6.413517241379310008e+01
6.365915032679738772e+01
6.390066006600660131e+01
6.408115639150122433e+01
6.362541254125412848e+01
6.385133333333333638e+01
6.379833333333333201e+01
6.379800000000000182e+01
6.309400000000000119e+01
6.416196447230929323e+01
6.359034482758620754e+01
6.365931034482758832e+01
6.310099009900989842e+01
6.284771241830065236e+01
6.314389438943894106e+01
6.322942983953567619e+01
6.218141168955605025e+01
6.289306930693069120e+01
6.257062706270627217e+01
6.292566666666666464e+01
6.285199999999999676e+01
6.250924092409240984e+01
6.240924092409240842e+01
6.260266666666666424e+01
6.265466666666666384e+01
6.184733312040881259e+01
6.299033333333333218e+01
6.293800000000000239e+01
6.289548387096774462e+01
6.251815181518151832e+01
6.244011497923985843e+01
6.247133333333333383e+01
6.275333333333333030e+01
6.240858085808580569e+01
6.260399999999999920e+01
6.205660974067045998e+01
6.277845117845117784e+01
6.245612903225806178e+01
6.229200000000000159e+01
6.234903225806451843e+01
6.237033333333333474e+01
6.261333333333333684e+01
6.222841316389703792e+01
6.222871287128712936e+01
6.246225806451612783e+01
6.224709677419355103e+01
6.195799999999999841e+01
6.168451612903226078e+01
6.082593750000000199e+01
6.124465027147876128e+01
6.118483870967742178e+01
6.126677419354838605e+01
6.156677419354839031e+01
6.283645161290322534e+01
6.482209188660802113e+01
6.642483870967741666e+01
6.707299999999999329e+01
6.671127435324177668e+01
6.714516129032257652e+01
