5.368248820754716633e+01
5.435048543689320155e+01
5.046320346320346317e+01
4.715922619047618980e+01
4.263670529282806143e+01
4.231280547409579640e+01
4.015160256410256068e+01
4.094140882159314998e+01
3.856172456575682617e+01
3.890525610980917293e+01
3.799348635235732274e+01
3.720922619047618696e+01
3.766285714285714192e+01
3.758310291858678909e+01
3.752020043845912767e+01
3.706341019417475735e+01
3.713647642679900684e+01
3.681129807692308020e+01
3.756181229773462604e+01
3.666666666666666430e+01
3.648948317307691980e+01
3.670631067961164717e+01
3.705575980392156765e+01
3.646846361185983909e+01
3.689866504854369111e+01
3.866938775510204351e+01
3.659880989664891615e+01
3.653307038834951470e+01
3.648042593172564807e+01
3.625013477088948832e+01
3.623099730458221046e+01
3.585849056603773732e+01
3.599819711538461320e+01
3.653460695270904779e+01
3.569988344988345119e+01
3.659555288461538680e+01
3.635012135922330145e+01
3.631725649859066607e+01
3.603308823529411598e+01
3.590807038834951470e+01
3.622865275142314800e+01
3.604227998747259676e+01
3.657187597870341023e+01
3.639837143751957171e+01
3.695863970588235503e+01
3.744569174757281615e+01
3.852235412983076657e+01
3.915043117214947443e+01
3.878406593406593572e+01
3.950616246498599793e+01
4.025897277227722526e+01
4.031581953169617094e+01
4.129443390259329760e+01
4.065593750000000028e+01
4.212058823529411455e+01
4.160365099009901257e+01
4.159757266049185631e+01
4.151708719259022473e+01
4.152698818268923731e+01
4.270310344827586135e+01
4.167463235294117396e+01
4.271249608518634489e+01
4.293780339805825008e+01
4.352677732539930844e+01
4.402435167615433187e+01
4.701534606952709083e+01
4.777324478178368139e+01
4.842478441392526634e+01
4.865870098039215463e+01
4.923896022549326545e+01
4.818064136510738393e+01
4.816363636363636402e+01
4.757366946778711281e+01
4.756000000000000227e+01
4.814606060606060822e+01
4.843042378241619161e+01
4.803257124960851598e+01
4.766076527698457710e+01
4.808815075055892407e+01
4.832928776748642719e+01
4.856961633663366484e+01
4.881277672359266262e+01
4.903953194180898123e+01
4.964233333333333320e+01
4.920097198399085414e+01
4.978058252427184271e+01
5.027887788778878075e+01
4.938923267326732969e+01
4.856764705882353184e+01
4.821565166225360599e+01
4.782022144522144202e+01
4.847181372549019329e+01
4.892079207920792072e+01
4.884455445544554664e+01
4.800312499999999716e+01
4.785212121212121161e+01
4.833901515151514872e+01
4.806876456876457127e+01
4.779778554778555133e+01
4.675385494003426601e+01
4.748014121800529352e+01
