6.758612903225807145e+01
6.904511784511784356e+01
6.922666666666667368e+01
6.974444444444444002e+01
6.960451612903226248e+01
6.963903225806451758e+01
6.957064516129032938e+01
6.898419354838709694e+01
6.946419354838710092e+01
6.869754072181412141e+01
6.920363036303629656e+01
6.961100569259961901e+01
7.021430852762695451e+01
7.053700000000000614e+01
7.054533333333333189e+01
7.075790159661127632e+01
7.104719471947194620e+01
7.038483870967742462e+01
6.975843749999999943e+01
7.078592375366568490e+01
7.056419354838709523e+01
6.956075607560755714e+01
7.008910891089108475e+01
7.033548387096773524e+01
7.011633663366336577e+01
6.993580325774513540e+01
7.075133333333333496e+01
7.038383838383838054e+01
7.067293729372937605e+01
7.019290322580644670e+01
7.050179211469533413e+01
7.095533333333332848e+01
7.066765676567656840e+01
7.005876716703927798e+01
7.000990099009901257e+01
6.953709677419354307e+01
7.002395400830405947e+01
7.023985946981794370e+01
6.967468750000000455e+01
6.915841584158415856e+01
6.992244224422442755e+01
7.006072607260726670e+01
7.029935483870967516e+01
7.026000000000000512e+01
7.030645161290323131e+01
7.024709677419355103e+01
6.992032258064516270e+01
6.962902227722771897e+01
6.974381188118812247e+01
7.010999999999999943e+01
6.981379750878313928e+01
7.070330033003300230e+01
7.076666666666666572e+01
7.055064516129031915e+01
7.040129032258064967e+01
6.982561481954647320e+01
7.044686468646864341e+01
6.981435643564356042e+01
6.967790841584158557e+01
6.961162567869689610e+01
6.998580645161290192e+01
6.982116336633663423e+01
7.009531250000000568e+01
7.022937500000000455e+01
7.033997469955724569e+01
7.057010539763653867e+01
7.085419354838710149e+01
6.987035891089108475e+01
7.010187500000000682e+01
7.084466666666666868e+01
7.012774193548386847e+01
6.954146039603961071e+01
6.999706744868035457e+01
7.030759204952752839e+01
7.063965517241379644e+01
7.076399999999999579e+01
7.008903225806452042e+01
7.071733333333332894e+01
7.062600000000000477e+01
6.948085808580857758e+01
6.957649313318428597e+01
7.056866666666667243e+01
7.001903225806451303e+01
7.084783317041382134e+01
6.975030637254901933e+01
7.088679867986799366e+01
7.000189753320682939e+01
7.029000319386777562e+01
7.026700734589587682e+01
7.034781220057489293e+01
7.034622524752475670e+01
7.028921568627451677e+01
7.031587009803921262e+01
6.984573618652187577e+01
7.088514851485147972e+01
7.047799999999999443e+01
6.993087121212121815e+01
7.017917598211434438e+01
7.036266666666666936e+01
6.958941831683168289e+01
6.995833333333332860e+01
6.947237304375599365e+01
6.952826572979878961e+01
6.972574257425742417e+01
6.793069306930692619e+01
6.694233333333333746e+01
6.648640101201770847e+01
6.580535714285714732e+01
6.638140417457304920e+01
6.643502304147465054e+01
6.731111111111111711e+01
6.607266843189172789e+01
6.871974110032363114e+01
6.946732026143790506e+01
6.993804713804713913e+01
6.976064516129032711e+01
7.025903225806452213e+01
7.073233333333332951e+01
7.114137931034483131e+01
7.122709857192616312e+01
7.104579124579124993e+01
7.026849136526556094e+01
7.080134680134679570e+01
7.075862068965517437e+01
7.006419028999674481e+01
6.991211323238972852e+01
7.064761904761904532e+01
6.992077020202020776e+01
7.006903225806451019e+01
6.978533333333332678e+01
6.889236665602044241e+01
6.873548387096774093e+01
6.970018975332068578e+01
7.001794645483965951e+01
7.005589879376286433e+01
7.063833333333333542e+01
6.882880258899676562e+01
6.853744103773584584e+01
6.918810096153846700e+01
6.912703962703962191e+01
6.861156542056075125e+01
6.834790209790209303e+01
6.956520432692308020e+01
6.800771869639794431e+01
7.064903846153846700e+01
6.908950242718447043e+01
6.956726190476190652e+01
7.008726415094339757e+01
6.926961200792976570e+01
7.020371462264151319e+01
6.937388632872503536e+01
6.882098765432098730e+01
6.947035330261137176e+01
6.987920673076922640e+01
6.978349875930521762e+01
6.826334951456310307e+01
6.871226831421006409e+01
7.175760517799352556e+01
7.010548885077186299e+01
6.968461312150633091e+01
6.952044719035009734e+01
6.811874656404617667e+01
6.929370199692780830e+01
6.993986846226120235e+01
7.045967741935483275e+01
6.881369047619047308e+01
6.831244239631335802e+01
6.927764423076922640e+01
6.949875930521092471e+01
6.939257455873402591e+01
6.872727272727273373e+01
6.880997693194925091e+01
6.884098124098123606e+01
7.151311425987337600e+01
7.271785714285714164e+01
7.228709112149532245e+01
7.179016897081413617e+01
7.053813687066626414e+01
7.029380841121495394e+01
6.976815476190476772e+01
7.082781862745098067e+01
6.974264705882353610e+01
7.074325980392157476e+01
7.136021505376344010e+01
7.064454094292804598e+01
7.087189826302729045e+01
6.990180652680652429e+01
8.339120809614168195e+01
8.921177184466019128e+01
9.200819174757280905e+01
9.304869281045750995e+01
9.032689950980392268e+01
9.108199999999999363e+01
8.995096774193548583e+01
8.826741935483870805e+01
8.600750075007501039e+01
8.509834558823528994e+01
8.523707482993197004e+01
8.412738643844635078e+01
8.377212939921791701e+01
8.251096774193548811e+01
8.109318996415770187e+01
8.153225806451612812e+01
8.137755102040816269e+01
7.994706632653061718e+01
8.080471498944405084e+01
7.724991854024112570e+01
7.777508417508417438e+01
7.716400000000000148e+01
7.698821548821548788e+01
7.670833333333332860e+01
7.731632653061224403e+01
7.608689927583937163e+01
7.533580645161289624e+01
7.596901948259342419e+01
7.659248366013072484e+01
7.621419141914191187e+01
7.665474289364419747e+01
7.679166666666667140e+01
7.697366666666667356e+01
7.750707070707071011e+01
7.778641801548205592e+01
7.841657958899338610e+01
7.884523809523810201e+01
7.956167792392463411e+01
7.949225897255453788e+01
7.951410658307210610e+01
7.919528501055594916e+01
7.945866666666667300e+01
8.184865196078430927e+01
8.978342245989304615e+01
9.118479467258602256e+01
9.059890444309191082e+01
8.817538365173817283e+01
8.858737864077670565e+01
8.921601941747573505e+01
9.092139054181021152e+01
9.219896193771626258e+01
9.407584951456310307e+01
9.705729166666667140e+01
9.587877954920286072e+01
1.007416666666666600e+02
1.002982866043613654e+02
1.001610644257703058e+02
1.004494227597581073e+02
1.020744831492495024e+02
1.002733074361820229e+02
9.884929971988795216e+01
9.772058823529411598e+01
9.547089460784313530e+01
9.541714104996837875e+01
9.408009708737864685e+01
9.419797596457938482e+01
9.387096774193548754e+01
9.380741935483871430e+01
9.269917929292928704e+01
9.231483870967741723e+01
9.177042079207920722e+01
9.199319306930692619e+01
9.204125000000000512e+01
9.177767776777677966e+01
9.139975512702785920e+01
9.274028966425279918e+01
9.256559405940593876e+01
9.230300245098038658e+01
9.267454487384222261e+01
9.279641089108910990e+01
9.388419354838710262e+01
9.290096774193548868e+01
9.289540566959921364e+01
9.249516129032258505e+01
9.335866666666666447e+01
9.237838709677419047e+01
9.249741935483871202e+01
9.210980775496904016e+01
9.117516129032257766e+01
9.075587871287129360e+01
9.161737464068987435e+01
9.319372937293729819e+01
9.408613861386137955e+01
9.171534653465346310e+01
9.178005865102639405e+01
9.138775510204081343e+01
9.089104674127715100e+01
8.864488636363635976e+01
8.815656887755102389e+01
8.671460459183673208e+01
8.464848484848485555e+01
8.656170212765957217e+01
8.490092165898617793e+01
8.489438943894388956e+01
8.688936781609194782e+01
8.600702650910251634e+01
8.665506228042158909e+01
8.592121212121212182e+01
8.650961225154773615e+01
8.600979491888583084e+01
8.593448619886930828e+01
8.658838383838383379e+01
8.619468750000000057e+01
8.596999999999999886e+01
8.765446868402533198e+01
8.796658371845005320e+01
8.738916256157635587e+01
8.767533333333332735e+01
8.783780068728522394e+01
8.781301102026306182e+01
8.723989898989898961e+01
8.631508967223253137e+01
8.748655913978494425e+01
8.725451612903225396e+01
8.722613229064842244e+01
8.623937099592312450e+01
8.867697594501717617e+01
8.758384879725086591e+01
8.724340277777777430e+01
8.722783505154639272e+01
8.766840277777777146e+01
8.750035919540229656e+01
8.718922514133687685e+01
8.797013888888888289e+01
8.651393939393939547e+01
8.715178268251273153e+01
8.857507183908046500e+01
8.697959183673469852e+01
8.560204081632653583e+01
8.537454981992797798e+01
8.624939393939393995e+01
8.682850559578670868e+01
8.569788797061524122e+01
8.654897959183674061e+01
8.622181576321915486e+01
8.637590520078998679e+01
8.525864707682889332e+01
8.647489191885600235e+01
8.486287113559841089e+01
8.552157943067034296e+01
9.021331981068288997e+01
8.788451612903226362e+01
8.745280528052805380e+01
8.629103535353534937e+01
8.640467171717172334e+01
8.529962894248608052e+01
8.628959700093720642e+01
8.504171668667467543e+01
8.568330362448008941e+01
8.681665569453588205e+01
8.596011131725417442e+01
8.590296908478727289e+01
8.629721456994184337e+01
8.630945821854912481e+01
8.658781694495979764e+01
8.635782063054790569e+01
8.658985898589858721e+01
8.720917858330561501e+01
8.642392676767676107e+01
8.771955233706385968e+01
8.639638812366085574e+01
8.652659245516387898e+01
8.603393939393939149e+01
8.729910714285713880e+01
8.649907235621520840e+01
8.640112464854732366e+01
8.570686456400741804e+01
8.608003826530612912e+01
8.484438775510204778e+01
8.488311688311688386e+01
8.421235294117647641e+01
8.473314780457637596e+01
8.479528061224489477e+01
8.346292892156863275e+01
8.372193877551021046e+01
8.411249241964827661e+01
8.435728092783504906e+01
8.437373737373737015e+01
8.376194939081537427e+01
8.462461348175634157e+01
8.337322201607915417e+01
8.028472847284729141e+01
7.652781249999999602e+01
7.388292964244521954e+01
7.317732724157623636e+01
7.338519813519813795e+01
7.414965397923874946e+01
7.468656286043828629e+01
7.373638344226579022e+01
7.477912341407150620e+01
7.599494949494949481e+01
7.599249924992498961e+01
7.528719723183391466e+01
7.489042675893887235e+01
7.495263312739041339e+01
7.562280421590546098e+01
7.513771377137713614e+01
7.555190035132545745e+01
7.529322580645161622e+01
7.416345270890725772e+01
7.472258064516128684e+01
7.414981617647059409e+01
7.404218749999999716e+01
7.267056705670566430e+01
7.358508663366336577e+01
7.329022277227723237e+01
7.384099264705882604e+01
7.357402912621358837e+01
7.310848484848484929e+01
7.366437500000000682e+01
7.304733910891089010e+01
7.313892326732673155e+01
7.241325014854426456e+01
7.342541924095321804e+01
7.327512751275126845e+01
7.328898514851485402e+01
7.470483870967741780e+01
7.512903225806451246e+01
7.369337871287129360e+01
7.390129950495050082e+01
7.372812500000000568e+01
7.345946782178218371e+01
7.335965717783899720e+01
7.398999999999999488e+01
7.379176980198019464e+01
7.379606060606060680e+01
7.403417438518044946e+01
7.301685049019607732e+01
7.315118931247963019e+01
7.359074617139133068e+01
7.351199494949494806e+01
7.314884135472371440e+01
7.321093285799167916e+01
7.338918597742127758e+01
7.267501456027956408e+01
7.318254950495050082e+01
7.293759375937594314e+01
7.323000000000000398e+01
7.323793316831682887e+01
7.319471947194719519e+01
7.346101485148514598e+01
7.338985148514851176e+01
7.291239123912390596e+01
7.395064516129032484e+01
7.360457920792079278e+01
7.380724009900990268e+01
7.439029064196742524e+01
7.301426024955436844e+01
7.459693388693708016e+01
7.381728172817281575e+01
7.384653465346534063e+01
7.431590346534653690e+01
