6.790054086538461320e+01
6.713089622641508925e+01
6.758777915632754230e+01
6.788850610710930766e+01
6.781730769230769340e+01
6.793609831029185386e+01
6.762587412587411961e+01
6.715234375000000000e+01
6.776025641025641733e+01
6.718870192307691980e+01
6.690384615384616041e+01
6.742445388349514701e+01
6.772021182700794384e+01
6.747325721153846700e+01
6.734819347319347571e+01
6.789290048543689693e+01
6.764453125000000000e+01
6.742152605459057213e+01
6.708820093457943301e+01
6.790710872162485146e+01
6.803567216981132049e+01
6.782589285714286120e+01
6.808593750000000000e+01
6.825434243176178484e+01
6.772440476190476488e+01
6.749077380952381588e+01
6.718689320388349984e+01
6.752605459057072324e+01
6.788431490384616041e+01
6.738214285714285268e+01
6.728449292452830832e+01
6.702886002886002359e+01
6.765384615384616041e+01
6.717470238095238244e+01
6.700811298076922640e+01
6.749791666666666856e+01
6.711053391053391692e+01
6.766303066037735903e+01
6.758623798076922640e+01
6.775545314900153926e+01
6.821712158808932713e+01
6.792410714285713880e+01
6.809584367245658143e+01
6.739971139971139280e+01
6.795476190476190936e+01
6.881666666666666288e+01
6.819416873449131344e+01
6.754236778846153300e+01
6.762142857142856656e+01
6.808022836538461320e+01
6.720000000000000284e+01
6.864411764705882035e+01
6.788720238095237391e+01
6.715555555555555145e+01
6.764880952380951840e+01
6.708443509615383959e+01
6.707886904761905100e+01
6.762591019417475025e+01
6.720367132867133364e+01
6.804869727047146455e+01
6.744296116504854410e+01
6.742828282828283193e+01
6.786701156421180769e+01
6.760982142857142208e+01
6.821332927571515370e+01
6.751923076923077360e+01
6.801075268817204744e+01
6.732554112554112180e+01
6.811917562724013919e+01
6.856823821339951053e+01
6.828540706605222965e+01
6.771636904761905384e+01
6.750781250000000000e+01
6.785960061443933000e+01
6.738988095238094900e+01
6.723945409429281028e+01
6.770341371750704695e+01
6.708009708737864685e+01
6.679538239538238997e+01
6.666695804195803987e+01
6.797147435897436196e+01
6.758777915632754230e+01
6.801025641025641733e+01
6.765564320388349984e+01
6.757133995037220586e+01
6.785217663639210173e+01
6.734645432692308020e+01
6.731640625000000000e+01
6.749503722084367041e+01
6.658363095238095752e+01
6.744696029776675061e+01
6.719660194174757351e+01
6.779423739430002627e+01
6.674446386946387122e+01
6.792487980769230660e+01
6.779447115384616041e+01
6.789383025367992275e+01
6.795991230817412543e+01
6.708713942307691980e+01
6.725871394230769340e+01
6.749585253456221778e+01
6.738620283018867951e+01
6.790911910669974816e+01
6.784026054590570709e+01
6.794106699751860390e+01
6.805862282878412373e+01
6.713399503722084205e+01
6.765837173579109276e+01
6.740835336538461320e+01
6.726141826923077360e+01
6.792866004962779414e+01
6.734196428571428328e+01
6.692309891366495833e+01
6.748202764976959145e+01
6.708340548340548537e+01
6.756006144393241186e+01
6.738671875000000000e+01
6.743348694316436820e+01
6.795341981132075659e+01
6.698779761904762609e+01
6.799455128205127608e+01
6.750403225806451246e+01
6.747196993423112588e+01
6.794926401503288105e+01
6.796586282492953046e+01
6.758250620347394033e+01
6.810224358974359404e+01
6.795208268086439318e+01
6.789320388349514701e+01
6.753753101736973008e+01
6.809230324074074758e+01
6.795207373271890106e+01
6.851244239631336086e+01
6.782178217821781629e+01
6.869487983281086940e+01
6.858965517241379928e+01
6.748105155343120032e+01
6.791317873303167119e+01
6.794289044289044455e+01
6.792784992784993392e+01
6.749588867805186965e+01
6.830866666666666731e+01
6.768387096774193878e+01
6.830599999999999739e+01
6.758656249999999943e+01
6.822645812968393386e+01
6.783743686868686495e+01
6.768316831683168289e+01
6.819368811881187753e+01
6.751623774509803866e+01
6.692394533571004445e+01
6.863526030022356395e+01
6.841870967741935772e+01
6.811561801341424882e+01
6.741468749999999943e+01
6.763462152666879490e+01
6.837458745874587862e+01
