6.982401788565952927e+01
6.915410539215686470e+01
6.936187499999999773e+01
7.027100000000000080e+01
7.007091503267973565e+01
6.978787878787878185e+01
6.943347772277228103e+01
7.015298626636857193e+01
7.036336633663366058e+01
6.915470297029702351e+01
6.942516129032257766e+01
7.032612903225806633e+01
6.925092821782178021e+01
6.899212121212120508e+01
6.947215346534653690e+01
6.955909653465346310e+01
6.961045792079207217e+01
6.970297029702970804e+01
6.963304455445545216e+01
6.991129032258064058e+01
6.959742647058823195e+01
7.030177696078430927e+01
6.889364230540701328e+01
6.973387096774193594e+01
6.951836473969977703e+01
6.920222022202220558e+01
6.912121212121212466e+01
6.959034653465346310e+01
6.997923985946981418e+01
6.961293316831682887e+01
7.010922029702970804e+01
6.927632763276326955e+01
7.049096774193547787e+01
6.982642326732673155e+01
7.078290322580645011e+01
6.980198019801980536e+01
6.985179455445545216e+01
7.041137016927498848e+01
6.993347772277228103e+01
6.985426980198019464e+01
7.026154332700822636e+01
7.069498562759501681e+01
6.924727272727272975e+01
7.059278185883104584e+01
7.013225806451612243e+01
7.063633333333334008e+01
6.937833783378337671e+01
7.023290322580645295e+01
7.016460396039603609e+01
7.022926980198019464e+01
7.025495049504949918e+01
6.933838709677419843e+01
6.898147556691152715e+01
6.797419741974196938e+01
6.871223251357393735e+01
6.823361650485436769e+01
6.794779477947794533e+01
6.717281728172817168e+01
6.735545454545454902e+01
6.680867498514557212e+01
6.701680168016801531e+01
6.733915441176471006e+01
6.712871287128713504e+01
6.725922592259226462e+01
6.771078431372548323e+01
6.743312500000000398e+01
6.712181218121811810e+01
6.752877475247524330e+01
6.800774193548386393e+01
6.710561056105611044e+01
6.712421242124212029e+01
6.697329732973297212e+01
6.692218750000000682e+01
6.708718749999999886e+01
6.749612903225806804e+01
6.639063906390639147e+01
6.673704135119393754e+01
6.738437500000000568e+01
6.714289958407604786e+01
6.773086654016445607e+01
6.794634302139891702e+01
6.754965211891207844e+01
6.704593749999999375e+01
6.652727272727273089e+01
6.702444306930692619e+01
6.731066176470588402e+01
6.765117014547755048e+01
6.722437499999999488e+01
6.694771241830065378e+01
6.708374999999999488e+01
6.691959195919591252e+01
6.700959158415841443e+01
6.713406249999999886e+01
6.743596295113381700e+01
6.682093663911845738e+01
6.749305555555555713e+01
6.716021602160216730e+01
6.742531250000000398e+01
6.727092709270927173e+01
6.694585396039603609e+01
6.718218749999999773e+01
6.784350047908016279e+01
6.722277227722771897e+01
6.710160427807487338e+01
6.692181818181818187e+01
6.715764705882352814e+01
6.717973856209150085e+01
6.810161290322581351e+01
6.694212121212120792e+01
6.776420454545454675e+01
6.742245989304812781e+01
6.735888294711824642e+01
6.801957070707071296e+01
6.709382352941176464e+01
6.742216280451575017e+01
6.668375072801397607e+01
6.737636363636363512e+01
6.742513368983956923e+01
6.705340534053405577e+01
6.798390151515151558e+01
6.751245124512450957e+01
6.790404040404040131e+01
6.740841584158415856e+01
6.797348484848484418e+01
6.780847772277228103e+01
6.778535353535353636e+01
6.744818181818182268e+01
6.750812500000000682e+01
6.730454545454544757e+01
6.813675742574257299e+01
6.778437499999999716e+01
6.758875000000000455e+01
6.732353841444751197e+01
6.666598718695398418e+01
6.716303030303029686e+01
6.681823529411764184e+01
6.798799999999999955e+01
6.782561481954647320e+01
6.762874999999999659e+01
6.762093749999999659e+01
6.669546954695469765e+01
6.694299429942994095e+01
6.753805693069307381e+01
6.802457912457911959e+01
6.713667929292928704e+01
6.766975407218140504e+01
6.671227122712271296e+01
6.752219738102841973e+01
6.743372724369211824e+01
6.655535553555355932e+01
6.768157138294475317e+01
6.717079207920792783e+01
6.768000000000000682e+01
6.688181818181817562e+01
6.744468750000000057e+01
6.680484848484849181e+01
6.743312500000000398e+01
6.717017326732673155e+01
6.740377475247524330e+01
6.723824257425742701e+01
6.659015901590159103e+01
6.709030903090308584e+01
6.686788366336634226e+01
6.719602272727273373e+01
6.696748737373737015e+01
6.627181818181817619e+01
6.659963269054178170e+01
6.622909090909091390e+01
6.640324032403241006e+01
6.612566844919786035e+01
6.635322952710495770e+01
6.680363636363635749e+01
6.658955895589558338e+01
6.653029411764705969e+01
6.720513613861386659e+01
6.760968750000000682e+01
6.738750000000000284e+01
6.730593749999999886e+01
6.732951732673267031e+01
6.706787878787878299e+01
6.633737024221453282e+01
6.630824682814302662e+01
6.702556818181818699e+01
6.646264626462645708e+01
6.695111386138613341e+01
6.644824482448244396e+01
6.626767676767676107e+01
6.697575757575756938e+01
6.641770647653000026e+01
6.748321928967089889e+01
6.603979238754325820e+01
6.714944306930692619e+01
6.717543316831682887e+01
6.624723354688410382e+01
6.650212121212121019e+01
6.653979238754325820e+01
6.637944088526499797e+01
6.659675967596758994e+01
6.632525951557093435e+01
6.695939393939393369e+01
6.748390151515151558e+01
6.697120098039215463e+01
6.617906574394463348e+01
6.692513368983956923e+01
6.672517251725172116e+01
6.613956170703575310e+01
6.712995049504949918e+01
6.659625668449197633e+01
6.714356435643564680e+01
6.666161616161616621e+01
6.704156249999999773e+01
6.743687500000000057e+01
6.635030303030302434e+01
6.722064393939393767e+01
6.685321969696970257e+01
6.622636363636362944e+01
6.620151515151515298e+01
6.693781250000000682e+01
6.753561162567869758e+01
6.678247549019607732e+01
6.645573380867499225e+01
6.648544854485449207e+01
6.691911764705882604e+01
6.594408852649971209e+01
6.716646039603961071e+01
6.714172979797979224e+01
6.598689574839836780e+01
6.658281250000000284e+01
6.662624999999999886e+01
6.673329207920792783e+01
6.628527227722771897e+01
6.621332133213321924e+01
6.572306348281887267e+01
6.653195319531953089e+01
6.601204481792717615e+01
6.720995145631067658e+01
6.659825982598259486e+01
6.628966131907309034e+01
6.715625000000000000e+01
6.715000000000000568e+01
6.686672794117646390e+01
6.634413441344133844e+01
6.631619222528313173e+01
6.605199049316696858e+01
6.670327970297029196e+01
6.592848484848484247e+01
6.603713606654783064e+01
6.678589108910891525e+01
6.618212427303336653e+01
6.569786096256684971e+01
6.570588235294117396e+01
6.582673267326732969e+01
6.653812499999999375e+01
6.590477577169481549e+01
6.526468749999999375e+01
6.662531250000000682e+01
6.659585958595859267e+01
6.596272727272727820e+01
6.632741935483871032e+01
6.578314393939393767e+01
6.696590909090909349e+01
6.583779848573092863e+01
6.602303030303029630e+01
6.703341584158415856e+01
6.692206962631746592e+01
6.670363636363636317e+01
6.655955595559555604e+01
6.617363636363636203e+01
6.692545454545454220e+01
6.682748274827483215e+01
6.671857185718572225e+01
6.599323529411765321e+01
6.643954698500152745e+01
6.653229262320171244e+01
6.618575757575757734e+01
6.659062500000000284e+01
6.656843750000000171e+01
6.663576945929887074e+01
6.705539263603779432e+01
6.609339933993399541e+01
6.685993265993265311e+01
6.683333333333332860e+01
6.717925170068026830e+01
6.681851851851851620e+01
6.588118811881187753e+01
6.700456174649723096e+01
6.719700000000000273e+01
6.648189598420013624e+01
6.685450954575378546e+01
6.729353741496598218e+01
6.647766666666666424e+01
6.781010974393082336e+01
6.641612903225806974e+01
6.693991123250256692e+01
6.716965517241379757e+01
6.583032258064515929e+01
6.627811447811447465e+01
6.578345576493133251e+01
6.777255311738070986e+01
6.582774193548387132e+01
6.577770680293835426e+01
6.518937499999999829e+01
6.597700415202810120e+01
6.655001629195177770e+01
6.718787878787878753e+01
6.725791245791245387e+01
6.659084924292297103e+01
6.682795698924731198e+01
6.607575757575757791e+01
6.591495601173021157e+01
6.594200065167807168e+01
6.598305637015315028e+01
6.673133333333333894e+01
6.659233333333332894e+01
6.684343434343433898e+01
6.669100000000000250e+01
6.717040816326530717e+01
6.608396464646465063e+01
6.577158683610296919e+01
6.609547083740632445e+01
6.653636363636363171e+01
6.637399999999999523e+01
6.645399999999999352e+01
6.681380471380471420e+01
6.560032258064515531e+01
6.577838709677419615e+01
6.471709677419354989e+01
6.482502443792766655e+01
6.578516129032257709e+01
6.528382838283827994e+01
6.577680026067122299e+01
6.615966112740306926e+01
6.570902574128380991e+01
6.572903225806452099e+01
6.610459433040078636e+01
6.567548387096773865e+01
6.584217171717172334e+01
6.572271098077550278e+01
6.522774193548387700e+01
6.632258064516129537e+01
6.609840338872596988e+01
6.571464646464646364e+01
6.535875000000000057e+01
6.507689801238188920e+01
6.590941674812643214e+01
6.587227109807754744e+01
6.558175505050505194e+01
6.528874999999999318e+01
6.564520202020202078e+01
6.523062500000000341e+01
6.445192915876027939e+01
6.614696782178218371e+01
6.556563398275311272e+01
6.599348321928967209e+01
6.516468749999999943e+01
6.567064516129032370e+01
6.568258064516129480e+01
6.569612903225807088e+01
6.601857282502443525e+01
6.589960500329164006e+01
6.509437499999999943e+01
6.517968750000000000e+01
6.511806451612903857e+01
6.542065819485173961e+01
6.501856435643564680e+01
6.504650465046505303e+01
6.535124999999999318e+01
6.530753075307531219e+01
6.637536656891495568e+01
6.517181818181818187e+01
6.448747815958066099e+01
6.532999999999999829e+01
6.497779777977797266e+01
6.549733333333333007e+01
6.529500000000000171e+01
6.568161290322581181e+01
6.575354838709677097e+01
6.626498316498316399e+01
6.603062886933854259e+01
6.467997444905780924e+01
6.407955182072829814e+01
6.561903225806452156e+01
6.597784294558488227e+01
6.548709677419354591e+01
6.492363636363636203e+01
6.473451612903225794e+01
6.535599999999999454e+01
6.524305333759181735e+01
6.577845117845117784e+01
6.537900000000000489e+01
6.548452264581297300e+01
6.411850371216448252e+01
6.380700280112044709e+01
6.388879551820728153e+01
6.579113717823395291e+01
6.413366336633663423e+01
6.383585434173669171e+01
6.471032258064515474e+01
6.441852941176470893e+01
6.468973471741637127e+01
6.422073383808968572e+01
6.429011993146772852e+01
6.401223063482818532e+01
6.466456645664565883e+01
6.486212121212120962e+01
6.439213921392139639e+01
6.378276062900407339e+01
6.322492997198879294e+01
6.393517989720159989e+01
6.463161021984551269e+01
6.461727272727273430e+01
6.417401740174017277e+01
6.508353960396038929e+01
6.409638905066977088e+01
6.413715783343040755e+01
6.426589423648246679e+01
6.424676470588235588e+01
6.451635163516351668e+01
6.373267326732673155e+01
6.526369636963696053e+01
6.359943977591036202e+01
6.306546463245492617e+01
6.412961296129613231e+01
6.538579341805147749e+01
6.405074971164935960e+01
6.396164936562860248e+01
6.510557184750733484e+01
6.376333439795592284e+01
6.362649914334665624e+01
6.440848484848484645e+01
6.508870967741935942e+01
6.512999999999999545e+01
6.433363336333633242e+01
6.424504950495050082e+01
6.409609784507863139e+01
6.394612696563773824e+01
6.531221122112211219e+01
6.397808535178777589e+01
6.407641291810841722e+01
6.419621962196220011e+01
6.423096885813149015e+01
6.421655132641291175e+01
6.485115864527628560e+01
6.407824100513991539e+01
6.493731431966726575e+01
6.405568246716161696e+01
6.436966551326412400e+01
6.413395457192778792e+01
6.466396639663966539e+01
6.479942510380070075e+01
6.435611303344867906e+01
6.377393310265282622e+01
6.482727272727272805e+01
6.488304455445545216e+01
6.382929642445213148e+01
6.373376225490196134e+01
6.439077970297029196e+01
6.505014372404981771e+01
6.451999999999999602e+01
6.517310763334397450e+01
6.413869665513264806e+01
6.426654411764705799e+01
6.444787419918462490e+01
6.426820034944671534e+01
6.475997599759975287e+01
6.428829353523587997e+01
6.460441176470588687e+01
6.446294629462946091e+01
6.443800461361014698e+01
6.439050669772859692e+01
6.487998799879987644e+01
6.392618223760091922e+01
6.408969132207337793e+01
6.381314878892733589e+01
6.392547115933751911e+01
6.471874080611944180e+01
6.411182294700057582e+01
6.452500000000000568e+01
6.491599159915990924e+01
6.414793244030285280e+01
6.433372160745486212e+01
6.419015725101921532e+01
6.449294117647059466e+01
6.382142857142856940e+01
6.444704470447044287e+01
6.432498543972043592e+01
6.374443175328384115e+01
6.410908052541404345e+01
6.498439843984398578e+01
6.420448179271708966e+01
6.377864077669902798e+01
6.404761904761905100e+01
6.429954311821816759e+01
6.436245954692556381e+01
6.402562609202097121e+01
6.333637921187892772e+01
6.438591800356506667e+01
6.414502038439138687e+01
6.385034602076124344e+01
6.438031450203844486e+01
6.417297612114153083e+01
6.451335133513350684e+01
6.463696369636963368e+01
6.451812240047533464e+01
6.468252595155709628e+01
6.451396316102199080e+01
6.427956030897207995e+01
6.480888088808880809e+01
6.449884659746251714e+01
6.455415541554155823e+01
6.399883517763541363e+01
6.446594659465947075e+01
6.430718954248365549e+01
6.457965796579658502e+01
6.451725172517251394e+01
6.367416378316032421e+01
6.450255025502549699e+01
6.427572757275727611e+01
6.443850267379679053e+01
6.358474082702387875e+01
6.440174017401740514e+01
6.444494449444944451e+01
6.431431966726084681e+01
6.437908496732026720e+01
6.414276960784313530e+01
6.379327731092436693e+01
6.427153891859774149e+01
6.455445544554454784e+01
6.420617944147356582e+01
6.449062499999999432e+01
6.438829471182413045e+01
6.452250661959399736e+01
6.438354129530600289e+01
6.434610814022578040e+01
6.424806892453950979e+01
6.429352346999405654e+01
6.453200692041522757e+01
6.428371954842542380e+01
6.430867498514557212e+01
6.457965796579658502e+01
6.465556555655565774e+01
6.442347230154197746e+01
6.473673587081891867e+01
6.427277970011533625e+01
6.436130334486735194e+01
6.488148814881488136e+01
6.508884966166519348e+01
6.436822376009227753e+01
6.459930110658125102e+01
6.430997693194925091e+01
6.448864298194524736e+01
6.505970597059706506e+01
6.530124777183600315e+01
6.443302271403611314e+01
6.474344787419919101e+01
6.470908561444379359e+01
6.445213379469434756e+01
6.448327566320645587e+01
6.464590542099192305e+01
6.330097087378640452e+01
6.473000000000000398e+01
6.511151960784313530e+01
6.476164215686274872e+01
6.431353135313531766e+01
6.519981998199820339e+01
6.496226975638739987e+01
6.525698158051099540e+01
6.509863339275104011e+01
6.536386138613860908e+01
6.505644682115270427e+01
6.473383808969131792e+01
6.386101499423298833e+01
6.463657542224810015e+01
6.287295423023578422e+01
6.518924539512774174e+01
6.500861556743909375e+01
6.504188948306595819e+01
6.361850371216447542e+01
6.503119429590017830e+01
6.545544554455445052e+01
6.525412541254125642e+01
6.426297577854671772e+01
6.459172976121141119e+01
6.475638740344622590e+01
6.417967384973790956e+01
6.449208144796379827e+01
6.427277970011533625e+01
6.461648223645893552e+01
6.489601901366607706e+01
6.416666666666667140e+01
6.484808168316831711e+01
6.386512180629827640e+01
6.453250956163577712e+01
6.298123249299720072e+01
6.411649365628603903e+01
6.385922330097087496e+01
6.422923875432526586e+01
6.382828282828283051e+01
6.383838383838384090e+01
6.344866137099146641e+01
6.360282436010591312e+01
6.375728155339805880e+01
6.373975044563280079e+01
6.398199819981998360e+01
6.439851485148514598e+01
6.414298194525335362e+01
6.423909090909090480e+01
6.335127978817299521e+01
6.351663695781342511e+01
6.442935409457901130e+01
6.564206420642064188e+01
6.472786690433748902e+01
6.445929887106358080e+01
6.498900772430184247e+01
6.452465834818775647e+01
6.402441894674903722e+01
6.432382650029708770e+01
6.468166816681667797e+01
6.386562860438292688e+01
6.411243872549019329e+01
6.383660130718953951e+01
6.496831683168316829e+01
6.431427658894921251e+01
6.453729372937293363e+01
6.427786649632705007e+01
6.439066666666666094e+01
6.501782178217821695e+01
6.386335784313725839e+01
6.491472373043755795e+01
6.420906250000000171e+01
6.472820185244330560e+01
6.450463110827212176e+01
6.472607260726073264e+01
6.471226831421006409e+01
6.413278126784695132e+01
6.491769801980197485e+01
6.562622549019607732e+01
6.512299465240641894e+01
6.448259342063238364e+01
6.513220439691028218e+01
6.532706310679611761e+01
6.461065812463598945e+01
6.419937500000000341e+01
6.477121212121211613e+01
6.509030303030303344e+01
6.547875000000000512e+01
6.458708189158015500e+01
6.426381347812200318e+01
6.518866666666666276e+01
6.428712871287129360e+01
