7.330492424242424931e+01
7.282937499999999886e+01
7.257636603028308286e+01
7.109733700642792087e+01
7.153135313531353745e+01
7.245707070707071296e+01
7.184717416378316557e+01
7.295333333333333314e+01
7.285220539828834774e+01
7.369238443631526536e+01
7.339980449657869599e+01
7.234354838709677438e+01
7.229343749999999602e+01
7.295280612244897611e+01
7.243909438775510523e+01
7.216651362105908163e+01
7.280562500000000625e+01
7.247272727272726911e+01
7.288737623762376927e+01
7.269065656565656752e+01
7.370419354838709580e+01
7.431855670103092848e+01
7.319886363636364024e+01
7.286324257425742701e+01
7.331219059405940186e+01
7.365613568340538109e+01
7.376709677419354705e+01
7.379461279461278878e+01
7.399085151301899543e+01
7.345650048875855020e+01
7.300000000000000000e+01
7.439693877551020762e+01
7.395523370638578342e+01
7.371481481481481524e+01
7.320199999999999818e+01
7.332161290322581237e+01
7.340437710437710450e+01
7.370933333333333337e+01
7.381699999999999307e+01
7.366033333333332678e+01
7.333670033670033206e+01
7.324322580645161906e+01
7.260500000000000398e+01
7.282859848484848442e+01
7.271780303030303116e+01
7.365042791310072801e+01
7.272601010101010388e+01
7.392558922558922063e+01
7.355266666666666708e+01
7.315868361029650657e+01
7.254181818181818642e+01
7.258242424242423851e+01
7.224179292929292728e+01
7.209838709677418933e+01
7.174843749999999432e+01
7.163277940697295776e+01
7.140827631150212085e+01
7.129195177582273857e+01
7.119778429455848823e+01
7.173569023569024239e+01
7.051781250000000512e+01
7.122537878787878185e+01
7.143733333333332780e+01
7.101010101010101039e+01
7.098794395568589266e+01
7.152154882154881932e+01
7.151380471380471704e+01
7.093320299771912119e+01
7.147542087542088041e+01
7.068556533072661807e+01
7.086471362738643620e+01
7.042032258064516270e+01
7.058357771260996572e+01
7.085170068027210277e+01
7.048327020202020776e+01
7.055645161290323131e+01
7.050031565656566102e+01
7.080677099968060872e+01
7.085418038183014744e+01
7.064059954382534556e+01
7.090705844778025835e+01
7.076357323232323893e+01
7.095405669599217902e+01
7.103486477680026212e+01
7.108927989573150796e+01
7.128054740957966828e+01
7.107218749999999829e+01
7.115406249999999488e+01
7.138286086673183206e+01
7.163660302830810167e+01
7.130303030303029743e+01
7.126490713587487846e+01
7.160638644509612050e+01
7.160511363636364024e+01
7.226767676767676107e+01
7.103218750000000625e+01
7.172096774193548185e+01
7.130906249999999602e+01
7.183805799934832237e+01
7.178429455848811358e+01
7.158677419354839344e+01
7.113162878787878185e+01
7.122948232323231821e+01
7.067357673267326845e+01
7.220927835051546140e+01
7.102625000000000455e+01
7.076187500000000341e+01
7.021424242424242834e+01
7.109427609427609696e+01
7.132714239165852632e+01
7.099393939393939945e+01
7.046334310850440374e+01
7.068903225806451474e+01
7.080193548387096314e+01
7.023324150596877757e+01
7.068071099407505642e+01
7.090161290322581067e+01
7.021750000000000114e+01
7.035972629521016586e+01
6.999909090909090992e+01
7.107542087542087472e+01
6.984193548387096939e+01
7.017790811339197887e+01
6.998121212121212409e+01
7.028445747800586219e+01
7.071483870967742291e+01
7.035542929292928704e+01
7.000718750000000057e+01
7.055816226783969114e+01
6.948090909090909406e+01
7.119000703729767565e+01
7.115993265993266448e+01
6.997343750000000284e+01
7.026935483870967403e+01
7.038096774193547844e+01
7.000937500000000568e+01
7.057225806451613437e+01
7.052903225806451815e+01
7.023290322580645295e+01
7.013806451612903459e+01
7.028251262626262985e+01
7.035354838709677949e+01
7.030193548387096314e+01
6.963812500000000227e+01
6.990467171717172334e+01
6.991272727272726684e+01
6.999463383838383379e+01
7.020078999341671988e+01
6.994437499999999375e+01
7.043741935483870975e+01
7.021843434343433898e+01
7.038903225806451758e+01
7.046397306397305726e+01
6.979406972955359834e+01
6.985793418051483172e+01
6.982406249999999659e+01
7.022916666666667140e+01
7.022979797979797922e+01
6.978645161290322108e+01
7.111078527207558864e+01
7.045374999999999943e+01
7.006156249999999375e+01
7.034122474747475451e+01
7.007559465623981509e+01
7.056583278472679410e+01
7.025000000000000000e+01
7.118409905506679536e+01
7.025968749999999829e+01
7.136240947992099848e+01
7.012544802867382998e+01
7.042676767676768179e+01
7.066709677419355273e+01
7.025387096774193196e+01
7.058260019550341724e+01
7.087575757575757507e+01
7.100553926360377943e+01
7.071085858585858830e+01
7.096741935483871089e+01
7.137687074829932499e+01
7.052238314680711539e+01
7.104072987943955297e+01
7.059122474747475451e+01
7.025374999999999659e+01
7.114695340501792487e+01
7.097709677419355501e+01
7.056755050505050519e+01
7.025505050505050519e+01
7.084311868686869218e+01
7.060093750000000057e+01
7.086395202020202078e+01
7.032209158415841443e+01
7.103290322580645011e+01
7.009212121212121360e+01
7.094516129032257368e+01
7.109318996415770187e+01
7.070584477802619006e+01
7.052487244897959329e+01
7.089645161290322051e+01
7.059531250000000568e+01
7.043023989898989612e+01
7.098258064516129195e+01
7.096322580645161793e+01
7.095438253502769044e+01
7.098935483870967289e+01
7.133659172368849966e+01
7.102741935483871316e+01
7.127728901922449722e+01
7.093935483870967573e+01
6.984591584158415856e+01
7.088677419354839060e+01
7.076233333333333064e+01
7.041283805799935180e+01
7.056092171717172334e+01
7.029250000000000398e+01
7.094419354838709069e+01
7.107559465623981509e+01
7.107201042684913261e+01
7.065281249999999602e+01
7.058175505050505194e+01
7.031887755102040671e+01
7.041856060606060908e+01
7.067580645161289965e+01
7.053566919191919737e+01
7.051609848484848442e+01
7.035795454545454675e+01
7.009281249999999375e+01
7.047103357472020946e+01
6.987562499999999943e+01
6.992959902050810683e+01
7.042967741935483161e+01
6.963454545454546007e+01
7.028377525252524549e+01
7.020107323232323893e+01
7.025656250000000114e+01
7.101531443466927840e+01
7.035158031932225242e+01
7.047443181818181301e+01
7.010437500000000455e+01
6.975773514851485402e+01
6.987064516129032654e+01
6.977475247524752433e+01
7.053314393939393767e+01
6.996382189239332661e+01
7.015968750000000398e+01
7.019032258064515872e+01
6.999781249999999488e+01
7.047670250896057098e+01
7.007281249999999773e+01
7.001250000000000284e+01
7.028819444444444287e+01
6.989187499999999886e+01
6.988562500000000455e+01
7.002322580645160599e+01
7.000553926360377943e+01
6.985062499999999375e+01
7.016357119582926316e+01
7.028217660475725381e+01
7.096666666666666856e+01
6.971104989286807552e+01
6.997523623330074827e+01
7.052903225806451815e+01
7.001406249999999432e+01
7.069494949494949765e+01
6.936121212121211954e+01
7.035195707070707272e+01
7.098303957432656830e+01
7.026225806451613209e+01
7.016906249999999545e+01
7.025741283805800208e+01
7.055034482758620129e+01
7.015999999999999659e+01
7.021375000000000455e+01
7.018999999999999773e+01
7.085521885521885110e+01
7.044011497923986553e+01
7.015312500000000284e+01
7.102639296187683726e+01
7.034050179211469356e+01
7.056207233626588504e+01
7.049788204626914023e+01
7.078999341672152923e+01
7.028249999999999886e+01
7.012806451612902947e+01
7.005322580645160713e+01
7.041935483870967971e+01
7.042456826327794772e+01
7.057738677093516344e+01
7.035645161290322847e+01
7.133164983164982687e+01
7.076278918214401870e+01
7.124680134680134813e+01
7.113032258064515645e+01
7.037156249999999602e+01
7.084096774193548640e+01
7.003187499999999943e+01
7.080547409579668283e+01
7.078741935483870407e+01
7.067741935483870463e+01
7.104920169436297783e+01
7.053307266210491377e+01
7.039437499999999659e+01
7.096285434995112951e+01
7.072218564845293542e+01
7.055637176620888340e+01
7.010193548387097451e+01
7.064066666666666094e+01
7.013096774193547844e+01
7.034312500000000057e+01
7.063866666666666561e+01
7.041902899967415408e+01
7.039906249999999943e+01
7.090258064516129366e+01
7.071733333333332894e+01
7.061666666666666003e+01
7.044062499999999716e+01
7.015838709677419160e+01
7.016093750000000284e+01
7.089090909090909065e+01
7.095420875420875007e+01
7.048482912807409662e+01
7.065437788018432741e+01
7.096383186705767798e+01
6.931683168316831711e+01
6.983459595959595845e+01
7.014187499999999886e+01
6.977410468319558845e+01
6.987310606060606233e+01
6.930562500000000625e+01
6.989587991057170768e+01
6.959968750000000171e+01
6.961268939393939092e+01
7.012096774193548754e+01
6.920937499999999432e+01
6.960906249999999318e+01
6.951060606060606517e+01
6.999744490578089540e+01
7.010267857142856940e+01
7.027406249999999943e+01
7.073150863473443906e+01
7.034501262626262985e+01
6.952937500000000171e+01
6.935343749999999829e+01
6.977937500000000171e+01
7.006875203649397577e+01
6.985542929292928704e+01
7.067003367003367487e+01
7.058989898989898393e+01
7.059516129032257936e+01
6.986624999999999375e+01
7.062677419354838548e+01
7.089605734767025069e+01
7.098265306122449658e+01
7.059967741935483332e+01
7.022034438775510523e+01
6.986458333333332860e+01
7.093905723905723448e+01
7.068308080808080263e+01
7.025419354838709296e+01
7.009870967741935033e+01
7.087683284457477839e+01
7.053312499999999829e+01
7.063994786575432272e+01
7.063662239089184425e+01
7.048093749999999602e+01
7.034897360703811842e+01
7.018281249999999716e+01
7.062267839687194737e+01
7.090059249506253991e+01
7.056533072662105610e+01
7.096379196840025827e+01
7.083410138248848398e+01
7.058292603453894287e+01
7.068295861844248407e+01
7.126333333333333542e+01
7.100479080166081758e+01
7.107044107965766955e+01
7.090972222222222854e+01
7.070446399478657895e+01
7.058935483870968142e+01
7.083062499999999773e+01
7.089593750000000227e+01
7.089437499999999659e+01
7.046534653465346310e+01
7.147676767676767895e+01
7.132225806451613437e+01
7.079928315412186635e+01
7.070624999999999716e+01
7.120935483870967175e+01
7.131483870967741723e+01
7.124903225806451701e+01
7.084286170552539375e+01
7.057859848484848442e+01
7.111133333333333439e+01
7.116133333333333155e+01
7.098115618013413552e+01
7.050781250000000000e+01
7.064393939393939092e+01
7.099806451612903402e+01
7.029375000000000284e+01
7.011478960396038929e+01
7.151530612244897611e+01
7.071483870967742291e+01
7.010750000000000171e+01
7.067225806451612868e+01
7.049377195784094852e+01
7.080133333333333212e+01
7.000499999999999545e+01
7.013290322580645864e+01
7.075133333333333496e+01
7.044128787878787534e+01
7.104107744107744793e+01
7.046151389332482040e+01
6.993842821782178021e+01
7.003155940594059814e+01
7.006407828282827666e+01
7.093367003367004031e+01
7.082693602693602486e+01
7.060599999999999454e+01
7.085185185185184764e+01
7.094276094276094113e+01
7.000000000000000000e+01
7.026967741935483502e+01
7.038415841584158272e+01
7.014307598039215463e+01
6.971787878787878867e+01
6.949343749999999886e+01
6.991698232323231821e+01
7.049833333333333485e+01
7.067575757575757223e+01
6.968677419354838776e+01
6.990303030303030596e+01
7.036160714285713880e+01
7.019306930693069546e+01
7.018007425742574412e+01
6.996717171717172334e+01
7.050967741935484412e+01
6.997469955724224633e+01
7.078754208754209287e+01
7.067057673509286531e+01
6.995098039215686470e+01
6.946183328010219782e+01
7.067096774193548470e+01
7.016650374714890859e+01
7.039903225806452269e+01
7.053709677419354307e+01
7.019183168316831711e+01
7.028960396039603609e+01
7.094645161290323188e+01
7.082290322580645636e+01
7.005303030303029743e+01
7.009212121212121360e+01
7.061387096774193139e+01
7.069799999999999329e+01
7.049792398594698284e+01
7.017593750000000341e+01
6.992233910891089010e+01
6.915747549019607732e+01
6.988211633663365774e+01
7.041400000000000148e+01
7.025587871287129360e+01
7.040849568827850646e+01
7.003062500000000057e+01
7.005555555555555713e+01
7.069833333333333769e+01
6.980812500000000398e+01
7.090129032258064967e+01
7.039002932551319702e+01
7.091104594330400346e+01
7.067781250000000171e+01
7.170950888192267314e+01
7.078419354838709410e+01
7.099865319865320146e+01
7.095322580645161281e+01
7.065500000000000114e+01
7.045324209840339336e+01
7.027588383838383379e+01
7.104072987943955297e+01
7.098273053111762465e+01
7.026991421568627061e+01
7.096024763766699550e+01
7.088009123492994945e+01
7.078419354838709410e+01
7.071437500000000398e+01
7.072750000000000625e+01
7.080548387096774832e+01
7.073218749999999488e+01
7.066031250000000341e+01
6.985218749999999943e+01
7.025495049504949918e+01
7.053281250000000568e+01
7.059696969696969404e+01
7.031899752475247567e+01
7.057750000000000057e+01
7.022804215905460978e+01
7.060096774193547731e+01
7.127166666666666117e+01
7.100230414746543772e+01
7.005876716703927798e+01
7.054967741935483616e+01
7.032967741935483730e+01
7.013031250000000227e+01
7.022261258383902316e+01
7.047225806451612584e+01
7.012500000000000000e+01
7.026354838709677608e+01
7.020903225806451076e+01
7.131556948798328222e+01
