7.024193548387096087e+01
7.043173672205929847e+01
6.950031250000000682e+01
7.023322580645161395e+01
6.997476844458638823e+01
7.032516129032258334e+01
6.994506547428936472e+01
6.988706683168317113e+01
6.994647277227723237e+01
7.012033333333333474e+01
6.993709677419354875e+01
6.981250000000000000e+01
7.060548387096774547e+01
7.001000000000000512e+01
6.993741935483870975e+01
6.993064516129032882e+01
7.014499837080482791e+01
6.990779702970297649e+01
6.988613861386139092e+01
7.125521885521885679e+01
7.035931012456084943e+01
7.034747474747474882e+01
6.876424242424242550e+01
7.031322580645161224e+01
6.999041839667837905e+01
6.967708333333332860e+01
6.939153915391538874e+01
7.018193069306930454e+01
7.047750000000000625e+01
7.038129032258063944e+01
7.027467262855317642e+01
7.044354838709676869e+01
6.952265226522652597e+01
7.045225806451612982e+01
7.012457912457912812e+01
7.042095177259660943e+01
6.997281250000000341e+01
7.065419354838709864e+01
7.007354797979797922e+01
7.041616097093580606e+01
7.017945544554454784e+01
6.994975490196078738e+01
7.027531249999999829e+01
7.077579048227403291e+01
6.991249999999999432e+01
7.021468749999999659e+01
7.045133333333333781e+01
7.023281249999999432e+01
7.019343750000000171e+01
7.079225589225589488e+01
7.013187499999999375e+01
7.047433333333333394e+01
6.976082920792079278e+01
7.055200000000000671e+01
7.072383146807109711e+01
7.048156249999999545e+01
7.045749999999999602e+01
7.032156249999999886e+01
7.005451612903225111e+01
7.076300000000000523e+01
7.046183328010219782e+01
6.988830445544554948e+01
7.093677419354838776e+01
7.049062499999999432e+01
7.105858585858585741e+01
7.054906250000000512e+01
7.098935483870967289e+01
7.044542196155099134e+01
7.097322580645160883e+01
7.008032258064515929e+01
7.082620144832127096e+01
7.002599009900990268e+01
6.983363636363635862e+01
7.047374999999999545e+01
6.982358235823582504e+01
7.097360703812316274e+01
7.056914723730437800e+01
7.099393939393939945e+01
7.094419354838709069e+01
7.110322580645161850e+01
7.059533695305015044e+01
7.047979797979797922e+01
7.084903225806451132e+01
7.022624999999999318e+01
7.012656250000000568e+01
7.115959595959596129e+01
7.026749999999999829e+01
7.084580645161290136e+01
7.061418077291600071e+01
7.081539444267006900e+01
7.097064516129032086e+01
7.070376275510204778e+01
7.114935483870968369e+01
7.047281250000000341e+01
7.006515151515151274e+01
7.101144781144780893e+01
7.112828282828283477e+01
7.060364100926221909e+01
7.058941831683168289e+01
7.086774193548387757e+01
7.036897689768976250e+01
7.021250000000000568e+01
6.990000000000000568e+01
7.005269607843136725e+01
7.010906249999999318e+01
7.017218750000000682e+01
6.995656250000000398e+01
7.007656249999999432e+01
7.105049504950494565e+01
7.009038645800063705e+01
7.056866666666667243e+01
7.068999999999999773e+01
7.104483870967742121e+01
7.044290322580644670e+01
7.011766666666666481e+01
6.959375000000000000e+01
7.032064516129032938e+01
7.064288041707396815e+01
7.025781250000000000e+01
7.026798679867987119e+01
7.049580645161290704e+01
7.092828282828283193e+01
6.974557455745573975e+01
7.032580445544554948e+01
7.053333333333333144e+01
7.017233910891089010e+01
7.020738636363635976e+01
7.024156250000000057e+01
7.069849888214628209e+01
7.112794612794613158e+01
7.061741935483871657e+01
7.002774193548387416e+01
7.010732323232323893e+01
7.069064516129031972e+01
7.019585396039603609e+01
6.980787878787879208e+01
7.049025870328968324e+01
7.011868686868686495e+01
6.972487248724873155e+01
7.039955285851165456e+01
7.030968749999999545e+01
7.009549664643883204e+01
7.030064516129031915e+01
7.008612903225807145e+01
7.041392526349409309e+01
7.057156249999999886e+01
6.986064516129032143e+01
6.979999999999999716e+01
7.037536656891495568e+01
7.092760942760942555e+01
6.995906250000000171e+01
6.996875000000000000e+01
7.089129032258064456e+01
7.080225806451612414e+01
7.085791245791246240e+01
7.000741935483870293e+01
6.980937500000000284e+01
7.001419354838709808e+01
7.084870967741935033e+01
7.015193548387097167e+01
7.070799999999999841e+01
7.068133333333332757e+01
7.079225806451613323e+01
7.056032258064516327e+01
7.096419354838710092e+01
7.036931818181818699e+01
6.995884900990098743e+01
7.069594378792717748e+01
7.052411370169275528e+01
7.039603960396038929e+01
7.064032258064516157e+01
7.086510263929618247e+01
6.994728535353534937e+01
7.030225806451612414e+01
7.023174504950495134e+01
7.088181818181817562e+01
7.101515151515151558e+01
7.074966666666666981e+01
7.057766666666667277e+01
7.049696582561482217e+01
7.040599543825349826e+01
7.131716171617161137e+01
7.051999999999999602e+01
7.054233333333333178e+01
6.947988861386139092e+01
7.044267007345895593e+01
7.058703289683806759e+01
7.066400000000000148e+01
7.098032258064516498e+01
7.057681251996167759e+01
7.090838709677419160e+01
6.979597959795979989e+01
7.089064516129032256e+01
7.092806451612902663e+01
7.079266666666666197e+01
7.083968719452590790e+01
7.083121537960248304e+01
7.049669966996700055e+01
7.074006734006734121e+01
7.045946782178218371e+01
7.053273714468221556e+01
7.010875000000000057e+01
7.091144781144781462e+01
7.066193548387096257e+01
7.028248762376237835e+01
7.058958799105717219e+01
7.005142127115937001e+01
7.057666666666666799e+01
7.106517241379310690e+01
7.048677419354838491e+01
7.019642286809326492e+01
7.014913366336634226e+01
7.001392326732673155e+01
7.040977323538805877e+01
7.033322580645160826e+01
7.131533333333332791e+01
7.051468749999999375e+01
7.063636363636364024e+01
7.034699999999999420e+01
6.991759821143403997e+01
7.008548387096773524e+01
6.976925505050505194e+01
7.007645161290322733e+01
7.018129032258065081e+01
7.040562500000000057e+01
7.014325495049504866e+01
6.953855385538554401e+01
6.961776177617761618e+01
7.019430693069307381e+01
6.975333333333333030e+01
7.024690594059406124e+01
7.006687499999999602e+01
7.031651229639092548e+01
7.007827970297029196e+01
7.008632425742574412e+01
7.048749999999999716e+01
7.087755775577558381e+01
6.969781249999999773e+01
7.015870967741935260e+01
7.003867574257425588e+01
7.013737623762376927e+01
7.028312499999999829e+01
7.052954327690834191e+01
6.989123774509803866e+01
7.034093749999999545e+01
7.026468749999999375e+01
7.009375000000000000e+01
7.038546757901596607e+01
6.962346813725490335e+01
6.930723072307230836e+01
7.046419354838710092e+01
6.985860148514851176e+01
7.005631188118812247e+01
6.987384222293196956e+01
7.001144801980197485e+01
7.006342821782178021e+01
6.999226485148514598e+01
7.055612903225807031e+01
7.047064516129032086e+01
7.048699999999999477e+01
7.115666666666666629e+01
7.062354838709677551e+01
6.963096309630962821e+01
7.029702970297029196e+01
7.040000000000000568e+01
7.017017326732673155e+01
7.011757425742574412e+01
7.004486386138613341e+01
7.002196782178218371e+01
7.021266666666666367e+01
7.063334397955924260e+01
7.018483870967742178e+01
7.072532737144682358e+01
7.020645161290322278e+01
7.040218749999999659e+01
7.044737699576408829e+01
7.047100000000000364e+01
7.093838709677419274e+01
7.039669966996699202e+01
7.034312500000000057e+01
7.036031250000000625e+01
7.089595959595959584e+01
7.061257738677093698e+01
7.050937500000000568e+01
7.049820788530466587e+01
7.041218750000000171e+01
7.041062499999999602e+01
7.052218750000000114e+01
7.053470185728249930e+01
7.049103942652330090e+01
7.006621287128713504e+01
7.034799999999999898e+01
7.007827970297029196e+01
7.022122524752475670e+01
7.035866666666666447e+01
7.021622484829127586e+01
7.017000000000000171e+01
7.063526030022356395e+01
7.091225806451612357e+01
7.010860148514851176e+01
7.018316831683168289e+01
7.102161290322580101e+01
7.098516129032257993e+01
7.071957840945384532e+01
7.074544873842222614e+01
7.070424784413924613e+01
7.036369386464262732e+01
7.051485148514851176e+01
7.082580645161290533e+01
7.015490258703289328e+01
7.056371766208879137e+01
7.050124999999999886e+01
7.113100000000000023e+01
7.103483870967741609e+01
7.103451612903225509e+01
7.089867986798680022e+01
7.044531250000000000e+01
7.057282502443793248e+01
7.087160651549025658e+01
7.120645161290322278e+01
7.038459158415841443e+01
7.067656250000000284e+01
7.074437500000000512e+01
7.049562500000000398e+01
7.053031249999999375e+01
7.050281250000000455e+01
7.080677745193874273e+01
7.073812499999999659e+01
7.076000000000000512e+01
7.159633333333333383e+01
7.076677419354838605e+01
7.078218750000000625e+01
7.038166719897796497e+01
7.059437499999999943e+01
7.056874999999999432e+01
7.091645161290323074e+01
7.026387096774193708e+01
7.050187499999999829e+01
7.069161290322580271e+01
7.048304830483048988e+01
7.088139459107200935e+01
7.069925742574257299e+01
7.080389651868412670e+01
7.043218749999999773e+01
7.055451612903225111e+01
7.121709677419354989e+01
7.005116421568627061e+01
7.029764851485148824e+01
7.048677419354838491e+01
7.039573019801980536e+01
7.017048267326732969e+01
6.938830445544554948e+01
6.982290322580645636e+01
6.900187499999999829e+01
6.886032258064516043e+01
6.835210396039603609e+01
6.809593750000000512e+01
6.867645161290322164e+01
6.839000000000000057e+01
6.855290322580644613e+01
6.817326732673267031e+01
6.919733333333333292e+01
6.808304056212072908e+01
6.781677419354838321e+01
6.893466666666667209e+01
6.804375000000000284e+01
6.765841584158415856e+01
6.842970297029702920e+01
6.715090909090909577e+01
6.812225806451613153e+01
6.720999999999999375e+01
6.750928217821781629e+01
6.783870967741935942e+01
6.845033333333333303e+01
6.782062500000000682e+01
6.778531250000000341e+01
6.785562500000000341e+01
6.775624999999999432e+01
6.817757904822740045e+01
6.781937499999999375e+01
6.798859563375692971e+01
6.774562500000000398e+01
6.751361386138613341e+01
6.800468750000000284e+01
6.757673267326732969e+01
6.812360268284892584e+01
6.764634900990098743e+01
6.794968749999999602e+01
6.825084175084174376e+01
6.798593750000000568e+01
6.802548387096774718e+01
6.790312500000000284e+01
6.726242424242424534e+01
6.785843749999999375e+01
6.750587871287129360e+01
6.787781250000000455e+01
6.739818181818181131e+01
6.770977722772276763e+01
6.775680693069307381e+01
6.810231345715216378e+01
6.789437499999999659e+01
6.720220588235294201e+01
6.804152028106035743e+01
6.783062499999999773e+01
6.833201320132013734e+01
6.805589268604279596e+01
6.830451612903225111e+01
6.839419354838709353e+01
6.842612903225806065e+01
6.818903225806451474e+01
6.807533333333333303e+01
6.835622895622896067e+01
6.777051767676768179e+01
6.737272436921111307e+01
6.825033333333333019e+01
6.846936026936026565e+01
6.747464746474646802e+01
6.796643857934181199e+01
6.758756188118812247e+01
6.860168350168349605e+01
6.783437499999999432e+01
6.716681971227426118e+01
6.762308673469387088e+01
6.774818181818181984e+01
6.834278266536331614e+01
6.877517106549365167e+01
6.841027227722771897e+01
6.792319231923193001e+01
6.785101010101010388e+01
6.820906250000000171e+01
6.814691791759821626e+01
6.858956228956229495e+01
6.788625000000000398e+01
6.796155099380905540e+01
6.800879765395895049e+01
6.792781250000000171e+01
6.800156250000000568e+01
6.783121537960248304e+01
6.806677419354838321e+01
6.806565656565656752e+01
6.828677419354838207e+01
6.801466275659824134e+01
6.822095959595959869e+01
6.814883423826253761e+01
6.830437559885021415e+01
6.850526988182689081e+01
6.840193548387097167e+01
6.913774193548387359e+01
6.842499999999999716e+01
6.888612903225806861e+01
6.907494297816877804e+01
6.914108830237861980e+01
6.853861192570869321e+01
6.856882785052698637e+01
6.862475247524751865e+01
6.839002932551319702e+01
6.845608431810923378e+01
6.923400673400674066e+01
6.882895622895622978e+01
6.847301181731076269e+01
6.873483870967741893e+01
6.835870967741935544e+01
6.886483870967741439e+01
6.905700000000000216e+01
6.838218750000000057e+01
6.850096774193548299e+01
6.897066666666667345e+01
6.832451612903226135e+01
6.848516414141414543e+01
6.803843750000000057e+01
6.795374999999999943e+01
6.895993265993266164e+01
6.865451612903225964e+01
6.891200000000000614e+01
6.817774193548386563e+01
6.864933333333333110e+01
6.813848159009450001e+01
6.844802867383512535e+01
6.776333439795592994e+01
6.861967741935484355e+01
6.882730531117627493e+01
6.876018246985988469e+01
6.897608418367346417e+01
6.990537634408602230e+01
7.041359223300970882e+01
6.985212392206962306e+01
6.944781249999999773e+01
6.959824046920820706e+01
7.004138155751059003e+01
6.998433333333333906e+01
6.940645161290322562e+01
7.076330766655507887e+01
7.060426929392446027e+01
6.896720297029702351e+01
7.031015873015873296e+01
7.050288461538461604e+01
6.965935483870967460e+01
6.873638613861386659e+01
7.037532051282050816e+01
6.952122641509433265e+01
7.021314102564102200e+01
6.965838709677419160e+01
6.902413366336634226e+01
6.886106675183647496e+01
6.856645161290322221e+01
6.918806451612903174e+01
6.852612903225806917e+01
6.867103161929095734e+01
6.895935483870967175e+01
6.863366336633663423e+01
6.860907058447780571e+01
6.885580645161290647e+01
6.895967741935483275e+01
6.868133333333332757e+01
6.868166666666667197e+01
6.867533333333332735e+01
6.873516129032257993e+01
6.818833496252851489e+01
6.791374999999999318e+01
6.869595959595959300e+01
6.814677419354838150e+01
6.802781249999999602e+01
6.814271749755620533e+01
6.823786249592701836e+01
6.891096774193547958e+01
6.836156250000000512e+01
6.826322580645161509e+01
6.777424242424243062e+01
6.840500000000000114e+01
6.859889214727924411e+01
6.858720538720538684e+01
6.854141414141413691e+01
6.791319444444444287e+01
6.829833333333333201e+01
6.784612903225806235e+01
6.863387096774194163e+01
6.835599999999999454e+01
6.785909090909090935e+01
6.873032258064516498e+01
6.873064516129032597e+01
6.765060606060606574e+01
6.811784511784512119e+01
6.701373363142765527e+01
6.623059725327371439e+01
6.474467446744674248e+01
6.518862090290662081e+01
6.546714671467147184e+01
6.694225806451612470e+01
6.615387096774193765e+01
6.437312519130701105e+01
6.423624999999999829e+01
6.330735930735930594e+01
6.364312499999999773e+01
6.402369980250163906e+01
6.375414540816326792e+01
6.410763660302831113e+01
6.330839646464646364e+01
6.319582926034539128e+01
6.295184948979591866e+01
6.298387096774193594e+01
6.262705727452271276e+01
6.270968750000000114e+01
6.248774193548386791e+01
6.240190915075707778e+01
6.218637992831541084e+01
6.253094140882159024e+01
6.194250000000000256e+01
6.257834101382488257e+01
6.223036819811013487e+01
6.204718749999999972e+01
6.218246985988921693e+01
6.207494297816878515e+01
6.146562500000000284e+01
6.143625000000000114e+01
6.099087650700553809e+01
6.091792929292929415e+01
6.186249592701205557e+01
6.042045454545454675e+01
6.061957908163265074e+01
6.047235023041474733e+01
6.012619047619047308e+01
5.968673469387755404e+01
5.849299446073639785e+01
5.935690235690235994e+01
5.823125000000000284e+01
5.813036616161615910e+01
5.842824226464779258e+01
5.788215488215487881e+01
5.795982142857143060e+01
5.826221397649968736e+01
5.919420671494404473e+01
5.825694444444444287e+01
5.842725477287689273e+01
5.873737373737373701e+01
5.868720538720538826e+01
5.860312805474095654e+01
5.871111111111110858e+01
5.799204162840526777e+01
5.833952427500814508e+01
5.787542087542087188e+01
5.835911784068466091e+01
5.849526515151514872e+01
5.809875000000000256e+01
5.881566820276497509e+01
5.831171823568136858e+01
5.834858459512837214e+01
5.854258064516128712e+01
5.842489410231345914e+01
5.813488520408163396e+01
5.818431122448979664e+01
5.832645161290322733e+01
5.796396683673469141e+01
5.776994434137291279e+01
5.808641581632652873e+01
5.833580705009276102e+01
5.908923611111111285e+01
5.846938775510204067e+01
5.865814393939393767e+01
5.903062886933854969e+01
5.968144132653061007e+01
5.898757575757575466e+01
5.970739654610622438e+01
5.992429229756418607e+01
5.936553030303030454e+01
6.038018433179723843e+01
6.049407504937458668e+01
6.019585253456221352e+01
6.033968749999999659e+01
6.074654377880184342e+01
6.062333007494297732e+01
5.986749999999999972e+01
5.996214614878209659e+01
5.875312499999999716e+01
5.881766666666666765e+01
5.892053872053872254e+01
5.832659932659932878e+01
5.861781249999999943e+01
5.863000000000000256e+01
5.872001262626262275e+01
5.837353735373537233e+01
5.893468750000000256e+01
5.944574780058650987e+01
5.917935483870967772e+01
5.913406249999999886e+01
5.895588235294117396e+01
5.921875000000000000e+01
5.990935483870967460e+01
5.940753752794634579e+01
5.924064516129032398e+01
5.843500000000000227e+01
5.829451612903226021e+01
5.876633333333333553e+01
5.805406250000000057e+01
5.754687500000000000e+01
5.806322580645161224e+01
5.795612903225806178e+01
5.773139572021718635e+01
5.756627275630788887e+01
5.757521558607473366e+01
5.731924019607843235e+01
5.762184605557330030e+01
5.723818181818181472e+01
5.811999999999999744e+01
5.737469059405940897e+01
5.764124999999999943e+01
5.821419354838709381e+01
5.813161290322580754e+01
5.793484509741296762e+01
5.813225806451612954e+01
5.713521039603960361e+01
5.707093749999999943e+01
5.541224122412241115e+01
5.579096774193548214e+01
5.581166503747149221e+01
5.548062500000000341e+01
5.513180693069306670e+01
5.533187499999999659e+01
5.552562499999999801e+01
5.552895289528952816e+01
5.543224009900990268e+01
5.521925133689839527e+01
5.551763613861385949e+01
5.529517326732673155e+01
5.600645161290322704e+01
5.535656250000000256e+01
5.576580645161290306e+01
5.504260426042604593e+01
5.494058229352346956e+01
5.566049185563717572e+01
5.556968750000000057e+01
5.565218749999999659e+01
5.576812499999999773e+01
5.548298267326732969e+01
5.601609848484848442e+01
5.587735547748323484e+01
5.506559405940593876e+01
5.516218750000000171e+01
5.432531194295900434e+01
5.500093749999999915e+01
5.414791479147914544e+01
5.463180693069306670e+01
5.462252475247525041e+01
5.535000000000000142e+01
5.496968749999999915e+01
5.443131188118811536e+01
5.418924539512774885e+01
5.451624999999999943e+01
5.509614168247944122e+01
5.471880091234930177e+01
5.491695943787927092e+01
5.423484848484848442e+01
5.441792929292929415e+01
5.336437500000000256e+01
5.359504132231405293e+01
5.320272727272727309e+01
5.409684405940593876e+01
5.374938725490196134e+01
5.376121212121211812e+01
5.374156250000000057e+01
5.319454545454545524e+01
5.372906249999999773e+01
5.334190388735843413e+01
5.446171391332681821e+01
5.391939393939394165e+01
5.441580645161290164e+01
5.464288041707396815e+01
5.450031249999999972e+01
5.429209183673469141e+01
5.376333333333333542e+01
5.397734925007652151e+01
5.332696969696969802e+01
5.361095806550351739e+01
5.360606060606060908e+01
5.393843749999999915e+01
5.393440594059406124e+01
5.379649435531788271e+01
5.388468749999999829e+01
5.450374999999999659e+01
5.435922029702970093e+01
5.462593678722711132e+01
5.471262254901960631e+01
5.375323529411764412e+01
5.415656249999999972e+01
5.393639363936393494e+01
5.473058252427184556e+01
5.453187499999999943e+01
5.448131127450980671e+01
5.467984068627450966e+01
5.458070388349514701e+01
5.381848484848485015e+01
