7.081724484665660668e+01
6.850885208452312725e+01
6.952020202020202078e+01
6.974032176973354069e+01
7.019918699186992228e+01
6.987563569116967699e+01
7.098756575801051838e+01
7.058541065337182374e+01
7.077602354830077047e+01
7.014370485036120328e+01
6.735329018338727280e+01
6.597904026475454486e+01
6.903748558246827827e+01
7.030144447075538494e+01
6.869551820728291602e+01
6.742032967032966440e+01
6.715210932857991111e+01
6.854985994397759441e+01
7.059660194174757919e+01
6.889938217122683284e+01
6.877001414427157044e+01
6.566909385113268627e+01
6.676984580239863476e+01
6.652577030812325631e+01
6.713611111111110574e+01
6.567434119278779292e+01
6.519687334393216815e+01
6.654625176803394027e+01
6.735569852941176805e+01
6.805322128851540242e+01
6.675432525951556784e+01
6.621606334841628438e+01
6.885784313725490335e+01
6.873121723937099148e+01
6.811208267090620438e+01
6.937058823529412166e+01
6.675708061002178795e+01
6.847029702970297649e+01
6.905938914027149167e+01
6.706597222222222854e+01
6.915577342047930642e+01
6.850741758241758816e+01
6.949457452884065845e+01
6.845022624434389513e+01
6.784395604395604096e+01
6.870873786407767625e+01
6.664652888182300217e+01
6.874341192787794341e+01
7.049046104928457623e+01
6.990866873065014886e+01
6.979963522668056441e+01
6.881324041811846826e+01
6.955349999999999966e+01
6.865238095238095184e+01
6.942006033182504154e+01
6.882246879334257983e+01
6.834389140271493090e+01
6.706043956043956200e+01
6.854367346938775540e+01
6.862754524886878471e+01
6.884640522875817226e+01
6.904775771694816910e+01
6.779434229137198997e+01
6.898436657681941142e+01
6.917532838378069471e+01
6.680161476355247885e+01
6.698663101604277870e+01
6.671840419336051298e+01
6.740069889341874898e+01
6.811491149114911536e+01
6.640650636492220826e+01
6.647404844290657877e+01
6.727615734546427007e+01
6.855686274509804434e+01
6.838076379066478694e+01
6.937058823529412166e+01
6.890129012901290650e+01
6.916318681318681172e+01
6.808117583603019796e+01
6.958566533409479860e+01
6.757825854700854507e+01
6.835524798154555981e+01
6.801857142857143401e+01
6.661873638344226833e+01
6.787199999999999989e+01
6.838007478632478353e+01
6.818205882352941671e+01
6.736056105610560962e+01
6.832798573975044576e+01
6.845428072218986415e+01
6.933535178777393071e+01
6.960754604872252571e+01
6.920131353512279304e+01
6.942935409457901130e+01
6.855182072829131812e+01
6.957823529411764696e+01
6.789768976897690322e+01
6.811703296703296928e+01
6.885631868131868316e+01
6.853445378151261025e+01
6.972212885154061723e+01
6.799639963996399672e+01
6.750764705882352246e+01
6.758653846153846700e+01
6.775988247863247693e+01
6.795719277810134429e+01
6.815994397759104118e+01
6.770376258611553055e+01
6.667185367185366829e+01
6.547959724430312178e+01
6.771262135922330572e+01
6.799797979797979508e+01
6.655096097845078873e+01
6.611794414735591374e+01
6.576320132013201203e+01
6.711408199643493333e+01
6.513696655132640956e+01
6.562291371994342626e+01
6.660728291316526395e+01
6.618273420479302160e+01
6.679685714285714937e+01
6.643481848184818261e+01
6.628540507111935653e+01
6.605187499999999545e+01
6.593337334933973182e+01
6.614221422142213669e+01
6.652320544554454784e+01
6.653259871441689199e+01
6.584551396316102512e+01
6.668048469387754551e+01
6.609000900090009623e+01
6.739835858585858830e+01
6.756868811881187753e+01
6.661259655377303091e+01
6.732727272727272805e+01
6.741884188418842427e+01
6.727558823529412280e+01
6.617628571428571149e+01
6.586564625850340349e+01
6.688117647058822968e+01
6.760495626822157078e+01
6.681624649859944043e+01
6.633645124716552743e+01
6.680582788671023309e+01
6.739556623931623847e+01
6.648176133402813548e+01
6.861798679867986550e+01
7.004606413994169145e+01
7.025962596259626025e+01
7.029867452135493977e+01
6.924056094929881056e+01
6.720504158004158057e+01
6.623412698412698774e+01
6.597839783978398032e+01
6.454326772883473495e+01
6.556185567010309967e+01
6.416938775510203641e+01
6.485189504373177272e+01
6.665092097445038632e+01
6.521330956625074293e+01
6.605800000000000693e+01
6.728678537956888306e+01
6.474509803921569073e+01
6.786854741896758014e+01
6.651313131313131066e+01
6.666666666666667140e+01
6.564752186588921745e+01
6.693285714285714505e+01
6.745516265912306153e+01
6.654689942678479042e+01
6.764472917880023317e+01
6.753028571428571070e+01
6.692055692055691907e+01
6.789639989639989892e+01
6.718684945417618337e+01
6.946538461538462172e+01
6.710728155339805312e+01
6.843653846153846132e+01
6.550478240076517977e+01
6.419059011164274864e+01
6.580063795853268971e+01
6.568325791855203022e+01
6.336421200750469040e+01
6.519801980198019464e+01
6.420893627824321470e+01
6.582125964650236938e+01
6.564990138067061309e+01
6.564929650859822630e+01
6.538550793274923478e+01
6.748255051167672036e+01
6.512934362934362298e+01
6.405714285714286405e+01
6.497710976282404260e+01
6.490125769333690187e+01
6.636894736842104692e+01
6.606043689320388523e+01
6.605781799899446582e+01
6.616774045098941315e+01
6.592466460268317974e+01
6.555588235294118249e+01
6.560906862745098067e+01
6.613385627530364275e+01
6.633969263381028725e+01
6.577402912621359121e+01
6.631782407407406765e+01
6.704605263157894512e+01
6.727167182662539346e+01
6.667825443786982476e+01
6.752617647058823991e+01
6.884158415841584144e+01
6.874402286902287074e+01
6.933499999999999375e+01
6.967390109890109784e+01
7.013392347230154655e+01
7.002370237023701804e+01
6.986619519094766417e+01
6.865604575163398238e+01
6.960396825396824738e+01
6.892467948717948900e+01
6.815275813295615137e+01
6.874671616219303871e+01
6.802406417112300119e+01
6.760859728506787292e+01
6.889648964896490213e+01
6.794861111111110574e+01
6.856294200848655862e+01
6.708282828282828802e+01
6.766482236458939781e+01
6.656000000000000227e+01
6.825800865800866291e+01
6.782274052478133797e+01
6.766249999999999432e+01
6.760176470588235986e+01
6.845929887106358080e+01
6.814810495626822728e+01
6.792156862745098067e+01
6.822363636363635919e+01
6.734848484848484418e+01
6.779975728155339709e+01
6.746421499292786450e+01
6.750297029702970519e+01
6.578942857142857292e+01
6.740906362545017316e+01
6.768799272286234725e+01
6.711966053748231786e+01
6.707852941176470551e+01
6.784848484848484418e+01
6.679430670339760923e+01
6.792547928262213475e+01
6.643485714285714039e+01
6.736938775510203925e+01
6.610840336134454276e+01
6.752566481137910159e+01
6.764255702280912885e+01
6.831090909090909236e+01
6.682200000000000273e+01
6.628828571428572047e+01
6.714386287113559604e+01
6.712939393939393540e+01
6.709242424242424363e+01
6.799912638322655312e+01
6.677777777777777146e+01
6.726235294117647356e+01
6.760314285714285631e+01
6.809477124183005969e+01
6.725582107843136725e+01
6.727566931450427035e+01
6.766263736263736916e+01
6.684250269687163382e+01
6.712510402219139394e+01
6.583638888888889085e+01
6.678571428571429180e+01
6.676033057851239505e+01
6.694895977808599241e+01
6.685382352941176975e+01
6.692954230235783086e+01
6.675889751137276562e+01
6.649591503267973280e+01
6.853249299719888654e+01
6.794421768707482556e+01
6.842656250000000284e+01
6.650089126559714714e+01
6.761176470588235077e+01
6.621598336304218435e+01
6.672498483929653901e+01
6.652312889812890262e+01
6.688484358144552289e+01
6.449477447744774850e+01
6.722141372141372528e+01
6.658691043985162139e+01
6.668027777777777487e+01
6.534135135135134931e+01
6.623655338506823398e+01
6.562289473684209895e+01
6.586530612244898464e+01
6.576347634763476435e+01
6.596628571428571775e+01
6.695515151515151331e+01
6.593642305407011861e+01
6.737934904601571873e+01
6.734036061026351661e+01
6.727909919028340369e+01
6.784084008097165963e+01
6.752260914760914545e+01
6.681272355646397898e+01
6.624527337761880119e+01
6.745915032679738488e+01
6.808912123475229805e+01
6.633111905978537948e+01
6.660928890055103579e+01
6.875641025641026260e+01
6.895434269220676526e+01
6.649811320754716348e+01
6.545785389349745742e+01
6.719400096758587893e+01
6.402588996763753926e+01
6.566691176470588687e+01
6.930445151033386253e+01
6.583357988165680297e+01
6.608544973544974255e+01
6.780283018867925193e+01
6.614828253507498346e+01
6.643082788671023309e+01
6.716428571428571104e+01
6.651164035322450729e+01
6.674925521350546376e+01
6.691364333163004119e+01
6.710449667858968326e+01
6.700295857988164983e+01
6.741235167206041012e+01
6.639634146341462895e+01
6.644220846233230304e+01
6.678640541848089640e+01
6.626819126819127348e+01
6.621486486486486456e+01
6.704861111111111427e+01
6.696833976833977431e+01
6.707368421052630936e+01
6.613803376365441977e+01
6.660465116279070230e+01
6.687724867724867295e+01
6.594486215538847773e+01
6.684714285714285609e+01
6.620731707317072789e+01
6.740532544378697821e+01
6.778809523809523796e+01
6.686893704850361075e+01
6.652136752136752307e+01
6.729117647058824048e+01
6.744927184466018844e+01
6.598461538461538112e+01
6.609615384615383959e+01
6.676237623762376927e+01
6.662578616352200811e+01
6.662713387241689134e+01
6.658808167141501144e+01
6.480045988758303110e+01
6.593120665742024755e+01
6.623674636174635566e+01
6.679959514170040791e+01
6.654808590102707910e+01
6.802815485168426335e+01
6.808422986092888607e+01
6.726796558704452877e+01
6.617174649250121377e+01
6.669289729177312154e+01
6.700862919132150353e+01
6.747981604496678187e+01
6.623403168114461437e+01
6.777293233082706081e+01
6.745532879818594552e+01
6.772596153846153300e+01
6.679678330797652563e+01
6.649849012775841572e+01
6.678547619047618866e+01
6.764285714285713880e+01
6.261886886886886572e+01
6.972307692307691696e+01
7.077591036414565906e+01
6.827106227106227720e+01
6.752159319758335698e+01
6.871965811965812065e+01
6.755384615384615188e+01
6.710632792284168602e+01
6.769975728155340278e+01
6.823396226415094645e+01
6.665186915887851171e+01
6.846427682350012844e+01
6.737919132149900747e+01
6.776215538847117159e+01
6.695887850467289582e+01
6.700952380952381304e+01
6.725598845598845799e+01
6.623241515002459323e+01
6.643969610636277423e+01
6.643323657474600452e+01
6.751428571428571956e+01
6.621967455621302179e+01
6.724740124740124259e+01
6.701771255060728549e+01
6.676871101871101644e+01
6.741529126213592349e+01
6.768052884615384812e+01
6.644750846637639086e+01
6.681548856548856463e+01
6.685462442514051418e+01
6.566143888473985157e+01
6.731888888888889255e+01
6.635687893936101034e+01
6.598183962264151603e+01
6.563387241689127904e+01
6.688457142857143367e+01
6.778552350427349893e+01
6.751282051282051100e+01
6.719817247287264195e+01
6.621472532482334827e+01
6.684935897435897800e+01
6.674749694749694129e+01
6.633240740740740193e+01
6.673560716013545857e+01
6.598826507132996255e+01
6.674090354090354538e+01
6.778664731494920659e+01
6.739158878504673567e+01
6.653044871794871540e+01
6.708345864661653479e+01
6.719904761904761870e+01
6.740278745644599212e+01
6.686791497975708864e+01
6.865783258987141835e+01
6.715162907268170045e+01
6.715413533834586701e+01
6.659824561403509335e+01
6.749161735700197084e+01
6.634204160619255219e+01
7.001725997842503091e+01
6.779989212513484631e+01
6.705547619047618468e+01
6.699056603773584584e+01
6.679467787114846544e+01
6.624506387921022110e+01
6.631802383316782823e+01
6.613018867924527910e+01
7.011735700197237975e+01
6.763095238095237960e+01
6.829633006610440304e+01
6.768231292517006636e+01
6.748163442729841677e+01
6.734021842355176091e+01
6.758185404339251079e+01
6.670271514035894711e+01
6.727815126050420247e+01
6.673340330621884675e+01
6.681063034188034067e+01
6.733827286663260736e+01
6.637334905660377160e+01
6.680276134122287601e+01
6.692230769230769738e+01
6.674292452830188438e+01
6.661249999999999716e+01
6.630995145631068510e+01
6.763421674101286385e+01
6.577875243664716720e+01
6.624690476190475863e+01
6.572488526262111463e+01
6.889542483660130756e+01
6.732051282051281760e+01
6.855974358974359006e+01
6.920362800204394205e+01
6.987199795605518204e+01
6.992860576923077076e+01
6.850597800095647472e+01
6.669981238273921065e+01
6.679605110336817120e+01
6.726367389060887092e+01
6.640937499999999716e+01
6.646646942800788338e+01
6.615138067061144511e+01
6.780687483600104315e+01
6.675056011949216384e+01
6.789114658925979029e+01
6.714261904761904987e+01
6.763286893704849945e+01
6.688848572810836401e+01
6.864743589743589780e+01
6.789705882352940591e+01
6.723475768629494098e+01
6.692380952380952408e+01
7.007428571428570763e+01
6.850764299802762025e+01
6.764119433198381159e+01
6.918592233009708536e+01
6.890000000000000568e+01
6.917499999999999716e+01
6.795401124169647744e+01
6.880625000000000568e+01
6.700323624595469596e+01
6.946732026143790506e+01
6.873317435082141458e+01
6.651779935275081357e+01
6.956462402997055960e+01
6.910256410256410220e+01
6.917167277167277462e+01
6.730368373764599710e+01
6.793649373881932263e+01
6.883485576923077076e+01
6.781155085135756622e+01
6.944249084249084092e+01
6.854547619047619378e+01
6.625834714657825941e+01
6.793689320388349984e+01
6.563436883629191243e+01
6.824193125163998275e+01
6.785615738375064154e+01
6.682023809523809632e+01
6.797134238310708554e+01
6.719198261289542984e+01
6.856887955917082422e+01
6.763660690393363950e+01
6.740386100386101020e+01
6.839937024403043608e+01
6.622722772277228387e+01
6.731859989780275555e+01
6.585131332082551125e+01
6.899081605877722723e+01
6.536576168929110509e+01
6.837387387387387605e+01
6.545201465201465396e+01
6.499572649572650107e+01
6.662335834896811093e+01
6.592432163305949189e+01
6.622956730769230660e+01
6.634858387799563673e+01
6.487327416173569361e+01
6.663942307692308020e+01
6.529599792099791955e+01
6.643321123321123878e+01
6.620896226415094077e+01
6.595943396226415700e+01
6.917766990291262630e+01
6.847234791352438776e+01
6.754013734312100325e+01
6.863667150459603761e+01
6.967143614202437618e+01
6.823694568354763135e+01
6.664019607843137294e+01
6.738421342134213887e+01
6.594332855093256285e+01
6.934095634095633898e+01
6.836316568047337228e+01
6.719660194174757351e+01
6.706983805668016885e+01
6.866476091476091881e+01
6.840620031796503042e+01
6.780714285714286405e+01
6.728693528693528947e+01
6.887194961952243943e+01
6.694798890429957794e+01
6.654299583911235061e+01
6.798257406024396232e+01
6.743274053807569146e+01
6.615679611650485015e+01
6.597156862745097783e+01
6.669104251012146278e+01
6.664426188698033116e+01
6.587252646111366516e+01
6.626232741617357647e+01
6.735273815002301490e+01
6.777758097165991558e+01
6.736928571428570933e+01
6.822469528351881252e+01
6.727546777546777435e+01
6.656908140403285756e+01
6.659382967873533232e+01
6.715164835164834756e+01
6.772940004978839568e+01
6.755795586527294461e+01
6.803131163708086149e+01
6.738750000000000284e+01
6.763446712018141227e+01
6.726485260770975572e+01
6.776418988648090647e+01
6.730794534412954988e+01
6.767179730049727482e+01
6.636445993031358626e+01
6.708434009573740298e+01
6.759070847851336339e+01
