6.420594292438953232e+01
6.309514563106796459e+01
6.344031981724728553e+01
6.333314840499306797e+01
6.334266133637920859e+01
6.327254901960784395e+01
6.240367910066428436e+01
6.311680672268907699e+01
6.300056022408963941e+01
6.289131652661064464e+01
6.257475728155339567e+01
6.278319327731092159e+01
6.218186813186812856e+01
6.289900990099010158e+01
6.257170329670329778e+01
6.322158766419188680e+01
6.280853517877739023e+01
6.260305131761442254e+01
6.254840499306519064e+01
6.262690707350901675e+01
6.266185852981969617e+01
6.270235783633842175e+01
6.283333333333333570e+01
6.232016632016632229e+01
6.231986355287325807e+01
6.323903818953323963e+01
6.322491349480969092e+01
6.297282913165265938e+01
6.295854341736694693e+01
6.277191464821222411e+01
6.217037625861155448e+01
6.290924369747899192e+01
6.286596548004315110e+01
6.319434229137199566e+01
6.289293419633225568e+01
6.280960086299891998e+01
6.298907563025210266e+01
6.301876750700279928e+01
6.301932773109243868e+01
6.332418670438472219e+01
6.308571428571428896e+01
6.285652642934196166e+01
6.317919556171983686e+01
6.275700416088765365e+01
6.309114285714285586e+01
6.297899159663865731e+01
6.290140056022408999e+01
6.372364589400116586e+01
6.320832177531206497e+01
6.254313453536754253e+01
6.282661064425770547e+01
6.276526610644257431e+01
6.280784313725489909e+01
6.293691654879773978e+01
6.242579750346740752e+01
6.215665179742849489e+01
6.276162464985994660e+01
6.231018518518518334e+01
6.321876750700280212e+01
6.307114845938375680e+01
6.262661064425770263e+01
6.288203677510608003e+01
6.292012687427911999e+01
6.250476190476190652e+01
6.279266161910308597e+01
6.175672676837725561e+01
6.232760055478502181e+01
6.258767507002801267e+01
6.178964401294498288e+01
6.232011095700416092e+01
6.221559109080525474e+01
6.257759103641456733e+01
6.266076527698457710e+01
6.259493302271403792e+01
6.210476190476190794e+01
6.218039215686274446e+01
6.229348127600555074e+01
6.224660194174757066e+01
6.259747899159663831e+01
6.281224004753416779e+01
6.257030812324929769e+01
6.236865464632455058e+01
6.264257703081232620e+01
6.250080906148867399e+01
6.238408304498270240e+01
6.241810841983852498e+01
6.267904054825813631e+01
6.262016806722689211e+01
6.341438555620268147e+01
6.243736383442265492e+01
6.318274398868458519e+01
6.307355021216407209e+01
6.308967468175389115e+01
6.321092436974790019e+01
6.328347338935574129e+01
6.323305322128851458e+01
6.336691904484565896e+01
6.318711484593837469e+01
6.324703344120819537e+01
6.346082036775106161e+01
6.291918388977212828e+01
6.349210239651416288e+01
6.381581137309292728e+01
6.339697950377561853e+01
6.428392545136865976e+01
6.377096949891067368e+01
6.477475247524752433e+01
6.506023755656109131e+01
6.392495408029388670e+01
6.492848904267589205e+01
6.621262254901961342e+01
6.482724157624214456e+01
6.524394463667819366e+01
6.509256055363321991e+01
6.511541725601131247e+01
6.469432185937040458e+01
6.479729332156516364e+01
6.434237578526555978e+01
6.378515406162465240e+01
6.425173010380622429e+01
6.441729761211415450e+01
6.419290657439447045e+01
6.436546301688991889e+01
6.423645894001164436e+01
6.326019417475728090e+01
6.378979238754325110e+01
6.365876641918903545e+01
6.360221316249271695e+01
6.361907481439177303e+01
6.366904625928041384e+01
6.368957483983692214e+01
6.366190476190476488e+01
6.462454545454545496e+01
6.391012482662968353e+01
6.407751060820368139e+01
6.417445213379468782e+01
6.418886966551326623e+01
6.418171228887594282e+01
6.414427157001414059e+01
6.491959195919591252e+01
6.439446366782006237e+01
6.454135119394292985e+01
6.426132613261326298e+01
6.355630252100840494e+01
6.403373702422145186e+01
6.360311173974540111e+01
6.434886429819452758e+01
6.378585572842998630e+01
6.409573241061130489e+01
6.432440302853814273e+01
6.463075131042515409e+01
6.410899653979238622e+01
6.416955017301037856e+01
6.411856428361282667e+01
6.448429468874928716e+01
6.445724572457245927e+01
6.424740484429065646e+01
6.342347949080622271e+01
6.333069306930693187e+01
6.342461103253182131e+01
6.389572192513369231e+01
6.330438472418670415e+01
6.372028571428571553e+01
6.363806380638063587e+01
6.361542857142857343e+01
6.263695426195425853e+01
6.282874865156418309e+01
6.315992448759438815e+01
6.371595006934812488e+01
6.378670438472418880e+01
6.346285714285714619e+01
6.492900485436892666e+01
6.460168997668998259e+01
6.485525154457192798e+01
6.516488413547237712e+01
6.531157178217821979e+01
6.484083553986467052e+01
6.423036187113856954e+01
6.444130626654899174e+01
6.448278905560458441e+01
6.366236263736264078e+01
6.384478741991846107e+01
6.344950495049504724e+01
6.342108183079056971e+01
6.309150326797385588e+01
6.350420168067226712e+01
6.367020697167755827e+01
6.421074964639321081e+01
6.420285714285714107e+01
6.425572842998585088e+01
6.408474082702387875e+01
6.344771241830065378e+01
6.372027777777778113e+01
6.449126383226557380e+01
6.431736694677870503e+01
6.444045261669023716e+01
6.432625850340136253e+01
6.454036061026351945e+01
6.487517337031900411e+01
6.473203883495145305e+01
6.498372358652198955e+01
6.502822341057634503e+01
6.443422913719943779e+01
6.464443797320907947e+01
6.449043836422477227e+01
6.424117647058822911e+01
6.350215749730313064e+01
6.411361014994233187e+01
6.405033936651584270e+01
6.439601901366607706e+01
6.427698458023986916e+01
6.435353535353534937e+01
6.378269230769230802e+01
6.475201845444060211e+01
6.359816612729233753e+01
6.413395457192778792e+01
6.394936350777935274e+01
6.413437139561706601e+01
6.373385236447520441e+01
6.389691876750700317e+01
6.384005602240896593e+01
6.375720876585928210e+01
6.401770416904625449e+01
6.359251040221914053e+01
6.432929642445213858e+01
6.432324106113033224e+01
6.434688581314878775e+01
6.438062283737023961e+01
6.431887012230635037e+01
6.467326732673267031e+01
6.452055205520552761e+01
6.425378151260504467e+01
6.355770308123249634e+01
6.360918591859186222e+01
6.406134453781513116e+01
6.387139561707035540e+01
6.379667128987517088e+01
6.360970873786407509e+01
6.417190177041690902e+01
6.367156726768376984e+01
6.386908881199538968e+01
6.417133066818961140e+01
6.398686464877213353e+01
6.367545076282940641e+01
6.390662478583666228e+01
6.409027373325568533e+01
6.418483275663206200e+01
6.417676179382644364e+01
6.363017429193899943e+01
6.371377995642701819e+01
6.377567185289957763e+01
6.376218487394957890e+01
6.389805825242718385e+01
6.401307189542484366e+01
6.406446821152702853e+01
6.406141868512111159e+01
6.414151220947337606e+01
6.347884615384615614e+01
6.390761988820241157e+01
6.374682814302191503e+01
6.356061026352288224e+01
6.414592527213886797e+01
6.402826956025128879e+01
6.394231867504283429e+01
6.440354035403539967e+01
6.393260993717875351e+01
6.389463163906339105e+01
6.362782805429863942e+01
6.402113078241005439e+01
6.381479324403028386e+01
6.312177531206657477e+01
6.390448179271708540e+01
6.387692747001713656e+01
6.395894001164822384e+01
6.328269230769230802e+01
6.312254901960784537e+01
6.404311821816105521e+01
6.381456582633052932e+01
6.362246879334257699e+01
6.396059394631639350e+01
6.338148788927335886e+01
6.354061624649860107e+01
6.354968589377498489e+01
6.456978085351788366e+01
6.383765859284890354e+01
6.345154061624649700e+01
6.338696369636963368e+01
6.340756302521008081e+01
6.338487394957983412e+01
6.373445378151260599e+01
6.379778085991678438e+01
6.399884659746251714e+01
6.410279263220439816e+01
6.390830449826989934e+01
6.373861386138614193e+01
6.420675596971462085e+01
6.361389850057670259e+01
6.444644464446444942e+01
6.379500000000000171e+01
6.435253525352534609e+01
6.382323820617355636e+01
6.361416141614161290e+01
6.429672967296730235e+01
6.463339275103980697e+01
6.421782178217821979e+01
6.354411764705882604e+01
6.381217239370995742e+01
6.390548258138206705e+01
6.381683168316831711e+01
6.373345101500441245e+01
6.363277310924370056e+01
6.373929183323814840e+01
6.344175317185698049e+01
6.356199999999999761e+01
6.347895040369088804e+01
6.382118211821182285e+01
6.340974625144175292e+01
6.332277227722772039e+01
6.343973471741637837e+01
6.395127748068924234e+01
6.431803180318031821e+01
6.476299504950495134e+01
6.378363424577752028e+01
6.360000000000000142e+01
6.328326670474015003e+01
6.309523809523809490e+01
6.395136866627839112e+01
6.359321074964639564e+01
6.401284980011422476e+01
6.417210250436808394e+01
6.358474341192787449e+01
6.369278642149929226e+01
6.372231833910034737e+01
6.410920209668024938e+01
6.412918108419837893e+01
6.329702970297029907e+01
6.349080622347948832e+01
6.371197411003236510e+01
6.333391003460207713e+01
6.338292964244521244e+01
6.450187499999999829e+01
6.343214909726266626e+01
6.389798979897989994e+01
6.366874115983026883e+01
6.437353735373537233e+01
6.383885714285714386e+01
6.394028520499108481e+01
6.370355270821200122e+01
6.366897347174163713e+01
6.359688826025459463e+01
6.383244206773618856e+01
6.434967320261438317e+01
6.417052881758763760e+01
6.378171856978085685e+01
6.442728960396038929e+01
6.502784653465346310e+01
6.428969696969697623e+01
6.438582920792079278e+01
6.474527452745275014e+01
6.370934256055363676e+01
6.393244030285381285e+01
6.402040204020401859e+01
6.430576587070471817e+01
6.400317185697808497e+01
6.366598718695399128e+01
6.405317884729649336e+01
6.507178217821781629e+01
6.477647764776477857e+01
6.431372549019607732e+01
6.510303217821781629e+01
6.436043829296424690e+01
6.385233380480904941e+01
6.368203677510608429e+01
6.426994758299359489e+01
6.424024461269655717e+01
6.410250436808387065e+01
6.409251856082238419e+01
6.433117647058823252e+01
6.336358635863586386e+01
6.456285628562856971e+01
6.380537482319660825e+01
6.402387885847407745e+01
6.387213578500707456e+01
6.454905490549055003e+01
6.493089663049686067e+01
6.465603328710125197e+01
6.466511357018055151e+01
6.455705882352941671e+01
6.456882352941175895e+01
6.428887594641817316e+01
6.406526610644257858e+01
6.444909090909091276e+01
6.368235294117646816e+01
6.395529411764705685e+01
6.415852941176470381e+01
6.431575757575757279e+01
6.447030303030302889e+01
6.374593837535014273e+01
6.443972044263249188e+01
6.399915134370579750e+01
6.405017301038061817e+01
6.455763517528222906e+01
6.482628262826283105e+01
6.485666666666666913e+01
6.427984857309260747e+01
6.445428072218986415e+01
6.415210932857991111e+01
6.414170040485829816e+01
6.554723707664884103e+01
6.616975881261595305e+01
6.624364860728496751e+01
6.752455357142856940e+01
6.888626538077818395e+01
6.856133333333333724e+01
6.760132575757575069e+01
6.733055040197896801e+01
6.638925570228090578e+01
6.712081891580162107e+01
6.755429292929292728e+01
6.762000000000000455e+01
6.600205882352940989e+01
6.365443609022556615e+01
6.415371428571428680e+01
6.481272727272727252e+01
6.369731258840170085e+01
6.305281385281385553e+01
6.206081081081081408e+01
6.209864864864864842e+01
6.197972972972972627e+01
6.162552631578947171e+01
6.228956228956229069e+01
6.145584045584045896e+01
6.167551020408163254e+01
6.107996632996633224e+01
6.156938775510204209e+01
6.084736540664376037e+01
6.119117647058823195e+01
6.136239067055393548e+01
6.110735930735931021e+01
6.140932944606414168e+01
6.136676384839650211e+01
6.058922558922559176e+01
6.181662665066026108e+01
6.104882154882155021e+01
6.091217732884399538e+01
6.166262626262626156e+01
6.249381570810142250e+01
6.248960190136660486e+01
6.293351886209028834e+01
6.179768270944741460e+01
6.248054846938775597e+01
6.258472479901051599e+01
6.297002551020408134e+01
6.246351267779839134e+01
6.262152777777777857e+01
6.156892453951277133e+01
6.153465346534653690e+01
6.145136866627839112e+01
6.138703870387038819e+01
