4.480729626360694340e+01
4.490532178217821979e+01
4.548870967741935800e+01
4.442664266426642428e+01
4.550207601405301716e+01
4.532518564356435320e+01
4.447266785502079500e+01
4.479717971797179388e+01
4.480648064806480591e+01
4.485591206179441315e+01
4.513830445544554237e+01
4.503929455445544505e+01
4.524098671726755327e+01
4.554710954966464698e+01
4.550500000000000256e+01
4.498498774509803866e+01
4.473477347734773701e+01
4.467986798679867633e+01
4.551900351325455318e+01
4.538677738741615997e+01
4.478707107843137436e+01
4.431847890671419776e+01
4.464047029702970093e+01
4.478155637254901933e+01
4.487159653465346310e+01
4.485814950980392268e+01
4.497493811881188464e+01
4.467616421568627771e+01
4.497741336633663423e+01
4.531246046805819105e+01
4.492861519607843235e+01
4.555221973810284197e+01
4.465946594659465774e+01
4.483446782178217660e+01
4.476423267326732969e+01
4.448529411764705799e+01
4.493351715686274161e+01
4.539516129032258362e+01
4.482689950980392268e+01
4.524096774193548498e+01
4.467095588235294201e+01
4.446294629462946091e+01
4.478031250000000085e+01
4.504901960784313530e+01
4.450742574257425588e+01
4.445312500000000000e+01
4.519450654742893647e+01
4.473727272727272464e+01
4.482593750000000199e+01
4.519929734908974694e+01
4.520204207920792072e+01
4.522389013094857546e+01
4.516767805812839498e+01
4.542387096774193367e+01
4.547205365697860202e+01
4.533791121047588746e+01
4.452554961378491072e+01
4.535135989879822915e+01
4.475214460784313530e+01
4.554648956356736278e+01
4.526639851485148824e+01
4.516491336633663423e+01
4.544905780900671033e+01
4.534684405940593876e+01
4.564999999999999858e+01
4.582310231023102176e+01
4.550474383301708059e+01
4.566603415559772117e+01
4.594149272612271062e+01
4.571510699457042648e+01
4.551268564356435320e+01
4.533787128712871350e+01
4.549451612903225595e+01
4.595784094538485931e+01
4.613446183328009909e+01
4.542892156862745168e+01
4.616350411132194864e+01
4.559283088235294201e+01
4.572648514851485402e+01
4.550796568627450966e+01
4.597817836812144066e+01
4.586695544554455495e+01
4.635707441711912935e+01
4.552267156862745168e+01
4.604193548387096513e+01
4.579814755669115556e+01
4.546489563567362779e+01
4.553403465346534773e+01
4.619550342130987275e+01
4.582874999999999943e+01
4.555909653465346310e+01
4.668333333333333002e+01
4.642442244224422154e+01
4.634851485148514882e+01
4.584924944107314104e+01
4.563630613535736558e+01
4.670766666666666822e+01
4.612871287128712794e+01
4.584901960784313957e+01
4.700827586206896314e+01
4.612581699346404918e+01
4.661966541481734083e+01
4.659199999999999875e+01
4.613201320132013450e+01
4.592640264026402974e+01
4.416272108843537580e+01
4.451243386243385913e+01
4.452216880341880056e+01
4.522073101085094038e+01
4.509332579185520018e+01
4.608986928104575043e+01
4.437830687830687992e+01
4.438285714285714079e+01
4.443180592991913613e+01
4.462582417582417804e+01
4.606237623762375932e+01
4.436693121693121356e+01
4.440164835164835466e+01
4.484294688749286451e+01
4.417116402116402440e+01
4.604099999999999682e+01
4.479258241758241610e+01
4.580555555555555713e+01
4.591584158415841443e+01
4.589133333333333553e+01
4.624827586206896513e+01
4.544139252634941073e+01
4.522718749999999943e+01
4.552666879591185278e+01
4.496550622804215891e+01
4.560849673202614696e+01
4.491472373043755795e+01
4.415598290598290276e+01
4.521062500000000028e+01
4.516062500000000313e+01
4.420521978021977816e+01
4.550718620249121926e+01
4.553529223890130595e+01
4.545247524752475243e+01
4.542970297029702920e+01
4.546468646864686747e+01
4.519133459835546773e+01
4.625333333333333030e+01
4.516002530044275431e+01
4.543660172468860026e+01
4.576400000000000290e+01
4.557645161290322733e+01
4.596094276094276410e+01
4.424599358974359120e+01
4.529521016617790963e+01
4.493375000000000341e+01
4.568290322580644869e+01
4.544618332801022120e+01
4.606580645161290022e+01
4.582322580645161025e+01
4.555376344086021589e+01
4.637986798679867917e+01
4.626534653465346736e+01
4.642706270627062537e+01
4.632838283828382941e+01
4.628976897689769032e+01
4.600249999999999773e+01
4.650264026402640383e+01
4.596614500159693506e+01
4.626700000000000301e+01
4.662866666666666760e+01
4.625228758169934906e+01
4.516027210884353593e+01
4.550439560439560438e+01
4.636006600660066113e+01
4.654290429042904265e+01
4.661056105610560962e+01
4.545984162895927483e+01
4.674225487064835249e+01
4.700300000000000011e+01
4.737269244165796067e+01
4.647418300653594514e+01
4.542068027210884651e+01
4.549368131868131826e+01
4.540471567267683639e+01
4.499973544973544648e+01
4.649334243769204278e+01
4.513659863945578365e+01
4.632112211221122067e+01
4.536697540721814192e+01
4.573202614379084707e+01
4.499685893774985601e+01
4.609537953795379650e+01
4.609333333333333371e+01
4.429587912087912116e+01
4.471323529411764497e+01
4.574257425742574412e+01
4.616066666666666407e+01
4.700347222222222143e+01
4.425186965811965933e+01
4.599333333333333229e+01
4.638666666666666316e+01
4.586681571382944611e+01
4.443242521367521647e+01
4.409997376016793424e+01
4.433867521367521647e+01
4.430302197802198094e+01
4.414973544973545216e+01
4.425934829059828957e+01
4.572899999999999920e+01
4.549645161290322903e+01
4.557733333333333547e+01
4.499493991144844784e+01
4.558966666666666612e+01
4.422008547008547197e+01
4.538070903864579719e+01
4.541711913126796674e+01
4.586270627062706495e+01
4.567875816993463900e+01
4.527467262855317642e+01
4.397355769230769340e+01
4.498481973434535064e+01
4.512296390929415679e+01
4.504790801660811184e+01
4.567425742574257441e+01
4.503289683807090427e+01
4.417233009708737512e+01
4.519801980198019464e+01
4.518268923666560255e+01
4.576733333333333320e+01
4.526677419354838605e+01
4.545895879910571580e+01
4.531236026828489116e+01
4.602166666666666828e+01
4.402163461538461320e+01
4.393215811965811923e+01
4.417714285714285438e+01
4.413653846153846416e+01
4.452856334841629149e+01
4.361931216931216682e+01
4.453675450762829513e+01
4.418340136054421663e+01
4.414850427350427253e+01
4.404126213592233086e+01
4.494059405940593876e+01
4.514645161290322761e+01
4.561699999999999733e+01
4.549966996699669863e+01
4.391620879120878840e+01
4.545510413110276460e+01
4.395245726495726757e+01
4.477099968061322244e+01
4.492220113851992380e+01
4.630340136054422118e+01
4.695676100628930527e+01
4.959757266049185631e+01
4.994521452145214369e+01
5.041633333333333411e+01
5.052433333333333110e+01
5.186875395319417947e+01
5.261599999999999966e+01
5.115838675213674946e+01
5.208208240178856840e+01
5.271800000000000352e+01
5.144890109890109642e+01
5.247029702970296938e+01
5.269700000000000273e+01
5.184190354519322597e+01
5.193580012650221533e+01
5.213957202171830119e+01
5.278720538720538968e+01
5.213414244650271456e+01
5.221207282018524154e+01
5.316612903225806264e+01
5.190604890604890898e+01
5.225694444444444287e+01
5.302302357836338587e+01
5.421846055573299594e+01
5.298763736263736490e+01
5.281769147788565277e+01
5.310741758241758248e+01
5.336821266968325972e+01
5.406905594405594684e+01
5.382041855203620173e+01
