8.039090909090909065e+01
7.979764309764310326e+01
8.041683501683502300e+01
8.031499999999999773e+01
8.068197278911564752e+01
8.034612794612795028e+01
7.982354838709677836e+01
8.048367346938775313e+01
8.072721088435373815e+01
7.952443308847013270e+01
8.008679867986798229e+01
8.005865102639296538e+01
7.982437275985662950e+01
8.064309764309764716e+01
8.063265993265993359e+01
8.044949494949494806e+01
7.981603321622485225e+01
7.992302778664962659e+01
8.012456084318108651e+01
7.983382209188660283e+01
8.115103448275861808e+01
8.001341424465027785e+01
8.013033333333333985e+01
8.038347597103357600e+01
8.028322580645161111e+01
8.031258064516129025e+01
8.047290322580644784e+01
8.092626262626262701e+01
8.044183006535948266e+01
8.054074074074074474e+01
8.061144781144781746e+01
8.071055381400209683e+01
7.986770935158031648e+01
8.024064516129031688e+01
8.050639730639730374e+01
8.132079414838035802e+01
7.991319444444444287e+01
8.016094276094275983e+01
8.057640925382861496e+01
8.070184604667363715e+01
8.035166666666667368e+01
8.055425219941348303e+01
8.071649831649831697e+01
8.067193548387096769e+01
8.035500000000000398e+01
8.073102310231023182e+01
8.059225589225589204e+01
8.026866666666666106e+01
8.127272727272726627e+01
8.022838709677419899e+01
8.058976897689768748e+01
8.017466666666666697e+01
8.042457912457912528e+01
8.040639730639730942e+01
8.007838709677419331e+01
8.118425635667014717e+01
8.043299663299663393e+01
8.034713804713804564e+01
8.064827586206897081e+01
7.988866666666666561e+01
7.986266666666666936e+01
8.037684729064039857e+01
8.018215488215487596e+01
7.977451612903226419e+01
7.996238244514105986e+01
7.965266666666666140e+01
8.011882817643186172e+01
8.026428571428571956e+01
8.020748299319727437e+01
7.986801346801347279e+01
7.955400000000000205e+01
7.962424242424242493e+01
7.962693602693602202e+01
7.955589225589226032e+01
7.913299999999999557e+01
7.956329966329965941e+01
7.924599999999999511e+01
7.951111111111110574e+01
7.920071684587813365e+01
7.943232323232322756e+01
7.899739328771586599e+01
7.896546106223524930e+01
7.918787878787878753e+01
7.878571428571429180e+01
7.898350168350168587e+01
7.861433333333333451e+01
7.887205387205386842e+01
7.860269914417379766e+01
7.851904761904762609e+01
7.816666666666667140e+01
7.813857323232323893e+01
7.904401154401153917e+01
7.883141762452106605e+01
7.856448275862068442e+01
7.817676767676768179e+01
7.878056426332288709e+01
7.834482758620688969e+01
7.762966666666666526e+01
7.813241379310345280e+01
7.778729941959713301e+01
7.832044583768721679e+01
7.743857934180515201e+01
7.797166666666666401e+01
7.798367346938775313e+01
7.820411006617902672e+01
7.780766666666666254e+01
7.770241379310344598e+01
7.711066666666665981e+01
7.769724137931034136e+01
7.751129032258064910e+01
7.727557755775578130e+01
7.737862495927012674e+01
7.696199297349089363e+01
7.754600000000000648e+01
7.720957095709570694e+01
7.754137931034482278e+01
7.713597359735973669e+01
7.693201320132013166e+01
7.731433333333333735e+01
7.713133333333333042e+01
7.740833333333333144e+01
7.732200000000000273e+01
7.731310344827586789e+01
7.716793103448276270e+01
7.661470588235293633e+01
7.598387096774193594e+01
7.682145214521452203e+01
7.662677419354838548e+01
7.641548387096774775e+01
7.617374640689875775e+01
7.619833918875758627e+01
7.640625000000000000e+01
7.669892473118279952e+01
7.657738677093516344e+01
7.674915824915825624e+01
7.734655172413792457e+01
7.703639455782312950e+01
7.653933333333333167e+01
7.635299999999999443e+01
7.719758620689654549e+01
7.670999999999999375e+01
7.672966666666665958e+01
7.721666666666666856e+01
7.673499999999999943e+01
7.733089515848136841e+01
7.645000000000000284e+01
7.687333333333333485e+01
7.614870967741936170e+01
7.648900000000000432e+01
7.677324973876697811e+01
7.650206896551723901e+01
7.740692640692640225e+01
7.702551724137930478e+01
7.673535353535353920e+01
7.686798679867986550e+01
7.671784511784511551e+01
7.667878787878787250e+01
7.622676461194507169e+01
7.665181518151814544e+01
7.595336953050143336e+01
7.612833333333333030e+01
7.654478114478114037e+01
7.611633333333332985e+01
7.653674677812608707e+01
7.694482758620689822e+01
7.667400000000000659e+01
7.651023102310230684e+01
7.667758620689654947e+01
7.667766666666666708e+01
7.668533333333333246e+01
7.670811563915012243e+01
7.615233333333333121e+01
7.686729362591431425e+01
7.643633333333333724e+01
7.648620689655172100e+01
7.665865552072447997e+01
7.701142857142856712e+01
7.661556845339706001e+01
7.650793103448275190e+01
7.638639455782312382e+01
7.662615227039945864e+01
7.748777777777777942e+01
7.558529411764705230e+01
7.706192821956368277e+01
7.611199999999999477e+01
7.698068965517241224e+01
7.655729710902124907e+01
7.698172413793103885e+01
7.590841750841751434e+01
7.666063502902014193e+01
7.594646464646464779e+01
7.621766047572499758e+01
7.654137931034482278e+01
7.655068965517241963e+01
7.628118811881188321e+01
7.599174917491748715e+01
7.595499999999999829e+01
7.624752475247524330e+01
7.714795918367346417e+01
7.725815914924825734e+01
7.623633333333333439e+01
7.578984350047907981e+01
7.651616161616161094e+01
7.658279276203482766e+01
7.661337513061650384e+01
7.610370370370370097e+01
7.635310344827585993e+01
7.609966996699670005e+01
7.653089791737794201e+01
7.668310344827585823e+01
7.623360378634212964e+01
7.648266666666665969e+01
7.607766666666667277e+01
7.645884353741496398e+01
7.602866666666666617e+01
7.580188986640600035e+01
7.606100000000000705e+01
7.662382445141065546e+01
7.602936155684534469e+01
7.573265993265992790e+01
7.604653465346534347e+01
7.575148514851484549e+01
7.581178451178450928e+01
7.540903225806451360e+01
7.606689655172414177e+01
7.598241379310344712e+01
7.641793103448276270e+01
7.675931731104144262e+01
7.649758620689655686e+01
7.615325670498084776e+01
7.611447811447811773e+01
7.615925925925925810e+01
7.600866666666667015e+01
7.498645161290322392e+01
7.645517241379310747e+01
7.607788778877888092e+01
7.571933333333333849e+01
7.546963696369637375e+01
7.565064516129032768e+01
7.632379310344828127e+01
7.562419354838709751e+01
7.579233333333333178e+01
7.577095709570957638e+01
7.605343760182469737e+01
7.637517680339462345e+01
7.541056105610560678e+01
7.558267973856209210e+01
7.571533333333333360e+01
7.672906403940886833e+01
7.544455445544554095e+01
7.606316148856265613e+01
7.588316498316498837e+01
7.560999999999999943e+01
7.565366666666666617e+01
7.527531140210795968e+01
7.577466666666666129e+01
7.509294155221974165e+01
7.564870967741936170e+01
7.646724137931035159e+01
7.561633333333332985e+01
7.516150990099009732e+01
7.499329287767486107e+01
7.579699999999999704e+01
7.596934865900382761e+01
7.508960573476701938e+01
7.541935483870967971e+01
7.536677419354838037e+01
7.507611386138613341e+01
7.509773235388054502e+01
7.528433333333333621e+01
7.581056105610561247e+01
7.579174917491749852e+01
7.578877887788779333e+01
7.615357142857142492e+01
7.557912457912458137e+01
7.587310344827585595e+01
7.558249158249158484e+01
7.557623762376238119e+01
7.584413793103448143e+01
7.578809523809523796e+01
7.587034482758620868e+01
7.512900000000000489e+01
7.584799437016185664e+01
7.482178217821781629e+01
7.623268398268398016e+01
7.481507505589269158e+01
7.548300653594770893e+01
7.529607843137254974e+01
7.550609543712991467e+01
7.473714468221015750e+01
7.454301075268817556e+01
7.566951177876408963e+01
7.535392156862745594e+01
7.533899999999999864e+01
7.649894440534833961e+01
7.556072607260726670e+01
7.523235294117647243e+01
7.599303378613723225e+01
7.551551155115511449e+01
7.548139296688289335e+01
7.550495049504949918e+01
7.543597359735973384e+01
7.538778877887789065e+01
7.539735973597359475e+01
7.516633986928104605e+01
7.533861386138613625e+01
7.515261437908496589e+01
7.502647058823529846e+01
7.618357142857142605e+01
7.589411354928596154e+01
7.529224991464663219e+01
7.562344827586207430e+01
7.612772695285011082e+01
7.566586206896552369e+01
7.540330033003300514e+01
7.530033333333332735e+01
7.553503401360543990e+01
7.563724137931033908e+01
7.525844998292932075e+01
7.557379310344828127e+01
7.509702970297030333e+01
7.551965517241379189e+01
7.532442244224422723e+01
7.497189542483660318e+01
7.529933993399339442e+01
7.487533333333333019e+01
7.485395537525354825e+01
7.506270627062706069e+01
7.501815181518151121e+01
7.539993238674780685e+01
7.572447934448616991e+01
7.522739273927392389e+01
7.545724137931034647e+01
7.565280528052805664e+01
7.511078431372548891e+01
7.475775577557756435e+01
7.523960396039603893e+01
7.558466666666666356e+01
7.560724137931033795e+01
7.538085808580858327e+01
7.528283828382838294e+01
7.573785714285713766e+01
7.515980392156862422e+01
7.551689996585865572e+01
7.539194264254011557e+01
7.542277227722772182e+01
7.544110617958347120e+01
7.506862745098038658e+01
7.550358484124274128e+01
7.541686582451347931e+01
7.537425742574257015e+01
7.501699346405229107e+01
7.517241379310344485e+01
7.515228758169934054e+01
7.577172413793103090e+01
7.539801980198019749e+01
7.593333333333333712e+01
7.557788778877888092e+01
7.525580645161289794e+01
7.531068289384720060e+01
7.557016046432229928e+01
7.549504950495050082e+01
7.547623762376237266e+01
7.516535947712418420e+01
7.610961810466760369e+01
7.497444905780901081e+01
7.527352941176471290e+01
7.581310344827586789e+01
7.530359477124183343e+01
7.536804370092181671e+01
7.562205530897917072e+01
7.561764705882353610e+01
7.544895868897233981e+01
7.491568189076971862e+01
7.503451612903225509e+01
7.543018094912939375e+01
7.508666666666667311e+01
7.530889540566960250e+01
7.565726227795192926e+01
7.527745098039216032e+01
7.520310344827586846e+01
7.524103448275862149e+01
7.503433333333333621e+01
7.580034482758620129e+01
7.551860703311710665e+01
7.520392156862745026e+01
7.518333333333333712e+01
7.512679738562091813e+01
7.579827586206896228e+01
7.521515151515151842e+01
7.467933567550304019e+01
7.507133333333332814e+01
7.496733333333332894e+01
7.502172413793103090e+01
7.514841108857335428e+01
7.488599999999999568e+01
7.477878787878788103e+01
7.571379310344828184e+01
7.545134858313417681e+01
7.529805394332537105e+01
7.526397306397306863e+01
7.485699999999999932e+01
7.563586206896552255e+01
7.469136223967224453e+01
7.600216450216450426e+01
7.501103448275861751e+01
7.506586206896551516e+01
7.537643097643098145e+01
7.521881188118811679e+01
7.487709677419354648e+01
7.417903225806450962e+01
7.439749999999999375e+01
7.520039100684262223e+01
7.519466666666666299e+01
7.521566666666666379e+01
7.580413793103448938e+01
7.575689655172413950e+01
7.509900000000000375e+01
7.504833333333333201e+01
7.500466666666666526e+01
7.493466666666667209e+01
7.477387096774194220e+01
7.540662342096278792e+01
7.547260726072607895e+01
7.575517241379310462e+01
7.576460239268121200e+01
7.506100000000000705e+01
7.575344827586206975e+01
7.505599999999999739e+01
7.509514499837079882e+01
7.509099999999999397e+01
7.509663299663299085e+01
7.608080808080808310e+01
7.571999999999999886e+01
7.488184818481848026e+01
7.515533333333333132e+01
7.576213933849402338e+01
7.469903225806451985e+01
7.476435643564356326e+01
7.538204165244110300e+01
7.551344827586207487e+01
7.496241379310345110e+01
7.524820757937862936e+01
7.504967320261438601e+01
7.480065359477124787e+01
7.518833333333333258e+01
7.447666666666667368e+01
7.517272727272727195e+01
7.553012887495646055e+01
7.446741935483871089e+01
7.507033333333333758e+01
7.543190525949147229e+01
7.464738562091503127e+01
7.552978056426331932e+01
7.521599999999999397e+01
7.549758620689655686e+01
7.550344827586206975e+01
7.555965517241379814e+01
7.554251700680272563e+01
7.520166666666666799e+01
7.467900000000000205e+01
7.495566666666667288e+01
7.561071428571428044e+01
7.438486106675183862e+01
7.482805280528053515e+01
7.497133333333333383e+01
7.573206896551724299e+01
7.444125412541254150e+01
7.469899999999999807e+01
7.412966476913345559e+01
7.564655172413793593e+01
7.518470467736429441e+01
7.549689655172413438e+01
7.558654496281270951e+01
7.557166666666667254e+01
7.503201320132012597e+01
7.568448275862068897e+01
7.512525252525252029e+01
7.545106234761406938e+01
7.516500000000000625e+01
7.544709677419355387e+01
7.551447811447810921e+01
7.490490196078431495e+01
7.504870967741935317e+01
7.494258064516128570e+01
7.505290322580644613e+01
7.562103796586555404e+01
7.544040404040404724e+01
7.520300000000000296e+01
7.551313131313131066e+01
7.556930693069307381e+01
7.535999999999999943e+01
7.512903225806451246e+01
7.520000000000000284e+01
7.519461279461279446e+01
7.494903225806451985e+01
7.527275862068965750e+01
7.586758620689654720e+01
7.583620689655172953e+01
7.561717171717171482e+01
7.528866666666667129e+01
7.519042904290428453e+01
7.523442989460235708e+01
7.466460396039603609e+01
7.548300000000000409e+01
7.486970271979760128e+01
7.528976897689769032e+01
7.489612903225805951e+01
7.581699999999999307e+01
7.512633333333333496e+01
7.442127115937400106e+01
7.448610667518364892e+01
7.508677419354839344e+01
7.551419141914190902e+01
7.544612794612794460e+01
7.494825934206323836e+01
7.469468750000000057e+01
7.582103448275861979e+01
7.460258064516129650e+01
7.571413793103448597e+01
7.544323432343234970e+01
7.486710858585858830e+01
7.565566666666666151e+01
7.500479080166081758e+01
7.444586394123282957e+01
7.525757575757575069e+01
7.463833333333333542e+01
7.530448275862069352e+01
7.464806451612902549e+01
7.521428571428570820e+01
7.529049111807732686e+01
7.447908016608111836e+01
7.479387096774193822e+01
7.486805555555555713e+01
7.469096774193548072e+01
7.444011497923986553e+01
7.479987373737374412e+01
7.505544554455445905e+01
7.613939393939394051e+01
7.595313531353134806e+01
7.530531249999999943e+01
7.619551724137930648e+01
7.585757575757575921e+01
7.526765676567656271e+01
7.583905723905724017e+01
7.553866666666667129e+01
7.537633333333333496e+01
7.480996486745448237e+01
7.534290322580645238e+01
7.543033333333333701e+01
7.507433333333332826e+01
7.577777777777777146e+01
7.603377902885291917e+01
7.568888888888888289e+01
7.504833333333333201e+01
7.490865538166720228e+01
7.480800000000000693e+01
7.458258064516128627e+01
7.465516129032258164e+01
7.466432449696583262e+01
7.506228042159054326e+01
7.553982883475971732e+01
7.464292558288086354e+01
7.490227703984820096e+01
7.480741935483871430e+01
7.494451612903225168e+01
7.531947194719471383e+01
7.596005462615227088e+01
7.507029702970297080e+01
7.530335614206582306e+01
7.537920792079208354e+01
7.547777777777777430e+01
7.547466666666666413e+01
7.489089184060721038e+01
7.600278648554510141e+01
7.525871619420006198e+01
7.626495425756509405e+01
7.515868361029650657e+01
7.486870967741936056e+01
7.548433333333333906e+01
7.604292751583392374e+01
7.577643097643097292e+01
7.603345851826561841e+01
7.539372937293728683e+01
7.583407306247866586e+01
7.555066666666667174e+01
7.520376876397317290e+01
7.564300000000000068e+01
7.660774410774411081e+01
7.647166666666666401e+01
7.562225806451613153e+01
7.638551724137930421e+01
7.597899999999999920e+01
7.609733333333333860e+01
7.603533333333332678e+01
7.542828282828283193e+01
7.632636711947056085e+01
7.553633105246008483e+01
7.527500000000000568e+01
7.554099999999999682e+01
7.477209595959595845e+01
7.559896551724138192e+01
7.553066666666666151e+01
7.531580645161290022e+01
7.581678857540926231e+01
7.514000000000000057e+01
7.477491749174917857e+01
7.464068987543915057e+01
7.524709677419355103e+01
7.491200000000000614e+01
7.467358671351006194e+01
7.556868686868686780e+01
7.504886617694027962e+01
7.498679867986798797e+01
7.522064516129032086e+01
7.380422794117646390e+01
7.523166666666666913e+01
7.470935483870967175e+01
7.407951732673267031e+01
7.479258064516129423e+01
7.455785891089108475e+01
7.468406249999999602e+01
7.502258064516128400e+01
7.477099968061322954e+01
7.528148148148147811e+01
7.504617330803289121e+01
7.450187499999999829e+01
7.448322580645161395e+01
7.482599999999999341e+01
7.524554455445544932e+01
7.477709677419355216e+01
7.431140210795273049e+01
7.531980198019802231e+01
7.519636963696369492e+01
7.500875420875421185e+01
7.517314022383146721e+01
7.513064516129031745e+01
7.524699999999999989e+01
7.530400000000000205e+01
7.502706270627062679e+01
7.531129032258064626e+01
7.540677419354838662e+01
7.532322580645161736e+01
7.553366336633663991e+01
7.550276963180189682e+01
7.484254231874800212e+01
7.518433333333332769e+01
7.507733333333332837e+01
7.553082549634274301e+01
7.525066666666666038e+01
7.509156076898013055e+01
7.567300000000000182e+01
7.551870967741935203e+01
7.538644509612251454e+01
7.620654824103100111e+01
7.540632127728902390e+01
7.581333333333333258e+01
7.500645161290321994e+01
7.530561056105609907e+01
7.506045751633986640e+01
7.495322580645161281e+01
7.551999999999999602e+01
7.516468646864686320e+01
7.572442244224421870e+01
7.546548387096774491e+01
7.553066666666666151e+01
7.492567994939911102e+01
7.604448275862068840e+01
7.550580645161289794e+01
7.534419354838709637e+01
7.579427609427609980e+01
7.551986531986531759e+01
7.536935483870968255e+01
7.540580645161290363e+01
7.505412541254125358e+01
7.424478178368121917e+01
7.431906250000000114e+01
7.535032258064515531e+01
7.529870967741935317e+01
7.557021831215379848e+01
7.595374149659863861e+01
7.565623981753013538e+01
7.592619047619047024e+01
7.563838383838384516e+01
7.556868686868686780e+01
7.550891089108911558e+01
7.581133333333333724e+01
7.659804946011843185e+01
7.544950495049505435e+01
7.592766666666666708e+01
7.540999999999999659e+01
7.593033333333333701e+01
7.567811447811448033e+01
7.515554136058767654e+01
7.531413793103448029e+01
7.562222222222222001e+01
7.521064516129031574e+01
7.615555555555555145e+01
7.544933333333332826e+01
7.547733333333333405e+01
7.453447185325742907e+01
7.471093750000000000e+01
7.464281250000000512e+01
7.569557645419713765e+01
7.590204081632653299e+01
7.519806451612903686e+01
7.548686868686868934e+01
7.610437710437710734e+01
7.560638644509612050e+01
7.494059405940593876e+01
7.543516129032258277e+01
7.569794721407625104e+01
7.561127403062886287e+01
7.577070707070707556e+01
7.575286195286194868e+01
7.514076246334310838e+01
7.602586206896552312e+01
7.554410774410774820e+01
7.567600000000000193e+01
7.601111111111110574e+01
7.586533333333333928e+01
7.586405529953917437e+01
7.622087542087541578e+01
7.624437927663734627e+01
7.561317855923523723e+01
7.588034482758621380e+01
7.609461279461280014e+01
7.646768707482992511e+01
7.591633333333332700e+01
