7.308881199538639351e+01
7.310668973471742049e+01
7.277098800685322999e+01
7.295773843517989121e+01
7.285858585858585457e+01
7.269074814391775874e+01
7.245957095709570694e+01
7.251870187018701586e+01
7.217675070028010964e+01
7.271424452133794603e+01
7.305820582058206014e+01
7.290570934256055580e+01
7.215238095238095184e+01
7.262081891580162107e+01
7.144993065187239267e+01
7.214145658263305450e+01
7.191347801256425498e+01
7.243748161223889781e+01
7.205387303436225466e+01
7.180953740719589007e+01
7.252397764048249940e+01
7.247858366647629680e+01
7.212212885154062292e+01
7.228431372549019329e+01
7.273702422145328228e+01
7.222491349480968381e+01
7.251456310679611761e+01
7.308211997670355231e+01
7.273875432525952078e+01
7.285294117647059409e+01
7.363817401960784537e+01
7.310605203619908821e+01
7.294405997693195332e+01
7.400120012001200109e+01
7.341414141414141170e+01
7.311007571345369627e+01
7.342275698158050545e+01
7.316453115899825832e+01
7.334094802969731575e+01
7.316298911444542341e+01
7.317622830244189913e+01
7.349524658348187245e+01
7.281071636575421735e+01
7.346630496858938386e+01
7.286505190311419256e+01
7.354026270702455292e+01
7.283102652825836287e+01
7.353951277480689441e+01
7.263613445378150857e+01
7.377970011534024763e+01
7.349227569815805339e+01
7.346087949743004231e+01
7.368780940594059814e+01
7.400757575757575069e+01
7.341718152397764641e+01
7.313754325259515099e+01
7.304453781512604849e+01
7.370261437908496305e+01
7.329067372756692578e+01
7.295659623072529598e+01
7.355325532553254675e+01
7.345274527452745872e+01
7.317034421888790519e+01
7.382161290322581237e+01
7.367231134878193188e+01
7.346642899584075792e+01
7.387698769876988081e+01
7.217397454031117832e+01
7.315454545454545610e+01
7.145737073707370257e+01
7.254115983026873948e+01
7.265470588235294258e+01
7.262461103253183126e+01
7.229103641456582352e+01
7.236662783925451947e+01
7.280507497116494164e+01
7.273325567850902473e+01
7.290652300524169505e+01
7.267496463932107531e+01
7.329887106357693938e+01
7.269607843137255543e+01
7.294599459945995079e+01
7.329484848484848669e+01
7.247285714285713709e+01
7.213753501400560708e+01
7.374123588829471032e+01
7.433093309330932641e+01
7.305968018275271447e+01
7.351128936423053517e+01
7.296487721302112561e+01
7.329441473559120368e+01
7.301339545719277169e+01
7.241357850070721724e+01
7.205350140056022212e+01
7.302417006406523114e+01
7.290549054905490323e+01
7.210069348127601074e+01
7.204099244875943953e+01
7.213977591036415049e+01
7.204789915966387071e+01
7.269521337946943618e+01
7.237029702970296796e+01
7.200305131761442112e+01
7.217899159663865305e+01
7.270559400230681035e+01
7.249010180995475139e+01
7.263338048090523102e+01
7.263422913719944063e+01
7.224271844660194120e+01
7.264220445459737618e+01
7.313744903902154704e+01
7.187794729542302719e+01
7.270703575547865682e+01
7.283592848904267214e+01
7.214229691876751360e+01
7.218039215686275156e+01
7.240849673202613701e+01
7.266926182237601495e+01
7.265117647058823991e+01
7.253069306930693472e+01
7.275432525951556784e+01
7.253797829811536246e+01
7.309655377302436818e+01
7.243089663049686067e+01
7.218795518207282669e+01
7.272202998846597666e+01
7.272174163783159884e+01
7.281638163816381848e+01
7.194552319309600819e+01
7.305555555555555713e+01
7.254740148486578732e+01
7.250171330668189285e+01
7.310771077107710880e+01
7.244346087949743662e+01
7.269665513264129686e+01
7.265342747867019568e+01
7.289601901366607706e+01
7.273241061130335083e+01
7.347920380273320973e+01
7.332606060606060794e+01
7.403320683111954281e+01
7.314041745730550304e+01
7.331002475247524330e+01
7.302971813725490335e+01
7.299540441176471006e+01
7.310249554367202052e+01
7.287062937062937351e+01
7.339108009708738223e+01
7.326941747572816155e+01
7.318082524271844136e+01
7.326183252427183845e+01
7.386298307250079631e+01
7.339684466019417641e+01
7.303802733214497778e+01
7.396535947712418135e+01
7.267666960870843695e+01
7.352127039627039551e+01
7.336275375110326991e+01
7.366042780748662722e+01
7.287121644774414619e+01
7.282857142857142208e+01
7.420163398692810119e+01
7.399126213592232659e+01
7.460997656511550247e+01
7.400540906017579346e+01
7.358899676375403942e+01
7.372483660130718874e+01
7.344534920137800782e+01
7.284914611005692109e+01
7.278065476190475636e+01
7.265844402277039649e+01
7.267647058823528994e+01
7.390096153846154436e+01
7.250403225806451246e+01
7.289867986798680022e+01
7.292051282051282612e+01
7.271473750790639201e+01
7.297235576923077360e+01
7.357438145944253449e+01
7.271152073732719145e+01
7.350798621985593684e+01
7.357599255583126308e+01
7.417037259615383959e+01
7.420688585607940979e+01
7.466842431761786258e+01
7.513435640463514176e+01
7.483933604760413516e+01
7.444433656957929202e+01
7.447680491551459170e+01
7.325758495145630889e+01
7.372051282051282328e+01
7.359784946236558767e+01
7.225084841628959964e+01
7.390144230769230660e+01
7.350985583995293382e+01
7.320795490134669592e+01
7.284553349875930905e+01
7.333586165048544103e+01
7.217477375565610487e+01
7.304026442307691980e+01
7.277093446601941196e+01
7.315989077669902940e+01
7.198472850678733437e+01
7.300031017369727238e+01
7.286148867313916355e+01
7.276240694789082397e+01
7.279851190476190936e+01
7.470911949685535092e+01
7.504318714429193449e+01
7.324851190476189799e+01
7.413462783171520698e+01
7.327093446601941196e+01
7.265254486613710583e+01
7.334041262135922068e+01
7.322518610421836627e+01
7.324673202614378908e+01
7.257080419580420028e+01
7.399088050314465193e+01
7.326011904761904248e+01
7.355919471153846700e+01
7.362996277915632959e+01
7.305303030303029743e+01
7.334910714285713595e+01
7.375383651738177093e+01
7.276412259615383959e+01
7.283563748079876632e+01
7.312948717948718524e+01
7.502401302401302985e+01
7.305161290322580214e+01
7.390009395552772276e+01
7.326807598039215463e+01
7.496296296296296191e+01
7.499163679808840755e+01
7.196824009324009808e+01
7.294275774826058978e+01
7.489088012743926015e+01
7.355484068627451677e+01
7.280506993006993355e+01
7.497769812823575819e+01
7.276171875000000000e+01
7.529066022544283499e+01
7.468090062111801331e+01
7.162481962481962228e+01
7.499761051373954501e+01
7.346237864077670565e+01
7.450378335324572276e+01
7.432974910394264612e+01
7.439362519201229418e+01
7.399611801242235742e+01
7.390543735224586896e+01
7.498510466988727785e+01
7.424650621118011884e+01
7.381572117167222302e+01
7.337908496732026720e+01
7.340344622697563182e+01
7.348877427184466171e+01
7.298722519310754819e+01
7.466565349544073626e+01
7.354742893644203150e+01
7.200390039003900711e+01
7.183778966131907850e+01
7.283013613861386659e+01
7.252236519607842524e+01
7.140570756104736461e+01
7.343655172413792798e+01
7.374555555555555486e+01
7.270570160464322385e+01
7.500225563909773996e+01
7.234712009803921262e+01
7.258954326923077360e+01
7.227890556045895210e+01
7.194508495145630889e+01
7.071998834498835151e+01
7.174004753416518554e+01
7.087273755656109131e+01
7.134342560553633916e+01
7.371338524286244365e+01
7.234443444344434226e+01
7.327281250000000057e+01
7.267202669902913215e+01
7.201832932692308020e+01
7.276868872549019329e+01
7.323118279569892763e+01
7.244660194174757351e+01
7.219569174757280905e+01
7.221541262135922068e+01
7.198834498834499129e+01
7.198175934098264861e+01
7.276772836538461320e+01
7.262407178217821979e+01
7.232604895104894638e+01
7.225757575757575069e+01
7.228125919388055820e+01
7.212944983818769629e+01
7.264775485436892666e+01
7.229867788461538680e+01
7.267020631067961745e+01
7.333291575321014477e+01
7.262254901960784537e+01
7.253731796116504427e+01
7.240934405940593876e+01
7.269987349778621422e+01
7.292233009708738223e+01
7.402113459399332385e+01
7.229345443156906015e+01
7.186957813428401209e+01
7.372246287128713504e+01
7.305729166666667140e+01
7.320350564468211019e+01
7.259681372549019329e+01
7.290541810209833784e+01
7.332511068943706789e+01
7.223756067961164717e+01
7.350910252315554771e+01
7.209890776699029402e+01
7.322579656862744457e+01
7.243990384615383959e+01
7.306464460784313530e+01
7.163288834951455897e+01
7.229338592233010274e+01
7.113298028832009834e+01
7.197640931372548323e+01
7.214644607843136725e+01
7.238939950980392268e+01
7.235519801980197485e+01
7.177718360071301618e+01
7.158161407766989726e+01
7.247501581277671789e+01
7.212615777706803044e+01
7.173452669902913215e+01
7.186862864077670565e+01
7.257536764705882604e+01
7.243188224240526552e+01
7.185861650485436769e+01
7.083780696744717886e+01
7.165763403263403575e+01
7.181341019417475025e+01
7.159799757281552957e+01
7.198117093262723643e+01
7.213040865384616041e+01
7.246883808330723298e+01
7.171503496503495967e+01
7.179079254079253758e+01
7.240716911764705799e+01
7.188082750582751146e+01
7.224948514268902500e+01
7.208404126213592633e+01
7.269088631381146115e+01
7.219152691968226065e+01
7.229685201529861160e+01
7.281296526054590856e+01
7.242747867019711805e+01
7.283495145631067658e+01
7.271127435324177668e+01
7.200742721330956897e+01
7.214016990291261777e+01
7.278094362745098067e+01
7.231826456310679418e+01
7.336369386464262732e+01
7.192307692307691980e+01
7.229186893203883812e+01
7.214745145631067658e+01
7.209617718446601486e+01
7.321233949264015450e+01
7.315907653383933962e+01
7.285405574694644315e+01
7.229824029126213247e+01
7.195192307692308020e+01
7.292139054181021152e+01
7.238683252427183845e+01
7.269993932038835283e+01
7.248798228969006630e+01
7.183915441176471006e+01
7.094439541041482755e+01
7.164889705882353610e+01
7.242624999999999602e+01
7.213089330024813250e+01
7.212982768865121841e+01
7.174669020300088107e+01
7.253022236141559631e+01
7.224597772277228103e+01
7.208787128712870640e+01
7.227722772277228103e+01
7.248829854522453786e+01
7.256406250000000568e+01
7.311372549019607447e+01
7.305980392156862990e+01
7.276937499999999659e+01
7.309773284313725128e+01
7.329538266919671230e+01
7.330686274509804434e+01
7.281553398058252924e+01
7.220297029702970804e+01
7.211527035056447232e+01
7.309044908285895303e+01
7.273333333333333428e+01
7.312838283828382657e+01
7.272815533980582359e+01
7.201547029702970804e+01
7.217406579367613517e+01
7.161293316831682887e+01
7.171905339805825008e+01
7.159436881188118207e+01
7.176207620762076544e+01
7.161871138570167261e+01
7.412188552188551682e+01
7.425420875420874722e+01
7.304129032258065024e+01
7.167463235294117396e+01
7.211779935275080788e+01
7.282131562302340910e+01
7.263526030022356395e+01
7.187995049504949918e+01
7.172493811881187753e+01
7.188025990099009732e+01
7.250474383301707348e+01
7.202971813725490335e+01
7.220082226438962891e+01
7.176531862745098067e+01
7.209191176470588402e+01
7.267064950980392268e+01
7.258791903858318051e+01
7.197438330170777476e+01
7.208957093642342784e+01
7.181372549019607732e+01
7.282944746087511589e+01
7.216862623762376927e+01
7.260424836601306708e+01
7.295803319761979822e+01
7.184653930472909167e+01
7.143731431966726575e+01
7.204837740384616041e+01
7.263251106894369968e+01
7.241019417475727948e+01
7.297118697150015976e+01
7.358479718939635461e+01
7.255218216318785096e+01
7.250474383301707348e+01
7.271853257432005080e+01
7.270999367488930432e+01
7.291053921568627061e+01
7.270904490828588962e+01
7.214593446601941196e+01
7.265939278937381118e+01
7.244424019607842524e+01
7.241747572815533829e+01
7.197474747474747403e+01
7.266329656862744457e+01
7.244761029411765207e+01
7.367836812144211933e+01
7.280107526881720048e+01
7.218415283432509000e+01
7.196390929415521498e+01
7.242694497153699729e+01
7.155249841872232253e+01
7.256978601085914704e+01
7.195145320983711201e+01
7.136134708737864685e+01
7.173560049019607732e+01
7.220335230866540144e+01
7.223655913978494425e+01
7.238837432130310390e+01
7.169117647058823195e+01
7.177665441176471006e+01
7.140473300970873538e+01
7.238349514563107334e+01
7.265633982753114140e+01
7.157167332952597860e+01
7.212709620476610439e+01
7.235039717563989825e+01
7.342187500000000000e+01
7.227518203883495573e+01
7.249938725490196134e+01
7.259725327371447179e+01
7.304585705249841965e+01
7.258639705882353610e+01
7.298665048543689693e+01
7.288273514851485402e+01
7.265210932857991111e+01
7.239491421568627061e+01
7.257635175282234741e+01
7.229981024667931422e+01
7.237162990196078738e+01
7.172043969102792005e+01
7.193474264705882604e+01
7.250980392156863275e+01
7.181758764111705773e+01
7.170647653000594346e+01
7.284605557329926739e+01
7.240073529411765207e+01
7.206870687068706616e+01
7.237773058252426495e+01
7.221441831683168289e+01
7.123615916955017724e+01
7.236633663366336577e+01
7.202730273027302133e+01
7.222549019607842524e+01
7.229013480392157476e+01
7.373766666666666936e+01
7.218382352941176805e+01
7.211385701676964288e+01
7.208425245098038658e+01
7.196446078431372939e+01
7.185828877005347692e+01
7.240165441176471006e+01
7.293811274509803866e+01
7.318406249999999602e+01
7.259283980582524975e+01
7.156082238720730970e+01
7.242202669902913215e+01
7.354764851485148824e+01
7.214406514249921543e+01
7.285883104439476199e+01
7.277389705882353610e+01
7.194979203802732570e+01
7.277175245098038658e+01
7.290625000000000000e+01
7.376620887895241196e+01
7.385308208240178374e+01
7.215241524152415309e+01
7.241914191419141389e+01
7.224448529411765207e+01
7.266329656862744457e+01
7.130856643356644042e+01
7.257486631016043077e+01
7.225340346534653690e+01
7.190165441176471006e+01
7.336274509803921262e+01
7.372692430533375330e+01
7.249683744465528434e+01
7.286251174444096534e+01
7.279687968796879716e+01
7.246761734997029691e+01
7.245721925133689467e+01
7.194419441944194205e+01
7.161378490790255569e+01
7.196734333627537694e+01
7.228606060606060169e+01
7.218719660194174992e+01
7.149702911467616673e+01
7.296782178217821979e+01
7.262101715686274872e+01
7.208507273877292221e+01
7.233210784313725128e+01
7.305280528052804812e+01
7.235937500000000000e+01
7.325743200506008179e+01
7.235416666666667140e+01
7.179382055852643418e+01
7.263985148514851176e+01
7.274264705882353610e+01
7.226786843769765767e+01
7.295793801391523914e+01
7.298149271844660291e+01
7.264643883743212882e+01
7.299335863377609712e+01
7.252656546489563993e+01
7.352196782178218371e+01
7.119755244755245371e+01
7.153854940034266008e+01
7.181758764111705773e+01
7.251243932038835283e+01
7.254269801980197485e+01
7.194515931372548323e+01
7.208383413461538680e+01
7.159795979597959104e+01
7.113161021984551269e+01
7.179779411764705799e+01
7.200297088532383327e+01
7.324242424242424931e+01
7.311943069306930454e+01
7.255819101834282492e+01
7.193872549019607732e+01
7.252760922330097060e+01
7.297317151069945851e+01
7.216013071895424957e+01
7.128579916815210993e+01
7.126530005941771151e+01
7.174857485748574959e+01
7.393452571063558310e+01
7.307920792079207217e+01
7.209313725490196134e+01
7.168537621359223522e+01
7.420483870967741780e+01
7.348608475648323690e+01
7.269955724225174265e+01
7.195741421568627061e+01
7.334313118811881793e+01
7.288180693069307381e+01
7.353700189753320160e+01
7.271821631878557923e+01
7.496033333333333815e+01
7.312973856209150370e+01
7.106363122171946145e+01
7.289531250000000284e+01
7.222451456310679418e+01
7.221086165048544103e+01
7.192109210921091744e+01
7.257536764705882604e+01
7.271359223300970598e+01
7.232383578431372939e+01
7.219963592233010274e+01
7.217141990291261777e+01
7.184194711538461320e+01
7.252113970588234793e+01
7.199561540870654142e+01
7.261856617647059409e+01
7.249525616698292652e+01
7.242220113851992380e+01
7.183425245098038658e+01
7.261750000000000682e+01
7.211943069306930454e+01
7.240480708412397348e+01
7.149368990384616041e+01
7.237226941747573505e+01
7.324548387096774604e+01
7.187040441176471006e+01
7.183762254901961342e+01
7.227073019801980536e+01
7.174976511118070732e+01
7.144628875665517853e+01
7.210183428209994361e+01
7.170842467898528128e+01
7.159849671155653539e+01
7.099146110056925352e+01
7.173562499999999886e+01
7.232481635260300834e+01
7.179788172992056161e+01
7.239138349514563231e+01
7.297745067334794555e+01
7.207077983088005624e+01
7.292941176470587550e+01
7.216535194174757351e+01
7.253799019607842524e+01
7.235420619860848035e+01
7.246774193548387188e+01
7.277642925582880196e+01
7.234860436893204394e+01
7.257906388361796246e+01
7.245098039215686470e+01
7.252087286527513754e+01
7.384541679974448414e+01
7.185113268608414216e+01
7.323731435643564680e+01
7.188051470588234793e+01
7.202512254901961342e+01
7.221537990196078738e+01
7.203186274509803866e+01
7.163695781342839553e+01
7.184731934731934189e+01
7.124301265077964729e+01
7.244690533980582359e+01
7.210738452486025096e+01
7.295096774193548583e+01
7.236213235294117396e+01
7.227184466019417641e+01
7.213092085907619833e+01
7.261319073083778619e+01
7.225978228890849664e+01
7.222330097087377965e+01
7.205736981465136637e+01
7.197499264489555060e+01
7.199441012062371215e+01
7.273576732673267031e+01
7.257751225490196134e+01
7.176351752822341723e+01
7.216042780748662722e+01
7.234745513386289417e+01
7.283792892156863275e+01
7.108765859284891064e+01
7.140984098409840897e+01
7.228367718446601486e+01
7.232732447817836885e+01
7.220300088261252824e+01
7.221476904972050193e+01
7.250742574257425588e+01
7.203589290967931902e+01
7.277518203883495573e+01
7.278550207961973229e+01
7.294975490196078738e+01
7.179023242130038795e+01
7.177375698734921627e+01
7.232169117647059409e+01
7.215144230769230660e+01
7.321045751633987209e+01
7.330261437908497157e+01
7.230538366336634226e+01
7.202573529411765207e+01
7.242092076417162616e+01
7.157546620046619523e+01
7.266097406704616901e+01
7.296965825614819323e+01
7.289935897435897516e+01
7.275822110867522952e+01
7.339902912621359121e+01
7.285452245414295191e+01
7.251850728155339709e+01
7.245631067961164717e+01
7.287349778621126006e+01
7.180141218005296366e+01
7.256040480708412588e+01
7.294845034788109217e+01
7.245349201378014925e+01
7.281464460784313530e+01
7.238459158415841443e+01
7.261068943706514744e+01
7.192126225490196134e+01
7.185049019607842524e+01
7.338594771241830017e+01
7.233798543689320582e+01
7.163636363636364024e+01
7.117511655011655591e+01
7.170373774509803866e+01
7.148647836538461320e+01
7.233495145631067658e+01
7.177457524271844136e+01
7.255428039702233889e+01
7.163762019230769340e+01
7.354705882352941160e+01
7.232069174757280905e+01
7.295615408706545679e+01
7.247469955724224633e+01
7.400693069306930738e+01
7.267614379084967879e+01
7.263156230234028499e+01
7.247694174757280905e+01
7.270999367488930432e+01
7.212040441176471006e+01
7.212990196078430927e+01
7.306704617330802876e+01
7.268732034493771721e+01
7.179044117647059409e+01
7.271574576812520263e+01
7.190609060906091088e+01
7.269515931372548323e+01
7.336875000000000568e+01
7.271354166666667140e+01
7.457666666666666799e+01
7.291356091450046506e+01
7.305885922330097060e+01
7.281741309113685645e+01
7.211946386946387122e+01
7.347124999999999773e+01
7.258700980392157476e+01
7.263143382352940591e+01
7.295928593798934969e+01
7.224757281553398514e+01
7.357391601229087996e+01
7.311701454775457876e+01
7.296053867835891538e+01
7.304541183839648966e+01
7.229611650485436769e+01
7.284830097087377965e+01
