6.830625000000000568e+01
6.814124999999999943e+01
6.817406250000000512e+01
6.839453945394539858e+01
6.918625000000000114e+01
6.963562500000000455e+01
7.052366666666667072e+01
7.015677419354838662e+01
7.048258064516129195e+01
7.105599999999999739e+01
7.161655172413793480e+01
7.116721527320605389e+01
7.099500000000000455e+01
7.113548387096774661e+01
7.118333333333333712e+01
7.121516129032258391e+01
7.119838709677419786e+01
7.017803030303029743e+01
7.081726354453627437e+01
7.080093750000000341e+01
7.036562499999999432e+01
7.218118686868686495e+01
7.283063973063973151e+01
7.294057075610473362e+01
7.292283364958886693e+01
7.238262535931012565e+01
7.146741637831603100e+01
7.180847772277228103e+01
7.127548543689320582e+01
7.118238213399503422e+01
7.186734068627451677e+01
7.154227941176471006e+01
7.163695781342839553e+01
7.175515776699029402e+01
7.167233009708738223e+01
7.243421884882985751e+01
7.276105610561056380e+01
7.280293835835196603e+01
7.268910891089109327e+01
7.285387096774194049e+01
7.297532116294793525e+01
7.279139638101740672e+01
7.275889967637540678e+01
7.300068282690338606e+01
7.295959595959595845e+01
7.252312499999999318e+01
7.315733333333332666e+01
7.224625000000000341e+01
7.304561746497230956e+01
7.190312500000000284e+01
7.310032258064515531e+01
7.328282828282827666e+01
7.259974747474747403e+01
7.187197231833910394e+01
7.279840686274509665e+01
7.182568256825682340e+01
7.284064516129032540e+01
7.228186881188118207e+01
7.274080882352940591e+01
7.265000000000000568e+01
7.321599999999999397e+01
7.203063118811881793e+01
7.303533333333332678e+01
7.296135419993612459e+01
7.295451612903225680e+01
7.230031250000000398e+01
7.254263813478121392e+01
7.288694316436252052e+01
7.217095588235294201e+01
7.215315594059406124e+01
7.233468750000000114e+01
7.292677696078430927e+01
7.202428571428571047e+01
7.253375337533753964e+01
7.306818181818181301e+01
7.465988098966489872e+01
7.378952205882353610e+01
7.295034788108792156e+01
7.251290322580645409e+01
7.196690240452616649e+01
7.159742857142856565e+01
7.165999999999999659e+01
7.207264705882353439e+01
7.108147100424328357e+01
7.184012813046010137e+01
7.156565656565656752e+01
7.126053748231966267e+01
7.172637263726372225e+01
7.164799999999999613e+01
7.164186851211073304e+01
7.265142690739662612e+01
7.191142857142857281e+01
7.208575757575756882e+01
7.162164502164502267e+01
7.329201101928374840e+01
7.243879976232916817e+01
7.170014430014430218e+01
7.181818181818181301e+01
7.218518518518519045e+01
7.235904499540863810e+01
7.248484848484848442e+01
7.153514285714285847e+01
7.296909090909090878e+01
7.168373408769448929e+01
7.195626822157434788e+01
7.235147058823528710e+01
7.275911764705882945e+01
7.289103152739515679e+01
7.249636363636363967e+01
7.241352941176469926e+01
7.210749646393210810e+01
7.305479032751759405e+01
7.194485714285714550e+01
7.187142857142856656e+01
7.230043290043289517e+01
7.212727272727272521e+01
7.214443797320907947e+01
7.234882352941176009e+01
7.128939179632249079e+01
7.244117647058823195e+01
7.226722689075630512e+01
7.243121212121212693e+01
7.149621432731508719e+01
7.191089965397924288e+01
7.220617355853232766e+01
7.147961560861968167e+01
7.149759547383310121e+01
7.145311589982527778e+01
7.245696969696969347e+01
7.227452745274527501e+01
7.175617647058822968e+01
7.104677871148459189e+01
7.106638655462184317e+01
7.171371994342291600e+01
7.167371428571428282e+01
7.157452884066248089e+01
7.209169550173010066e+01
7.155021216407355666e+01
7.150657142857143356e+01
7.197779700115340518e+01
7.148599439775910014e+01
7.137478991596638878e+01
7.146498599439776456e+01
7.235383244206774123e+01
7.206493884682585360e+01
7.137619047619047308e+01
7.150644257703081053e+01
7.171520093185789335e+01
7.171371994342291600e+01
7.176701268742790774e+01
7.245484254307783090e+01
7.285088508850884637e+01
7.230372743156668491e+01
7.201470588235294201e+01
7.196803394625176509e+01
7.187731092436975189e+01
7.245513613861386659e+01
7.143230852211435433e+01
7.251161290322581010e+01
7.240982641953515042e+01
7.219248689574840228e+01
7.142492997198878868e+01
7.179382929642444822e+01
7.216074548631333130e+01
7.205532906231799473e+01
7.196078431372548323e+01
7.165323529411764980e+01
7.205305651672433953e+01
7.203460207612457111e+01
7.330891089108911274e+01
7.243535235876528589e+01
7.269073083778965838e+01
7.332508250825082996e+01
7.338448844884489120e+01
7.321645161290322790e+01
7.366270627062706922e+01
7.323988970588234793e+01
7.252191464821223121e+01
7.253257432005059968e+01
7.356212072820184744e+01
7.310179455445545216e+01
7.359848484848484418e+01
7.304529411764706026e+01
7.335613561356134937e+01
7.268404193360512977e+01
7.278392545136865976e+01
7.175219236209335349e+01
7.242214532871972210e+01
7.280955154338963098e+01
7.253950403690888038e+01
7.258996539792387637e+01
7.286138613861386659e+01
7.213323903818952942e+01
7.261866186618661345e+01
7.163053221288515715e+01
7.272743156668607867e+01
7.229036908881199963e+01
7.340073529411765207e+01
7.288783160322952881e+01
7.224423298731257148e+01
7.410522875816992894e+01
7.260075713453697688e+01
7.151428571428571956e+01
7.218142857142856883e+01
7.148319327731091732e+01
7.172842998585572616e+01
7.170999999999999375e+01
7.193578500707214118e+01
7.199179632248939242e+01
7.193521923620933478e+01
7.212342857142857611e+01
7.228431372549019329e+01
7.269290657439447045e+01
7.242272202998846353e+01
7.204049930651872558e+01
7.263424577751892741e+01
7.157893289328933406e+01
7.214540311173973919e+01
7.256406523005242093e+01
7.238497379149679034e+01
7.174779977997799563e+01
7.199048442906574508e+01
7.277256011315417084e+01
7.300794117647059522e+01
7.185742574257426440e+01
7.190664780763790986e+01
7.285911764705882376e+01
7.198359264497878485e+01
7.210628571428571831e+01
7.175219236209335349e+01
7.172814710042432296e+01
7.174879773691654350e+01
7.158330975954739017e+01
7.221170646476412003e+01
7.204498269896193108e+01
7.216088235294117226e+01
7.181951909476661911e+01
7.189807804309842254e+01
7.188905066977285685e+01
7.190885264997088200e+01
7.242323529411764582e+01
7.223885714285714243e+01
7.123047304730472717e+01
7.237882352941176123e+01
7.205270821199766829e+01
7.256959813628421330e+01
7.161026352288487828e+01
7.202072829131653009e+01
7.252176470588234736e+01
7.248811645870469533e+01
7.235971428571428987e+01
7.241228571428571570e+01
7.215695981362841849e+01
7.301805474665113138e+01
7.233249299719888370e+01
7.187445533769063388e+01
7.323410576351753321e+01
7.286691904484565896e+01
7.207656033287101138e+01
7.269780853517877972e+01
7.225686546463245463e+01
7.289585172109444500e+01
7.271490972626673965e+01
7.269002306805074909e+01
7.268886966551326623e+01
7.244758299359347120e+01
7.298514557338086206e+01
7.337128712871286496e+01
7.284400230680508059e+01
7.239556171983356592e+01
7.364939393939394563e+01
7.215770308123249777e+01
7.305100510051005358e+01
7.277460687245195459e+01
7.202212885154061439e+01
7.320402040204020011e+01
7.202768166089965973e+01
7.311431143114310771e+01
7.281264705882352928e+01
7.335793579357935812e+01
7.218739495798318728e+01
7.217871148459383335e+01
7.205854341736694835e+01
7.322022202220222198e+01
7.269752018454440190e+01
7.333003300330032914e+01
7.215350140056023065e+01
7.340714071407140295e+01
7.361727272727273430e+01
7.300950683303624089e+01
7.303029411764705969e+01
7.284314285714285120e+01
7.242969187675069520e+01
7.283294117647058386e+01
7.330926033779849149e+01
7.238981612446958991e+01
7.205824682814302662e+01
7.275235294117646845e+01
7.239749563191612935e+01
7.222828854314002456e+01
7.230392156862744457e+01
7.232381496287835887e+01
7.249679673849738037e+01
7.296235294117647641e+01
7.331848484848484304e+01
7.264230540701129257e+01
7.271539792387542889e+01
7.280017301038061817e+01
7.174091539528433259e+01
7.327872787278727174e+01
7.414263613861386659e+01
7.324134948096886433e+01
