5.799382171226831417e+01
5.696330532212885345e+01
5.486227375565611197e+01
5.367505656108597378e+01
5.263924963924964118e+01
5.234430014430014211e+01
5.247927170868346991e+01
5.270503393665158143e+01
5.144231303864331295e+01
5.154045037531275852e+01
5.225025466893038839e+01
5.254363327674023765e+01
4.678040111703477777e+01
4.717219708396179101e+01
4.848011982570805856e+01
5.118427260812581636e+01
5.103290043290043343e+01
5.237002801120448225e+01
5.353246359223300743e+01
5.349851455733808336e+01
5.316711671167117004e+01
5.280190311418684956e+01
5.318688725490196134e+01
5.331899752475247567e+01
5.376677419354838605e+01
5.324361259655377410e+01
5.352745274527453034e+01
5.307766990291262488e+01
5.373250000000000171e+01
5.322519310754604760e+01
5.330753854940034131e+01
5.284632454923717404e+01
5.383936451897616848e+01
5.415234375000000000e+01
5.346089466089465958e+01
5.401179245283018560e+01
5.295729638009049722e+01
5.180876068376068133e+01
5.258680753854940093e+01
5.253255282695602801e+01
5.269911764705882007e+01
5.340996287128712794e+01
5.273363636363636431e+01
5.276687668766876982e+01
5.321156249999999943e+01
5.315656249999999972e+01
5.291697303921568363e+01
5.289634900990098743e+01
5.302042079207920722e+01
5.280967194570136058e+01
5.278088578088578231e+01
5.276033287101247993e+01
5.187378640776699257e+01
5.216477115117891827e+01
5.240397923875432440e+01
5.273952843273231395e+01
5.421751237623762165e+01
5.333512443438914374e+01
5.278697886921759164e+01
5.272519310754604760e+01
5.263306681896059303e+01
5.339869281045751848e+01
5.249187675070027836e+01
5.308640864086408584e+01
5.284413012729844183e+01
5.297722029988465664e+01
5.279627962796279661e+01
5.248235294117647243e+01
5.379999999999999716e+01
5.268425605536332057e+01
5.235518207282913039e+01
5.346464646464646364e+01
5.272745098039215605e+01
5.331158998252766423e+01
5.306990291262135884e+01
5.263511326860841422e+01
5.335439720442632705e+01
5.256639487478159367e+01
5.198076379066478125e+01
5.294845661036691808e+01
5.346564656465646692e+01
5.297175305765870945e+01
5.321626297577854814e+01
5.343100912032950589e+01
5.291008403361344392e+01
5.325173010380623140e+01
5.267394957983193393e+01
5.255853232382061435e+01
5.304469434832756747e+01
5.289763552479815445e+01
5.294089408940894259e+01
4.887967049132097941e+01
4.923242424242424420e+01
4.856405640564056370e+01
4.809885260370697324e+01
4.846969696969696884e+01
4.861506150615061728e+01
4.853405340534053636e+01
4.819875222816398974e+01
4.797653000594176831e+01
4.802591729761211070e+01
4.815637740244612530e+01
4.807727797001153647e+01
4.811311131113111372e+01
4.752446126965637774e+01
4.817432598039215463e+01
4.792894583576004663e+01
4.823242424242424420e+01
4.813891389138913723e+01
4.882562500000000227e+01
4.846024602460246200e+01
4.790699069906990815e+01
4.841934496479951378e+01
4.796856978085352097e+01
4.825212121212121019e+01
4.793849384938494040e+01
4.811242424242423965e+01
4.792529252925292838e+01
4.780536332179930525e+01
4.835575757575757905e+01
4.873156250000000256e+01
4.855175517551754893e+01
4.824368686868687206e+01
4.846527777777777857e+01
4.858680555555555713e+01
4.819201920192018918e+01
4.819757575757575552e+01
4.798229822982298032e+01
4.775217521752175287e+01
4.801727272727272577e+01
4.809969696969697139e+01
4.816212121212121389e+01
4.798818181818181472e+01
4.785058505850584964e+01
4.770733838089691403e+01
4.792589258925892892e+01
4.835965717783899720e+01
4.807909090909090821e+01
4.856060606060606233e+01
4.812931293129312849e+01
4.781974373907979015e+01
4.786828682868286933e+01
4.790969096909690705e+01
4.755591147350028791e+01
4.821568627450980671e+01
4.750183875530409949e+01
4.804071013161922110e+01
4.871781250000000085e+01
4.816272727272727394e+01
4.822696969696969660e+01
4.754794117647058727e+01
4.836484848484848698e+01
4.832424242424242777e+01
4.794848484848484560e+01
4.821746880570410099e+01
4.782898289828982996e+01
4.799759975997599781e+01
4.784682585905649432e+01
4.793484848484848726e+01
4.798212121212121417e+01
4.730947666195191204e+01
4.781909090909091020e+01
4.771088235294117652e+01
4.809147058823529619e+01
4.774868957483983678e+01
4.799181818181818215e+01
4.756435643564356752e+01
4.758755304101838846e+01
4.848515151515151445e+01
4.741612446958981764e+01
4.827499999999999858e+01
4.787969696969697253e+01
4.784424242424242379e+01
4.788322655794991078e+01
4.786779266161910584e+01
4.835181818181818159e+01
4.808340834083408311e+01
4.804636363636363683e+01
4.806745049504950629e+01
4.830843084308430946e+01
4.827302730273027009e+01
4.759347699475829785e+01
4.811011101110111099e+01
4.807040097949188606e+01
4.752853814793243714e+01
4.809030903090309295e+01
4.813561356135613778e+01
4.803930393039303937e+01
4.771764705882353041e+01
4.852035506580961055e+01
4.777315084449621452e+01
4.752000000000000313e+01
4.767121212121212182e+01
4.768986604542806873e+01
4.816577540106951716e+01
4.776878787878787591e+01
4.809909090909091134e+01
4.771828143021914315e+01
4.819381938193819082e+01
4.785000000000000142e+01
4.770238788584740774e+01
4.770794117647059096e+01
4.785441176470587976e+01
4.761153174140943634e+01
4.809213345576981880e+01
4.776004659289458232e+01
4.725459688826025229e+01
4.765928945835759833e+01
4.784575757575757393e+01
4.852382352941176435e+01
4.872242424242423908e+01
4.837293729372937179e+01
4.866906250000000256e+01
4.899218750000000000e+01
4.975173940543959361e+01
5.149379310344827587e+01
5.206379310344827616e+01
5.302805949966193566e+01
5.491822515584891562e+01
5.481232492997198591e+01
5.557851851851852132e+01
5.492296918767507208e+01
5.633076923076922782e+01
5.588489469862018666e+01
5.514419273642574382e+01
5.486623516720604243e+01
5.503740374037403882e+01
5.472443977591036202e+01
5.532389251997095414e+01
5.533333333333333570e+01
5.473669467787114939e+01
5.494590939824205833e+01
5.397491749174917430e+01
5.362339418526030954e+01
5.211874999999999858e+01
5.511408199643494044e+01
5.662565044383226365e+01
5.699343749999999886e+01
5.662777777777777999e+01
5.752281473336998374e+01
5.616126543209876587e+01
5.678188131313131493e+01
5.618181818181817988e+01
5.666635101010101039e+01
5.692812500000000142e+01
5.723718749999999744e+01
5.741159164460135145e+01
5.780967741935484128e+01
5.633229638009049722e+01
5.693414918414918446e+01
5.586740638002773807e+01
5.654013605442176527e+01
5.645936199722607540e+01
5.607398504273504614e+01
5.646730769230769198e+01
5.654677871148459189e+01
5.633626373626373862e+01
5.746359223300970598e+01
5.693203883495145590e+01
5.640796703296703640e+01
5.635465448315248693e+01
5.640376927470017421e+01
5.621137309292649320e+01
5.719515931372549034e+01
5.668851981351981095e+01
5.625424208144796268e+01
5.637378640776699257e+01
5.640158870255957879e+01
5.621316249271986010e+01
5.648161223889379556e+01
5.601812240047534175e+01
5.598602213162492802e+01
5.601140114011401039e+01
5.592243367935409282e+01
5.637922918505442738e+01
5.623702370237023729e+01
5.638532382650029717e+01
5.636969696969696741e+01
5.687716584158415856e+01
5.713062500000000199e+01
5.703781250000000114e+01
5.686468750000000227e+01
5.722517394054396078e+01
5.737591823698498672e+01
5.707531250000000256e+01
5.683609068627450966e+01
5.678625000000000256e+01
5.662747524752474959e+01
5.661079545454545325e+01
5.695720217183008316e+01
5.597415329768271164e+01
5.626593137254901933e+01
5.598841354723708008e+01
5.589304812834224379e+01
5.678874130297280232e+01
5.647218749999999687e+01
5.651113861386138382e+01
5.600653594771242183e+01
5.627875000000000227e+01
5.600490196078431637e+01
5.628343749999999801e+01
5.715741935483870861e+01
5.700806451612903203e+01
5.601950195019502132e+01
5.709129032258064740e+01
5.679910571702331623e+01
5.699612903225806804e+01
5.656096813725490335e+01
5.677165841584158557e+01
5.678650990099009732e+01
5.683879950495049371e+01
5.678094059405940897e+01
5.685148514851485402e+01
5.695935483870967886e+01
5.574896019013666404e+01
5.630667892156862564e+01
5.626715686274509665e+01
5.636156249999999801e+01
5.619430693069306670e+01
5.618156249999999829e+01
5.625677419354838804e+01
5.534313725490196134e+01
5.612221534653465227e+01
5.639204545454545325e+01
5.588265931372549034e+01
5.585687500000000227e+01
5.618997524752474959e+01
5.637406250000000085e+01
5.609436881188118917e+01
5.571917191719171569e+01
5.593471534653465227e+01
5.558205820582058010e+01
5.566636057545148475e+01
5.633187499999999659e+01
5.527797001153402334e+01
5.601361386138614051e+01
5.632714239165851922e+01
5.549381188118811536e+01
5.569148284313725839e+01
5.525262526252625150e+01
5.512181218121812520e+01
5.528527227722772608e+01
5.528718750000000171e+01
5.466042780748663432e+01
5.449144914491449043e+01
5.575133689839572071e+01
