5.656015601560156369e+01
6.012530637254901933e+01
6.121302130213021542e+01
6.310969696969696940e+01
5.991917067307691980e+01
6.003094059405940897e+01
6.015937400191631923e+01
6.006325110689436997e+01
5.970208333333333428e+01
5.999969362745098067e+01
5.964714805825242649e+01
5.963401000294204124e+01
5.940792540792541132e+01
5.908131487889273359e+01
5.995740682743501537e+01
5.974158653846154010e+01
5.963440533980582359e+01
5.998743872549019329e+01
6.031215379602476645e+01
6.002411525211400090e+01
5.953208556149732544e+01
5.994399752475247567e+01
5.975607560756075287e+01
5.949426301853486621e+01
6.015745768125199788e+01
5.996783088235294201e+01
6.002450980392156765e+01
5.975517551755175560e+01
5.993263757115749257e+01
6.010798267326732969e+01
6.014170792079207928e+01
6.005631188118811536e+01
5.982506127450980671e+01
5.932251213592233086e+01
5.999724264705882604e+01
5.916446013533391834e+01
5.976656249999999915e+01
6.036415816326530859e+01
6.066758832565284365e+01
6.107525773195876440e+01
6.180577058409570412e+01
6.037093749999999659e+01
5.965813474551338658e+01
6.047354838709677693e+01
6.065656565656565391e+01
6.057533333333333303e+01
5.971374999999999744e+01
6.008869949494949481e+01
6.002968750000000142e+01
6.020560443141088314e+01
6.024372759856630921e+01
5.993322580645160969e+01
5.923389232127096449e+01
5.940031249999999829e+01
5.974343749999999886e+01
5.966125000000000256e+01
5.888508850885088464e+01
5.908818181818181614e+01
5.882448244824482231e+01
5.832151515151515042e+01
5.848411764705882376e+01
5.966741935483870662e+01
5.881311881188118917e+01
5.920801767676767469e+01
5.903437499999999716e+01
5.898424242424242436e+01
5.972709677419354790e+01
6.003486477680026212e+01
5.991130050505050519e+01
5.978233333333333377e+01
5.879627962796279661e+01
5.957312499999999744e+01
5.897363636363636630e+01
5.977020202020202078e+01
5.929255828808687312e+01
5.874212121212121218e+01
5.958459595959595845e+01
5.879030303030302917e+01
5.854323529411765037e+01
5.956944444444444287e+01
5.962247474747474740e+01
5.927901785714285410e+01
5.962821766047572680e+01
5.962152777777777857e+01
5.964255457803844962e+01
5.958225806451613238e+01
5.885906250000000028e+01
5.969925057021831094e+01
5.963049853372434228e+01
5.868072122052704742e+01
5.933624999999999972e+01
5.954261363636363313e+01
5.954987373737373701e+01
5.989354838709677153e+01
6.026599326599326645e+01
5.914603960396039639e+01
6.005343760182469737e+01
5.979368622448979664e+01
5.946906565656565391e+01
5.923499999999999943e+01
6.001042684913652892e+01
6.018018898664060146e+01
6.016454871293581164e+01
5.885988598859886167e+01
6.011632453567937517e+01
4.934053405340534226e+01
5.225832583258326025e+01
5.225242718446602197e+01
5.247230154197601593e+01
5.240667420814479982e+01
5.311473962930273274e+01
5.387350085665334376e+01
5.544951923076923350e+01
5.501904761904761898e+01
5.897021276595744865e+01
5.568566176470588402e+01
5.699401360544217710e+01
5.783384188626907019e+01
5.864049114791547623e+01
5.898760092272203082e+01
5.993660765276984392e+01
6.080074971164936670e+01
6.112507138777841220e+01
6.164763552479815445e+01
6.244164416441644505e+01
6.261386138613861618e+01
6.231016042780748876e+01
6.264516129032258362e+01
6.350976430976430720e+01
6.340625000000000000e+01
6.391233333333333633e+01
6.284560643564356752e+01
6.426094276094275415e+01
6.345940594059405981e+01
6.357290322580644926e+01
6.379276637341153133e+01
6.390599999999999881e+01
6.308610861086108912e+01
6.363282732447817835e+01
6.383154121863799446e+01
6.446224489795918089e+01
6.382274356467905108e+01
6.392310198761811790e+01
6.377333333333333343e+01
6.342190993292877721e+01
6.391664005110188640e+01
6.394387755102040671e+01
6.384286170552539375e+01
6.341264771638454079e+01
6.353249999999999886e+01
6.297363636363636630e+01
6.390999999999999659e+01
6.416806451612903572e+01
6.326124999999999687e+01
6.374095796676441950e+01
6.393387096774193878e+01
6.438573360378634902e+01
6.344064516129031972e+01
6.285208520852085456e+01
6.396263174704566978e+01
6.444082633053221798e+01
6.296751237623762165e+01
6.389492175023953990e+01
6.348323845667299281e+01
6.365387096774193765e+01
6.349593749999999659e+01
6.369935483870968085e+01
6.330940594059406124e+01
6.363870967741935658e+01
6.397322580645161594e+01
6.356750000000000256e+01
6.390056818181817988e+01
6.383031249999999801e+01
6.382374999999999687e+01
6.403000000000000114e+01
6.390099009900990268e+01
6.398290322580645295e+01
6.418812499999999943e+01
6.482225148123765734e+01
6.387874999999999659e+01
6.438500000000000512e+01
6.348094809480948442e+01
6.447612903225805780e+01
6.380444444444444230e+01
6.453337591823698460e+01
6.346345811051693175e+01
6.388519924098671510e+01
6.426956244011498143e+01
6.363082107843137436e+01
6.420153305653145992e+01
6.463066666666667004e+01
6.410795273075694922e+01
6.399195544554455495e+01
6.295794117647059096e+01
6.430437559885021415e+01
6.406547428936441690e+01
6.353367718446602197e+01
6.421283997469956262e+01
6.511954459203036549e+01
6.477748068924539382e+01
6.724330816746740425e+01
6.801364942528735469e+01
6.855122807017544062e+01
6.877568058076225554e+01
6.861909722222222285e+01
6.868506944444445139e+01
4.775613934894346357e+01
4.776470588235294201e+01
4.804280722189866282e+01
4.833783378337833625e+01
4.847623291740939067e+01
4.818703597944031713e+01
4.883302696078431637e+01
4.832568402471314783e+01
4.925337009803921262e+01
4.872117718446602197e+01
4.934057071960297947e+01
4.872903795233892055e+01
4.898998786407766914e+01
4.883818770226537254e+01
4.917648883374690172e+01
4.880141218005295656e+01
4.915414663461538680e+01
4.897207367795603261e+01
4.909769417475727948e+01
4.890078883495145590e+01
4.907720588235294201e+01
4.895439543954395134e+01
4.895833333333333570e+01
4.827277970011534336e+01
4.874747474747474740e+01
4.912500000000000000e+01
4.941144845034788347e+01
4.861107673267326845e+01
4.793232438606510470e+01
4.884756483238456326e+01
4.883849009900990268e+01
4.840998217468805365e+01
4.807031479847013600e+01
4.882230392156862564e+01
4.885937500000000000e+01
4.835438292964244766e+01
4.798940864960282227e+01
4.858972073677956161e+01
4.805560458958517245e+01
4.787792207792207932e+01
4.874423543689320582e+01
4.790232421300382271e+01
4.821954842543078001e+01
4.795027949396881439e+01
4.849128605769230660e+01
4.833586165048543393e+01
4.835922330097087496e+01
4.849009900990098743e+01
4.791870629370629331e+01
4.827245145631067658e+01
4.786036550542547019e+01
4.850697815533980872e+01
4.841959951456311018e+01
4.837841191066997482e+01
4.845509708737863974e+01
4.885041113219481446e+01
4.889383025367992275e+01
4.817210944395410621e+01
4.891042906357657216e+01
4.813170163170163107e+01
4.799255952380952550e+01
4.816413834951456607e+01
4.785684523809523938e+01
4.809648058252427205e+01
4.823798076923076650e+01
4.879311414392059731e+01
4.826171875000000000e+01
4.852646414030692057e+01
4.930751633986928084e+01
4.899393165122963723e+01
4.822594880847307763e+01
4.800178571428571672e+01
4.875616698292220264e+01
4.880392156862745168e+01
5.136527514231499225e+01
5.132821797682430542e+01
5.136680825242718385e+01
5.132001201923076650e+01
5.201075268817204034e+01
5.131917475728155154e+01
5.172815533980582359e+01
5.160700992555831590e+01
5.129332156516622376e+01
5.128461081402257804e+01
5.117647058823529704e+01
5.165508684863523570e+01
5.133009708737863974e+01
5.143446601941747787e+01
5.085613415710503205e+01
5.120409982174687968e+01
5.131173117311730891e+01
5.121328671328671334e+01
5.115953654188948008e+01
5.133191747572815444e+01
5.056693145042659410e+01
5.106720672067206834e+01
5.175031249999999972e+01
5.167741935483871174e+01
5.107384524860253094e+01
5.149332524271844846e+01
5.095792880258899515e+01
6.188644801980198196e+01
6.209093750000000256e+01
6.206374999999999886e+01
6.223981753014010820e+01
6.194124999999999659e+01
6.193437500000000284e+01
6.281818181818182012e+01
6.244490578090066890e+01
6.247001262626262275e+01
6.163687500000000341e+01
6.167031250000000142e+01
