7.507266666666666310e+01
7.502800000000000580e+01
7.506466666666666754e+01
7.471452145214522034e+01
7.500533333333333985e+01
7.463498349834983969e+01
7.493000000000000682e+01
7.459570957095709787e+01
7.507966666666666811e+01
7.519068965517242020e+01
7.460726072607261017e+01
7.510724137931033795e+01
7.503666666666666174e+01
7.492343234323432455e+01
7.474290429042903838e+01
7.507933333333333792e+01
7.473642881529532644e+01
7.515099999999999625e+01
7.519540229885058125e+01
7.437451612903225850e+01
7.490200000000000102e+01
7.522491582491582562e+01
7.414000000000000057e+01
7.475741935483870293e+01
7.444542196155099134e+01
7.484000000000000341e+01
7.403032258064516213e+01
7.439669966996699202e+01
7.442772277227722100e+01
7.441353135313531197e+01
7.469666666666667254e+01
7.410166177908114093e+01
7.454719471947194620e+01
7.487900000000000489e+01
7.354687500000000000e+01
7.440660066006600459e+01
7.426437908496731666e+01
7.425849673202614554e+01
7.448943894389438469e+01
7.577482758620689651e+01
7.457745129351644664e+01
7.425935483870968312e+01
7.404529162593678393e+01
7.494033333333332791e+01
7.422011385199240863e+01
7.439075907590759584e+01
7.514799999999999613e+01
7.444235068668156430e+01
7.485966666666666924e+01
7.398179495368891878e+01
7.344433902593294761e+01
7.473999999999999488e+01
7.431427658894921251e+01
7.407612903225806633e+01
7.491548387096774775e+01
7.350093750000000625e+01
7.445841584158415571e+01
7.389651868412647673e+01
7.493066666666666720e+01
7.453784733312041055e+01
7.426280834914611262e+01
7.439220696263174659e+01
7.332656249999999432e+01
7.445874587458746419e+01
7.439096774193548356e+01
7.562066666666666492e+01
7.487166666666666970e+01
7.449108910891088442e+01
7.490033333333333587e+01
7.485225806451613551e+01
7.439731715106994159e+01
7.436026828489301010e+01
7.439141914191418437e+01
7.397189396358990621e+01
7.513200000000000500e+01
7.493102310231023466e+01
7.476290322580645409e+01
7.424250000000000682e+01
7.554660293615567923e+01
7.478366666666666163e+01
7.496534653465346310e+01
7.523166666666666913e+01
7.483630363036303379e+01
7.428936442031299237e+01
7.554586206896551914e+01
7.551517241379310974e+01
7.550333333333333030e+01
7.503135313531353745e+01
7.507827586206896342e+01
7.450878313637815609e+01
7.589137931034483131e+01
7.442145214521451635e+01
7.434466666666666868e+01
7.511103448275862604e+01
7.463894389438944188e+01
7.406372549019607732e+01
7.474026402640264166e+01
7.453199999999999648e+01
7.453633333333333155e+01
7.485626493683851379e+01
7.439172413793103544e+01
7.516448275862069295e+01
7.463036303630363477e+01
7.446741935483871089e+01
7.467590759075908124e+01
7.531482758620690277e+01
7.525344827586206975e+01
7.520206896551724185e+01
7.485412541254125074e+01
7.488250825082508300e+01
7.460483870967742348e+01
7.494357366771160400e+01
7.514241379310344371e+01
7.487491749174917288e+01
7.500166666666666515e+01
7.489009900990099311e+01
7.522965517241379985e+01
7.555451062347614766e+01
7.481584158415842012e+01
7.516931034482757923e+01
7.453337591823698460e+01
7.443366336633663138e+01
7.364548067709996815e+01
7.409999999999999432e+01
7.460198019801980251e+01
7.429511338230597062e+01
7.464133333333333553e+01
7.474466666666666015e+01
7.438997125519003362e+01
7.464172413793103544e+01
7.453645161290322108e+01
7.397343453510436007e+01
7.397352941176470154e+01
7.500924092409240984e+01
7.447844139252634932e+01
7.515115511551155691e+01
7.481633333333333269e+01
7.483096774193548129e+01
7.507266666666666310e+01
7.546344827586206350e+01
7.510749299719887517e+01
7.448003832641329325e+01
7.413851992409867364e+01
7.499372937293729535e+01
7.529200000000000159e+01
7.461705525391248273e+01
7.558760013932428024e+01
7.519433333333333280e+01
7.527777777777777146e+01
7.472548387096773581e+01
7.458926860427978056e+01
7.420064516129032484e+01
7.525959595959595561e+01
7.440338549984031147e+01
7.488933333333334019e+01
7.588379310344826933e+01
7.451932290003193771e+01
7.584137931034483415e+01
7.542998585572843240e+01
7.432244224422441903e+01
7.430693069306930454e+01
7.439570957095709502e+01
7.372431930693069546e+01
7.434389438943894390e+01
7.415085388994307891e+01
7.434092409240923871e+01
7.463135313531353177e+01
7.496655172413792911e+01
7.469438943894390093e+01
7.479999999999999716e+01
7.398882146279143512e+01
7.452712418300653496e+01
7.521800000000000352e+01
7.490363036303629940e+01
7.489537953795380076e+01
7.480429042904290782e+01
7.447833333333333883e+01
7.481939228405599351e+01
7.407569466624082111e+01
7.440833333333333144e+01
7.479310344827585766e+01
7.509310344827586903e+01
7.419570957095709218e+01
7.408048546790162447e+01
7.375237191650853674e+01
7.411242414564037517e+01
7.446866666666666390e+01
7.408178559791463158e+01
7.411146598530821450e+01
7.430341743851803926e+01
7.443612903225806576e+01
7.501548821548821877e+01
7.481733333333333746e+01
7.461023102310231536e+01
7.488085808580858327e+01
7.474554455445544932e+01
7.461782178217821127e+01
7.413387096774194163e+01
7.462966666666666526e+01
7.527586206896552312e+01
7.526241379310344826e+01
7.527517241379310065e+01
7.489537953795380076e+01
7.488357801297371452e+01
7.458466666666666356e+01
7.516620689655172782e+01
7.488151815181518600e+01
7.470096774193548583e+01
7.461933333333332996e+01
7.447095709570956501e+01
7.476963696369637091e+01
7.501111111111110574e+01
7.479966996699670290e+01
7.401948259342063352e+01
7.473999999999999488e+01
7.451091560768979605e+01
7.447812200574895769e+01
7.447939955285850999e+01
7.443762376237623357e+01
7.442409240924092728e+01
7.444809964867454255e+01
7.454455445544554948e+01
7.456020440753752609e+01
7.408725490196079022e+01
7.485566666666666436e+01
7.432046204620462504e+01
7.436138613861386659e+01
7.381470588235293917e+01
7.463066666666667004e+01
7.368129032258065081e+01
7.523833333333332973e+01
7.429191951453209697e+01
7.442542318748003538e+01
7.453993399339934456e+01
7.464100000000000534e+01
7.505214521452144538e+01
7.502079207920792214e+01
7.489933993399340295e+01
7.468633333333333724e+01
7.499932659932659362e+01
7.524833333333333485e+01
7.431485148514850891e+01
7.426604918556371615e+01
7.475040729879439994e+01
7.396470588235294485e+01
7.504745646978490470e+01
7.446963696369637375e+01
7.525059747354045214e+01
7.490033333333333587e+01
7.463531353135313395e+01
7.491064516129031858e+01
7.459182369849888516e+01
7.465091025231555477e+01
7.445001596933886390e+01
7.514587458745874926e+01
7.513033333333333985e+01
7.483733333333333348e+01
7.488225806451612243e+01
7.445247524752475954e+01
7.448866176940275352e+01
7.476266666666666083e+01
7.455533333333333701e+01
7.391397849462364888e+01
7.465500000000000114e+01
7.496903225806451587e+01
7.482626262626263269e+01
7.438007026509102104e+01
7.454548387096774320e+01
7.425231555413606088e+01
7.426477163845416385e+01
7.457166666666667254e+01
7.433248163526029373e+01
7.433727243692111131e+01
7.438193548387096143e+01
7.424656659214308263e+01
7.423251357393803573e+01
7.452766666666666140e+01
7.387571157495256102e+01
7.499933993399339727e+01
7.497425742574257868e+01
7.411090686274509665e+01
7.432609389971254643e+01
7.431810923027786941e+01
7.465666666666666629e+01
7.508481848184818830e+01
7.377068029383583792e+01
7.431874800383263846e+01
7.480392156862744457e+01
7.428297668476524507e+01
7.484752475247525183e+01
7.355055147058823195e+01
7.423333333333333428e+01
7.486835016835016177e+01
7.496864686468646255e+01
7.467354838709677267e+01
7.461162567869689610e+01
7.440161290322581067e+01
7.455096774193548015e+01
7.442957521558606970e+01
7.505510204081632253e+01
7.420408815075056452e+01
7.419131267965505572e+01
7.492013201320132509e+01
7.495511551155115626e+01
7.453700000000000614e+01
7.452561669829222524e+01
7.417096774193548470e+01
7.487557755775577562e+01
7.530733333333333235e+01
7.439987224528904619e+01
7.507260726072607326e+01
7.508176301501117678e+01
7.434839108910891525e+01
7.504747474747475167e+01
7.516363636363635692e+01
7.534103448275861581e+01
7.419227083998723060e+01
7.427292852624920272e+01
7.515228758169934054e+01
7.474225487064835249e+01
7.476301501117853832e+01
7.457558507273877524e+01
7.487359735973596742e+01
7.483663366336634226e+01
7.439000000000000057e+01
7.429064196742254467e+01
7.393719059405940186e+01
7.493645161290322676e+01
7.518382838283828562e+01
7.556633663366336862e+01
7.466888045540797236e+01
7.439124880229958592e+01
7.555800000000000693e+01
7.530433333333333223e+01
7.417438518045352680e+01
7.548344827586207373e+01
7.466741935483871373e+01
7.454166666666667140e+01
7.442166666666666686e+01
7.377548387096774718e+01
7.363935483870967857e+01
7.394129032258064171e+01
7.337500000000000000e+01
7.406777451938742729e+01
7.465633333333333610e+01
7.448433333333333906e+01
7.441333333333332689e+01
7.362193548387097053e+01
7.378589108910891525e+01
7.427433333333333110e+01
7.371315623023403418e+01
7.446483870967742291e+01
7.447612903225805780e+01
7.388465298142718041e+01
7.453419354838709410e+01
7.387950664136621981e+01
7.484686468646864910e+01
7.434699999999999420e+01
7.482020202020201793e+01
7.487128712871286496e+01
7.456733333333333746e+01
7.455516129032258732e+01
7.495148514851484833e+01
7.454773541870315512e+01
7.366937500000000227e+01
7.402363462152666784e+01
7.362843750000000398e+01
7.400319386777387365e+01
7.389774193548386449e+01
7.436754643206256787e+01
7.438449006190941759e+01
7.462451612903225850e+01
7.443819865857552998e+01
7.534266666666667334e+01
7.440210795273075917e+01
7.435931012456084943e+01
7.447620568508463634e+01
7.492717981475567512e+01
7.435303217821781629e+01
7.479735973597360044e+01
7.403187499999999943e+01
7.521782178217821979e+01
7.503729372937293363e+01
7.442374999999999829e+01
7.530774193548387530e+01
7.530387096774192912e+01
7.468052805280528617e+01
7.447301181731076269e+01
7.487384222293196956e+01
7.488922558922558892e+01
7.528600000000000136e+01
7.524833333333333485e+01
7.513633333333334008e+01
7.429253636938646821e+01
7.413521039603961071e+01
7.426437908496731666e+01
7.481023102310230399e+01
7.442806451612902663e+01
7.426078431372549460e+01
7.413187855787475655e+01
7.456818907697221732e+01
7.440133333333332644e+01
7.466200068282689983e+01
7.396967821782178021e+01
7.393966584158415856e+01
7.473131313131312936e+01
7.461245791245791281e+01
7.461137931034483017e+01
7.422442244224421870e+01
7.401500000000000057e+01
7.442677419354838264e+01
7.447899999999999920e+01
7.445096774193548583e+01
7.520344827586207259e+01
7.346008663366336577e+01
7.477842945584880852e+01
7.455064516129031915e+01
7.495720868992758312e+01
7.417908496732026435e+01
7.418580645161290477e+01
7.471466666666667322e+01
7.394718749999999829e+01
7.466599999999999682e+01
7.452161290322580101e+01
7.484713804713804564e+01
7.440645161290322562e+01
7.416448419035451423e+01
7.410443947620568395e+01
7.403768763973171474e+01
7.462254901960784537e+01
7.414276588949218194e+01
7.450330033003299945e+01
7.401881188118811394e+01
7.364010120177103147e+01
7.399712551900351798e+01
7.375743200506008179e+01
7.373845667299177364e+01
7.437838709677419047e+01
7.378696901948259779e+01
7.392813797508783580e+01
7.391855637176621485e+01
7.319163206643244735e+01
7.395592462472053796e+01
7.438806451612903459e+01
7.339624999999999488e+01
7.328645833333332860e+01
7.349967741935483900e+01
7.354250000000000398e+01
7.353320683111954281e+01
7.413096774193547844e+01
7.404099999999999682e+01
7.399325980392157476e+01
7.426030022357073790e+01
7.389907377834558133e+01
7.471980198019801378e+01
7.398295454545454675e+01
7.462806451612902947e+01
7.406388361796331310e+01
7.348834238262536189e+01
7.428872564675822332e+01
7.462999999999999545e+01
7.463333333333333997e+01
7.454136058767167583e+01
7.387004950495050082e+01
7.526800000000000068e+01
7.455971534653465937e+01
7.491619228336496406e+01
7.398437500000000000e+01
7.452124999999999488e+01
7.444806451612903686e+01
7.432757575757575808e+01
7.484718750000000398e+01
7.422437499999999488e+01
7.472710396039603609e+01
7.471548387096774491e+01
7.442478441392526634e+01
7.421507352941176805e+01
7.393687500000000057e+01
7.518899999999999295e+01
7.431435800126502045e+01
7.448838709677418990e+01
7.444087009803921262e+01
7.433776091081594473e+01
7.430383663366336577e+01
