5.627973856209150227e+01
5.673139572021718635e+01
5.906127450980392268e+01
6.258292079207920722e+01
6.400240024002400219e+01
6.466306630663066812e+01
6.574960076652826046e+01
6.792214717383576783e+01
6.804110066179032401e+01
6.940891675374433589e+01
6.972662104920169668e+01
7.029225589225589488e+01
7.084752475247525183e+01
7.138514173998045464e+01
7.190874259839776528e+01
7.175700000000000500e+01
7.228874956461163492e+01
7.129479377958080022e+01
7.232558922558922632e+01
7.164814814814815236e+01
7.144620462046204068e+01
7.178354838709677210e+01
7.162804476629361261e+01
7.120535451603413435e+01
7.169419354838709069e+01
7.230363036303630508e+01
7.278155637254901933e+01
7.220036764705882604e+01
7.213560914500469323e+01
7.198897058823528994e+01
7.164836165048544103e+01
7.195445920303605192e+01
7.169523514851485402e+01
7.055154061624649842e+01
7.119921992199219574e+01
7.150883838383838054e+01
7.153274682306940235e+01
7.121156249999999943e+01
7.136608509335782458e+01
7.111997526283241200e+01
7.119637551990493307e+01
7.102632384450566860e+01
7.166656249999999773e+01
7.193877551020408134e+01
7.121895424836601762e+01
7.147212121212120906e+01
7.105081114172023149e+01
7.072212121212120906e+01
7.151760024487296619e+01
7.050564468211527469e+01
7.146125000000000682e+01
7.159848484848484418e+01
7.154999999999999716e+01
7.148330241187383649e+01
7.142272727272727195e+01
7.162556255625563040e+01
7.151121212121212523e+01
7.147818181818182381e+01
7.217125000000000057e+01
7.169906990699070093e+01
7.201000000000000512e+01
7.222007958371594327e+01
7.249362244897959329e+01
7.172787278727872717e+01
7.179718750000000682e+01
7.167416741674166758e+01
7.247460875119770662e+01
7.287422613229064439e+01
7.180969696969697225e+01
7.256343750000000625e+01
7.224718749999999545e+01
7.133375918236984603e+01
7.213226010101010388e+01
7.169333333333332803e+01
7.140710131619222523e+01
7.183727272727273316e+01
7.242093749999999375e+01
7.168548387096774377e+01
7.181499999999999773e+01
7.107515151515151786e+01
7.156466584158415856e+01
7.198966666666666470e+01
7.188718749999999602e+01
7.152042079207920722e+01
7.122215346534653690e+01
7.177656249999999716e+01
7.156343750000000625e+01
7.181156249999999375e+01
7.127563078888533710e+01
7.109937499999999488e+01
7.132812978267523363e+01
7.086317722681359044e+01
7.131775990099009732e+01
7.170624999999999716e+01
7.171168831168830593e+01
7.177738927738927543e+01
7.272797766749380344e+01
7.184999999999999432e+01
7.179855699855700379e+01
7.212121212121212466e+01
7.273548387096774093e+01
7.207113095238095468e+01
7.135492081447964097e+01
7.181148018648018194e+01
7.214821428571428896e+01
7.134544950055493473e+01
7.103163152053274132e+01
7.255247641509433265e+01
7.175900514579760170e+01
7.227505896226415416e+01
7.170325900514579587e+01
7.220695754716980730e+01
7.224056603773584584e+01
7.216892688679244827e+01
7.134805194805194617e+01
7.174571078431372939e+01
7.101789321789321718e+01
7.181033415841584144e+01
7.166161616161616621e+01
7.105914918414917736e+01
7.141010101010101607e+01
7.067078552515445722e+01
7.284070512820512988e+01
7.093077837195484392e+01
7.044739819004524861e+01
7.076493911073350773e+01
7.056985294117646390e+01
7.205422794117646390e+01
7.225841346153846700e+01
7.186538461538461320e+01
7.212325015216067925e+01
7.076640188290673450e+01
7.170913461538461320e+01
7.251858678955453286e+01
7.244024577572965029e+01
7.330345911949684989e+01
7.243300248138957897e+01
7.213333333333333997e+01
7.189947552447551971e+01
7.156450216450215862e+01
7.133869047619047876e+01
7.180066747572816155e+01
7.171691176470588402e+01
7.172785547785548488e+01
7.196933411214953935e+01
7.095574491478834034e+01
7.211586084905660243e+01
7.144315476190476488e+01
7.113725490196078738e+01
7.128995840760546798e+01
7.232101471969934892e+01
7.175403690888120423e+01
7.139971988795518598e+01
7.147619047619048160e+01
7.195769933049299993e+01
7.166994047619047592e+01
7.156527895780232029e+01
7.174042309891366642e+01
7.138290269378779840e+01
7.141414141414141170e+01
7.188679245283019270e+01
7.185425685425686027e+01
7.141566609491137285e+01
7.083602378929481347e+01
7.125014560279556974e+01
7.152127039627039551e+01
7.059551820728290750e+01
7.097415329768270453e+01
7.043223760092271846e+01
7.114795008912655305e+01
7.039091947458595655e+01
7.162526252625262657e+01
7.102324213003824127e+01
7.074019607843136725e+01
7.070155709342560613e+01
7.093615769343924171e+01
7.144979203802732570e+01
7.171330956625074293e+01
7.193841911764705799e+01
7.133184789067142617e+01
7.147118241235888547e+01
7.174317431743173756e+01
7.212631263126313286e+01
7.121473443746430121e+01
7.168526852685268125e+01
7.193321078431372939e+01
7.113268608414239225e+01
7.147504456327985167e+01
7.136371578334303933e+01
7.185254854368932342e+01
7.139593446601941196e+01
7.127907647907647970e+01
7.152495543672014833e+01
7.169489007724301644e+01
7.190685679611650016e+01
7.218321078431372939e+01
7.143790849673202104e+01
7.105795822300676434e+01
7.146524064171123314e+01
7.188408355398647132e+01
7.187439320388349984e+01
7.110079954311821382e+01
7.173545792079207217e+01
7.194528779253636230e+01
7.246750000000000114e+01
7.240402427339508051e+01
7.387359735973596742e+01
7.415705441511893525e+01
7.321233333333333348e+01
7.349612903225806804e+01
7.406868686868686780e+01
7.418523445294313490e+01
7.499690721649484715e+01
7.471366810774858891e+01
7.410985824742267880e+01
7.381640625000000000e+01
7.501894736842105260e+01
7.377997448979591866e+01
7.416161948650427860e+01
7.414591836734693686e+01
7.423859282479972421e+01
7.453993399339934456e+01
7.395687952600394510e+01
7.385212628865978957e+01
7.354903225806451417e+01
7.412666666666666515e+01
7.420000000000000284e+01
7.339669966996699202e+01
7.328965517241378791e+01
7.288150750558926916e+01
7.351319648093841863e+01
7.386329966329965657e+01
7.386276558690352090e+01
7.334858313417548459e+01
7.309465855307639970e+01
7.245704247844139445e+01
7.218151515151515696e+01
7.392323232323232673e+01
7.274640689875438682e+01
7.320012626262625588e+01
7.355741935483871430e+01
7.363564356435644243e+01
7.242093749999999375e+01
7.358879113717823373e+01
7.321999999999999886e+01
7.372166666666666401e+01
7.171292892156863275e+01
7.245065474289364715e+01
7.171724759615383959e+01
7.196241778891324259e+01
7.178936298076922640e+01
7.323523386821440795e+01
7.189242788461538680e+01
7.239342188488298291e+01
7.237824161922833355e+01
7.181770833333332860e+01
7.227356103731816006e+01
7.172089460784313530e+01
7.240096774193548868e+01
7.357668067226890685e+01
7.326379310344827900e+01
7.307505070993914842e+01
7.308199999999999363e+01
7.231151170145477636e+01
7.241980198019801662e+01
7.240297029702969667e+01
7.245379537953795079e+01
7.236666666666666003e+01
7.209952465834818724e+01
7.255308979173778994e+01
7.200445632798573570e+01
7.204152028106035743e+01
7.233965844402277412e+01
7.264292558288086354e+01
7.221853257432005080e+01
7.228115117014547764e+01
7.258823529411765207e+01
7.252698818268923731e+01
7.213504111321948642e+01
7.238422229319705536e+01
7.208254269449714968e+01
7.202719797596458307e+01
7.262112211221122493e+01
7.225326797385621092e+01
7.261513893324816138e+01
7.222593750000000057e+01
7.178698752228163471e+01
7.201330445544554948e+01
7.173236386138613341e+01
7.197786211258697620e+01
7.199387096774194106e+01
7.283870967741935942e+01
7.272246287128713504e+01
7.273225806451613096e+01
7.236833333333333940e+01
7.198624999999999829e+01
7.226843750000000455e+01
7.222357074417119804e+01
7.183965844402277412e+01
7.149938118811881793e+01
7.153434405940593876e+01
7.218873762376237835e+01
7.258879113717823373e+01
7.217981475566911342e+01
7.225000000000000000e+01
7.237612903225806349e+01
7.203768763973171474e+01
7.203409090909090651e+01
7.199557242251739808e+01
7.178308823529411598e+01
7.259999999999999432e+01
7.239061002874481687e+01
7.159951456310679418e+01
7.215841584158415856e+01
7.193870967741935374e+01
7.181435643564356042e+01
7.236711165048544103e+01
7.345643564356436173e+01
7.284445863941232346e+01
7.256280940594059814e+01
7.192870145631067658e+01
7.191027227722771897e+01
7.248516414141414543e+01
7.165757575757575637e+01
7.160187500000000682e+01
7.098696969696969461e+01
7.077606060606061078e+01
7.182906250000000625e+01
7.095714722987450784e+01
7.194665404040404155e+01
7.175255102040816269e+01
7.237040816326531001e+01
7.229319727891156333e+01
7.172075594656239161e+01
7.216389703486477458e+01
7.241737985516788001e+01
7.132468749999999602e+01
7.181090561224489477e+01
7.193225806451613380e+01
7.138312500000000682e+01
7.165377475247524330e+01
7.235448232323231821e+01
7.214363636363636090e+01
7.226735294117646902e+01
7.493459119496854726e+01
7.307920792079207217e+01
7.458118872549019329e+01
7.456585658565856534e+01
7.455188106796116188e+01
7.419423412929528183e+01
7.402324929971989320e+01
7.390519703026841114e+01
7.498970285378052836e+01
7.521813725490196134e+01
7.432673267326732969e+01
7.546594659465947075e+01
7.389595959595959584e+01
7.458392857142857224e+01
7.398787878787878469e+01
7.351483870967742007e+01
7.432727272727272805e+01
7.425600000000000023e+01
7.419427609427609127e+01
7.448133333333333894e+01
7.478149539091840836e+01
7.361650165016502001e+01
7.475643564356435888e+01
7.438562091503267482e+01
7.424699557242252013e+01
7.463234323432342876e+01
7.445379537953795079e+01
7.346786492374727118e+01
7.484441301272984504e+01
7.376051779935275476e+01
7.563866666666666561e+01
7.547852941176471120e+01
7.750249999999999773e+01
7.834258064516129139e+01
7.808907254361800199e+01
7.821487603305784830e+01
7.615359477124182774e+01
7.542852941176469983e+01
7.581806930693069546e+01
7.460101010101010388e+01
7.278312537136066851e+01
7.289843500479079808e+01
7.121250000000000568e+01
7.097382352941176009e+01
7.118471534653465937e+01
7.112469059405940186e+01
7.123499999999999943e+01
7.159360269360269058e+01
7.184693877551021046e+01
7.110363520408162685e+01
7.115532178217821979e+01
7.223367003367003747e+01
7.168409653465346310e+01
7.243566666666666265e+01
7.134457900807382202e+01
7.138419117647059409e+01
7.232290322580645636e+01
7.214418316831682887e+01
7.298870967741935090e+01
7.230303030303029743e+01
7.283175205566097077e+01
7.308196181698485816e+01
7.305464121132324351e+01
7.267611599869664474e+01
7.225773514851485402e+01
7.354231974921630410e+01
7.246953405017920602e+01
7.353272343420127299e+01
7.242815249266861599e+01
7.232714239165852632e+01
7.206342821782178021e+01
7.231656250000000341e+01
7.279292929292928704e+01
7.214168247944338930e+01
7.292289562289562355e+01
7.310238095238095468e+01
7.289096774193548356e+01
7.282949308755760853e+01
7.248908439231020395e+01
7.253861192570869321e+01
7.342877046325321544e+01
7.293186306780776818e+01
7.365033333333333587e+01
7.373499999999999943e+01
7.333630363036303379e+01
7.353533333333332678e+01
7.352500000000000568e+01
7.402517241379310065e+01
7.342233333333332723e+01
7.341233333333333633e+01
7.318217821782178589e+01
7.344633333333332814e+01
7.319471947194719519e+01
7.360020484807101582e+01
7.377482758620689651e+01
7.363202614379085276e+01
