6.919266666666666765e+01
6.907099999999999795e+01
6.851580645161290306e+01
6.842782665363310457e+01
6.861948650427913776e+01
6.827956989247311981e+01
6.900408163265305461e+01
6.809156076898013055e+01
6.799543825350276904e+01
6.817840684660960449e+01
6.891148240312833195e+01
6.882580874511198488e+01
6.831952861952862577e+01
6.827878787878788103e+01
6.809512837393022266e+01
6.771880091234929466e+01
6.819517758227435422e+01
6.868075601374570738e+01
6.822322580645160883e+01
6.890068027210884338e+01
6.967441077441077368e+01
6.877677419354839117e+01
6.893503401360544558e+01
6.824568263277940616e+01
6.831443298969071520e+01
6.844827586206896797e+01
6.775252525252524549e+01
6.775627240143369079e+01
6.828484848484848158e+01
6.862414965986394577e+01
6.782469859889214092e+01
6.833737373737373844e+01
6.821855670103093416e+01
6.785272075594656371e+01
6.846481351161153839e+01
6.790612244897958760e+01
6.798802793481875995e+01
6.766471163245357445e+01
6.773965461062235249e+01
6.809003436426117162e+01
6.793494897959183731e+01
6.827312925170068070e+01
6.808585858585858830e+01
6.822378606615059482e+01
6.772687074829931930e+01
6.816060606060605664e+01
6.789183673469388225e+01
6.783642880417073684e+01
6.813196480938415789e+01
6.901512027491409640e+01
6.864175084175084862e+01
6.872323232323232389e+01
6.882688247712877683e+01
6.884377199155524352e+01
6.857835051546392435e+01
6.894523809523809632e+01
6.874175084175084294e+01
6.903694581280788611e+01
6.863848797250858524e+01
6.855625000000000568e+01
6.892267502612330077e+01
6.966126656848305743e+01
6.857687074829931362e+01
6.891605712295367425e+01
6.914004222378606812e+01
6.943330903790086950e+01
6.930541871921182917e+01
6.874845360824741647e+01
6.897721088435373815e+01
6.878578892371996290e+01
6.893877551020408134e+01
6.949016034985422152e+01
6.912913441238563905e+01
6.900844475721322624e+01
6.871993127147766245e+01
6.842959183673468715e+01
6.830612244897959329e+01
6.839455782312924725e+01
6.831073074391046873e+01
6.852164948453608417e+01
6.862721088435374384e+01
6.920287187039764376e+01
6.816359447004607830e+01
6.829065174456879106e+01
6.884707903780068250e+01
6.843531759228467592e+01
6.825674786043450126e+01
6.870408163265305745e+01
6.867517006802721369e+01
6.906975945017181573e+01
6.859387755102041240e+01
6.804443712969059277e+01
6.877497333807323798e+01
6.816563573883161098e+01
6.843842364532019928e+01
6.846156462585034319e+01
6.860389610389610482e+01
6.810721649484536044e+01
6.840884353741496682e+01
6.839013605442177379e+01
6.831734693877551479e+01
6.753242098403389093e+01
6.777419354838710319e+01
6.824013605442176811e+01
6.829863945578230755e+01
6.804673539518900327e+01
6.794107965766951907e+01
6.853181656594382787e+01
6.835510204081631969e+01
6.825442176870748767e+01
6.820102040816325939e+01
6.769534050179211704e+01
6.775442176870748767e+01
6.777074829931973454e+01
6.774423963133639859e+01
6.753209514499836530e+01
6.789149659863944919e+01
6.762919517758227528e+01
6.752290322580644499e+01
6.812783002438175117e+01
6.764055299539170107e+01
6.742677419354838264e+01
6.743727598566307790e+01
6.757312925170067786e+01
6.743434343434343248e+01
6.691737985516788001e+01
6.838071780436312963e+01
6.824309764309764148e+01
6.826195286195286371e+01
6.774193548387096087e+01
6.790748299319727721e+01
6.770202020202020776e+01
6.740882159315339095e+01
6.761245791245791281e+01
6.712870641902900104e+01
6.689935483870968369e+01
6.722287390029325138e+01
6.767474747474747687e+01
6.703844900619094460e+01
6.758383838383838338e+01
6.685774193548387245e+01
6.745454545454545325e+01
6.739865319865319293e+01
6.711466666666666470e+01
6.670838709677418876e+01
6.797582651972982148e+01
6.759259259259259522e+01
6.760572390572390589e+01
6.751784511784511267e+01
6.702476376669925173e+01
6.727700000000000102e+01
6.677906249999999488e+01
6.744477028347995429e+01
6.692206962631746592e+01
6.815290839428770653e+01
6.757803844900618628e+01
6.683937500000000398e+01
6.764320625610947957e+01
6.676781250000000512e+01
6.825346605047991488e+01
6.708870967741935942e+01
6.727859237536657133e+01
6.725773867709351350e+01
6.722225806451612584e+01
6.749421768707483693e+01
6.745454545454545325e+01
6.720419354838709580e+01
6.735555555555555429e+01
6.753945578231292757e+01
6.723766666666666936e+01
6.713522319973932895e+01
6.712381883349625866e+01
6.786464646464646933e+01
6.712451612903225850e+01
6.788027210884354190e+01
6.765366666666666617e+01
6.800457424349049518e+01
6.819966329966329965e+01
6.753144346692734246e+01
6.763333333333333997e+01
6.838357625311056154e+01
6.802215705441511773e+01
6.762566666666666038e+01
6.782567611599870361e+01
6.778754208754209287e+01
6.794242424242423795e+01
6.783939393939394336e+01
6.788282828282828518e+01
6.786296296296296759e+01
6.800918367346939419e+01
6.773378950798306164e+01
6.769225589225588635e+01
6.766531986531985865e+01
6.827934517589690699e+01
6.830163706025774673e+01
6.753666666666666174e+01
6.810986394557822621e+01
6.777676767676767611e+01
6.774646464646464494e+01
6.807108843537415055e+01
6.935464285714286348e+01
6.937409812409812560e+01
6.848047138047138560e+01
6.887809125740160709e+01
6.844646464646464779e+01
6.833063973063973151e+01
6.854848484848484702e+01
6.847586206896551175e+01
6.874827586206896513e+01
6.860801564027370603e+01
6.954182314783201946e+01
7.144314868804664798e+01
7.236499999999999488e+01
7.182657297987863387e+01
7.165757575757575637e+01
7.155466666666666242e+01
7.145723905723905034e+01
7.085723905723905602e+01
7.066430976430976330e+01
6.959562499999999829e+01
6.996354838709677892e+01
6.959725327371447179e+01
6.928106036410092372e+01
6.875649752475247567e+01
6.900093750000000625e+01
6.950870956274440005e+01
6.894965986394558399e+01
6.825818181818182495e+01
6.812968393613554952e+01
6.742574257425742701e+01
6.842506720430107237e+01
6.814033920851346693e+01
6.845467472449342949e+01
6.809225589225589204e+01
6.782372108178559245e+01
6.794305464121131877e+01
6.831315974665727708e+01
6.776088435374150265e+01
6.819000703729767565e+01
6.830618556701030286e+01
6.785129310344827047e+01
6.725415444770283102e+01
6.751144781144780893e+01
6.729531094113734468e+01
6.837076583210604497e+01
6.770756013745705104e+01
6.721146953405018110e+01
6.762289562289562639e+01
6.754166666666667140e+01
6.684154040404040131e+01
6.772592592592592098e+01
6.763636363636364024e+01
6.800626959247648529e+01
6.709840338872596988e+01
6.677636363636364081e+01
6.740572390572390304e+01
6.852524271844660575e+01
6.811541168191413931e+01
6.699189918991899617e+01
6.731842861705524683e+01
6.707669519420672088e+01
6.714180154820549262e+01
6.746603970741901435e+01
6.720830401125967057e+01
6.711928219563687037e+01
6.703733333333333633e+01
6.699824067558057550e+01
6.707857142857142208e+01
6.630816831683168289e+01
6.721718213058419167e+01
6.675031887755102389e+01
6.651124144672532168e+01
6.698522336769759988e+01
6.674356467904854640e+01
6.577343750000000000e+01
6.568876262626262985e+01
6.640717577353521506e+01
6.642782665363310457e+01
6.659809084924292222e+01
6.627859237536657133e+01
6.634017595307918214e+01
6.607548387096774434e+01
6.633105246008472022e+01
6.602161290322580101e+01
6.659084924292297103e+01
6.618442489410230678e+01
6.640421329822251550e+01
6.609644835451287292e+01
6.575645161290321994e+01
6.577548387096774718e+01
6.573806451612902890e+01
6.624526515151515582e+01
6.643800000000000239e+01
6.597718749999999943e+01
6.621263989466754651e+01
6.571677419354838889e+01
6.557797029702970804e+01
6.565548387096774263e+01
6.586868686868686495e+01
6.566806451612903572e+01
6.593776474421635214e+01
6.587281249999999488e+01
6.587487781036168144e+01
6.580123818833496330e+01
6.632053872053872112e+01
6.543780940594059814e+01
6.587292277614858449e+01
6.586039603960395539e+01
6.586930693069307097e+01
6.592645202020202078e+01
6.609533333333332905e+01
6.646430976430976045e+01
6.561974009900990268e+01
6.650639730639730374e+01
6.569687500000000568e+01
6.603030303030303116e+01
6.646334310850440374e+01
6.651178451178451212e+01
6.579967741935483616e+01
6.617949536889172180e+01
6.659595959595959869e+01
6.629099999999999682e+01
6.663131313131313505e+01
6.615281249999999602e+01
6.614187499999999886e+01
6.643566666666666265e+01
6.638800000000000523e+01
6.610724137931033795e+01
6.618409905506679536e+01
6.591580645161290875e+01
6.627483870967742519e+01
6.639400000000000546e+01
6.673152709359605694e+01
6.598250825082507731e+01
6.610548387096774547e+01
6.588656249999999659e+01
6.597933333333332939e+01
6.622933333333332939e+01
6.619354838709676869e+01
6.628249158249158768e+01
6.624444444444444002e+01
6.597064393939393767e+01
6.601793103448275701e+01
6.570803159973667107e+01
6.631066666666666265e+01
6.666195286195285519e+01
6.598720538720539253e+01
6.574752475247524330e+01
6.665286195286195436e+01
6.658227435646790582e+01
6.524272727272727934e+01
6.619548387096774889e+01
6.570886479591837315e+01
6.639557823129251801e+01
6.633483870967741325e+01
6.658585858585858830e+01
6.658653198653198046e+01
6.641414141414141170e+01
6.622823129251700891e+01
6.663127147766323333e+01
6.662838283828382657e+01
6.606691919191919737e+01
6.646985988921473165e+01
6.669290322580644670e+01
6.644011497923986553e+01
6.638316831683168573e+01
6.610572390572390589e+01
6.592790841584158557e+01
6.636930693069307097e+01
6.622760942760942271e+01
6.637953795379537780e+01
6.603741935483870407e+01
6.560193548387097451e+01
6.645577557755775899e+01
6.631204088150749953e+01
6.615011178537208991e+01
6.636709677419354136e+01
6.645193874226131925e+01
6.530445544554454784e+01
6.587655172413792570e+01
6.632258064516129537e+01
6.634538937764743594e+01
6.616766666666666197e+01
6.564064516129032256e+01
6.555677419354839230e+01
6.615156249999999716e+01
6.616593749999999829e+01
6.622906484196806787e+01
6.576767676767676107e+01
6.668282828282828234e+01
6.574210858585858830e+01
6.638800000000000523e+01
6.604906250000000512e+01
6.626600000000000534e+01
6.625766666666666538e+01
6.640891675374433589e+01
6.646917450365725699e+01
6.580546412113231725e+01
6.619354838709676869e+01
6.566894753991527978e+01
6.639000000000000057e+01
6.618442489410230678e+01
6.589677419354838150e+01
6.639466666666666583e+01
6.612640264026403258e+01
6.643966666666666754e+01
6.618013468013468525e+01
6.585763888888888573e+01
6.603709677419354307e+01
6.660895325872284900e+01
6.643633333333333724e+01
6.640200000000000102e+01
6.633066666666667288e+01
6.585612623762376927e+01
6.610330033003300798e+01
6.624337272436920898e+01
6.597508783136377986e+01
6.589587991057170768e+01
6.625333333333333030e+01
6.597458455522971121e+01
6.571967741935483787e+01
6.646195286195286656e+01
6.588393939393940002e+01
6.574645161290322903e+01
6.581781250000000227e+01
6.570616416480358168e+01
6.613741935483871259e+01
6.592516129032257766e+01
6.596699999999999875e+01
6.566171617161715801e+01
6.551709677419354705e+01
6.514171122994652308e+01
6.529819452533489255e+01
6.622781249999999886e+01
6.559088235294117908e+01
6.631190694827058962e+01
6.684001303356141932e+01
6.611710858585858830e+01
6.645440051020408134e+01
6.558738904193450026e+01
6.662246879334257699e+01
6.550693877551020705e+01
6.691967109424415128e+01
6.726000000000000512e+01
6.692047269243053620e+01
6.622832283228322581e+01
6.680964548067710496e+01
6.707306397306396661e+01
6.678518518518518476e+01
6.709663299663299085e+01
6.714319727891155765e+01
6.718805545680767466e+01
6.623437500000000000e+01
6.643825350276962638e+01
6.561909416748126489e+01
6.600505050505050519e+01
6.627138047138046772e+01
6.540161290322581067e+01
6.619718749999999829e+01
6.559435943594358775e+01
6.618344737699575830e+01
6.602139037433154556e+01
6.651470588235294201e+01
6.627328431372548323e+01
6.593689320388349984e+01
6.658679867986798229e+01
6.596287128712870640e+01
6.587438118811881793e+01
6.539374999999999716e+01
6.552028106036409838e+01
6.549025870328968324e+01
6.557937499999999886e+01
6.542852722772276763e+01
6.578645161290322108e+01
6.621133333333332871e+01
6.583551580964548577e+01
6.534808168316831711e+01
6.594686468646864341e+01
6.527134900990098743e+01
6.525990099009901257e+01
6.553562499999999602e+01
6.560483870967742348e+01
6.557580445544554948e+01
6.563548387096774661e+01
6.562999999999999545e+01
6.565717821782178021e+01
6.605196078431372086e+01
6.538428217821781629e+01
6.540714071407140295e+01
6.514161416141614325e+01
6.566207107843136725e+01
6.590191831683168289e+01
6.619633333333332814e+01
6.606196103481316584e+01
6.536529126213592633e+01
6.575950175662727304e+01
6.514200831847890072e+01
6.505724009900990268e+01
6.565031249999999829e+01
6.554615138933247920e+01
6.582922201138519824e+01
6.507023514851485402e+01
6.512592821782178021e+01
6.509096534653465937e+01
6.552411370169275528e+01
6.573056118999323871e+01
6.497296494355317975e+01
6.524542454245424494e+01
6.539393939393939092e+01
6.517677696078430927e+01
6.546997549019607732e+01
6.578279702970297649e+01
6.557444852941176805e+01
6.510784313725490335e+01
6.579084158415841443e+01
6.534233423342334390e+01
6.559068627450980671e+01
6.528877005347592899e+01
6.540992647058823195e+01
6.555569306930692619e+01
6.537622549019607732e+01
6.563428217821781629e+01
6.562685643564356042e+01
6.516547831253713241e+01
6.545129351644841620e+01
6.490552584670231795e+01
6.538869370808048131e+01
6.562677419354838548e+01
6.568935483870967573e+01
6.529362623762376927e+01
6.515934405940593876e+01
6.484968496849684527e+01
6.552665441176471006e+01
6.599552858511657405e+01
6.514152591729761355e+01
6.557393803896518136e+01
6.479166666666667140e+01
6.498886138613860908e+01
6.488027332144979198e+01
6.584158415841584144e+01
6.568806451612903174e+01
6.576774193548386904e+01
6.526413286489939480e+01
6.501707779886147875e+01
6.482144979203802393e+01
6.519894801980197485e+01
6.496901948259342419e+01
6.435442661913249651e+01
6.544346405228758101e+01
6.559967741935483332e+01
6.508781249999999829e+01
6.504427577482606182e+01
6.536401012017709888e+01
6.466607825831127343e+01
6.476423267326732969e+01
6.528737745098038658e+01
6.450432525951556784e+01
6.482669196710942572e+01
6.492097445038621117e+01
6.478307038834951470e+01
6.484221813725490335e+01
6.488799504950495134e+01
6.534142446502714563e+01
6.516192283364958371e+01
6.481638163816381848e+01
6.534589587991057158e+01
6.534557649313317995e+01
6.510436432637571613e+01
6.491243811881187753e+01
6.493316831683168289e+01
6.469822303921569073e+01
6.523276407337128546e+01
6.511416824794433467e+01
6.511416824794433467e+01
6.505376344086020879e+01
6.474887488748875342e+01
6.511695544554454784e+01
6.452865286528653144e+01
6.497741336633663423e+01
6.504610148514851176e+01
6.516738861386139092e+01
6.514047029702970804e+01
6.505407011289364050e+01
6.479993872549019329e+01
6.498205445544554948e+01
6.510674504950495134e+01
6.450432525951556784e+01
6.457929642445213858e+01
6.499286987522282288e+01
6.508694306930692619e+01
6.455276816608996171e+01
6.540620915032680216e+01
6.508793820558526022e+01
6.511497923985946557e+01
6.524845297029702351e+01
6.581251996167358698e+01
6.521967821782178021e+01
6.498253676470588402e+01
6.578824656659215009e+01
6.488480392156863275e+01
6.498498774509803866e+01
6.432798573975044576e+01
6.455145514551455221e+01
6.503712871287129360e+01
6.479564950980392268e+01
6.507240099009901257e+01
6.533888888888888857e+01
6.509405940594059814e+01
6.466225360400117950e+01
6.424896019013665693e+01
6.472510192195690593e+01
6.487840346534653690e+01
6.458955895589558338e+01
6.469914215686274872e+01
6.491738861386139092e+01
6.468872549019607732e+01
6.492357673267326845e+01
6.470545454545454334e+01
6.464093137254901933e+01
6.487871287128713504e+01
6.490779702970297649e+01
6.464920343137255543e+01
6.422578728461081710e+01
6.470067401960784537e+01
6.423843517989719487e+01
6.549272612270715399e+01
6.421301247771836529e+01
6.484224598930481420e+01
6.462775735294117396e+01
6.439976689976690238e+01
6.469730392156863275e+01
6.530139152435167205e+01
6.483517156862744457e+01
6.464307598039215463e+01
6.475153186274509665e+01
6.451515151515151558e+01
6.468106617647059409e+01
6.470894607843136725e+01
6.462071078431372939e+01
6.483756188118812247e+01
6.456340100029420626e+01
6.479560308972074267e+01
6.499423543689320582e+01
6.506978155339805880e+01
6.494214108910891525e+01
6.461429832303618070e+01
6.490934405940593876e+01
6.469025735294117396e+01
6.514263124604680399e+01
6.466284201235657747e+01
6.478464254192410010e+01
6.476022359517504867e+01
6.461812297734627464e+01
6.478553921568627061e+01
6.446935679611650016e+01
6.478125000000000000e+01
6.479013480392157476e+01
6.480514705882353610e+01
6.565122963909294640e+01
6.561034813158735801e+01
6.505569306930692619e+01
6.505109922756982144e+01
6.500092821782178021e+01
6.501752822341057936e+01
6.537254901960784537e+01
6.481610219845514109e+01
6.539342188488298291e+01
6.531893382352940591e+01
6.539828431372548323e+01
6.509895833333332860e+01
6.510845588235294201e+01
6.523560049019607732e+01
6.540012254901961342e+01
6.553372524752475670e+01
6.582999999999999829e+01
6.623161290322580896e+01
6.586266368572340468e+01
6.583743213030980712e+01
6.533362753751103469e+01
6.567552182163187524e+01
6.561825980392157476e+01
