4.868474264705882604e+01
4.848811645870469533e+01
4.872303921568627771e+01
4.974050245098039369e+01
5.025765931372549034e+01
5.116881127450980671e+01
5.129564950980392268e+01
5.198907766990291179e+01
5.253247549019607732e+01
5.399900990099009590e+01
5.320449029126213247e+01
5.406189320388349273e+01
5.446419902912621325e+01
5.514552696078431637e+01
5.615559772296015240e+01
5.596966911764705799e+01
5.776372549019608016e+01
5.785079656862745168e+01
5.839460784313725839e+01
5.768103940605368507e+01
5.718371161548731862e+01
5.755281789861228958e+01
5.629449588477366007e+01
5.697005347593582769e+01
5.796751237623762165e+01
5.484086188992731081e+01
5.538507625272330870e+01
5.361808537509472217e+01
5.413557594291539488e+01
5.520948945615982240e+01
5.428480367159612285e+01
5.424699599465954947e+01
5.469818581638262600e+01
5.406827622014537837e+01
5.532847718526662817e+01
5.600119047619047308e+01
5.595826330532212722e+01
5.539802089059922707e+01
5.572140330188679513e+01
5.535074216602529162e+01
5.481409544950055590e+01
5.505577136514983039e+01
5.481354051054383802e+01
5.544236760124610441e+01
5.413180592991913898e+01
5.431225948323254471e+01
5.410225398570643307e+01
5.548988095238095042e+01
5.436709211986681112e+01
5.461206403659233644e+01
5.471612349914236972e+01
5.747380050505050519e+01
5.794523195876288924e+01
5.756568877551020336e+01
5.687692307692307736e+01
