6.571189120809614792e+01
6.593165122963908686e+01
6.520594292438953232e+01
6.534673659673659074e+01
6.531917475728155864e+01
6.622135922330096491e+01
6.626925566343041396e+01
6.578640776699029402e+01
6.575728155339805880e+01
6.612175838077166645e+01
6.640784313725490051e+01
6.579239859469818441e+01
6.598187702265371968e+01
6.592200647249191547e+01
6.630264026402640809e+01
6.596504854368932058e+01
6.622745098039216316e+01
6.602751423149905463e+01
6.528810879190385208e+01
6.547055016181229803e+01
6.545631067961164717e+01
6.549352750809060808e+01
6.567961165048544103e+01
6.573066082054494075e+01
6.608217821782177737e+01
6.572156862745097783e+01
6.507781862745098067e+01
6.610513860716700663e+01
6.494087009803921262e+01
6.492524509803921262e+01
6.495312500000000000e+01
6.492953431372548323e+01
6.486881188118812247e+01
6.492143085276269687e+01
6.506545568430942694e+01
6.459921116504854410e+01
6.474164603960396391e+01
6.453640776699029402e+01
6.497412967103161918e+01
6.544257425742574696e+01
6.528585116576174130e+01
6.459283980582524975e+01
6.493347772277228103e+01
6.506075790792358760e+01
6.505512057626056333e+01
6.491356091450046506e+01
6.465169902912622035e+01
6.466504854368932342e+01
6.475300442757747987e+01
6.483902593295383099e+01
6.469902912621358837e+01
6.499808367933567865e+01
6.468869401816473896e+01
6.511337300344503376e+01
6.472126526777324784e+01
6.477908496732025867e+01
6.485915032679739056e+01
6.482806138427811504e+01
6.448046875000000000e+01
6.480206702160977272e+01
6.436237980769230660e+01
6.390879953379953093e+01
6.385008566533409180e+01
6.449059466019417641e+01
6.441089884121515752e+01
6.475458570524983770e+01
6.449009324009324473e+01
6.458525485436892666e+01
6.443998811645870717e+01
6.467748786407767625e+01
6.449043836422477227e+01
6.497463200751644763e+01
6.491418728468525501e+01
6.457463592233010274e+01
6.459162621359223522e+01
6.482227047146402299e+01
6.487831363781539551e+01
6.500908236767929793e+01
6.452305825242719095e+01
6.427802294792586224e+01
6.403030303030303116e+01
6.458001265022137716e+01
6.434157105030891444e+01
6.436157693439247396e+01
6.460436432637571613e+01
6.441894674904384033e+01
6.491474514563107334e+01
6.461225728155339709e+01
6.520032679738561399e+01
6.473621323529411598e+01
6.469822303921569073e+01
6.483143580012649920e+01
6.475364077669902940e+01
6.448707932692308020e+01
6.424754901960784537e+01
6.408884803921569073e+01
6.465109223300970598e+01
6.494533333333333758e+01
6.488438198658575118e+01
6.448709677419354591e+01
6.522558922558923200e+01
6.457598039215686470e+01
6.496419354838710092e+01
6.415269196822595177e+01
6.527200000000000557e+01
6.444616336633663423e+01
6.451623774509803866e+01
6.519354838709676869e+01
6.486711165048544103e+01
6.474444096461007803e+01
6.464077669902913215e+01
6.445373774509803866e+01
6.498165717900063498e+01
6.449356617647059409e+01
6.488612903225806861e+01
6.402185314685314665e+01
6.479000632511069568e+01
6.428186274509803866e+01
6.481973434535103706e+01
6.505882352941176805e+01
6.491840607210626501e+01
6.412412587412588039e+01
6.464633413461538680e+01
6.429538099441012378e+01
6.491745730550285032e+01
6.459182369849888516e+01
6.519366666666667243e+01
6.483870967741935942e+01
6.487982289690069138e+01
6.467172330097086785e+01
6.476820388349514701e+01
6.478731796116504427e+01
6.480339805825242649e+01
6.479696394686907013e+01
6.470575495049504866e+01
6.449942889777270238e+01
6.507854785478548365e+01
6.455020796197267430e+01
6.491376557010539727e+01
6.477912621359223522e+01
6.479763349514563231e+01
6.481961633663365774e+01
6.528484848484848158e+01
6.502870967741935715e+01
6.472436921111466290e+01
6.557220894503242903e+01
6.426786843769765767e+01
6.440962009803921262e+01
6.377317731773177201e+01
6.481036168132942521e+01
6.491980198019801662e+01
6.442190993292877010e+01
6.433884803921569073e+01
6.518833333333333258e+01
6.466451612903226476e+01
6.499123081741309704e+01
6.480055147058823195e+01
6.508660130718953951e+01
6.455794902912622035e+01
6.491053921568627061e+01
6.481985294117646390e+01
6.495720217183009026e+01
6.463156230234028499e+01
6.484797189396358874e+01
6.493037368252954877e+01
6.424331550802139645e+01
6.399588114151220708e+01
6.455097087378641163e+01
6.452239273410584985e+01
6.464610084559974723e+01
6.399029126213591923e+01
6.436734068627451677e+01
6.509379084967319784e+01
6.440900735294117396e+01
6.471813725490196134e+01
6.491637958033197719e+01
6.482242095177259955e+01
6.443596813725490335e+01
6.502810457516339682e+01
6.454807084123972061e+01
6.444301470588234793e+01
6.500876918258690296e+01
6.436716681376876181e+01
6.484066666666666379e+01
6.540466666666667095e+01
6.476774193548386904e+01
6.472026699029126462e+01
6.507084123972170175e+01
6.521033333333333815e+01
6.467709677419354364e+01
6.450526988182689081e+01
6.513472485768501485e+01
6.441899271844660291e+01
6.408880888088809513e+01
6.475471095496646967e+01
6.440134803921569073e+01
6.458032890575584872e+01
6.454743833017077748e+01
6.467204301075268802e+01
6.488661769402746415e+01
6.458383902906419394e+01
6.459757266049184921e+01
6.520408815075056452e+01
6.445741421568627061e+01
6.463428217821781629e+01
6.386274509803921262e+01
6.437898284313725128e+01
6.476493133184285966e+01
6.465934405940593876e+01
6.438480392156863275e+01
6.431648284313725128e+01
6.460829207920792783e+01
6.463118811881187753e+01
6.475553447185325240e+01
6.501486401012017780e+01
6.454053217821781629e+01
6.432077205882353610e+01
6.451205762605700045e+01
6.430790441176471006e+01
6.479379084967320068e+01
6.488562091503267482e+01
6.407160194174757351e+01
6.432015931372548323e+01
6.459536486063262828e+01
6.422524752475247567e+01
6.434739077669902940e+01
6.422936893203883812e+01
6.498987982289689569e+01
6.427457524271844136e+01
6.464963270520600247e+01
6.483396584440227173e+01
6.510594560404807396e+01
6.483459835547121486e+01
6.473466160657811486e+01
6.397682709447415306e+01
6.444741532976827614e+01
6.494158415841583576e+01
6.481941808981656550e+01
6.470964805825242649e+01
6.643053337591823038e+01
6.458734402852050493e+01
6.521111111111110858e+01
6.467077798861480176e+01
6.438521766363921017e+01
6.508333333333332860e+01
6.470556609740670240e+01
6.453300970873786468e+01
6.421997549019607732e+01
6.418387761106207279e+01
6.378223410576351426e+01
6.420189950980392268e+01
6.421537001897533514e+01
6.487450980392156907e+01
6.470392845736186871e+01
6.460086633663365774e+01
6.407675970873786753e+01
6.426317401960784537e+01
6.487124183006535816e+01
6.434589460784313530e+01
6.495882352941175952e+01
6.521287128712870640e+01
6.461854055746945846e+01
6.497679738562091245e+01
6.493692810457515918e+01
6.432904411764705799e+01
6.477920450986533751e+01
6.445719602977666796e+01
6.467428750391481174e+01
6.470247416222987624e+01
6.477325399310993248e+01
6.470372690259944193e+01
6.464299007444168410e+01
6.506388975884748049e+01
6.369020300088261166e+01
6.501067961165048814e+01
6.411051693404634477e+01
6.453147510178516200e+01
6.484471853257431917e+01
6.465685679611650016e+01
6.508112424145640773e+01
6.453034855769230660e+01
6.440474759615383959e+01
6.525954692556634029e+01
6.516503267973855884e+01
6.452883675464320845e+01
6.445327970297029196e+01
6.443075980392157476e+01
6.438304455445545216e+01
6.403501029714621495e+01
6.457938013915243403e+01
6.418872549019607732e+01
6.415048543689320582e+01
6.404136029411765207e+01
6.473458958799105289e+01
6.440000000000000568e+01
6.492671468838082660e+01
6.508838709677419843e+01
6.423559120617943563e+01
6.487500000000000000e+01
6.464356435643564680e+01
6.413101604278074319e+01
6.392275698158051256e+01
6.390463458110517081e+01
6.411943069306930454e+01
6.441955445544554948e+01
6.442030360531309441e+01
6.459022676461194123e+01
6.413521039603961071e+01
6.488193548387096143e+01
6.442156862745098067e+01
6.414341434143413778e+01
6.428437499999999716e+01
6.481667198977962130e+01
6.427846534653465937e+01
6.461034813158735801e+01
6.461450015969339233e+01
6.373253676470588402e+01
6.417597087378641163e+01
6.435477941176471006e+01
6.444522516767806053e+01
6.421537990196078738e+01
6.414957524271844136e+01
6.437561881188118207e+01
6.429766847652507522e+01
6.468811881188118207e+01
6.423877427184466171e+01
6.404559553349875500e+01
6.397334558823529704e+01
6.440064516129032768e+01
6.442820999367488355e+01
6.421782178217821979e+01
6.476301501117853832e+01
6.426980198019802515e+01
6.343444344434443138e+01
6.389828431372549034e+01
6.460324754901961342e+01
6.397822889085024656e+01
6.402236519607842524e+01
6.425533333333333985e+01
6.378186881188118917e+01
6.397947303921568363e+01
6.354456327985739961e+01
6.402730582524272052e+01
6.477039848197343019e+01
6.469827305311176247e+01
6.420955882352940591e+01
6.465395894428152701e+01
6.401941747572816155e+01
6.441617161716172291e+01
6.440494832445975248e+01
6.445129032258064683e+01
6.451393673661134187e+01
6.449193548387096087e+01
6.447709677419355501e+01
6.434732226746007200e+01
6.439032258064516157e+01
6.423069852941176805e+01
6.415839460784313530e+01
6.416990291262135315e+01
6.383149509803921262e+01
6.417789843500479208e+01
6.431254125412540645e+01
6.412349299446073303e+01
6.342852722772277474e+01
6.374249999999999972e+01
6.427899999999999636e+01
6.429133333333332700e+01
6.386862864077669855e+01
6.434099999999999397e+01
6.417645161290322164e+01
6.387160651549025658e+01
6.416292517006802143e+01
6.397933333333333650e+01
6.405514705882353610e+01
6.433333333333332860e+01
6.438645161290322960e+01
6.388349514563106624e+01
6.411785372085596180e+01
6.430880050109614388e+01
6.382249999999999801e+01
6.410334158415841443e+01
6.364999999999999858e+01
6.468100358422938712e+01
6.485958254269449696e+01
6.493507281553398514e+01
6.487530339805825008e+01
6.472896039603961071e+01
6.527275630788885508e+01
6.485420619860848035e+01
6.567458745874587578e+01
6.534180514825676767e+01
6.510088551549651470e+01
6.516709677419355273e+01
6.497184405940593876e+01
6.546033333333333815e+01
6.440950226244343924e+01
6.547939955285850999e+01
6.544586394123282957e+01
6.572896900695762668e+01
6.516646039603961071e+01
6.556468646864686889e+01
6.472937500000000455e+01
6.548283828382838578e+01
6.580462046204620208e+01
6.582599999999999341e+01
6.599438943894389809e+01
6.573331204088150059e+01
6.550620347394540488e+01
6.591437908496732234e+01
6.567262855317790127e+01
6.586600660066007151e+01
6.589867986798680022e+01
6.541485148514851744e+01
6.582475247524752149e+01
6.615043948613927682e+01
6.595280528052805380e+01
6.593300330033002865e+01
6.559709677419354534e+01
6.549080882352940591e+01
6.586021505376344010e+01
6.520082226438962891e+01
6.521388643718741207e+01
6.499943438914027638e+01
6.463574660633484825e+01
6.480006067961164717e+01
6.596696428571428328e+01
6.665161290322581067e+01
6.626777325399311280e+01
6.606066176470588402e+01
6.533210784313725128e+01
6.575643382352940591e+01
6.445631067961164717e+01
6.416435986159169147e+01
6.430382638492289971e+01
6.429754426042261173e+01
6.438744343891403332e+01
6.435718325791854966e+01
6.452826340326340926e+01
6.454341491841492484e+01
6.491547619047618412e+01
6.474128605769230660e+01
6.441376356367790379e+01
6.413651073845248618e+01
6.389102564102564230e+01
6.490447854682116713e+01
6.492135922330096776e+01
6.436921758994860454e+01
6.452757352941176805e+01
6.420134032634032906e+01
6.498576850094876534e+01
6.482138480392157476e+01
6.457970560601314958e+01
6.478652751423149425e+01
6.454236778846153300e+01
6.468524898214845109e+01
6.442919580419579972e+01
6.429516317016316407e+01
6.435096153846153300e+01
6.423275862068965125e+01
6.444915824915824487e+01
6.446531986531987002e+01
6.600324292452830832e+01
6.547340067340067549e+01
6.484233333333332894e+01
6.487378640776698546e+01
6.481435040055730212e+01
6.407721445221444867e+01
6.429017857142856940e+01
6.482433333333332826e+01
6.538896551724137396e+01
6.400340346534653690e+01
6.524239482200647444e+01
6.439955285851165456e+01
6.430859375000000000e+01
6.430078125000000000e+01
6.481353135313531766e+01
6.410999999999999943e+01
6.470419354838709580e+01
6.430838709677419729e+01
6.458651026392962535e+01
6.408137376237623073e+01
6.407085396039603609e+01
6.462376237623762165e+01
6.427531249999999829e+01
6.467548387096773865e+01
6.470297029702970804e+01
6.515966666666666640e+01
6.458870967741935942e+01
6.488367546432063193e+01
6.442613636363635976e+01
6.426509102523155548e+01
6.430213989140850117e+01
