6.729147058823529903e+01
6.788041707396546087e+01
6.700300030003000984e+01
6.680510992275698356e+01
6.702490249024901914e+01
6.658593750000000000e+01
6.619318181818181301e+01
6.636461388074290824e+01
6.543238840013033553e+01
6.415331533153315036e+01
6.427406249999999943e+01
6.340354035403540678e+01
6.300534759358288994e+01
6.249625144175317359e+01
6.228671328671328666e+01
6.263518681965283719e+01
6.298572261072261114e+01
6.390561056105610760e+01
6.490679412768862733e+01
6.396003605769230660e+01
6.328991596638655182e+01
6.373246753246753116e+01
6.418122977346278901e+01
nan
6.396598056032018320e+01
6.467890442890443126e+01
6.358936058700209770e+01
6.286662783925451237e+01
6.190785256410256210e+01
6.297258297258296977e+01
6.199334257975034745e+01
6.315359477124182774e+01
6.322153465346534773e+01
6.277077707770776982e+01
6.280790441176470296e+01
6.286138613861385949e+01
6.259000000000000341e+01
6.286348634863486495e+01
6.289449257425742701e+01
6.243256090314913820e+01
6.250320326150261963e+01
6.274017401740174193e+01
6.271380471380471278e+01
6.330871212121212466e+01
6.286528652865286659e+01
6.301968750000000341e+01
6.251636363636363569e+01
6.269740099009901257e+01
6.254337492572786772e+01
6.267481435643564680e+01
6.192807221898660686e+01
6.227198602213162815e+01
6.220937682003494729e+01
6.201601630751310523e+01
6.271379950495049371e+01
6.265501237623762165e+01
6.201740174017401586e+01
6.235828877005347692e+01
6.178858474082702656e+01
6.178771112405357968e+01
6.251878787878787591e+01
6.176528829353523520e+01
6.231818181818182012e+01
6.237928921568627771e+01
6.217101710171017004e+01
6.217551755175517769e+01
6.213351335133513231e+01
6.255187500000000256e+01
6.255250000000000199e+01
6.214521452145214653e+01
6.200057670126874143e+01
6.153505644682115161e+01
6.223725728155339709e+01
6.181224004753416779e+01
6.201687499999999886e+01
6.168746286393345457e+01
6.191809180918091471e+01
6.144903902154921127e+01
6.153178847296494069e+01
6.158734402852049783e+01
6.191359135913591416e+01
6.167765894236482183e+01
6.178176470588235247e+01
6.165346534653465227e+01
6.210181818181818159e+01
6.181878187818782067e+01
6.106949250288350584e+01
6.194250000000000256e+01
6.157278669043375174e+01
6.169090909090908781e+01
6.104036908881199253e+01
6.172637263726372936e+01
6.205515151515151473e+01
6.186408640864086550e+01
6.224040841584158557e+01
6.097808535178777589e+01
6.133983692486895478e+01
6.170807080708070913e+01
6.150623885918003708e+01
6.179267926792679333e+01
6.179207920792079278e+01
6.128276062900407339e+01
6.169096909690968999e+01
6.164776477647765063e+01
6.168796879687968726e+01
6.149910873440285286e+01
6.186343750000000341e+01
6.169006900690069273e+01
6.167266726672666977e+01
6.142172029702970093e+01
6.153075307530752980e+01
6.170264705882352985e+01
6.141030867792661496e+01
6.184000000000000341e+01
6.149234923492349481e+01
6.127480689245395240e+01
6.128758169934640421e+01
6.147434743474347130e+01
6.155745574557455768e+01
6.104135119394292275e+01
6.163939393939394051e+01
6.145382352941176407e+01
6.166306630663066102e+01
6.144911764705882007e+01
6.152715271527152652e+01
6.135441176470587976e+01
6.102882935352359084e+01
6.131852941176470750e+01
6.106922162804515608e+01
6.155115511551154839e+01
6.118835412953060171e+01
6.124205882352941188e+01
6.127676470588234992e+01
6.133705882352941074e+01
6.146280991735537214e+01
6.109172976121141829e+01
6.129560308972073557e+01
6.142840166369578014e+01
6.124053581828771087e+01
6.137727272727272521e+01
6.150464108910890815e+01
6.150975097509751066e+01
6.155475547554755167e+01
6.133452168746286048e+01
6.088206459054210029e+01
6.132636363636363797e+01
6.162933168316831711e+01
6.158508663366336577e+01
6.136123612361236468e+01
6.164926492649264844e+01
6.092709270927093002e+01
6.075173010380623140e+01
6.094294117647059039e+01
6.109970588235294287e+01
6.111764705882352899e+01
6.097117064647640916e+01
6.083705799151343996e+01
6.101135701805474554e+01
6.117379679144384852e+01
6.096301688992428325e+01
6.063529411764705657e+01
6.084976931949250201e+01
6.063932107496464141e+01
6.052605042016806891e+01
6.068399999999999750e+01
6.072599999999999909e+01
6.099650553290623378e+01
6.120402040204020722e+01
6.128085351787773760e+01
6.104671280276816958e+01
6.092927864214993150e+01
6.124588235294117311e+01
6.113686662783925385e+01
6.131263126312631329e+01
6.136187499999999773e+01
6.206920415224913512e+01
6.257766089108910990e+01
6.275473484848485128e+01
6.283207070707070585e+01
6.249400252525252597e+01
6.233812499999999801e+01
6.271218749999999886e+01
6.249040841584158557e+01
6.168137254901960631e+01
6.235253525352535320e+01
6.314233333333333320e+01
6.236316747572815444e+01
6.256765776699029402e+01
6.279732811990876229e+01
6.254261363636363313e+01
6.270408163265306456e+01
6.226641414141413833e+01
6.210101010101010388e+01
6.241772564353209418e+01
6.188218750000000057e+01
6.175787878787878782e+01
6.163151515151515270e+01
6.244381313131312794e+01
6.162856285628562603e+01
6.147254725472546966e+01
6.162289562289562639e+01
6.132848484848484816e+01
6.151969696969697310e+01
6.093331391962725974e+01
6.147878787878787676e+01
6.148151515151515412e+01
6.107483983692486618e+01
6.131653165316531329e+01
6.157181818181818045e+01
6.104230423042304210e+01
6.157593750000000199e+01
6.144164416441644505e+01
6.179999999999999716e+01
6.092411764705882149e+01
6.168016801680168015e+01
6.100836216839677206e+01
6.169647277227722526e+01
6.116726084373143379e+01
6.107980798079807983e+01
6.140212121212120877e+01
6.115871587158715528e+01
6.164665841584158557e+01
6.166786678667866539e+01
6.150575757575757763e+01
6.159030303030303344e+01
6.168842821782178021e+01
6.125862586258625697e+01
6.099168152109328389e+01
6.151035103510351121e+01
6.112667443214909468e+01
6.147363636363636630e+01
6.191262975778546718e+01
6.271843750000000028e+01
6.223995340710541768e+01
6.226528829353523520e+01
6.328650990099009732e+01
6.355145514551455221e+01
6.369624999999999915e+01
6.271510989010989334e+01
6.243736263736263936e+01
6.284299583911234066e+01
6.386588658865886714e+01
6.409270927092708803e+01
6.367559697146185016e+01
6.305017301038062527e+01
6.311562224183583680e+01
6.301182237600922775e+01
6.308670867086708967e+01
6.310425160163075020e+01
6.403060306030603499e+01
6.470944741532976252e+01
6.380722189866045113e+01
6.390542099192618508e+01
6.476930147058823195e+01
6.398823183289202632e+01
6.260544768069039634e+01
6.369343924683730762e+01
6.360695187165775621e+01
6.342744755244755339e+01
6.312768461312150947e+01
6.342545136866628042e+01
6.314734717416378373e+01
6.354545454545454675e+01
6.321359223300970598e+01
6.373008578431372229e+01
6.363012477718360316e+01
6.364735591206179777e+01
6.334861591695501915e+01
6.326809954751131215e+01
6.345259851513420557e+01
6.396549654965496501e+01
6.350542547115933445e+01
6.364254192409531896e+01
6.339423076923076650e+01
6.330968858131488020e+01
6.367349970291147088e+01
6.366844919786096568e+01
6.314359861591695733e+01
6.290890919474585985e+01
6.331023755656108420e+01
6.344341736694677536e+01
6.337514417531718891e+01
6.328517877739331254e+01
6.315426758938869511e+01
6.325807381776240135e+01
6.324423298731257148e+01
6.339273927392738983e+01
6.292748980780430657e+01
6.322433679354094238e+01
6.321453287197231674e+01
6.295630252100840352e+01
6.342004200420041826e+01
6.337403446226975490e+01
6.256005547850207904e+01
6.333304498269896499e+01
6.370261437908497015e+01
6.330214769049720758e+01
6.315837104072398489e+01
6.343162128712871350e+01
6.336157693439246685e+01
6.310968137254901933e+01
6.319982698961937473e+01
6.309919261822376058e+01
6.307641291810841722e+01
6.288354129530600289e+01
6.266704740148486508e+01
6.322529982866932841e+01
6.298788927335640153e+01
6.251960784313725839e+01
6.314791479147914544e+01
6.274213286713286664e+01
6.261364934323243858e+01
6.295589203423304525e+01
6.207787114845938703e+01
6.186066649173445597e+01
6.200269687162891330e+01
6.206345315904139426e+01
6.150105988341282170e+01
6.195669934640523024e+01
6.184075251722310895e+01
6.223910675381263502e+01
6.186974110032362262e+01
6.202492997198879721e+01
6.181823085221143543e+01
6.178128371089535875e+01
6.185266106442576728e+01
6.130228286538966387e+01
6.183198489751887905e+01
6.188807982740021885e+01
6.210097087378640879e+01
6.178030505753277879e+01
6.220098039215686470e+01
6.193654684095860574e+01
6.177860286028602843e+01
6.255098039215686612e+01
6.272750865051903446e+01
6.293473389355742142e+01
6.352823529411764980e+01
6.299480968858131291e+01
6.351785178517851449e+01
6.257983193277311074e+01
6.260560224089635994e+01
6.282579750346740610e+01
6.245686274509803582e+01
6.226879334257974818e+01
6.262913165266106574e+01
6.262072829131652441e+01
6.266078431372549318e+01
6.251952695269527283e+01
6.334224598930481420e+01
6.271257142857142952e+01
6.316608996539792287e+01
6.277366946778711565e+01
6.327018454440599982e+01
6.295107746068724452e+01
6.325294117647058556e+01
6.315196078431372229e+01
6.361072664359861761e+01
6.355795847750864880e+01
6.331410622501427810e+01
6.418382352941176805e+01
6.349828669331810715e+01
6.344563279857397475e+01
6.378111209179170515e+01
6.302375565610859809e+01
6.326527698458023963e+01
6.408764111705288258e+01
6.371197411003236510e+01
6.404634581105169389e+01
6.461226445225167936e+01
6.371420083184789007e+01
6.456937049796430017e+01
6.371403353927625801e+01
6.390314913844325417e+01
6.406992574257425588e+01
6.359517505148573235e+01
6.425275735294117396e+01
6.310841983852364478e+01
6.257703081232492792e+01
6.362561274509803866e+01
