6.216031250000000341e+01
6.181414427157001512e+01
6.259109080525414015e+01
6.277476689976690238e+01
6.317251131221719618e+01
6.472757275727572335e+01
6.403356449375867498e+01
6.535322672758424289e+01
6.525763574660633992e+01
6.633745219182112862e+01
6.736274509803921262e+01
6.759558823529411598e+01
6.772044545973729157e+01
6.712268907563024811e+01
6.757871972318339715e+01
6.870816676185036442e+01
6.887136066547830637e+01
6.820732410611303465e+01
6.802353633421594736e+01
6.777896613190731046e+01
6.787314319667261486e+01
6.781461675579322446e+01
6.778223410576352137e+01
6.866483870967742575e+01
6.763216321632162931e+01
6.719103641456582920e+01
6.886741935483871657e+01
6.849632352941176805e+01
6.801659871869540552e+01
6.768137687555163495e+01
6.802402896642527708e+01
6.788163265306123151e+01
6.805694535878868123e+01
6.758322704081632537e+01
6.835709677419355046e+01
6.812870309414088865e+01
6.804333659172368698e+01
6.800749429781687638e+01
6.794819159335288816e+01
6.792733789507983033e+01
6.824333333333333940e+01
6.792219387755102389e+01
6.789732142857143060e+01
6.792155612244897611e+01
6.905533333333333701e+01
6.934482758620688969e+01
6.919865319865320430e+01
6.906060606060606233e+01
6.876658163265305745e+01
6.863049853372433518e+01
6.953163265306122298e+01
6.916430976430976330e+01
