8.256812499999999488e+01
8.243218749999999773e+01
8.244812500000000455e+01
8.257035703570356588e+01
8.296406249999999716e+01
8.332375000000000398e+01
8.369766666666666310e+01
8.344225806451612470e+01
8.379903225806451417e+01
8.414866666666667072e+01
8.461896551724137794e+01
8.471099407504937062e+01
8.394433333333333280e+01
8.448290322580645295e+01
8.411466666666666470e+01
8.450064516129032199e+01
8.453677419354838207e+01
8.344318181818181301e+01
8.484481175390266117e+01
8.436750000000000682e+01
8.352124999999999488e+01
8.615277777777777146e+01
8.589057239057238746e+01
8.718976169461606673e+01
8.644180898165717508e+01
8.560012775471095381e+01
8.558044982698962144e+01
8.530538366336634226e+01
8.455339805825242649e+01
8.381978908188585820e+01
8.528921568627451677e+01
8.462377450980392268e+01
8.559863339275104011e+01
8.512439320388349984e+01
8.503064320388349984e+01
8.560689437065148866e+01
8.557392739273927873e+01
8.601884381986586448e+01
8.547062706270627075e+01
8.625451612903225396e+01
8.563218390804597391e+01
8.551280300443836779e+01
8.581035598705501855e+01
8.578593376579037511e+01
8.640892798957315790e+01
8.575406250000000341e+01
8.598466666666666924e+01
8.523437500000000000e+01
8.608634734441186254e+01
8.507500000000000284e+01
8.625451612903225396e+01
8.652297165200390339e+01
8.604419191919191690e+01
8.603200692041522757e+01
8.635876225490196134e+01
8.604290429042904975e+01
8.599741935483871202e+01
8.562747524752475670e+01
8.607291666666667140e+01
8.524575163398692723e+01
8.597333333333332916e+01
8.525278465346534063e+01
8.591500000000000625e+01
8.612488022995847814e+01
8.631903225806451019e+01
8.582874999999999943e+01
8.574193548387096087e+01
8.633026113671274970e+01
8.550857843137255543e+01
8.550711633663365774e+01
8.568125000000000568e+01
8.649142156862744457e+01
8.625828571428571934e+01
8.619561956195619246e+01
8.654757575757575694e+01
8.853210147196993773e+01
8.763265931372548323e+01
8.628621125869702269e+01
8.564483870967741552e+01
8.655671852899575924e+01
8.608571428571428896e+01
8.611685714285714255e+01
8.595735294117646674e+01
8.514059405940594161e+01
8.586196854979615978e+01
8.553505644682115872e+01
8.533550212164072946e+01
8.539603960396038929e+01
8.582714285714286007e+01
8.563956170703575310e+01
8.664531158998252636e+01
8.600228571428571911e+01
8.536575757575756995e+01
8.561038961038960338e+01
8.695041322314050092e+01
8.632263814616756292e+01
8.573362193362193295e+01
8.510591059105910006e+01
8.587572696663605143e+01
8.589439853076216025e+01
8.587695133149678384e+01
8.555285714285714960e+01
8.665242424242424590e+01
8.620792079207920722e+01
8.622740524781340810e+01
8.628323529411764525e+01
8.716411764705883058e+01
8.710805019895929036e+01
8.656090909090909236e+01
8.703117647058823536e+01
8.673606789250354154e+01
8.719773492500765144e+01
8.671657142857142730e+01
8.671314285714285575e+01
8.706118326118325967e+01
8.655266955266955620e+01
8.616103669190448500e+01
8.673705882352940932e+01
8.558019801980198338e+01
8.701426907396621857e+01
8.707002801120448510e+01
8.643151515151515696e+01
8.548019801980197485e+01
8.610467128027681838e+01
8.638701223063482360e+01
8.534711706464764802e+01
8.577850070721358122e+01
8.537419918462434509e+01
8.654545454545454675e+01
8.635763576357635429e+01
8.620205882352941273e+01
8.560140056022409283e+01
8.563053221288515715e+01
8.635388967468175281e+01
8.644685714285714084e+01
8.588549400342661500e+01
8.628229527104959118e+01
8.599943422913719360e+01
8.614257142857142924e+01
8.645674740484429321e+01
8.601736694677870787e+01
8.600252100840336311e+01
8.597366946778711849e+01
8.628579916815210993e+01
8.616860803727431062e+01
8.587619047619047308e+01
8.597675070028010680e+01
8.598951659871869424e+01
8.654172560113154589e+01
8.577393310265281912e+01
8.637849079025549770e+01
8.683228322832283652e+01
8.638672102504368411e+01
8.640735294117646959e+01
8.653267326732672871e+01
8.633557422969187201e+01
8.618502475247524330e+01
8.628667745415317825e+01
8.604516129032258220e+01
8.663195057369814833e+01
8.682585905649388280e+01
8.609915966386554942e+01
8.602191464821223121e+01
8.654775771694816910e+01
8.664735002912055961e+01
8.602710495963090409e+01
8.579823529411764582e+01
8.614475201845444019e+01
8.616955017301037856e+01
8.649438943894389809e+01
8.656988934187536699e+01
8.659655377302436818e+01
8.626072607260725533e+01
8.653564356435643390e+01
8.638967741935483957e+01
8.666501650165017168e+01
8.689001225490196134e+01
8.680968858131487309e+01
8.566824794433902923e+01
8.690833599488981065e+01
8.652753712871286496e+01
8.746575757575757848e+01
8.697882352941176975e+01
8.700000000000000000e+01
8.662114152591729521e+01
8.682760629004076236e+01
8.592814710042432580e+01
8.623414071510957513e+01
8.658182877111239861e+01
8.619780853517877972e+01
8.628950403690888038e+01
8.684362259755387470e+01
8.619801980198019464e+01
8.600570057005700164e+01
8.560168067226891253e+01
8.649039021549214112e+01
8.617387543252594639e+01
8.677787990196078738e+01
8.705219146482122028e+01
8.591666666666667140e+01
8.705457516339869528e+01
8.654455445544554948e+01
8.580169731258840216e+01
8.637600000000000477e+01
8.552913165266106432e+01
8.592842998585572900e+01
8.618085714285714971e+01
8.614710042432814419e+01
8.624837340876945291e+01
8.621471004243281300e+01
8.654200000000000159e+01
8.638033448673587600e+01
8.665311418685121225e+01
8.651470588235294201e+01
8.628793342579750458e+01
8.688584740827023722e+01
8.624697469746975287e+01
8.668005657708627609e+01
8.682906231799650243e+01
8.666627839254513788e+01
8.649449944994499617e+01
8.622087658592849380e+01
8.748175388967467825e+01
8.723999999999999488e+01
8.634172560113154304e+01
8.624016973125884533e+01
8.712735294117646845e+01
8.627128712871287064e+01
8.646085714285713664e+01
8.609306930693068693e+01
8.603394625176802890e+01
8.600169731258840500e+01
8.580961810466760653e+01
8.645107746068724452e+01
8.609602076124566850e+01
8.603705882352940648e+01
8.607977369165487858e+01
8.579382644146767234e+01
8.575800815375654906e+01
8.588147932440303123e+01
8.630235294117646561e+01
8.664457142857142458e+01
8.568921892189219136e+01
8.625176470588235134e+01
8.584216656959813463e+01
8.668462434478742296e+01
8.570679611650484730e+01
8.603977591036414196e+01
8.634529411764705742e+01
8.659863339275104011e+01
8.667857142857143060e+01
8.672914285714286109e+01
8.588934187536401055e+01
8.700174723354687956e+01
8.655602240896358524e+01
8.633905228758169415e+01
8.713131313131313505e+01
8.704164239953406934e+01
8.636227461858530319e+01
8.655132641291811524e+01
8.656976421636615271e+01
8.662371285672256249e+01
8.679062317996505271e+01
8.659861591695501204e+01
8.667704728950403137e+01
8.680314502038439173e+01
8.716993464052288232e+01
8.775072801397786293e+01
8.707122260668973013e+01
8.694091539528432122e+01
8.751333333333333542e+01
8.630336134453781938e+01
8.699399939993999453e+01
8.672947000582411192e+01
8.613781512605042678e+01
8.680348034803481028e+01
8.579584775086505033e+01
8.673057305730573319e+01
8.658264705882352530e+01
8.675757575757575069e+01
8.605714285714286405e+01
8.598067226890756842e+01
8.605602240896358524e+01
8.672607260726073264e+01
8.662773933102653245e+01
8.682988298829883433e+01
8.621820728291316982e+01
8.691359135913590706e+01
8.722363636363635919e+01
8.703089720736780066e+01
8.668617647058823650e+01
8.709314285714285120e+01
8.647983193277310932e+01
8.649705882352941444e+01
8.741700640652300081e+01
8.660282885431399791e+01
8.566522491349481072e+01
8.644470588235293462e+01
8.601339545719277169e+01
8.647383309759547387e+01
8.635409457900807695e+01
8.636579097658480464e+01
8.673849737914967761e+01
8.719882352941176862e+01
8.707515151515151786e+01
8.623588829471182748e+01
8.663264129181084172e+01
8.678114186851210832e+01
8.593675450762829371e+01
8.688298829882988628e+01
8.758230198019802515e+01
8.693021914648211634e+01
