5.451834282099936502e+01
5.464820544554455495e+01
5.442030360531309441e+01
5.485784313725490335e+01
5.539449257425742701e+01
5.508609068627450966e+01
5.565053763440860024e+01
5.531341911764705799e+01
5.542156862745098067e+01
5.574142156862745168e+01
5.542463235294117396e+01
5.547533206831119656e+01
5.530269607843137436e+01
5.596292892156862564e+01
5.590290641967422403e+01
5.600459558823529704e+01
5.576143790849673110e+01
5.560210396039603609e+01
5.604289215686274161e+01
5.612653186274509665e+01
5.526996554963983499e+01
5.557486631016043077e+01
5.482160194174757351e+01
5.526531862745098067e+01
5.489563106796116188e+01
5.653828608667318179e+01
5.480946601941747787e+01
5.586458333333333570e+01
5.491383495145630889e+01
5.488167475728155154e+01
5.504663046949855953e+01
5.520447190350103028e+01
5.568924539512774885e+01
5.530545343137254832e+01
5.599295343137254832e+01
5.513848039215686470e+01
5.490473300970873538e+01
5.497178398058252213e+01
5.563042186571598080e+01
5.570380273321449494e+01
5.528615196078431637e+01
5.579733009708737512e+01
5.511713122455370950e+01
5.543166963755199106e+01
5.607858910891089010e+01
5.579313725490196418e+01
5.558394607843137436e+01
5.543516761543327220e+01
5.588161290322580754e+01
5.595389851485148824e+01
5.579674287503915053e+01
5.580558055805580864e+01
5.563368983957219172e+01
5.518690702087286581e+01
5.536979166666666430e+01
5.578307038834951470e+01
5.600122549019607732e+01
5.602634803921568363e+01
5.594282976684765174e+01
5.605882352941176805e+01
5.606403186274509665e+01
5.559160539215686470e+01
5.567779126213591923e+01
5.551676154332700719e+01
5.552297794117647101e+01
5.592415048543688982e+01
5.588804554079696629e+01
5.608106435643564680e+01
5.543582887700534911e+01
5.547831253713606969e+01
5.589879376287143486e+01
5.562196219621962001e+01
5.586937334510150066e+01
5.589123774509803866e+01
5.600122549019607732e+01
5.626881067961164717e+01
5.594174757281553667e+01
5.610649271844660291e+01
5.561893203883494863e+01
5.528802308802308829e+01
5.560514888337468875e+01
5.531730769230769340e+01
5.571237864077669855e+01
5.598179611650485299e+01
5.567390610028744646e+01
5.552548543689320582e+01
5.563015776699029402e+01
5.482251213592233086e+01
5.566474514563106624e+01
5.600515776699029402e+01
5.602726715686274161e+01
5.558677184466019128e+01
5.552456604883789026e+01
5.528991841491841797e+01
5.596177184466019128e+01
5.592081310679611761e+01
5.587773058252427205e+01
5.588925970873786753e+01
5.637894417475727948e+01
5.596875000000000000e+01
5.617708333333333570e+01
5.608302696078431637e+01
5.610856134157104691e+01
5.584192961165048530e+01
5.628743748161223692e+01
5.616348261822736987e+01
5.601256127450980671e+01
5.610416666666666430e+01
5.604186893203883812e+01
5.577791262135922068e+01
5.609266287160025399e+01
5.594629854368932342e+01
5.609830097087378675e+01
5.569290657439446335e+01
5.536013349514563231e+01
5.538562091503268192e+01
5.549575242718446333e+01
5.598418722327640751e+01
5.558862983072501152e+01
5.545351043643263722e+01
5.590196078431372229e+01
5.512683823529411598e+01
5.551820388349514701e+01
5.588261253309796928e+01
5.578799019607843235e+01
5.532251213592233086e+01
5.558295829582958447e+01
5.579538266919671230e+01
5.559254619480113035e+01
5.549479166666666430e+01
5.526122572815533829e+01
5.553337378640776478e+01
5.524860253015592804e+01
5.556327985739750375e+01
5.512317961165048530e+01
5.505400485436893376e+01
5.549876237623762165e+01
5.539291833238149820e+01
5.551455733808675319e+01
5.516210650191232645e+01
5.507320261437908471e+01
5.518446601941747787e+01
5.506107109301597546e+01
5.526666666666666572e+01
5.481432038834951470e+01
5.527457524271844846e+01
5.498805147058823195e+01
5.514957524271844846e+01
5.541371750704666255e+01
5.514896844660194120e+01
5.484566729917773387e+01
5.535620915032679790e+01
5.503737745098039369e+01
5.552113999373629838e+01
5.594468961459252654e+01
5.564800759013282772e+01
5.601960784313725839e+01
5.548422330097087496e+01
5.556595336953050435e+01
5.534282099936748978e+01
5.559282141806413335e+01
5.505188106796116188e+01
5.536672794117647101e+01
5.495570388349514701e+01
5.548768028846154010e+01
5.567498514557338041e+01
5.551862980769230660e+01
5.644465528146742628e+01
5.580528846153845990e+01
5.601175742574257299e+01
5.659622524752474959e+01
5.600242718446602197e+01
5.592452239273410441e+01
5.513091136861885388e+01
5.555667892156862564e+01
5.509223300970873538e+01
5.562469362745098067e+01
5.495439835245660731e+01
5.511917892156862564e+01
5.445883413461538680e+01
5.462196601941747787e+01
5.464705882352941302e+01
5.435049019607843235e+01
5.437469660194174992e+01
5.466548984995586835e+01
5.431110421836228142e+01
5.464328217976824220e+01
5.425576456310679418e+01
5.436392107735671431e+01
5.347351190476190652e+01
5.294741586538461320e+01
5.399751861042183521e+01
5.387996469549867840e+01
5.432015931372549034e+01
5.461877828054298334e+01
5.457766990291262488e+01
5.508272058823529704e+01
5.461854055746946557e+01
5.450275735294117396e+01
5.673786407766990436e+01
5.624271844660194120e+01
5.621979759645793706e+01
5.489441747572815444e+01
5.517788461538461320e+01
5.509865196078431637e+01
5.515165441176470296e+01
5.502972802024035559e+01
5.413432400932401123e+01
5.509032068255369552e+01
5.472845873786408077e+01
5.459298871063577252e+01
5.417152103559870824e+01
5.498676081200353138e+01
5.406701631701631783e+01
5.484265734265733983e+01
5.468688725490196134e+01
5.444374643061107832e+01
5.488131009615384670e+01
5.446662621359223522e+01
5.413822115384615330e+01
5.385637019230769340e+01
5.357546897546897213e+01
5.380419580419580683e+01
5.346071428571428896e+01
5.326488095238094900e+01
5.370786199095022795e+01
5.290764790764790604e+01
5.330198317307691980e+01
5.237409855769230660e+01
5.363150452488687847e+01
5.413394777265745006e+01
5.413632653061224431e+01
5.319318181818182012e+01
5.362044902912621325e+01
5.373088592233009564e+01
5.370266990291262488e+01
5.401856082238720802e+01
5.456840247131509614e+01
5.403902714932126372e+01
5.364889277389277566e+01
5.414927184466019128e+01
5.385520361990950278e+01
5.397085336538461320e+01
5.327253605769230660e+01
5.395883256528417604e+01
5.367767857142857224e+01
5.428817016317016453e+01
5.490229528535979853e+01
5.388926799007444401e+01
5.401382488479262634e+01
5.424519230769230660e+01
5.451632833186231153e+01
5.401673881673881539e+01
5.251911407766990436e+01
5.397028537805236681e+01
5.332370283018867951e+01
5.409113686188537429e+01
5.580066747572815444e+01
5.521184863523573227e+01
5.526839962417788854e+01
5.524849759615384670e+01
5.429379509379509727e+01
5.322115384615384670e+01
5.399255952380952550e+01
5.484000000000000341e+01
5.283052884615384670e+01
5.427193509615384670e+01
5.215776699029126462e+01
5.299909855769230660e+01
5.343143203883494863e+01
5.328008684863523570e+01
5.404206730769230660e+01
5.456250000000000000e+01
5.255279126213591923e+01
5.339102564102564230e+01
5.335527912621359548e+01
5.322785194174757351e+01
5.310360750360750615e+01
