8.992541254125411854e+01
9.077800000000000580e+01
9.044705882352941728e+01
9.055718954248365549e+01
9.018481848184818261e+01
9.007265894143438345e+01
9.031947194719471383e+01
8.956483870967741723e+01
8.895925245098038658e+01
9.050548387096773695e+01
8.979032258064516725e+01
8.948999999999999488e+01
9.152013201320131941e+01
9.104869281045750995e+01
9.047062499999999829e+01
8.977707770777077201e+01
8.970946782178218371e+01
9.009001782531194635e+01
9.114093750000000682e+01
8.992656250000000284e+01
9.021516129032258391e+01
8.978063118811881793e+01
9.036193548387096541e+01
9.072466666666666413e+01
9.083290322580644727e+01
8.956064516129032427e+01
8.936096774193548242e+01
9.001677419354838605e+01
9.047969696969697395e+01
8.949818181818181984e+01
9.052903225806451815e+01
9.015306767868437987e+01
8.953416518122401158e+01
9.026242424242424534e+01
8.936436322101656060e+01
8.851991421568627061e+01
9.076827094474153057e+01
9.283288328832882996e+01
9.356250000000000000e+01
9.141119360365505031e+01
9.437664191890348775e+01
9.631492718446601486e+01
9.539877112135177128e+01
9.542154713435640190e+01
9.612439903846153300e+01
9.659129345443156467e+01
9.574347158218125742e+01
9.717225180081427993e+01
9.649545881616035103e+01
9.605320512820512135e+01
9.566238647040400167e+01
9.730303970223324939e+01
9.554884708737864685e+01
9.586468446601941196e+01
9.558659567804572532e+01
9.681182795698924792e+01
9.608942307692308304e+01
9.657909429280397262e+01
9.653547745358089571e+01
9.662543062950203421e+01
9.725080906148866688e+01
9.673299265410412318e+01
9.671625430629501352e+01
9.724142394822005997e+01
9.634181141439205476e+01
9.691089743589743932e+01
9.728867313915857551e+01
9.683996241778891090e+01
9.647637540453074223e+01
9.665450284566455252e+01
9.750480769230769340e+01
9.673899371069182962e+01
9.653903708523097293e+01
9.662598904443092351e+01
9.696620583717357533e+01
9.608413461538461320e+01
9.629094895082994299e+01
9.639230769230769624e+01
9.667741935483870463e+01
9.675598705501617758e+01
9.698715941121201922e+01
9.681299734748010621e+01
9.628637110016420309e+01
9.648914392059553791e+01
9.699647435897435344e+01
9.709583333333333144e+01
9.604930006086426886e+01
9.740796963946868914e+01
9.661478233636078983e+01
9.681347812200574765e+01
9.677163845416799859e+01
9.634566729917773387e+01
9.742095177259660943e+01
9.701960784313725128e+01
9.642614379084967879e+01
9.655598705501617474e+01
9.642419354838709467e+01
9.603557692307691696e+01
9.682144020853698407e+01
9.667204301075268802e+01
9.649471947194719235e+01
9.590321601941747076e+01
9.605593749999999886e+01
9.846419270833332860e+01
9.848339843750000000e+01
9.634589587991057158e+01
9.795751327710090095e+01
9.667352941176470438e+01
9.913230240549827954e+01
9.634777227722771897e+01
9.576333746898262689e+01
9.826139322916667140e+01
9.841769205187894443e+01
9.730588235294118249e+01
9.757031778228532914e+01
9.706524725274725540e+01
9.825742574257425588e+01
9.828316032295271043e+01
9.876133578431372939e+01
9.843612596553772676e+01
9.812269756387404129e+01
9.853671116504854410e+01
9.798275311402107945e+01
9.685907619888202191e+01
9.804248366013071347e+01
9.810993717875500408e+01
9.674951456310679987e+01
9.654397487150200163e+01
9.731924019607842524e+01
9.553312392918331852e+01
9.482641291810841722e+01
9.507727797001153647e+01
9.444074407440744778e+01
9.426822682268226572e+01
9.280696744717305080e+01
9.368033273915627035e+01
9.283333333333332860e+01
9.375028835063437782e+01
9.353208556149732544e+01
9.377726715686274872e+01
9.347385620915032689e+01
9.365976597659765446e+01
9.409298871063576541e+01
9.381669637551991059e+01
9.450606060606060055e+01
9.423972397239724330e+01
9.465779702970297649e+01
9.496256188118812247e+01
9.508580858085808529e+01
9.446170343137255543e+01
9.494337871287129360e+01
9.416800742574257299e+01
9.388840830449827024e+01
9.375340346534653690e+01
9.412211221122112192e+01
9.428409090909090651e+01
9.365608974358974592e+01
9.312893642305407127e+01
9.336512180629827640e+01
9.397855392156863275e+01
9.374938725490196134e+01
9.386274509803921262e+01
9.397964296899468195e+01
9.485774193548387245e+01
9.349720506031185607e+01
9.407766089108910990e+01
9.362371285672256249e+01
9.360355392156863275e+01
9.371200980392157476e+01
9.349412128712870640e+01
9.423452669902913215e+01
9.411942959001783038e+01
9.407372572815533829e+01
9.371619106699752422e+01
9.384351798972015501e+01
9.448247177658942064e+01
9.422925148762918468e+01
9.358495145631067658e+01
9.382766990291261777e+01
9.297626201923077360e+01
9.360631127450980671e+01
9.312208624708624427e+01
9.359429243895263539e+01
9.374051191526919524e+01
9.391526919682259233e+01
9.298657909765847762e+01
9.428400735294117396e+01
9.354137529137528873e+01
9.345459737292975433e+01
9.367358708189158278e+01
9.397237076648841025e+01
9.340938228438228919e+01
9.282730214769050292e+01
9.301256424900057596e+01
9.302465834818775647e+01
9.304553167420814930e+01
9.362560679611650016e+01
9.371020888496616408e+01
9.420435049019607732e+01
9.348107163657542173e+01
9.336505190311419256e+01
9.331810394060536851e+01
9.269400452488687847e+01
9.353662842012356293e+01
9.354310091203295485e+01
9.351985878199469937e+01
9.463706683168317113e+01
9.376622596153846700e+01
9.334708737864077932e+01
9.235204991087344695e+01
9.272256546042953573e+01
9.283293269230769340e+01
9.301336898395722130e+01
9.302272727272726627e+01
9.283073817762398505e+01
9.244807296263607554e+01
9.243384188626906450e+01
9.283650519031141357e+01
9.329685201529861160e+01
9.238037330316741702e+01
9.234983031674208576e+01
9.345513386290085123e+01
9.301117975875257571e+01
9.243204320432043630e+01
9.254911479154768017e+01
9.271634615384616041e+01
9.255853797829811924e+01
9.336468446601941196e+01
9.308794694348327425e+01
9.312032950867902059e+01
9.356045895851721639e+01
9.318310265282583771e+01
9.388178817881788518e+01
9.347474747474747403e+01
9.310444248308326110e+01
9.430105198019802515e+01
9.376812499999999773e+01
9.394944852941176805e+01
9.292638221153846700e+01
9.387229567307691980e+01
9.378997899789979442e+01
9.295716733295259360e+01
9.380167079207920722e+01
9.389618961896189830e+01
9.403008684863523570e+01
9.415931372549019329e+01
9.335481023830539016e+01
9.358021390374331361e+01
9.382442067736185720e+01
9.494560404807084808e+01
9.420710784313725128e+01
9.394689468946894806e+01
9.385858585858585457e+01
9.368520152986172889e+01
9.451800814281240548e+01
9.411163820366856214e+01
9.419569174757280905e+01
9.518167892156863275e+01
9.448223039215686470e+01
9.390433749257279317e+01
9.453155637254901933e+01
9.575185643564356042e+01
9.429530600118835082e+01
9.383373786407767625e+01
9.325490196078430927e+01
9.388118811881187753e+01
9.357130124777184221e+01
9.409230277866495840e+01
9.327772874374815615e+01
9.369053398058252924e+01
9.358318478906714688e+01
9.398498774509803866e+01
9.444740099009901257e+01
9.307472786113562790e+01
9.405300245098038658e+01
9.366250742721331335e+01
9.423826253593101399e+01
9.471256188118812247e+01
9.381818181818181301e+01
9.491967109424415128e+01
9.364022578728460644e+01
9.405668650172252399e+01
9.350240384615383959e+01
9.371093750000000000e+01
9.441574754901961342e+01
9.484142394822006850e+01
9.419761029411765207e+01
9.483191747572816155e+01
9.397269726972697867e+01
9.391565533980582359e+01
9.454682117131224572e+01
9.430514705882353610e+01
9.451155115511551230e+01
9.419949890385217373e+01
9.429708853238264510e+01
9.456388361796331310e+01
9.453656978601085825e+01
9.446236559139785527e+01
9.373543689320388239e+01
9.374007444168734082e+01
9.449257278669043103e+01
9.519829222011385639e+01
9.424635922330097060e+01
9.566751836473970627e+01
9.462923351158644891e+01
9.399699969996999016e+01
9.421476715686274872e+01
9.406985294117646390e+01
9.392748786407767625e+01
9.332720588235294201e+01
9.410447303921569073e+01
9.411856617647059409e+01
9.415181224004753346e+01
9.350273058252426495e+01
9.379431491536250576e+01
9.259775086505190700e+01
9.208967704728949855e+01
9.273225806451613096e+01
9.132560903149138198e+01
9.056219362745098067e+01
9.029289215686274872e+01
9.029744042365400958e+01
9.025183823529411598e+01
9.090903465346534063e+01
9.216863621846056276e+01
9.182384566729918163e+01
9.204311721494730136e+01
9.135994889811561848e+01
9.128201852443308439e+01
9.142906357657375338e+01
8.954957340394233256e+01
9.102670267026702788e+01
9.133241421568627061e+01
9.079840686274509665e+01
9.136677419354838037e+01
9.103953194180898834e+01
9.108096141682479185e+01
9.069925742574257299e+01
9.098225806451613096e+01
9.074845297029702351e+01
9.150363036303630793e+01
9.028684376976596582e+01
8.973707664884135227e+01
8.966831683168317113e+01
9.074019607843136725e+01
9.034334078569146698e+01
9.007261029411765207e+01
8.946916047972587194e+01
9.025030048076922640e+01
9.164420312999041585e+01
9.027540106951872190e+01
9.041003460207612363e+01
9.091058168316831711e+01
9.090047534165181276e+01
9.019771039603961071e+01
9.048125720876585376e+01
9.106280940594059814e+01
9.111602722772276763e+01
9.112580645161290249e+01
9.111497326203208047e+01
9.111568627450979818e+01
9.132645161290322733e+01
9.069433134982774902e+01
9.054957340394233256e+01
9.116001277547110249e+01
9.048900772430184247e+01
9.023707664884135227e+01
8.942804111936037259e+01
8.990909090909090651e+01
9.016981698169817605e+01
9.018481848184818261e+01
8.993021914648211634e+01
8.935039717563989825e+01
8.911679864253393646e+01
8.943632210165620222e+01
8.964448886350656664e+01
8.955457487496322244e+01
9.092139213921392127e+01
9.070677419354838378e+01
9.081606060606060282e+01
9.089232673267326845e+01
9.143780940594059814e+01
9.075937593759375943e+01
9.031747404844290372e+01
9.115923945335710243e+01
9.148250000000000171e+01
9.112032085561497752e+01
9.019274700171330039e+01
9.048395721925133728e+01
8.821332133213321924e+01
8.746101794645484517e+01
8.809560643564356042e+01
8.860006000600060361e+01
8.797653000594176831e+01
8.753193277310924714e+01
8.745658263305321611e+01
8.842848484848484247e+01
8.814071407140714598e+01
8.821452145214522034e+01
8.838493849384938983e+01
8.829552955295530126e+01
8.849564956495649426e+01
8.822816399286988087e+01
8.848574857485748169e+01
8.900030940594059814e+01
8.918575757575757734e+01
8.815484848484848612e+01
8.669467787114845692e+01
8.661986198619861455e+01
8.492486895748398013e+01
8.428202820282028540e+01
8.413531353135313395e+01
8.372333333333332916e+01
8.298776936517181468e+01
8.352606060606061078e+01
8.310932857991681999e+01
8.342274227422741717e+01
8.283184789067142617e+01
8.314581458145813997e+01
8.298783592644979024e+01
8.310130718954248152e+01
8.305299941758882198e+01
8.317443214909725668e+01
8.370156249999999432e+01
8.302125800815375101e+01
8.351999999999999602e+01
8.411794117647059466e+01
8.402065063649222054e+01
8.376441176470588346e+01
8.213939393939394051e+01
8.019921992199219574e+01
8.022519310754604760e+01
8.094214108910891525e+01
8.094346854040242079e+01
8.023904267589388439e+01
8.081181818181818244e+01
8.017521752175217387e+01
