8.495838709677418876e+01
8.526490713587487846e+01
8.445593750000000455e+01
8.489677419354838150e+01
8.464707761098691208e+01
8.485419354838710149e+01
8.451133823059724648e+01
8.508292079207920722e+01
8.518502475247524330e+01
8.460800000000000409e+01
8.474064516129031688e+01
8.485241336633663423e+01
8.575225806451612698e+01
8.488838709677419558e+01
8.488548387096774661e+01
8.481967741935483218e+01
8.520039100684262223e+01
8.506868811881187753e+01
8.516212871287129360e+01
8.624579124579125278e+01
8.506739061002873825e+01
8.492356902356902992e+01
8.434000000000000341e+01
8.535612903225806747e+01
8.508208240178856840e+01
8.526546717171717660e+01
8.502910291029103007e+01
8.523391089108910990e+01
8.547343750000000284e+01
8.508451612903225225e+01
8.514819546470775435e+01
8.529129032258065024e+01
8.490609060906091088e+01
8.520870967741934976e+01
8.573676155494337081e+01
8.508655381667199435e+01
8.504999999999999716e+01
8.551580645161290306e+01
8.510448232323231821e+01
8.517151069945704478e+01
8.525959158415841443e+01
8.487193627450980671e+01
8.516687500000000455e+01
8.539092941552219429e+01
8.493000000000000682e+01
8.528937500000000682e+01
8.489600000000000080e+01
8.507906250000000625e+01
8.525374999999999659e+01
8.514141414141414543e+01
8.517312499999999886e+01
8.491733333333333178e+01
8.490191831683168289e+01
8.519199999999999307e+01
8.558854509545753331e+01
8.538562500000000455e+01
8.541531249999999886e+01
8.554999999999999716e+01
8.475774193548386393e+01
8.522633333333332928e+01
8.534653465346534063e+01
8.486324257425742701e+01
8.571612903225806690e+01
8.540781250000000568e+01
8.550336700336700346e+01
8.534000000000000341e+01
8.573806451612902890e+01
8.499804496578690305e+01
8.562483870967741950e+01
8.448806451612902890e+01
8.543877551020408134e+01
8.462871287128713504e+01
8.477333333333332632e+01
8.511437499999999545e+01
8.511821182118211482e+01
8.551906158357770948e+01
8.508399872245288975e+01
8.527306397306396946e+01
8.545999999999999375e+01
8.568000000000000682e+01
8.508687320344937177e+01
8.502398989898989612e+01
8.547258064516128684e+01
8.508968749999999659e+01
8.494406250000000114e+01
8.549057239057239599e+01
8.523000000000000398e+01
8.555258064516128513e+01
8.519833918875758627e+01
8.533631427658895063e+01
8.561064516129032143e+01
8.580580357142856940e+01
8.562967741935483446e+01
8.515312500000000284e+01
8.538909090909091049e+01
8.523602693602693137e+01
8.527946127946127319e+01
8.496486745448738986e+01
8.535519801980197485e+01
8.550935483870968312e+01
8.457920792079207217e+01
8.508031250000000512e+01
8.492968750000000000e+01
8.510906862745098067e+01
8.505843749999999659e+01
8.507968750000000568e+01
8.493937499999999829e+01
8.500531250000000227e+01
8.543927392739273330e+01
8.451006068348770839e+01
8.476500000000000057e+01
8.533096774193548129e+01
8.568354838709677779e+01
8.517387096774193367e+01
8.461899999999999977e+01
8.477781249999999602e+01
8.516096774193547958e+01
8.559628543499511011e+01
8.510968750000000682e+01
8.441221122112210651e+01
8.526741935483870805e+01
8.531784511784512404e+01
8.515691569156915364e+01
8.539851485148514598e+01
8.509600000000000364e+01
8.542512376237623073e+01
8.525000000000000000e+01
8.514937500000000625e+01
8.527052060044714210e+01
8.531952861952862577e+01
8.503612903225806008e+01
8.424774193548387302e+01
8.490151515151515582e+01
8.523096774193548697e+01
8.510179455445545216e+01
8.541181818181817675e+01
8.514053018205046897e+01
8.489614898989898961e+01
8.474167416741674685e+01
8.499584797189396568e+01
8.553187499999999943e+01
8.487863302459278714e+01
8.523483870967741893e+01
8.476290322580645409e+01
8.516384541679974518e+01
8.569687500000000568e+01
8.449645161290322903e+01
8.510187500000000682e+01
8.491984359726295395e+01
8.530841750841750581e+01
8.475093750000000625e+01
8.476670792079207217e+01
8.545387096774193481e+01
8.544322580645160770e+01
8.503198653198653290e+01
8.423419354838709694e+01
8.465062500000000512e+01
8.425000000000000000e+01
8.530322580645160713e+01
8.417354838709677267e+01
8.477166666666666117e+01
8.487466666666666981e+01
8.566064516129031858e+01
8.509516129032257936e+01
8.561096774193548242e+01
8.531597222222222854e+01
8.475000000000000000e+01
8.519833918875758627e+01
8.516927499201533180e+01
8.519585396039603609e+01
8.522129032258064285e+01
8.543304007820137258e+01
8.498800505050505194e+01
8.507161290322581237e+01
8.529084158415841443e+01
8.520673400673400977e+01
8.524040404040404439e+01
8.478900000000000148e+01
8.475600000000000023e+01
8.516097093580326316e+01
8.477680026067122299e+01
8.558184818481848311e+01
8.488129032258063944e+01
8.452366666666667072e+01
8.430754950495050082e+01
8.483902906419673684e+01
8.496965825614819323e+01
8.472133333333333383e+01
8.521999999999999886e+01
8.494027467262854714e+01
8.543032258064516782e+01
8.496039603960396391e+01
8.564290322580644954e+01
8.560580645161290647e+01
8.514366666666666106e+01
8.575692407950472784e+01
8.543141088302378705e+01
8.462178217821782766e+01
8.515993265993266448e+01
8.540315594059406124e+01
8.514116895560523801e+01
8.491187499999999488e+01
8.510505050505049951e+01
8.523999999999999488e+01
8.509993811881187753e+01
8.502267646119450717e+01
8.447844139252634932e+01
8.469733333333333292e+01
8.512827586206896058e+01
8.548032258064516498e+01
8.504024273395081934e+01
8.508292079207920722e+01
8.505012376237623073e+01
8.490130948578729431e+01
8.490096774193548868e+01
8.568633333333333724e+01
8.538593749999999716e+01
8.499730639730640291e+01
8.482533333333333303e+01
8.455413605876717043e+01
8.486774193548387757e+01
8.473358585858585457e+01
8.484096774193548640e+01
8.507580645161290533e+01
8.560406249999999773e+01
8.528898514851485402e+01
8.491299129912991361e+01
8.469246924692468781e+01
8.508601485148514598e+01
8.512575757575757507e+01
8.527073019801980536e+01
8.501437500000000114e+01
8.483711274353241549e+01
8.498391089108910990e+01
8.495080445544554948e+01
8.531906250000000114e+01
8.524257425742574412e+01
8.428000000000000114e+01
8.465709677419354762e+01
8.492141089108910990e+01
8.507240099009901257e+01
8.538937500000000114e+01
8.543692111146599188e+01
8.495067401960784537e+01
8.537718750000000512e+01
8.525843749999999943e+01
8.482858910891089010e+01
8.498924731182795256e+01
8.446660539215686470e+01
8.455775577557756151e+01
8.507645161290322733e+01
8.483910891089108475e+01
8.492790841584158557e+01
8.446758224209517607e+01
8.497308168316831711e+01
8.493997524752475670e+01
8.506311881188118207e+01
8.527354838709678120e+01
8.524322580645161906e+01
8.470766666666666822e+01
8.580666666666667197e+01
8.551548387096774206e+01
8.478937893789378677e+01
8.505365697860108298e+01
8.546843749999999318e+01
8.500030940594059814e+01
8.489634900990098743e+01
8.496689356435643958e+01
8.498267326732673155e+01
8.460433333333332939e+01
8.535100606834876658e+01
8.469741935483871487e+01
8.549792398594698284e+01
8.491354838709676756e+01
8.562812499999999716e+01
8.533105246008472022e+01
8.470833333333332860e+01
8.593516129032258277e+01
8.481089108910890673e+01
8.548937499999999545e+01
8.525187499999999829e+01
8.499528619528619799e+01
8.507005539263603566e+01
8.544187499999999602e+01
8.511632453567936807e+01
8.523749999999999716e+01
8.526593750000000682e+01
8.532812500000000000e+01
8.513391984359726905e+01
8.508602150537635112e+01
8.489882425742574412e+01
8.459133333333333837e+01
8.503125000000000000e+01
8.500990099009901257e+01
8.462999999999999545e+01
8.455924624720536542e+01
8.479999999999999716e+01
8.546917917598212000e+01
8.594645161290323188e+01
8.512716584158415856e+01
8.513149752475247567e+01
8.580516129032258732e+01
8.579161290322581124e+01
8.534877036090705360e+01
8.539731715106994159e+01
8.533854998403066361e+01
8.499905123339658530e+01
8.545512615777707310e+01
8.590741935483870861e+01
8.482114340466304725e+01
8.541839667837751904e+01
8.551312500000000227e+01
8.560666666666666913e+01
8.586580645161289738e+01
8.585419354838710149e+01
8.525874587458746134e+01
8.545531250000000512e+01
8.511990876507005055e+01
8.559086553816672449e+01
8.593580645161290477e+01
8.499195544554454784e+01
8.554187500000000455e+01
8.560937500000000000e+01
8.565156249999999716e+01
8.556843750000000171e+01
8.555750000000000455e+01
8.540599543825349826e+01
8.545374999999999943e+01
8.544843749999999716e+01
8.591233333333333633e+01
8.519354838709676869e+01
8.557812500000000000e+01
8.479655062280421873e+01
8.547593750000000057e+01
8.562437500000000057e+01
8.588806451612903459e+01
8.483258064516128627e+01
8.547750000000000625e+01
8.517612903225806065e+01
8.564446444644464407e+01
8.547083740632128013e+01
8.527134900990098743e+01
8.521111465985308087e+01
8.519343750000000171e+01
8.476064516129032711e+01
8.577290322580644499e+01
8.454840686274509665e+01
8.489758663366336577e+01
8.469387096774192969e+01
8.495853960396038929e+01
8.453681930693069546e+01
8.338861386138613341e+01
8.369935483870968085e+01
8.304312500000000341e+01
8.290161290322581067e+01
8.268595297029702351e+01
8.229874999999999829e+01
8.255193548387096314e+01
8.267593750000000341e+01
8.251774193548386904e+01
8.227475247524752433e+01
8.292266666666667163e+01
8.210284254231875423e+01
8.195064516129032484e+01
8.272100000000000364e+01
8.251125000000000398e+01
8.208013613861386659e+01
8.227854785478547228e+01
8.213727272727273032e+01
8.219354838709676869e+01
8.203060606060606119e+01
8.206280940594059814e+01
8.234064516129032540e+01
8.259033333333333360e+01
8.246187500000000625e+01
8.270718750000000341e+01
8.247687500000000682e+01
8.264749999999999375e+01
8.257457681251996462e+01
8.250875000000000625e+01
8.221146953405018110e+01
8.241281250000000114e+01
8.218069306930692619e+01
8.243656249999999375e+01
8.216831683168317113e+01
8.266592143085276234e+01
8.214913366336634226e+01
8.240218749999999659e+01
8.204646464646464210e+01
8.251468749999999375e+01
8.205709677419355330e+01
8.262281249999999488e+01
8.224090909090908497e+01
8.237624999999999886e+01
8.200990099009901257e+01
8.242281250000000625e+01
8.191030303030302662e+01
8.202506188118812247e+01
8.209808168316831711e+01
8.218605408927989231e+01
8.228812499999999375e+01
8.164705882352940591e+01
8.226381347812200318e+01
8.227718749999999659e+01
8.225478547854785916e+01
8.238773554774832064e+01
8.269096774193548072e+01
8.289645161290322051e+01
8.291806451612903572e+01
8.266387096774192855e+01
8.197499999999999432e+01
8.237171717171716523e+01
8.229071969696970257e+01
8.119706164164803397e+01
8.196466666666667322e+01
8.242356902356902992e+01
8.208640864086409294e+01
8.195633756924080160e+01
8.192790841584158557e+01
8.261010101010100470e+01
8.214718750000000114e+01
8.207927762473217115e+01
8.209661989795918657e+01
8.288545454545455016e+01
8.240501792114694979e+01
8.373476702508961012e+01
8.373360148514851176e+01
8.331863186318631165e+01
8.264741161616161946e+01
8.319312499999999488e+01
8.260491855637177139e+01
8.282053872053872112e+01
8.265062500000000512e+01
8.239850114043662188e+01
8.229455848810687257e+01
8.243687500000000057e+01
8.257281249999999773e+01
8.224340175953079779e+01
8.255774193548387530e+01
8.285795454545454675e+01
8.282387096774193935e+01
8.200651678071032791e+01
8.270833333333332860e+01
8.244522516767806053e+01
8.260459916959437976e+01
8.289013094857872943e+01
8.262838709677419047e+01
8.357903225806451530e+01
8.305843749999999659e+01
8.337225806451613153e+01
8.372238514173997714e+01
8.373281199087651316e+01
8.284815900944933276e+01
8.297828169913765350e+01
8.255016501650165139e+01
8.265689149560117244e+01
8.276429255828809062e+01
8.335050505050504910e+01
8.303333333333333144e+01
8.297381028425422755e+01
8.319451612903225168e+01
8.246999999999999886e+01
8.314129032258064456e+01
8.293133333333332757e+01
8.273156249999999545e+01
8.250387096774193196e+01
8.299366666666666958e+01
8.251806451612903004e+01
8.317045454545454675e+01
8.280437499999999318e+01
8.302156250000000171e+01
8.284276094276094682e+01
8.309548387096774036e+01
8.280233333333333690e+01
8.234741935483870634e+01
8.278866666666667129e+01
8.247898338220919356e+01
8.265428478331703843e+01
8.183072500798466820e+01
8.293096774193548981e+01
8.332225480612576973e+01
8.328804170739654467e+01
8.399585459183673208e+01
8.493364055299538506e+01
8.531165048543689977e+01
8.467135100606834897e+01
8.477906249999999488e+01
8.452166829586184349e+01
8.502215705441511773e+01
8.457333333333333769e+01
8.418516129032258277e+01
8.563073317710076537e+01
8.558850574712643322e+01
8.433725247524752433e+01
8.543206349206349159e+01
8.562339743589743080e+01
8.478258064516128911e+01
8.406775990099009732e+01
8.541923076923076508e+01
8.499793632075471805e+01
8.522083333333333144e+01
8.478129032258064512e+01
8.401423267326732969e+01
8.334174385180453726e+01
8.294258064516128570e+01
8.377806451612903516e+01
8.303548387096773808e+01
8.332226125838390374e+01
8.355129032258064115e+01
8.313190673906100869e+01
8.311146598530821450e+01
8.339483870967741552e+01
8.355193548387096314e+01
8.275333333333333030e+01
8.269966666666667265e+01
8.260233333333333405e+01
8.324290322580645807e+01
8.265004887585533311e+01
8.292249999999999943e+01
8.308451178451178976e+01
8.267000000000000171e+01
8.308499999999999375e+01
8.284555229716519875e+01
8.288367546432063193e+01
8.355129032258064115e+01
8.301312500000000227e+01
8.259935483870967232e+01
8.252121212121211613e+01
8.314156250000000625e+01
8.282241772564353255e+01
8.246498316498316683e+01
8.243670033670034059e+01
8.261837121212121815e+01
8.204266666666666197e+01
8.174967741935483900e+01
8.284322580645161338e+01
8.230133333333333212e+01
8.275606060606060055e+01
8.293161290322581181e+01
8.301677419354838605e+01
8.253242424242424136e+01
8.140538720538719986e+01
8.047556691152986730e+01
7.987703609070584321e+01
7.880648064806480591e+01
7.946846011131725618e+01
8.013711371137114270e+01
8.121032258064515474e+01
7.984612903225806235e+01
7.853535353535353636e+01
7.765437500000000171e+01
7.694403215831786724e+01
7.651281249999999545e+01
7.664976958525345196e+01
7.683035714285713880e+01
7.700230414746543772e+01
7.589835858585858830e+01
7.513457152166829189e+01
7.513998724489795222e+01
7.461586570111916217e+01
7.401349572086898831e+01
7.463687500000000341e+01
7.396645161290322790e+01
7.391836734693877986e+01
7.353339850114043941e+01
7.396445029624753431e+01
7.372343750000000284e+01
7.382488479262673309e+01
7.338155751058977216e+01
7.348281249999999432e+01
7.326425545780384141e+01
7.311958292603453913e+01
7.304625000000000057e+01
7.290999999999999659e+01
7.193483219289670672e+01
7.227083333333332860e+01
7.312251547735418455e+01
7.122127525252524549e+01
7.149266581632653583e+01
7.075246872942724963e+01
7.047346938775510239e+01
7.014591836734693686e+01
6.897100032583902873e+01
7.003333333333333144e+01
6.918406249999999602e+01
6.894602272727273373e+01
6.898420013166557396e+01
6.914631160085706085e+01
6.862276785714286120e+01
6.962059369202226833e+01
7.025608953258722522e+01
6.919381313131313505e+01
6.918828176431863142e+01
6.930235690235690527e+01
6.925185185185185333e+01
6.978690127077223337e+01
6.927710437710437930e+01
6.967248239975512547e+01
6.914108830237861980e+01
6.944413835322926332e+01
6.945161290322580783e+01
7.013762626262625588e+01
6.954312500000000341e+01
7.025938117182356279e+01
6.950329163923633757e+01
6.968202764976958008e+01
6.983258064516128627e+01
6.996220267188009245e+01
6.990433673469387088e+01
7.001403061224489477e+01
7.007870967741935431e+01
7.008482142857143060e+01
7.039393939393939092e+01
7.026977040816326792e+01
7.137662337662337109e+01
7.091770833333333712e+01
7.053125000000000000e+01
7.089078282828282340e+01
7.077745193874226004e+01
7.215178571428570820e+01
7.197575757575756938e+01
7.205441511893124584e+01
7.248847926267281139e+01
7.192866161616161946e+01
7.267544437129690493e+01
7.285878867676102288e+01
7.261092824226464870e+01
7.314843750000000000e+01
7.331435154707044433e+01
7.328934506353861877e+01
7.251281249999999545e+01
7.206714944042133197e+01
7.130124999999999602e+01
7.109799999999999898e+01
7.143872053872054551e+01
7.174961738598102556e+01
7.192374999999999829e+01
7.195125000000000171e+01
7.231186868686869218e+01
7.212091209120912083e+01
7.264093750000000682e+01
7.276311502117954433e+01
7.242225806451612868e+01
7.266500000000000625e+01
7.245955882352940591e+01
7.286093750000000568e+01
7.340709677419354762e+01
7.283040562120727657e+01
7.259999999999999432e+01
7.234718750000000398e+01
7.180806451612903629e+01
7.203333333333333144e+01
7.182281249999999773e+01
7.133609068627451677e+01
7.156483870967741723e+01
7.144677419354839287e+01
7.116703928457361883e+01
7.103577131906739339e+01
7.112903225806451246e+01
7.102113970588234793e+01
7.120855956563397626e+01
7.155424242424241754e+01
7.159161290322580840e+01
7.088149752475247567e+01
7.127937500000000171e+01
7.174419354838710206e+01
7.182709677419354932e+01
7.140721814116895416e+01
7.161548387096773638e+01
7.078279702970297649e+01
7.093906250000000568e+01
6.921002100210020558e+01
6.872322580645160883e+01
6.885663082437275762e+01
6.899812500000000171e+01
6.870482673267326845e+01
6.890562500000000057e+01
6.917249999999999943e+01
6.945094509450944997e+01
6.893626237623762165e+01
6.931847890671420487e+01
6.901021039603961071e+01
6.871287128712870640e+01
6.937806451612902947e+01
6.894031250000000455e+01
6.918645161290322676e+01
6.917941794179418480e+01
6.874034462269756318e+01
6.904918556371765703e+01
6.909937499999999488e+01
6.916187499999999488e+01
6.943125000000000568e+01
6.910550742574257299e+01
6.972348484848484418e+01
6.932385819227083346e+01
6.846627475247524330e+01
6.872249999999999659e+01
6.789423648247178278e+01
6.850968749999999829e+01
6.791569156915691963e+01
6.801330445544554948e+01
6.785396039603961071e+01
6.848064516129032597e+01
6.849031250000000171e+01
6.796008663366336577e+01
6.781313131313130782e+01
6.809000000000000341e+01
6.842030360531309441e+01
6.793320299771912119e+01
6.814659853082082464e+01
6.753724747474747403e+01
6.769570707070707272e+01
6.605906249999999602e+01
6.683073155800428822e+01
6.666060606060605664e+01
6.748576732673267031e+01
6.706219362745098067e+01
6.724181818181817505e+01
6.676187500000000341e+01
6.623606060606060453e+01
6.681781250000000227e+01
6.671686562595652958e+01
6.731899641577061288e+01
6.725151515151515014e+01
6.727806451612903516e+01
6.752557836428803739e+01
6.782500000000000284e+01
6.749968112244897611e+01
6.701333333333333542e+01
6.730303030303029743e+01
6.675727272727272066e+01
6.711784511784512119e+01
6.708142026323844220e+01
6.720562499999999773e+01
6.681992574257425588e+01
6.708407605466429402e+01
6.677281250000000057e+01
6.757656249999999432e+01
6.714201732673267031e+01
6.754382535027696122e+01
6.779564950980392268e+01
6.762500000000000000e+01
6.728062500000000057e+01
6.726192619261925643e+01
6.766292475728155864e+01
6.745624999999999716e+01
6.751286764705882604e+01
6.778890931372548323e+01
6.743658980582524975e+01
6.719696969696970257e+01
