7.602463891248937955e+01
7.749074074074074758e+01
7.743896028037383417e+01
7.887003504672897236e+01
8.064894859813084338e+01
7.974119496855345801e+01
7.867669392523364991e+01
7.812347776833757962e+01
7.769868496283591242e+01
7.792866161616161946e+01
7.914982817869416465e+01
7.992669172932330923e+01
7.633772819472616789e+01
7.604349363507779458e+01
7.605728429985855144e+01
8.072287735849056389e+01
8.039908256880734427e+01
8.111238532110091626e+01
8.071006944444444287e+01
8.107945041816009280e+01
7.972884966524649997e+01
7.995893514585102935e+01
8.057222877358491075e+01
8.087705416920267965e+01
8.073047619047619605e+01
8.111505305039787572e+01
8.017997685185184764e+01
8.058878504672897236e+01
7.978363095238094616e+01
7.991994047619047592e+01
8.024854070660522609e+01
7.969345238095237960e+01
7.975446428571429180e+01
7.969750456482044854e+01
8.004669738863287876e+01
8.049286600496277799e+01
7.975654761904762324e+01
7.991739523665962963e+01
8.057009345794392630e+01
7.980769230769230660e+01
8.030438701923077360e+01
8.066439205955335012e+01
8.069261786600496578e+01
7.949696969696969973e+01
8.091296409007912871e+01
8.151781542056075125e+01
8.133214053350683059e+01
8.124779874213837161e+01
8.074423676012460760e+01
8.083962264150943611e+01
8.057475186104218778e+01
8.056110421836228852e+01
8.056606699751860390e+01
8.013053613053612878e+01
8.052574441687345086e+01
8.069689592209373075e+01
7.999815668202765551e+01
7.997115384615383959e+01
8.047890818858560635e+01
8.057942787583688471e+01
7.957708333333333428e+01
7.997896634615383959e+01
8.003410138248847261e+01
8.025589622641508925e+01
7.983560794044664988e+01
8.069839743589743364e+01
8.012538040170420572e+01
8.012934027777777146e+01
7.953195374315276922e+01
7.983878504672897236e+01
7.978534820621042911e+01
8.014740566037735903e+01
7.999563862928349067e+01
7.986497641509433265e+01
7.955490654205607370e+01
8.021149425287356394e+01
8.016288998357963180e+01
7.990094339622640973e+01
7.996439440048690983e+01
8.033779671332928274e+01
8.014828660436137397e+01
8.038466220328666623e+01
8.067557603686636014e+01
8.032484276729559269e+01
8.006383647798742231e+01
7.985057821059038474e+01
8.007641509433962312e+01
8.049589490968801897e+01
8.011274961597541733e+01
8.013026113671274686e+01
8.009111111111110404e+01
8.001474654377879858e+01
7.991746031746031065e+01
7.997435897435897800e+01
7.959257075471698784e+01
7.962234669811320487e+01
7.868632872503840758e+01
7.747955182072828961e+01
7.829292929292928704e+01
7.838152958152957694e+01
7.829304245283019270e+01
7.833417366946778770e+01
7.787264150943396146e+01
7.786118326118325683e+01
7.839451659451658827e+01
7.802633053221288151e+01
7.803875755909839995e+01
7.820057720057720019e+01
7.792424242424242209e+01
7.858547741566609091e+01
7.803003640776698546e+01
7.825505952380952124e+01
7.755215617715617782e+01
7.681204481792717331e+01
7.778470418470418224e+01
7.768975468975469312e+01
7.652900432900432293e+01
7.747899159663865021e+01
7.735959595959596413e+01
7.747871148459383051e+01
7.858672438672438432e+01
7.832044817927170755e+01
7.809754689754689139e+01
7.882466063348415730e+01
7.887590187590187440e+01
7.755444743935309759e+01
7.836678101772442062e+01
7.807797619047619264e+01
7.678585858585859114e+01
7.881957013574660209e+01
7.838879359634076138e+01
7.897627215551743518e+01
7.850966810966811238e+01
7.824315476190476204e+01
7.762529137529136847e+01
7.880303030303029743e+01
7.807976190476190936e+01
7.876729559748427789e+01
7.869230769230769340e+01
7.937777777777777999e+01
7.913214285714285268e+01
8.010995670995670537e+01
7.985693473193472869e+01
7.963594470046082563e+01
7.951893939393939092e+01
7.894891774891775071e+01
7.927941176470588402e+01
7.910389610389610482e+01
7.990620490620490557e+01
7.976219336219335787e+01
8.017053167420814930e+01
7.976046380090497223e+01
7.940423098913665001e+01
7.955180375180374597e+01
7.979892533936651944e+01
7.891065482796892638e+01
7.993073593073593486e+01
7.940582579185520729e+01
7.910944570135747256e+01
7.975169683257918507e+01
7.992438952633126803e+01
7.976809986130373886e+01
7.953455168475157677e+01
7.935428571428570876e+01
7.908051948051948443e+01
8.015412895927602221e+01
7.895418552036198889e+01
7.935023310023309762e+01
7.974110032362459322e+01
7.978905560458959201e+01
7.990447330447329932e+01
7.918181818181818699e+01
7.910955710955711595e+01
8.082182695206512335e+01
8.162720632988435909e+01
8.105468750000000000e+01
8.146785714285714164e+01
8.029435483870967971e+01
8.063561893203883812e+01
8.035357142857142776e+01
7.959136904761905384e+01
8.056561085972850833e+01
7.999158653846153300e+01
8.032185937040306101e+01
7.986684149184149817e+01
7.976074660633484825e+01
8.046256684491979172e+01
8.023242130038246955e+01
8.069343891402715485e+01
8.015763403263403575e+01
8.089034837235865893e+01
8.031614077669902940e+01
8.035294117647059409e+01
8.044266191325014859e+01
8.066756675667566867e+01
7.998458023986293597e+01
7.918770226537216672e+01
8.023648247177658277e+01
7.984158415841584144e+01
7.972649098474340690e+01
7.971116504854369111e+01
7.970782766990291179e+01
7.936957813428401209e+01
8.007077205882353610e+01
8.072865099009901257e+01
8.026307189542484366e+01
8.050207601405301716e+01
8.076317401960784537e+01
8.093811274509803866e+01
8.121388643718741207e+01
8.171568627450980671e+01
8.150424757281552957e+01
8.139948600799543499e+01
8.207278669043374464e+01
8.152909550917141246e+01
8.199696601941747076e+01
8.187622549019607732e+01
8.215834818775995529e+01
8.169255663430421066e+01
8.161694616063547869e+01
8.185731097381582799e+01
8.204278074866310533e+01
8.142571344513092413e+01
8.142306560753162614e+01
8.136716681376876181e+01
8.133921741688732254e+01
8.214981617647059409e+01
