8.381061022539857674e+01
8.422926401869159463e+01
8.406542056074766833e+01
8.405769230769230660e+01
8.340822440087146106e+01
8.422780373831776046e+01
8.446277915632754230e+01
8.405345911949684989e+01
8.349670148433204986e+01
8.380138221153846700e+01
8.432878411910670025e+01
8.391956952704616413e+01
8.442400744416873692e+01
8.397488317757009213e+01
8.396965144230769340e+01
8.427729528535979853e+01
8.393209134615383959e+01
8.365297619047619548e+01
8.424300144300144666e+01
8.432239057239057445e+01
8.474224270353302302e+01
8.417600235849056389e+01
8.406045560747664069e+01
8.350148809523810201e+01
8.384125660272449920e+01
8.443750000000000000e+01
8.340594951923077360e+01
8.442499999999999716e+01
8.421167452830188438e+01
8.337410714285714164e+01
8.321755952380952692e+01
8.383492063492063551e+01
8.324285714285714732e+01
8.383557242990654856e+01
8.302822580645161565e+01
8.460517799352750501e+01
8.436468160377359027e+01
8.328814102564102484e+01
8.405649038461538680e+01
8.376573426573426673e+01
8.323167067307691980e+01
8.394132104454685361e+01
8.341766826923077360e+01
8.393609831029185386e+01
8.417688679245283367e+01
8.357083333333333997e+01
8.392596006144393073e+01
8.364617604617605195e+01
8.442181259600614851e+01
8.391696428571428612e+01
8.460672169811320487e+01
8.433047455688965499e+01
8.455829326923077360e+01
8.380505952380951840e+01
8.437035909920876975e+01
8.393451720310766007e+01
8.356458333333333144e+01
8.406881903143585077e+01
8.510446428571428612e+01
8.441706730769230660e+01
8.433082932692308020e+01
8.418839336763865333e+01
8.360073037127206419e+01
8.469110576923077360e+01
8.410629800307219739e+01
8.443024585477415656e+01
8.415408805031447059e+01
8.457486305538648708e+01
8.436358173076922640e+01
8.344140625000000000e+01
8.394538834951455897e+01
8.376759708737864685e+01
8.371659451659451179e+01
8.438731971153846700e+01
8.445763221153846700e+01
8.366934523809523228e+01
8.391724941724942255e+01
8.352678571428570820e+01
8.432046883933676895e+01
8.353244047619047308e+01
8.387711213517664532e+01
8.407768691588785259e+01
8.438860416038589563e+01
8.443660714285714164e+01
8.358615654205607370e+01
8.378936298076922640e+01
8.362660256410256920e+01
8.407022653721682559e+01
8.453685897435897800e+01
8.391213517665130439e+01
8.413371394230769340e+01
8.445476190476190936e+01
8.389993990384616041e+01
8.417431761786600930e+01
8.366952380952380963e+01
8.419769119769119925e+01
8.351666666666666572e+01
8.398913664951400904e+01
8.427122641509433265e+01
8.370982142857143060e+01
8.414392059553350123e+01
8.333690476190476204e+01
8.356032018296168928e+01
8.343015873015872330e+01
8.394978354978354673e+01
8.313946759259259522e+01
8.363237979306147452e+01
8.353988095238095468e+01
8.366934523809523228e+01
8.414363968350578205e+01
8.346605222734254426e+01
8.408155812538039697e+01
8.350540865384616041e+01
8.393485431555799892e+01
8.342738707833046874e+01
8.338076456310679418e+01
8.353883495145630889e+01
8.338814102564101916e+01
8.425407066052227378e+01
8.462259615384616041e+01
8.415925480769230660e+01
8.375751201923077360e+01
8.416201456310679418e+01
8.414298349056603854e+01
8.427891355140187102e+01
8.404970238095238244e+01
8.457518582046884603e+01
8.412004662004662237e+01
8.373160173160172803e+01
8.409791666666666288e+01
8.402942890442889734e+01
8.427644230769230660e+01
8.387864077669902940e+01
8.355497835497835979e+01
8.377619047619047876e+01
8.362593052109181713e+01
8.396840659340659840e+01
8.428429487179487012e+01
8.377202233250619656e+01
8.419944168734491541e+01
8.338328912466843690e+01
8.415448717948717672e+01
8.380919471153846700e+01
8.380603174603174921e+01
8.396743176178659951e+01
8.371253315649867943e+01
8.380952380952381020e+01
8.367834101382489109e+01
8.374224270353302302e+01
8.364331797235023203e+01
8.367434715821812574e+01
8.341249999999999432e+01
8.415136476426799561e+01
8.304056490384616041e+01
8.374345238095237676e+01
8.366390168970814045e+01
8.327712264150943611e+01
8.337660256410256920e+01
8.409305210918114426e+01
8.381974110032362546e+01
8.449170059505168240e+01
8.409646401985111197e+01
8.416353155339805880e+01
8.375514592933947711e+01
8.386809507867425850e+01
8.378070719602978045e+01
8.390970873786407935e+01
8.359615384615383959e+01
8.352660256410256068e+01
8.405491504854369111e+01
8.392264328217976299e+01
8.447510178515503299e+01
8.412109375000000000e+01
8.408593750000000000e+01
8.368834951456310023e+01
8.335128205128205536e+01
8.295823317307691980e+01
8.391042906357657216e+01
8.454337613529595785e+01
8.357444168734491541e+01
8.373210445468509988e+01
8.380552995391704485e+01
8.430148883374690172e+01
8.377884615384616041e+01
8.427925363693864824e+01
8.403758169934640421e+01
8.333808933002481467e+01
8.315818858560794524e+01
8.416315136476427483e+01
8.336309523809524080e+01
8.359755715627936468e+01
8.289112903225806406e+01
8.295347394540942787e+01
8.263669467787114797e+01
8.313511868533170457e+01
8.278213443396226978e+01
8.314404761904762609e+01
8.429063576573754801e+01
8.407496159754224152e+01
8.436013349514563231e+01
8.442279987472596758e+01
8.396091811414392225e+01
8.405366004962779414e+01
8.379477163461538680e+01
8.419820099255582591e+01
8.341369047619048160e+01
8.354107142857142776e+01
8.379514563106796743e+01
8.377243589743589780e+01
8.376417162543063455e+01
8.349791666666666856e+01
8.310320512820513272e+01
8.351941747572816155e+01
8.347281105990784056e+01
8.336770557029177553e+01
8.351815476190476772e+01
8.303814102564102484e+01
8.340226537216828717e+01
8.361196367052927769e+01
8.410607940446649877e+01
8.341071428571429180e+01
8.232382133995037066e+01
8.372288786482334899e+01
8.345096153846154152e+01
8.298945409429281028e+01
8.343173076923076792e+01
8.357692307692308020e+01
8.313244416873449438e+01
8.399514563106795606e+01
8.310918114143920832e+01
8.403559870550161293e+01
8.340683023872678348e+01
8.347666771061697943e+01
8.341057692307691696e+01
8.368356374807987663e+01
8.356634920634920149e+01
8.252730158730159360e+01
8.377419354838710319e+01
8.405437788018433309e+01
8.359223300970873538e+01
8.331885856079404107e+01
8.317367788461538680e+01
8.346220238095237676e+01
8.328095238095238528e+01
8.363910256410255784e+01
8.375084485407066381e+01
8.408814102564102200e+01
8.414826302729528607e+01
8.364112903225806406e+01
8.394562211981566691e+01
8.365416666666666856e+01
8.359254619480113035e+01
8.306730769230769340e+01
8.329807692307691980e+01
8.332196029776675061e+01
8.322146401985111197e+01
8.344136904761904816e+01
8.334375000000000000e+01
8.354289215686274872e+01
8.268209134615383959e+01
8.327450372208436136e+01
8.364390854995302504e+01
8.315601736972705282e+01
8.317245657568237505e+01
8.359755715627936468e+01
8.358033197619793953e+01
8.319851116625309828e+01
8.326767990074441173e+01
8.343468169761273145e+01
8.359642857142857508e+01
8.368928571428571672e+01
8.399899564780716332e+01
8.321183261183260527e+01
8.319220779220779605e+01
8.362232142857142492e+01
8.292878605769230660e+01
8.416981132075471805e+01
8.364672721578452297e+01
8.363363095238095468e+01
8.335173697270471393e+01
8.365306767868437987e+01
8.405048076923077360e+01
8.326699029126213247e+01
8.358392857142857224e+01
8.397839022862511626e+01
8.321334134615383959e+01
8.464138349514563231e+01
8.406545568430942694e+01
8.415533980582524975e+01
8.400814281240212722e+01
8.368052109181141418e+01
8.397916666666667140e+01
8.402693391794549882e+01
8.453141025641025408e+01
8.405407066052227094e+01
8.408422619047618696e+01
8.484464285714285836e+01
8.375228241022519171e+01
8.382724358974358836e+01
8.457537220843671832e+01
8.353482142857143344e+01
8.415064202943939620e+01
8.361321339950372078e+01
8.336826923076922924e+01
8.401658986175115729e+01
8.362261904761905384e+01
8.361505305039787572e+01
8.349610389610388950e+01
8.345256410256409652e+01
8.291066997518611004e+01
8.419015873015872842e+01
8.433095533498759266e+01
8.397972350230415373e+01
8.420905707196030221e+01
8.421588089330025184e+01
8.431101190476189799e+01
8.400030721966206215e+01
8.491249999999999432e+01
8.423798076923077360e+01
8.322672811059908327e+01
8.365685679611650016e+01
8.397961165048543819e+01
8.370029761904761756e+01
8.385248982148449670e+01
8.407421875000000000e+01
8.424658808933001808e+01
8.383273809523809916e+01
8.378671328671329377e+01
8.331130952380952692e+01
8.378986175115207402e+01
8.305094339622641542e+01
8.351538461538461888e+01
8.318827543424318094e+01
8.388690476190475920e+01
8.396277915632754230e+01
8.359754224270353973e+01
8.374592933947772622e+01
8.338750000000000284e+01
8.336442307692307452e+01
8.376061007957559923e+01
8.347724358974359404e+01
8.436190157348509899e+01
8.383379416282642183e+01
8.373118279569892763e+01
8.335641025641025692e+01
8.409212158808932713e+01
8.339003537735848681e+01
8.351025641025641733e+01
8.385683563748079905e+01
8.428190476190475522e+01
8.382440476190475920e+01
8.347499999999999432e+01
8.427723676202069214e+01
8.375938375350139609e+01
8.390800233644860384e+01
8.443018867924527626e+01
8.422575934579438695e+01
8.389019851116624693e+01
8.428686868686868650e+01
8.453779761904762324e+01
8.380476190476190368e+01
8.363748079877112218e+01
8.459519230769230091e+01
8.414092548076922640e+01
8.431928066037735903e+01
8.366666666666667140e+01
8.429136904761904248e+01
8.447301488833747385e+01
8.379987472596305054e+01
8.353473945409429291e+01
8.334109669811320487e+01
8.379674287503914343e+01
8.394989038521765679e+01
8.365694789081885574e+01
8.395382395382395657e+01
8.450279156327543717e+01
8.378690476190476488e+01
8.404024577572964461e+01
8.351827956989247070e+01
8.350595238095237960e+01
8.394405594405594684e+01
8.349970238095238528e+01
8.420841423948219528e+01
8.365386904761905384e+01
8.399304237824162556e+01
8.324782878411910758e+01
8.362648809523810201e+01
8.403725961538461320e+01
8.341702741702741264e+01
8.334583333333333144e+01
8.408715880893299754e+01
8.374038461538461320e+01
8.386358173076922640e+01
8.331220238095238528e+01
8.323232323232323893e+01
8.356585081585082264e+01
8.324970238095238528e+01
8.331537738803632465e+01
8.333839950372208705e+01
8.355975422427034971e+01
8.282391826923077360e+01
8.278442928039702053e+01
8.275899503722084205e+01
8.331909385113269195e+01
8.337961165048544387e+01
8.351262019230769340e+01
8.332916666666666572e+01
8.356017369727047139e+01
8.268900240384616041e+01
8.444807692307692548e+01
8.339714805825242649e+01
8.320683111954458866e+01
8.346267281105990321e+01
8.245089285714286120e+01
8.315939278937381118e+01
8.266645787660507949e+01
8.342121588089329975e+01
8.241428571428571104e+01
8.384998434074537954e+01
8.379016598809896266e+01
8.387660507359849760e+01
8.390761039774507424e+01
8.340655339805825008e+01
8.396304415909803254e+01
8.384102564102563804e+01
8.324446552814674760e+01
8.367581699346405344e+01
8.347177419354838435e+01
8.329551282051282612e+01
8.282878411910670025e+01
8.323108974358974876e+01
8.253777777777777658e+01
8.322980769230768772e+01
8.287848418415283902e+01
8.324919093851133312e+01
8.292264328217976299e+01
8.333175205566097077e+01
8.304227998747259676e+01
8.310390818858560635e+01
8.319633995037220586e+01
8.305480739116818256e+01
8.346363061353574153e+01
8.344466019417475877e+01
8.339508448540706809e+01
8.366508538899431358e+01
8.374705188679244827e+01
8.357712418300653212e+01
8.358608414239482443e+01
8.274596774193548754e+01
8.400980392156863275e+01
8.335453632407097757e+01
8.319981208894456870e+01
8.386848635235732274e+01
8.388988833746898877e+01
8.378749999999999432e+01
8.357811511701454776e+01
8.318461538461538396e+01
8.360820544942060906e+01
8.266253101736973008e+01
8.342488479262672740e+01
8.333954326923077360e+01
8.362348300970873538e+01
8.330906148867313732e+01
8.336666666666666003e+01
8.326359447004608683e+01
8.365384615384616041e+01
8.330783410138248257e+01
8.328970814132104294e+01
8.317818509615383959e+01
8.285476190476190084e+01
8.277168806764798603e+01
8.373270631067961745e+01
8.309765625000000000e+01
8.323877292852624521e+01
8.246805210918114426e+01
8.317109424414927332e+01
8.274945192608831235e+01
8.236724565756823324e+01
8.295565476190476772e+01
8.317037269025993851e+01
8.256644417475727948e+01
8.291353155339805880e+01
8.265382281553398514e+01
8.286305361305360861e+01
8.336924522392733650e+01
8.265223665223665250e+01
8.328343250861259150e+01
8.278398058252426495e+01
8.210700992555831590e+01
8.371747572815533545e+01
8.454559748427672616e+01
8.381966205837173334e+01
8.368025889967637454e+01
8.276861042183622885e+01
8.272145432692308020e+01
8.283184523809524080e+01
8.208894230769230660e+01
8.222956467272157965e+01
8.260426682692308020e+01
8.206148018648018194e+01
8.295161290322580783e+01
8.290922619047618980e+01
8.243434343434343248e+01
8.208804086538461320e+01
8.202184466019417641e+01
8.203816105769230660e+01
8.268901699029126462e+01
8.232301682692308020e+01
8.243660714285714164e+01
8.223883374689826553e+01
8.263834951456310307e+01
8.270999060444722772e+01
8.306407766990291464e+01
8.227450372208436136e+01
8.270691747572816155e+01
8.222506009615383959e+01
8.264766677106169368e+01
8.306069711538461320e+01
8.246153846153846700e+01
8.284821428571429180e+01
8.260576923076922640e+01
8.279799561540870911e+01
8.306110421836228852e+01
8.282708333333333428e+01
8.332151442307691980e+01
8.252368343630479330e+01
8.275383651738177093e+01
8.349317617866005037e+01
8.322394822006472737e+01
8.266144691512684517e+01
8.285544871794871824e+01
8.316105769230769340e+01
8.325048543689320013e+01
8.290103351080487926e+01
8.222208436724565672e+01
8.288592233009708821e+01
8.280192307692307452e+01
8.352352941176471290e+01
8.274453883495145590e+01
8.337965260545905721e+01
8.387441277795177541e+01
8.275121359223301454e+01
8.287034137175069759e+01
8.350434243176178484e+01
8.290447854682116713e+01
8.327152103559870966e+01
8.386437908496732518e+01
8.391013071895424957e+01
8.355922330097087070e+01
8.378908188585607775e+01
8.334732226746007200e+01
8.360452853598015110e+01
8.360235732009925869e+01
8.362406947890818287e+01
8.290064102564102200e+01
8.403820858127153315e+01
8.318509238960226071e+01
8.347053349875930905e+01
8.328365384615383959e+01
8.375916066395240023e+01
8.328194789081885574e+01
8.358064516129032029e+01
8.356172456575681906e+01
8.358777915632754230e+01
8.297619047619048160e+01
8.326178660049627922e+01
8.276815476190476772e+01
8.328939205955335012e+01
8.272878170999059932e+01
8.233323317307691980e+01
8.297746394230769340e+01
8.313942307692308020e+01
8.321365079365079964e+01
8.372095208268086708e+01
8.352614379084967311e+01
8.288910256410255784e+01
8.322770398481974041e+01
8.252554112554112464e+01
8.383181960538678368e+01
8.308022836538461320e+01
8.255089285714285552e+01
8.276911407766989726e+01
8.289108009708738223e+01
8.266352288488211286e+01
8.274635922330097060e+01
8.279520631067961745e+01
8.276152912621358837e+01
8.295763221153846700e+01
8.247626201923077360e+01
8.271607142857142492e+01
8.306911057692308020e+01
8.247936507936508121e+01
8.241577380952381304e+01
8.242291666666666572e+01
8.223647836538461320e+01
8.259583333333333144e+01
8.257261904761904248e+01
8.345409429280397262e+01
8.297295673076922640e+01
8.214929971988794932e+01
8.265863095238094616e+01
8.423665963219777097e+01
8.428176100628931522e+01
8.375992555831265918e+01
8.328906984027560156e+01
8.360809061488673422e+01
8.362783171521036252e+01
8.337003722084367041e+01
8.344199751861042103e+01
8.345995145631067658e+01
8.346308933002481467e+01
8.312439903846153300e+01
8.372053571428571672e+01
8.308443509615383959e+01
8.348998786407767625e+01
8.279204509865330408e+01
8.355949519230769340e+01
8.310907451923077360e+01
8.354621588089329975e+01
8.332909429280397262e+01
8.235810023310023098e+01
8.168393300248139610e+01
8.223677884615383959e+01
8.224270353302611625e+01
8.254429611650485299e+01
8.311423948220064517e+01
8.278064903846153300e+01
8.274775641025641448e+01
8.313486943164362231e+01
8.359150124069478238e+01
8.329708737864078216e+01
8.275416666666666288e+01
8.293827543424318094e+01
8.276634615384615756e+01
8.305499231950844319e+01
8.364509803921568221e+01
8.300815850815850183e+01
8.305622119815667759e+01
8.291730387992070916e+01
8.329026442307691980e+01
8.342396313364055516e+01
8.324698412698413108e+01
8.286147836538461320e+01
8.263525641025641733e+01
8.258490566037735903e+01
8.333808933002481467e+01
8.304045307443365687e+01
8.274131513647643033e+01
8.257351190476190084e+01
8.308560794044664988e+01
8.304930006086426886e+01
8.256250000000000000e+01
