5.272325721153845990e+01
5.294471153846154010e+01
5.243920595533499096e+01
5.200090144230769340e+01
5.154070660522273073e+01
5.251934523809524080e+01
5.201010101010101039e+01
5.244970238095238102e+01
5.260817307692308020e+01
5.203455528846154010e+01
5.236388221153845990e+01
5.222308802308802456e+01
5.224596774193548043e+01
5.295294117647058840e+01
5.239285714285714590e+01
5.254397759103641619e+01
5.256078431372549176e+01
5.207619047619047592e+01
5.217836812144212644e+01
5.270703125000000000e+01
5.255809583463827295e+01
5.154691142191142461e+01
5.170833333333333570e+01
5.175952380952381304e+01
5.312878787878787534e+01
5.171794871794871540e+01
5.276456310679611761e+01
5.199338942307691980e+01
5.281165158371040746e+01
5.366470588235294059e+01
5.323174603174603448e+01
5.291680960548885082e+01
5.354077380952381304e+01
5.338152958152958405e+01
5.391168831168830877e+01
5.269136904761904816e+01
5.305258413461538680e+01
5.286755952380952550e+01
5.358012820512820440e+01
5.310765815760266406e+01
5.308304195804196013e+01
5.368569711538461320e+01
5.319727047146402299e+01
5.339732142857143060e+01
5.379315476190475920e+01
5.338268398268398585e+01
5.348632872503840474e+01
5.427609108159392548e+01
5.366144691512683806e+01
5.261418269230769340e+01
5.395411255411255524e+01
5.345666273584905781e+01
5.412678571428571672e+01
5.360877403846154010e+01
5.421033653846154010e+01
5.531096774193548526e+01
5.289400921658986476e+01
5.398455710955710884e+01
5.276374807987711080e+01
5.433667452830188438e+01
5.476457816377170928e+01
5.422806490384615330e+01
5.432380952380952266e+01
5.395446428571428754e+01
5.415444711538461320e+01
5.416231796116505137e+01
5.373593073593073655e+01
5.390745192307691980e+01
5.395673076923076650e+01
5.432271634615384670e+01
5.385606971153845990e+01
5.415564903846154010e+01
5.421424278846154010e+01
5.428064903846154010e+01
5.451051682692308020e+01
5.455715627936110224e+01
5.457827669902912504e+01
5.470432480141217724e+01
5.461923543689320582e+01
5.505887445887445608e+01
5.580085784313725839e+01
5.562581699346404918e+01
5.502693391794550593e+01
5.691645161290322363e+01
5.657506127450980671e+01
5.689185049019607732e+01
5.703351080488568670e+01
5.760750507099391626e+01
5.783839649232696445e+01
5.740647249190938339e+01
5.774356435643564112e+01
5.782384566729917452e+01
5.719699342311305656e+01
5.697802569303583198e+01
5.680929791271347540e+01
5.705566097406704529e+01
5.640097087378640595e+01
5.681893382352941302e+01
5.628276699029126462e+01
5.603846153846154010e+01
5.614651368049426594e+01
5.777163845416799859e+01
5.680709134615384670e+01
5.639078341013824769e+01
5.623167067307691980e+01
5.622518008142812107e+01
5.613404321954274678e+01
5.659383289124668437e+01
5.674551338629008512e+01
5.649596774193548043e+01
5.595224358974358836e+01
5.624720843672456283e+01
5.533216783216783341e+01
5.607001201923076650e+01
5.676532451923076650e+01
5.590059523809523512e+01
5.644597557156279066e+01
5.604415909802693108e+01
5.543269230769230660e+01
5.650917141049968251e+01
5.613623551518947608e+01
5.636780518659076478e+01
5.613341346153845990e+01
5.619417475728155154e+01
5.591797235023041424e+01
5.595532741398446319e+01
5.618499278499278660e+01
5.654004854368932342e+01
5.639108009708737512e+01
5.633161407766990436e+01
5.637300714678394797e+01
5.546474358974359120e+01
5.564441747572815444e+01
5.531060606060606233e+01
5.580808080808080973e+01
5.565107384524860379e+01
5.593997668997668882e+01
5.638288834951456607e+01
5.407653383934218994e+01
5.419892473118279241e+01
5.589272836538461320e+01
5.585729847494553724e+01
5.606219660194174992e+01
5.656947890818858582e+01
5.564017857142857082e+01
5.618356643356643332e+01
5.578464254192409300e+01
5.530595238095238386e+01
5.571604567307691980e+01
5.582181490384615330e+01
5.575570913461538680e+01
5.586808894230769340e+01
5.601502403846154010e+01
5.598511904761905100e+01
5.556968368305668804e+01
5.605714285714285694e+01
5.606697388632872503e+01
5.642016317016317117e+01
5.612105582524272052e+01
5.605565268065267759e+01
5.601353339217416760e+01
5.592657766990291179e+01
5.536866359447004271e+01
5.568511904761904674e+01
5.525240384615384670e+01
5.575879854368932342e+01
5.563010817307691980e+01
5.588027295285359486e+01
5.583730508973227558e+01
5.592892156862745168e+01
5.554953379953379766e+01
5.592504743833016789e+01
5.573256840247131549e+01
5.581991857187598072e+01
5.571315092674316105e+01
5.504929971988795501e+01
5.564542483660130756e+01
5.530656108597285225e+01
5.520483682983682883e+01
5.498621985593485562e+01
5.584377758164166039e+01
5.557121394230769340e+01
5.548167067307691980e+01
5.561679864253393646e+01
5.522857142857142776e+01
5.493871359223300743e+01
5.507675070028011532e+01
5.562317961165048530e+01
5.583282766990291179e+01
5.589664891951142778e+01
5.544424019607843235e+01
5.592961165048543393e+01
5.549358974358974450e+01
5.522831193235202107e+01
5.502669902912621325e+01
5.542050970873786753e+01
5.531280339805825008e+01
5.584344951923076650e+01
5.577294080801753751e+01
5.547494172494172204e+01
5.480179900744416699e+01
5.522361415596617462e+01
5.494114219114219111e+01
5.645618872549019329e+01
5.675929487179487154e+01
5.615880893300248289e+01
5.624285714285714022e+01
5.604807692307691980e+01
5.622518610421835916e+01
5.621474358974359120e+01
5.602312842361533995e+01
5.641365079365079538e+01
5.641047619047618866e+01
5.570435327278421767e+01
5.574132104454685077e+01
5.603469263542300638e+01
5.656137309292648752e+01
5.599482653682288458e+01
5.601197411003236226e+01
5.497656250000000000e+01
5.472626201923076650e+01
5.436528417818740166e+01
5.435359801488833398e+01
5.514092380111797809e+01
5.374017857142857224e+01
5.467998798076923350e+01
5.462395382395382626e+01
5.449188701923076650e+01
5.480681818181817988e+01
5.501183252427184556e+01
5.385576923076923350e+01
5.415109223300970598e+01
5.458112980769230660e+01
5.414732142857143060e+01
5.409062980030721945e+01
5.447355769230769340e+01
5.468300248138957897e+01
5.433002481389578264e+01
5.446334134615384670e+01
5.342006472491909363e+01
5.430634920634920348e+01
5.454176682692308020e+01
5.292503840245775848e+01
5.454927884615384670e+01
5.336729559748427931e+01
5.357391826923076650e+01
5.396419902912621325e+01
5.360856079404466357e+01
5.358560794044664988e+01
5.377450372208436846e+01
5.482703533026113973e+01
5.402334869431643938e+01
5.262127791563275281e+01
5.210558252427184556e+01
5.338928571428571246e+01
5.322236141559661604e+01
5.465658318869328269e+01
5.439511653718091111e+01
5.656772486772486985e+01
5.615145684442001084e+01
5.473589102029468734e+01
5.455060088551549313e+01
5.340564373897706929e+01
6.250961538461538680e+01
6.351801801801801872e+01
6.663333333333333997e+01
6.807580351728320522e+01
6.732986111111111427e+01
6.634324942791762680e+01
6.936403508771930149e+01
7.048688172043010525e+01
7.164070255822832678e+01
7.319455782312925862e+01
7.109264497878359634e+01
7.078499999999999659e+01
6.873275862068965125e+01
6.706200265251989379e+01
6.582511068943706789e+01
6.526070816676184450e+01
6.478950403690888038e+01
6.408677926616191201e+01
6.293557951482479496e+01
5.910602910602910498e+01
5.574211045364891248e+01
5.430943396226415132e+01
5.269205882352941472e+01
5.163344226579521035e+01
5.175911764705882234e+01
5.344719926538108012e+01
5.244058823529411484e+01
5.414716880341880056e+01
5.530011655011654881e+01
5.441872232764073658e+01
5.558188585607940269e+01
5.596796536796536969e+01
5.513823953823953872e+01
5.463574660633484115e+01
5.466238647040400878e+01
5.460386029411764497e+01
5.347581699346405060e+01
5.392034313725490335e+01
5.348774509803921262e+01
5.443967741935483673e+01
5.338731971153845990e+01
5.401141826923076650e+01
5.365800865800866148e+01
5.408601553829078767e+01
5.392939099735216502e+01
5.822652714932126372e+01
6.014583333333333570e+01
6.082651991614255849e+01
6.215040431266846355e+01
6.140042892156862564e+01
6.419393382352940591e+01
6.609930423782415687e+01
6.760429538099441515e+01
6.753337591823698460e+01
7.115948963317384823e+01
6.814934640522875497e+01
6.866488413547237712e+01
6.925216584158415856e+01
6.948943894389438469e+01
6.874035420619860304e+01
6.883902286251174019e+01
6.995319418089816565e+01
6.964313725490195850e+01
7.012450980392156907e+01
6.932001201923077360e+01
6.885825062034739119e+01
6.837845117845117215e+01
6.769165487977369366e+01
6.674086719016729319e+01
6.744174757281552957e+01
6.805865384615384528e+01
6.835080645161289681e+01
6.808012170385396189e+01
6.820490196078431211e+01
6.887559161595672208e+01
6.801618122977346559e+01
6.865181518151814544e+01
6.874884488448844877e+01
6.877425742574257583e+01
6.920484807101399838e+01
6.918026565464896294e+01
6.911539774667122060e+01
6.912633333333333496e+01
6.925496342737721989e+01
6.897033333333332905e+01
6.892973490897476552e+01
6.833791121047588035e+01
6.944101838755304357e+01
6.771040221914007873e+01
6.601931075460487364e+01
6.882922684791843437e+01
6.829823129251700209e+01
6.639703947368421666e+01
6.535585738539897704e+01
6.454704301075268802e+01
5.921323529411764497e+01
5.810539763653784462e+01
5.666145001596933639e+01
5.947412634408602372e+01
5.740909090909090651e+01
5.910140350877193072e+01
5.879303736825295346e+01
5.914580645161290562e+01
5.956563398275311272e+01
5.914052287581699119e+01
5.913267973856208926e+01
5.947755775577557813e+01
6.059980836793356929e+01
6.037026143790849630e+01
6.022963909294155371e+01
5.983235294117647385e+01
6.034781220057489293e+01
5.992462472053657052e+01
5.936179633143579792e+01
5.989655172413792883e+01
5.965410412008942842e+01
5.972916001277547338e+01
5.986733333333333462e+01
6.019765970904490615e+01
5.972838709677419189e+01
5.986585755349728544e+01
5.911825980392156765e+01
5.954564950980392268e+01
6.007605466428995555e+01
5.928130460104834043e+01
5.836419354838709950e+01
5.750249999999999773e+01
5.764898989898989612e+01
5.757544191919191690e+01
5.806548387096773922e+01
5.738322580645161253e+01
5.845878136200716568e+01
5.823297491039426177e+01
5.864646464646464352e+01
5.863612903225806150e+01
5.898843750000000341e+01
5.937997623291740723e+01
5.885838709677419445e+01
5.854884488448844593e+01
5.997702205882352899e+01
5.972309166400511060e+01
5.854399999999999693e+01
5.951518947698089335e+01
5.972697852309502764e+01
5.987581699346404918e+01
5.933879950495049371e+01
5.915410539215686470e+01
5.940037128712871350e+01
5.920067401960784537e+01
6.031134020618556946e+01
5.976140717520027579e+01
5.968552188552188653e+01
5.920516129032257879e+01
5.942263349514563231e+01
6.039675245098039369e+01
5.978434405940593876e+01
6.001670792079207928e+01
6.022652265226522417e+01
5.901660811242414439e+01
6.015006188118811536e+01
5.961385199240987021e+01
5.975000000000000000e+01
5.859066666666666379e+01
6.042093750000000085e+01
6.036021505376344010e+01
5.967892156862745168e+01
6.026918316831682887e+01
6.048452669902912504e+01
6.009962049335863554e+01
5.986219855934857748e+01
6.016676980198019464e+01
6.004269449715369689e+01
6.017698019801980536e+01
6.043156249999999829e+01
6.011606578115117117e+01
6.004362623762376217e+01
6.036378153944426828e+01
6.040434366017247214e+01
6.111977004152028314e+01
6.020824017885659885e+01
5.996600660066006583e+01
6.033660130718953951e+01
6.073729372937293647e+01
6.037760327756913625e+01
6.061885374256185344e+01
6.098646864686468660e+01
6.054640522875816799e+01
6.016034155597723299e+01
6.039901960784313673e+01
