9.105593749999999886e+01
9.111827956989247923e+01
9.112414467253177008e+01
9.142843137254901364e+01
9.096676441837732341e+01
9.086542847833170811e+01
9.082926034538937188e+01
9.140606060606060623e+01
9.075008145975887430e+01
9.039419354838709353e+01
9.094499999999999318e+01
9.108064516129032029e+01
9.118387096774193878e+01
9.112448275862068670e+01
9.104575378538511643e+01
9.050187499999999829e+01
9.053502769631802494e+01
9.073183447376996469e+01
9.107677419354838833e+01
9.104580645161290420e+01
9.122673267326732116e+01
9.116195286195285519e+01
9.121245791245790713e+01
9.118653198653198899e+01
9.078466666666666640e+01
9.093333333333333712e+01
9.081466666666666754e+01
9.102580645161290818e+01
9.084233333333332894e+01
9.040480708412397348e+01
9.080006387735548401e+01
9.082222222222222285e+01
9.056312499999999943e+01
9.048312500000000114e+01
9.051093749999999716e+01
9.115313531353135090e+01
9.079300000000000637e+01
9.108451178451178976e+01
9.099637919684002441e+01
9.057282502443793248e+01
9.100032258064516100e+01
9.109620689655172043e+01
9.141153470185727770e+01
9.073387096774193594e+01
9.030781249999999716e+01
9.016161290322580157e+01
9.114343434343435035e+01
9.128265306122449374e+01
9.102390572390572743e+01
9.105050505050505194e+01
9.135288367546432653e+01
9.061700000000000443e+01
9.015622895622895783e+01
9.105258064516128513e+01
9.076333333333333542e+01
9.087533333333333019e+01
9.076301501117853832e+01
9.114709677419354250e+01
9.091733333333333178e+01
9.120451612903225680e+01
9.095399999999999352e+01
9.158520690778755124e+01
9.104806451612903118e+01
9.091414141414141170e+01
9.085580645161290647e+01
9.090903225806451360e+01
9.078664963270520616e+01
9.025824915824915706e+01
9.153307266210491377e+01
9.104653679653679887e+01
9.115084175084174944e+01
9.135366666666666902e+01
9.080299999999999727e+01
9.158990737783456382e+01
9.050111785372085649e+01
9.185252525252525402e+01
9.110965517241379530e+01
9.135833333333333428e+01
9.126000000000000512e+01
9.082828282828282340e+01
9.134633333333333383e+01
9.214766666666666595e+01
9.039731715106994159e+01
9.074806451612903402e+01
9.089193548387096655e+01
9.055266666666666708e+01
9.085892255892255776e+01
9.085548387096774547e+01
9.088870967741935658e+01
9.087854785478548081e+01
9.032333333333333769e+01
9.117033333333333189e+01
9.086965517241378620e+01
9.088184818481848026e+01
9.036402640264026331e+01
9.084838709677418933e+01
9.129600000000000648e+01
9.076026936026936198e+01
9.131266666666667220e+01
9.090806451612903061e+01
9.095892255892255207e+01
9.099677419354839003e+01
9.193399339933993986e+01
9.121309872922776663e+01
9.200875420875421185e+01
9.124950625411455007e+01
9.150202020202020492e+01
9.060193548387097451e+01
9.118033333333333701e+01
9.156397306397306579e+01
9.157710437710437645e+01
9.119166666666666288e+01
9.169730639730639155e+01
9.070909090909090366e+01
9.067032258064516270e+01
9.133124346917450964e+01
9.121033333333333815e+01
9.106433333333333735e+01
9.113700000000000045e+01
9.063806451612903459e+01
9.073896551724138249e+01
9.061818181818182438e+01
9.036193548387096541e+01
9.122199999999999420e+01
9.121733333333332894e+01
9.159932659932660215e+01
9.124200000000000443e+01
9.118530128874957086e+01
9.069360269360269911e+01
9.112633333333333496e+01
9.096024763766699550e+01
9.087748452264581545e+01
9.130538720538720554e+01
9.077223851417399203e+01
9.142442244224422154e+01
9.087900000000000489e+01
9.042112211221122209e+01
9.078600000000000136e+01
9.083200255509422050e+01
9.047293729372937321e+01
9.118989898989899245e+01
9.084911616161616621e+01
9.096580645161290590e+01
9.099548387096774604e+01
9.150266666666666993e+01
9.124983164983164841e+01
9.109730639730639723e+01
9.098838709677418990e+01
9.066666666666667140e+01
9.091483870967742575e+01
9.059199999999999875e+01
9.083535353535353352e+01
9.017788778877887523e+01
9.008463749600765880e+01
9.167800687285223660e+01
9.092758620689654947e+01
9.128054740957966828e+01
9.045612903225806178e+01
9.079580645161290420e+01
9.125382860866731960e+01
9.074521452145214084e+01
9.113793103448276156e+01
9.040849568827850646e+01
9.121941871606514951e+01
9.063387096774194163e+01
9.059629629629630188e+01
9.063569023569023386e+01
9.065723905723905318e+01
9.069806451612903686e+01
9.069645161290323188e+01
9.073193548387096996e+01
9.052666666666667084e+01
9.038677738741615997e+01
9.118051482567611288e+01
9.105866666666666731e+01
9.018811881188118207e+01
9.114693877551020762e+01
9.124568263277940616e+01
9.155383532723433859e+01
9.128909787530477615e+01
9.161178451178450644e+01
9.132864899393165103e+01
9.128233333333332666e+01
9.120466666666666811e+01
9.088184818481848026e+01
9.131166666666666742e+01
9.093135313531352892e+01
9.043075920495275000e+01
9.113232323232323040e+01
9.126026936026936198e+01
9.132154882154881648e+01
9.151938742261323512e+01
9.136531986531986149e+01
9.131313131313130782e+01
9.142929292929292728e+01
9.069343750000000171e+01
9.060891089108910990e+01
9.111958292603453913e+01
9.100700000000000500e+01
9.061386138613860908e+01
9.104789833822091794e+01
9.102055033089516201e+01
9.098866666666665992e+01
9.064843750000000000e+01
9.103199999999999648e+01
9.105200000000000671e+01
9.060594059405940470e+01
9.153413793103447915e+01
9.062343234323432739e+01
9.106766666666666765e+01
9.112328329607154842e+01
9.102400000000000091e+01
9.062218749999999545e+01
9.149983708048223718e+01
9.077833333333333599e+01
9.086133333333333439e+01
9.138057999348322369e+01
9.042874999999999375e+01
9.029222011385199664e+01
9.123030303030303401e+01
9.086433333333333451e+01
9.090466666666667095e+01
9.021967741935483787e+01
9.139562289562289266e+01
9.058316831683168857e+01
9.082266666666666310e+01
8.994733333333333292e+01
9.144172413793103260e+01
9.062741935483870748e+01
9.133131313131313789e+01
9.097299999999999898e+01
9.098933333333333451e+01
9.050656250000000114e+01
9.088843537414966534e+01
9.118956228956228927e+01
9.044793103448276383e+01
9.044838709677419786e+01
9.002506188118812247e+01
9.037340067340066696e+01
9.033985011404365650e+01
9.029162593678722715e+01
9.040306288693385284e+01
9.139285714285713880e+01
9.085741935483871146e+01
8.953766666666666652e+01
9.002937293729372925e+01
8.947695459201092660e+01
8.898151815181518032e+01
8.924475997295469654e+01
8.988580858085808245e+01
8.908052805280527764e+01
8.958484124274495741e+01
9.034622082897945461e+01
9.058700000000000330e+01
9.001952861952861440e+01
9.023413793103448199e+01
9.053366666666666163e+01
9.055590386624869836e+01
9.137414965986394577e+01
9.038877887788778764e+01
9.097811447811447749e+01
9.069871125043539450e+01
9.008931034482758093e+01
9.004862068965516642e+01
9.011793103448276554e+01
9.124242424242424931e+01
9.109887403237156889e+01
9.024950495049505150e+01
9.081645161290322221e+01
9.005775577557756151e+01
9.067821782178218371e+01
9.081225806451612925e+01
9.032946398088084550e+01
9.048993931651229161e+01
8.998976897689769316e+01
9.045663531870428642e+01
8.964132864899393383e+01
9.052899999999999636e+01
8.966266666666666652e+01
9.012640264026403258e+01
9.051766666666667049e+01
9.063366666666667015e+01
9.023379310344827786e+01
9.009042904290429021e+01
8.962280421590546098e+01
9.019629629629629619e+01
8.989869281045751848e+01
9.004410774410774820e+01
9.081566666666667231e+01
8.922145214521452772e+01
9.086837121212121815e+01
8.966599999999999682e+01
8.984568111983611516e+01
9.078533333333332678e+01
9.114040404040403587e+01
9.098322580645161395e+01
9.070163398692810119e+01
9.075903225806452213e+01
9.079166666666667140e+01
9.118653198653198899e+01
8.930957095709571547e+01
9.058794845001742146e+01
9.035931034482759117e+01
8.962823379112104760e+01
9.048867990247300952e+01
9.102638986629133910e+01
8.991290322580644556e+01
9.054231974921630410e+01
8.915478547854785063e+01
8.958066666666667288e+01
9.052966666666667095e+01
8.966368572341104937e+01
8.995757575757575353e+01
9.059665621734586693e+01
8.969833333333333769e+01
9.003737373737374128e+01
9.080006966213862540e+01
8.992806451612902663e+01
9.074099999999999966e+01
8.975928571428570990e+01
9.001683501683501731e+01
9.079600000000000648e+01
9.011144781144781746e+01
9.009741935483870634e+01
9.076233333333333064e+01
9.077466666666666129e+01
9.078091257401602832e+01
9.069453152211772817e+01
9.116632996632996822e+01
8.963566666666666549e+01
8.980599999999999739e+01
9.020096774193548583e+01
8.981119836121543187e+01
8.916935483870967971e+01
9.010170672239637213e+01
9.061462585034013273e+01
8.964965517241378734e+01
9.046793103448275986e+01
9.042413793103447972e+01
9.021433333333332882e+01
9.012666439057699108e+01
9.055242786769881036e+01
9.073413793103448199e+01
9.037166666666666970e+01
9.014866666666667072e+01
9.040766666666667106e+01
8.983206896551723730e+01
9.071897546897547215e+01
9.048689655172414348e+01
9.040699999999999648e+01
9.064502164502164305e+01
9.083455242075932290e+01
9.021952884943667073e+01
9.055793103448276327e+01
9.108394287704632575e+01
9.039225806451612755e+01
9.118551724137931558e+01
8.999166666666666003e+01
9.077571428571428669e+01
9.038212526389865786e+01
9.091013584117033020e+01
9.089794496691048664e+01
9.068621700879765513e+01
9.011313131313131919e+01
9.013569023569023386e+01
9.028310344827586675e+01
9.025925925925925242e+01
9.063299319727890691e+01
8.970488661769402938e+01
8.979166666666667140e+01
9.010235690235690242e+01
9.019931034482758037e+01
9.024655172413793025e+01
9.004646464646464210e+01
8.982066666666666777e+01
9.058503401360543705e+01
9.014300000000000068e+01
9.026875901875901320e+01
9.065233333333333121e+01
8.994483870967741268e+01
8.973499999999999943e+01
9.029689754689754011e+01
9.021103448275862036e+01
9.020129032258064683e+01
9.001946056674633212e+01
8.973960396039603893e+01
9.035656565656564965e+01
9.056034482758620641e+01
9.053366336633663991e+01
9.008799999999999386e+01
9.028354838709677210e+01
9.060655172413792968e+01
9.046862068965516812e+01
8.997599999999999909e+01
9.083385579937304044e+01
9.088296760710554167e+01
8.906138427810836333e+01
8.971501014198783253e+01
8.976633333333333553e+01
9.040066006600659421e+01
8.998975759644929440e+01
9.014950495049504298e+01
8.988087774294670851e+01
9.011266643905770479e+01
8.953366336633663991e+01
9.044323432343234970e+01
8.996486745448738986e+01
8.947343453510436007e+01
9.028967741935484526e+01
8.917941176470587550e+01
9.001437240498243852e+01
8.954901960784313530e+01
8.998066666666666436e+01
8.995966666666666356e+01
9.051279461279460747e+01
8.997644247183339417e+01
9.030413793103448938e+01
9.023265993265992790e+01
9.093625914315569503e+01
9.016100000000000136e+01
9.034521452145214937e+01
9.070429042904289929e+01
9.054612794612795312e+01
9.065344827586207543e+01
9.063729372937294215e+01
9.055925925925926379e+01
9.074517241379309951e+01
9.099500000000000455e+01
9.093103448275861922e+01
9.050733333333333519e+01
8.979999999999999716e+01
9.055555555555555713e+01
8.986193548387096541e+01
8.959867986798680306e+01
8.999680613222612635e+01
9.032020202020201793e+01
8.990833599488981065e+01
9.040482758620689197e+01
8.958052805280527764e+01
8.996733333333332894e+01
9.031806451612902720e+01
8.988246566592142983e+01
8.998562091503268334e+01
9.029266666666666197e+01
9.053630363036303663e+01
8.972178217821782198e+01
8.984099999999999397e+01
9.041758620689655856e+01
9.042319749216301261e+01
8.997318007662835271e+01
8.972143340094658015e+01
9.001206896551724412e+01
9.040759075907590159e+01
8.951551155115511449e+01
9.035701846046673325e+01
9.004827586206896228e+01
8.998000000000000398e+01
9.009021246952281103e+01
9.039000000000000057e+01
8.987857142857143344e+01
8.948282828282827950e+01
8.990999999999999659e+01
9.033290322580644727e+01
9.032258064516129537e+01
9.075541125541126064e+01
9.045168999658586984e+01
8.987133333333333951e+01
9.049241379310345224e+01
8.976333333333333542e+01
8.997575964493000811e+01
9.107836990595610871e+01
9.028484848484848158e+01
9.001194947080915654e+01
8.987099999999999511e+01
8.975866666666667015e+01
9.016129032258064058e+01
9.075933333333333053e+01
9.020354838709677381e+01
8.990610028744809767e+01
8.973267326732673155e+01
9.002200000000000557e+01
8.991312679655062823e+01
8.987433333333333962e+01
9.019595959595959300e+01
9.017912457912457569e+01
9.011598746081504885e+01
8.975950175662727304e+01
9.028068965517240940e+01
8.937854785478548081e+01
9.024137931034482563e+01
8.977800000000000580e+01
8.978114478114477492e+01
9.030790665273423201e+01
8.989103448275862718e+01
8.981034482758620641e+01
8.973223082336383527e+01
9.035945663531870764e+01
8.968552188552187943e+01
8.991068965517241907e+01
9.001399999999999579e+01
9.039464285714285552e+01
8.988500000000000512e+01
9.021919191919191405e+01
8.986072607260726386e+01
9.031321428571428100e+01
9.020666666666666345e+01
8.975586206896551289e+01
8.969259259259258954e+01
8.985793103448276042e+01
9.021851851851852189e+01
8.974689655172413438e+01
8.967965517241378848e+01
9.032096774193549038e+01
8.980172413793103203e+01
9.025499999999999545e+01
9.023650296064089105e+01
8.991793103448276270e+01
8.976451612903225907e+01
8.983501683501683033e+01
8.928956228956228358e+01
9.080084447572131978e+01
9.020476190476190936e+01
8.979966996699670290e+01
8.965757575757575637e+01
9.016466666666666185e+01
8.984666666666666401e+01
9.069360269360269911e+01
9.019466666666666299e+01
9.026933333333333564e+01
9.071346801346801669e+01
8.935933333333333906e+01
8.975555555555555998e+01
9.001413793103448313e+01
9.002376237623762734e+01
8.996765676567656556e+01
8.989032258064516157e+01
8.946963946869070128e+01
9.007628676470588402e+01
8.945326797385621376e+01
9.070168350168350457e+01
8.995266666666667277e+01
9.001600000000000534e+01
8.948674544873841796e+01
8.992838709677418763e+01
8.942478441392526634e+01
8.995973597359736118e+01
9.033700000000000330e+01
9.003168316831683171e+01
9.047285763059063868e+01
9.012900000000000489e+01
9.009366666666666390e+01
9.057912457912458137e+01
9.000063877355476905e+01
9.029633333333333667e+01
8.982970297029703488e+01
8.988844884488449338e+01
8.982433333333332826e+01
8.978465346534653690e+01
9.051533333333333076e+01
9.022233333333333860e+01
8.983225806451612527e+01
9.000172413793103487e+01
9.002607260726072980e+01
8.987326732673267315e+01
8.995758620689655061e+01
9.015999999999999659e+01
9.022389013094857546e+01
9.040600000000000591e+01
9.001433333333334019e+01
9.004827586206896228e+01
8.970877432570843268e+01
9.024896551724137339e+01
9.074659863945578309e+01
8.955892686042797379e+01
9.008118811881188037e+01
9.014818481848185172e+01
9.034755889382041971e+01
9.015808580858086430e+01
9.004983498349834292e+01
8.967634004779787915e+01
8.949664643883743054e+01
9.023827586206896001e+01
9.023379310344827786e+01
9.018620689655172384e+01
8.976094276094275415e+01
9.042900608519269667e+01
8.952066666666667061e+01
9.013432343234323696e+01
8.909834983498349459e+01
9.007689768976898392e+01
9.038299999999999557e+01
9.046333333333333826e+01
9.043333333333333712e+01
9.086262626262626441e+01
8.921782178217821979e+01
8.985551724137931728e+01
8.995548387096773979e+01
8.923858192270840561e+01
8.935366666666666902e+01
9.020593027044640166e+01
8.990965517241379246e+01
8.975286195286194868e+01
8.973612903225806292e+01
8.986448275862069579e+01
8.963387096774194163e+01
9.001365653806759326e+01
8.967586206896551460e+01
9.015477354187031267e+01
8.920575495049504866e+01
8.906486855582109285e+01
8.966806451612903572e+01
8.992249914646636455e+01
8.867260726072606758e+01
8.937384772960054136e+01
8.941172413793103146e+01
8.949862068965516926e+01
8.951178451178451212e+01
8.984900000000000375e+01
8.943399339933993986e+01
9.008787878787879322e+01
8.898333333333333428e+01
8.926161616161616053e+01
8.878832365995219789e+01
8.959499999999999886e+01
8.937034482758620868e+01
9.037000000000000455e+01
8.928103448275862775e+01
8.969233333333333746e+01
9.002706270627062679e+01
8.869411764705881751e+01
8.912517241379310917e+01
8.966800000000000637e+01
8.973566666666665981e+01
8.916060606060605664e+01
8.952233333333333576e+01
9.017441077441077368e+01
8.926831683168316545e+01
8.859374001916320651e+01
8.934448275862068556e+01
8.949645161290322903e+01
8.977166666666666117e+01
8.877195784094539022e+01
8.949042904290429590e+01
8.888327205882353610e+01
8.869966996699669437e+01
8.929774193548387018e+01
9.000940438871472793e+01
8.958613861386137955e+01
8.935676567656766167e+01
8.923993399339933319e+01
8.965933333333333621e+01
8.895884900990098743e+01
8.920924092409241268e+01
8.966137931034482733e+01
8.928547854785477966e+01
8.989595959595959584e+01
