8.169259049773755521e+01
8.277184466019417641e+01
8.201456310679611761e+01
8.149218750000000000e+01
8.201725997842503091e+01
8.158252427184466171e+01
8.231151178918169364e+01
8.239500693481275562e+01
8.039730639730639439e+01
8.209752747252747440e+01
8.306372549019607732e+01
8.207582417582418088e+01
8.241608876560333385e+01
8.239445214979195953e+01
8.227905686546463926e+01
7.940000000000000568e+01
8.075084175084174376e+01
7.961081402257872242e+01
7.960212121212121872e+01
8.152213162492719789e+01
8.189078907890788628e+01
8.122060606060605892e+01
8.118969696969696770e+01
8.120303030303030312e+01
8.219818181818182268e+01
8.194917929292928704e+01
8.212886440159167023e+01
8.153812499999999375e+01
8.110606060606060908e+01
8.180366161616161946e+01
8.172848484848485384e+01
8.163042186571598791e+01
8.163393939393940002e+01
8.205417814508723495e+01
8.133123312331233024e+01
8.088582920792079278e+01
8.062545454545454504e+01
8.229911764705882149e+01
8.055934343434343248e+01
8.116287878787878185e+01
8.041545454545455129e+01
8.136181818181817960e+01
8.097000306091214838e+01
8.150515151515151047e+01
8.135323826500297173e+01
8.022441176470587720e+01
8.057912457912458137e+01
8.094918885827976851e+01
8.134503450345034992e+01
8.097122742577288079e+01
8.115211521152114926e+01
8.181217239370995742e+01
8.080090909090908724e+01
8.129782675237220246e+01
8.264176470588235190e+01
8.278800232964472627e+01
8.180392156862744457e+01
8.157777068029383827e+01
8.079558920342330453e+01
8.221096774193549095e+01
8.146171617161715517e+01
8.234468750000000625e+01
8.248961992973491419e+01
8.265538166719898072e+01
8.227802294792586224e+01
8.332215357458075289e+01
8.211279761904762609e+01
8.409473374521918743e+01
8.384645432692308020e+01
8.343422619047619548e+01
8.341875901875901889e+01
8.394665012406947824e+01
8.487767486426062646e+01
8.322271256251838167e+01
8.353569388920617200e+01
8.323986928104575611e+01
8.257133333333332814e+01
8.239900000000000091e+01
8.232160194174757351e+01
8.165945790080738220e+01
8.103510351035103554e+01
8.015363636363636601e+01
8.014210832847990673e+01
8.138387096774194163e+01
8.128805693069307381e+01
8.176927470017133714e+01
8.076406249999999432e+01
8.102579750346740184e+01
8.041234711706464111e+01
8.123757852655624845e+01
8.024234693877551194e+01
8.071720297029702351e+01
8.109851513420902336e+01
8.091620879120878840e+01
8.053575757575757166e+01
7.924828934506354017e+01
8.093858131487888841e+01
8.141295306001188692e+01
8.120028011204482254e+01
8.126047156726768605e+01
8.117086834733893852e+01
8.055690235690235568e+01
8.129439775910364574e+01
8.091625936787227147e+01
8.109557823129252085e+01
8.200644257703081053e+01
8.087710437710437361e+01
8.178502080443827538e+01
8.096498599439776456e+01
8.152832244008715179e+01
8.162678469446031215e+01
8.143608414239481874e+01
8.171588235294117908e+01
8.085205882352941842e+01
8.126282628262826790e+01
8.145624999999999716e+01
8.184438280166435220e+01
8.191206657420249826e+01
8.139607843137254406e+01
8.253641456582633396e+01
8.164677601809954410e+01
8.197967032967032708e+01
8.209284890426758352e+01
8.114181818181818073e+01
8.236310679611651153e+01
8.113933333333334019e+01
8.223737373737374412e+01
8.134562499999999829e+01
8.159822958309537455e+01
8.222133095662506719e+01
8.126546717171717660e+01
8.219651965196518972e+01
8.185322952710495770e+01
8.219441176470587607e+01
8.140202020202019639e+01
8.106755050505050519e+01
8.208281250000000284e+01
8.209205882352941330e+01
8.183570544554454784e+01
8.184870049504949918e+01
8.203832442067735542e+01
8.149965986394558115e+01
8.174950625411455007e+01
8.162226066897346755e+01
8.206001188354129283e+01
8.167329873125720496e+01
8.193196672608436870e+01
8.183214497920380381e+01
8.214731473147314489e+01
8.147484554280670466e+01
8.193548387096774377e+01
8.191948900772430875e+01
8.179590017825312032e+01
8.171727272727272862e+01
8.213946869070208834e+01
8.203855755894591084e+01
8.197204426324985604e+01
8.132263814616756292e+01
8.130629827688650835e+01
8.158964646464646364e+01
8.164302191464821590e+01
8.208968749999999659e+01
8.203386809269161972e+01
8.193820558526441289e+01
8.114612794612794744e+01
8.180915395284327474e+01
8.141258503401360258e+01
8.173885918003564655e+01
8.197848484848485384e+01
8.162329174093879658e+01
8.200032258064516100e+01
8.194832920792079278e+01
8.186707035755478046e+01
8.264229691876751360e+01
8.249071782178218371e+01
8.292049204920492400e+01
8.238553855385538327e+01
8.186468750000000227e+01
8.301866666666666106e+01
8.352531249999999829e+01
8.485808580858085293e+01
8.901740259740259376e+01
8.907224508459076162e+01
8.891008403361344392e+01
8.931845238095237960e+01
8.538109756097560421e+01
8.339781328847770681e+01
8.425946643717728080e+01
8.305650406504065586e+01
8.566350496838302320e+01
8.580678268630076388e+01
8.620682926829267956e+01
8.620456802383316131e+01
8.585800344234078807e+01
nan
8.559338235294117680e+01
8.573027027027026747e+01
9.225795918367346360e+01
8.427626303127506446e+01
9.101719833564493456e+01
6.659072164948453576e+01
6.490511204481792618e+01
7.094912280701754526e+01
6.543235071806500969e+01
6.726804123711340822e+01
6.840668325630998936e+01
6.680859106529209157e+01
6.887628865979381487e+01
6.534587251828631338e+01
8.690872210953347121e+01
6.385933765790372263e+01
8.369249492900608800e+01
8.192610837438424198e+01
8.319325396825396979e+01
8.389920634920635223e+01
8.231568627450980102e+01
8.237558139534883139e+01
8.242784313725489653e+01
8.255213464696223014e+01
8.368596059113301067e+01
8.288015873015872614e+01
8.371507936507936165e+01
8.243230897009966895e+01
8.471395348837209838e+01
6.450046977763858536e+01
8.430021786492375213e+01
6.613435374149659651e+01
6.631619290961354807e+01
6.415987055016181273e+01
6.384873949579831987e+01
8.363403361344538212e+01
6.362058823529411455e+01
6.542356902356902992e+01
8.246199480904708423e+01
6.611437908496732518e+01
6.502109139604954180e+01
6.584589460784313530e+01
6.804278074866310533e+01
6.981787330316741702e+01
6.950952380952381304e+01
8.234634551495017263e+01
8.321379310344828184e+01
6.601993464052287663e+01
6.637916666666666288e+01
8.360079365079364777e+01
6.654995302223613862e+01
8.258953488372092977e+01
8.369663382594417556e+01
8.362134251290878240e+01
8.262758620689655231e+01
8.287315270935960143e+01
8.284948979591837315e+01
8.212817460317459961e+01
8.268117647058824105e+01
8.207607843137255088e+01
8.084523809523810201e+01
6.693021844660194120e+01
8.044629409433214562e+01
8.237596899224806180e+01
7.989496459480723445e+01
6.793923418423973715e+01
7.009511661807580651e+01
6.983639455782312666e+01
6.875946969696970257e+01
6.844652061855670411e+01
7.104864690721649367e+01
6.869738520408162685e+01
6.818169848584595627e+01
7.160164141414141170e+01
7.230238970588234793e+01
6.771231073074390849e+01
8.543372549019608186e+01
7.126692708333332860e+01
9.231519109820996505e+01
8.417605442176871122e+01
8.731378600823045133e+01
8.306641366223908562e+01
8.334894346087949657e+01
8.391820728291315845e+01
8.234037692747001813e+01
8.203327391562685023e+01
8.274321266968325972e+01
8.140710131619222523e+01
8.176206683168317113e+01
8.084777227722771897e+01
8.173068050749711233e+01
8.211853832442068324e+01
8.142574257425742701e+01
8.142812499999999432e+01
8.093244030285381996e+01
8.164181818181818073e+01
8.118841884188418589e+01
8.151212121212121531e+01
8.139139851485148824e+01
8.093459345934593330e+01
8.191818181818182154e+01
8.156610366919045418e+01
8.181103253182460833e+01
8.117414094350611720e+01
8.126911764705882035e+01
8.075097509750975178e+01
8.100291205591148014e+01
8.105270821199766829e+01
8.154723707664884103e+01
8.221568627450980671e+01
