7.881343713956171371e+01
7.892968520152986400e+01
7.884589460784313530e+01
7.968997524752475670e+01
8.040379901960784537e+01
7.957706310679611761e+01
8.097887788778878360e+01
8.061726190476190368e+01
8.023542183622828361e+01
8.042599067599067553e+01
8.060606060606060908e+01
8.010489510489510678e+01
7.976304611650485299e+01
8.004195804195803987e+01
8.000403225806451246e+01
8.015716019417475025e+01
8.003185679611650016e+01
8.020509708737864685e+01
7.977313701923077360e+01
7.980947712418300455e+01
7.978549757281552957e+01
7.921766363921076959e+01
7.963472485768501485e+01
8.024428437206388764e+01
7.982038834951455897e+01
7.944301470588234793e+01
7.905648720211827651e+01
7.951218062982768231e+01
7.920496323529411598e+01
7.918627450980392268e+01
8.000030003000300383e+01
7.984671962341865026e+01
7.973988970588234793e+01
7.984957107843136725e+01
7.888731979994115306e+01
7.933161407766989726e+01
7.943596295113381700e+01
7.913042186571598791e+01
7.915686274509803866e+01
7.911111111111111427e+01
7.856495098039215463e+01
7.947614761476147294e+01
7.941156250000000227e+01
7.948814881488148387e+01
7.979331683168317113e+01
7.902366504854369111e+01
7.843351715686274872e+01
7.930147058823528994e+01
7.962033333333333474e+01
7.938361796331436437e+01
7.971833333333333371e+01
7.873072529982866286e+01
8.005012376237623073e+01
7.913149752475247567e+01
7.874724264705882604e+01
7.917048267326732969e+01
7.909375000000000000e+01
7.938082107843136725e+01
7.966212871287129360e+01
7.961764705882353610e+01
7.909870987098709350e+01
7.903492647058823195e+01
7.953416518122401158e+01
8.002970297029702351e+01
7.939096850861557186e+01
7.976147614761475779e+01
7.933986928104575043e+01
7.960999999999999943e+01
7.923886138613860908e+01
8.020454545454545325e+01
7.926114081996435345e+01
7.963106796116504427e+01
7.940463458110517081e+01
7.918502475247524330e+01
7.980198019801980536e+01
7.883578431372548323e+01
7.930095068330362551e+01
7.934046345811051992e+01
7.894550173010379979e+01
7.922080443828016882e+01
7.963163906339234188e+01
7.969996999699969820e+01
7.906740196078430927e+01
7.935888294711824642e+01
7.941651812240047548e+01
7.935323826500297173e+01
7.776092233009708821e+01
7.890993292877675458e+01
7.776699029126213247e+01
7.891329656862744457e+01
7.945365418894830611e+01
7.885988598859886167e+01
7.930629827688650835e+01
7.933681214421253003e+01
7.853683609366076723e+01
7.913597359735973669e+01
7.899938118811881793e+01
7.917264851485148824e+01
7.878492647058823195e+01
7.826825495049504866e+01
7.817638221153846700e+01
7.801879110554337160e+01
7.877910539215686470e+01
7.939828431372548323e+01
8.097339108910891525e+01
8.057202171830086002e+01
8.002915632754341857e+01
8.042574257425742701e+01
7.976685049019607732e+01
7.918785578747628051e+01
7.957585435962951692e+01
7.830508973227419744e+01
7.908731617647059409e+01
8.021750239540082816e+01
8.007888853401469476e+01
7.954581310679611761e+01
7.924540441176471006e+01
7.976351752822341723e+01
7.893453510436432907e+01
7.983870967741935942e+01
8.024592781858831358e+01
7.953624480095068350e+01
8.023205445544554948e+01
7.938211633663365774e+01
7.979626225490196134e+01
7.940701128936423459e+01
7.943285799168151584e+01
7.976011029411765207e+01
7.972334558823528994e+01
8.000677419354838094e+01
7.973866421568627061e+01
7.961801341424464340e+01
8.002245414294749537e+01
7.977623762376236982e+01
7.971872887085868342e+01
7.946507352941176805e+01
7.931151170145477636e+01
7.991312679655062823e+01
8.012902227722771897e+01
7.937557755775577562e+01
7.977908496732025867e+01
7.999603960396039781e+01
7.988235294117646390e+01
7.982875816993464468e+01
8.054391568189076622e+01
8.025612745098038658e+01
7.948323219418716690e+01
7.968533415841584144e+01
7.984788108791903483e+01
8.005525846702317949e+01
7.973567356735674139e+01
7.959794403198172574e+01
8.005258467023172386e+01
7.971344513092086004e+01
8.052750809061488724e+01
8.047513974698441075e+01
8.027128987517336611e+01
8.109428418803419447e+01
7.948332464825429611e+01
7.317749731471535313e+01
7.313236060448150511e+01
8.092510893246186754e+01
0.000000000000000000e+00
9.163461993843239384e+01
0.000000000000000000e+00
0.000000000000000000e+00
0.000000000000000000e+00
0.000000000000000000e+00
9.168224299065420269e+01
9.338769092542678152e+01
9.111322115384615472e+01
9.201988976755332317e+01
8.999302962409758777e+01
9.159853479853479996e+01
9.083009708737864685e+01
8.912356189599631762e+01
7.817403628117914138e+01
8.400236842105263690e+01
8.347462606837606813e+01
8.392122052704577584e+01
8.311909476661952567e+01
8.390921945701357743e+01
8.153850385038504101e+01
