8.750980392156863275e+01
8.216476299257567462e+01
8.287462863933451729e+01
8.541704374057314908e+01
8.755069344811094822e+01
8.750785945446139635e+01
8.877164036346245268e+01
8.608344266596694183e+01
8.622049772544822588e+01
8.575128998968008887e+01
8.119012944983818159e+01
8.006701599558742544e+01
8.290513264129181437e+01
8.733909542978925344e+01
8.274397759103641192e+01
8.074725274725274460e+01
7.976737967914438343e+01
8.243529411764706083e+01
8.710898058252426779e+01
8.233568696675493470e+01
8.304582743988684967e+01
7.925862998921250835e+01
7.997658480868075515e+01
7.984537815126050475e+01
8.118055555555555713e+01
7.852149791955616820e+01
7.898754636989930589e+01
8.008995756718529435e+01
7.998529411764705799e+01
8.185238095238095468e+01
7.963783160322952881e+01
7.913263574660633992e+01
8.350789760348584423e+01
8.257280139778683292e+01
8.280577636459989321e+01
8.368123249299719646e+01
8.079874727668845935e+01
8.234041933605125507e+01
8.315921945701357743e+01
8.107932692307691980e+01
8.406290849673202104e+01
8.318379120879120592e+01
8.431125071387778291e+01
8.287415158371040036e+01
8.253598901098901308e+01
8.364604715672676605e+01
8.128537360890301500e+01
8.346407766990290611e+01
8.648039215686274872e+01
8.608075335397316508e+01
8.578817092235539121e+01
8.555121951219511800e+01
8.653900000000000148e+01
8.301260504201680135e+01
8.557491201608848996e+01
8.328488210818308346e+01
8.253082579185520729e+01
8.101868131868131684e+01
8.316027210884354304e+01
8.282918552036198889e+01
8.391884531590413587e+01
8.313104251601630779e+01
8.177793493635077482e+01
8.347358490566037403e+01
8.315705311250714260e+01
7.980017301038061817e+01
7.976262626262625588e+01
7.993826441467676602e+01
8.087041351193943228e+01
8.163936393639363587e+01
8.014596888260254559e+01
7.946972318339099672e+01
8.207091249665506894e+01
8.259607843137254690e+01
8.288571428571428612e+01
8.362735294117646845e+01
8.277017701770176927e+01
8.370329670329670080e+01
8.255070118662351319e+01
8.409680182752713051e+01
8.186965811965812634e+01
8.205795847750864880e+01
8.211428571428571388e+01
8.022576252723311541e+01
8.159828571428570854e+01
8.261591880341880767e+01
8.165323529411764980e+01
8.144801980198019464e+01
8.136393345216875161e+01
8.161444379732090226e+01
8.296568627450980671e+01
8.318389780154485891e+01
8.306881781838949053e+01
8.342185697808535849e+01
8.259075630252101519e+01
8.366205882352940648e+01
8.251182618261826462e+01
8.198626373626373720e+01
8.309230769230769909e+01
8.238823529411764923e+01
8.401176470588235645e+01
8.101140114011401749e+01
8.105941176470588516e+01
8.153873626373626848e+01
8.198637820512820440e+01
8.136633663366336577e+01
8.192717086834733209e+01
8.255087440381558395e+01
8.075457275457274875e+01
7.940990990990991349e+01
8.157004160887656496e+01
8.184011544011544004e+01
7.948223645894000811e+01
7.896197266785502222e+01
7.953905390539054565e+01
8.043998811645870717e+01
7.778748558246827827e+01
7.872333804809052538e+01
8.001876750700280638e+01
7.993736383442265492e+01
8.061028571428570899e+01
8.059405940594059814e+01
7.911781076066790774e+01
7.848031249999999659e+01
7.935444177671068644e+01
7.921182118211821432e+01
7.916150990099009732e+01
7.926782981328436506e+01
7.914349376114081736e+01
7.922417091836734926e+01
7.830753075307531219e+01
7.977304292929292728e+01
8.002351485148514598e+01
7.938918597742127758e+01
7.998969696969696486e+01
8.016231623162316566e+01
8.031117647058823650e+01
7.936514285714285677e+01
7.994217687074829826e+01
8.000352941176470267e+01
8.129620991253644036e+01
8.043361344537815683e+01
8.055924036281179212e+01
8.088180827886709778e+01
8.184294871794871540e+01
8.133663366336634226e+01
8.364108910891089010e+01
8.529504373177842069e+01
8.590319031903190705e+01
8.534786450662738844e+01
8.443797195253506516e+01
8.197895010395009763e+01
8.051984126984126533e+01
7.886318631863186113e+01
7.678412995938769825e+01
7.757506443298969145e+01
7.693265306122448521e+01
7.778862973760932675e+01
7.965745692216280816e+01
7.786244800950683498e+01
7.912371428571428567e+01
8.046110590440487442e+01
7.752109328579916792e+01
8.138715486194477933e+01
8.020259740259740511e+01
7.963667603873788892e+01
7.952040816326530148e+01
8.076285714285714334e+01
8.161357850070722009e+01
8.154976550286608017e+01
8.133372160745486212e+01
8.157885714285714585e+01
8.197788697788698187e+01
8.343719243719243650e+01
8.225742574257425588e+01
8.541948717948717729e+01
8.295339805825243218e+01
8.416466346153846700e+01
8.074772835963653961e+01
7.885167464114832114e+01
8.092663476874002981e+01
8.064881850175967770e+01
7.805042213883677960e+01
8.076937937696209246e+01
7.856105610561056096e+01
8.075777943739109332e+01
8.060749506903353279e+01
8.057582073996873362e+01
8.105280606204119920e+01
8.210495932826029275e+01
7.933287369001654099e+01
7.884770408163265643e+01
7.941919470490898902e+01
7.904040674337703365e+01
8.125868421052631163e+01
8.125873786407767341e+01
8.092207139265963178e+01
8.156649792913023589e+01
8.024122807017543835e+01
8.061593137254901364e+01
8.045686274509803582e+01
8.043851214574898734e+01
8.041812400635930658e+01
8.083276699029126178e+01
8.146041666666666003e+01
8.191210526315789764e+01
8.256553147574818752e+01
8.172041420118343069e+01
8.078764705882352359e+01
8.308608360836083762e+01
8.324246361746361345e+01
8.306735294117646617e+01
8.386098901098901592e+01
8.422615648201028193e+01
8.364956495649565227e+01
8.385261669024045261e+01
8.269934640522875213e+01
8.392063492063492447e+01
8.305715811965812634e+01
8.190268741159830768e+01
8.256539120502570483e+01
8.121479500891265957e+01
8.086199095022624306e+01
8.232073207320732422e+01
8.197416666666666174e+01
8.288910891089109612e+01
8.087330447330447214e+01
8.096301688992429035e+01
7.958085714285714118e+01
8.209350649350649576e+01
8.196355685131194946e+01
8.182500000000000284e+01
8.094617647058824161e+01
8.234848484848484418e+01
8.224110787172011783e+01
8.124539512774806838e+01
8.140636363636363626e+01
8.042394533571004445e+01
8.050970873786407367e+01
8.133946251768034585e+01
8.103281471004243031e+01
7.864314285714286257e+01
8.115096038415366309e+01
8.151607034566403343e+01
8.107553041018387319e+01
8.057441176470588573e+01
8.149939393939393995e+01
7.981512090603000331e+01
8.163914656771800082e+01
8.034942857142857520e+01
8.102857142857142492e+01
7.953753501400559855e+01
8.030457637600494536e+01
8.098859543817526685e+01
8.183090909090908838e+01
8.079285714285714448e+01
8.023085714285714687e+01
8.076981940618304634e+01
8.071818181818181870e+01
8.052090909090908610e+01
8.191438555620267437e+01
8.109870550161812730e+01
8.107323529411765151e+01
8.176342857142857667e+01
8.206476530005942038e+01
8.107689950980392268e+01
8.094880847308031946e+01
8.199065934065933448e+01
8.109115426105717006e+01
8.121137309292649320e+01
7.999333333333333940e+01
8.105518207282912613e+01
7.964615855524947108e+01
8.056393897364770851e+01
8.033823529411765207e+01
8.071178918169209737e+01
8.114155739898313868e+01
8.015713507625272882e+01
8.259299719887955860e+01
8.193006802721087922e+01
8.125687499999999375e+01
7.936868686868686495e+01
8.140560224089635710e+01
7.875935828877005918e+01
7.994875682231655389e+01
8.092515592515592004e+01
8.100889967637540678e+01
7.766006600660065828e+01
8.179313929313929066e+01
8.090355060943296905e+01
8.054638888888888459e+01
7.945864864864864785e+01
8.029087503344929644e+01
7.970499999999999829e+01
7.814752186588921745e+01
7.877612761276127173e+01
7.881314285714285006e+01
7.948969696969696486e+01
7.876084373143196160e+01
8.162542087542087188e+01
8.105714285714286405e+01
8.184919028340081582e+01
8.242459514170040791e+01
8.148128898128898356e+01
8.125983648441491880e+01
8.043127235564639932e+01
8.143954248366013360e+01
8.336942992282797604e+01
8.085232498722534444e+01
8.071057465232222228e+01
8.435067873303167119e+01
8.381448438729992745e+01
8.142877358490565598e+01
7.903211131924003041e+01
8.212312530237058184e+01
7.836270848892208107e+01
8.079705882352941160e+01
8.453471118177000676e+01
8.028081854043392696e+01
7.992777777777777715e+01
8.364764150943396714e+01
8.066884373488147730e+01
7.999482570806100057e+01
8.133121693121692886e+01
8.068075996788867599e+01
8.118098311817279011e+01
8.155467552376086360e+01
8.204547777210015624e+01
8.201676528599605831e+01
8.161084142394821583e+01
8.233536585365853000e+01
8.133539731682147078e+01
8.192041606192549352e+01
8.044126819126819328e+01
8.050891891891892271e+01
8.119791666666667140e+01
8.143423423423423912e+01
8.172380952380952124e+01
8.109061569016881776e+01
8.326853883282140600e+01
8.114894179894180581e+01
8.043182957393483434e+01
8.239190476190476886e+01
8.198895536125172612e+01
8.294107495069033575e+01
8.351333333333333542e+01
8.143885448916408620e+01
8.032345085470085166e+01
8.068941176470588061e+01
8.318883495145631457e+01
8.119086538461537828e+01
8.012733887733887173e+01
8.038755304101839272e+01
8.171190130624093229e+01
8.273495058400719415e+01
8.125830959164292722e+01
7.893433827286662563e+01
7.926629680998613026e+01
8.031366943866943586e+01
8.159134615384616041e+01
8.267950513538748680e+01
8.357516339869280841e+01
8.310049855680924225e+01
8.209412955465586492e+01
8.061949685534591481e+01
8.142335206949412907e+01
8.198126232741617514e+01
8.239039345937659675e+01
8.072687787429740069e+01
8.231654135338345668e+01
8.376190476190475920e+01
8.237373481781376938e+01
8.330471636600738350e+01
8.199651567944250985e+01
8.216333333333332689e+01
8.237192982456140555e+01
7.530130130130130794e+01
8.455686813186812856e+01
8.575826330532213149e+01
8.361831501831501612e+01
8.299932870888342507e+01
8.405372405372405353e+01
8.342596153846153584e+01
8.230886850152904799e+01
8.353689320388349415e+01
8.400165094339622840e+01
8.217383177570093267e+01
8.429076425192930344e+01
8.252465483234713872e+01
8.265939849624059832e+01
8.246355140186915378e+01
8.120793650793650897e+01
8.139480519480520115e+01
8.093138219380226417e+01
8.154985754985754909e+01
8.158853410740202605e+01
8.261228070175438631e+01
8.170216962524655457e+01
8.210966735966735541e+01
8.214423076923077360e+01
8.099012474012474172e+01
8.331359223300971450e+01
8.395096153846154152e+01
8.165481373971940116e+01
8.143711018711019278e+01
8.172074603985691965e+01
8.070599950211600060e+01
8.174833333333333485e+01
8.293349271897413644e+01
8.154033018867924909e+01
8.145485175202156825e+01
8.106971428571428362e+01
8.245352564102563520e+01
8.308058608058608741e+01
8.107681324957167135e+01
8.212582630499201741e+01
8.134001068376068133e+01
8.198021978021978384e+01
8.164074074074073906e+01
8.209651669085631909e+01
8.178808099401749132e+01
8.222368742368742289e+01
8.327406869859700578e+01
8.307476635514018426e+01
8.082585470085470547e+01
8.200275689223057896e+01
8.286380952380952181e+01
8.382950058072009369e+01
8.196735829959514774e+01
8.370427709262661153e+01
8.202882205513785152e+01
8.211152882205513492e+01
8.136215538847118012e+01
8.291839250493096358e+01
8.121262699564586285e+01
8.511245954692556381e+01
8.205151024811219429e+01
8.254595238095238585e+01
8.340902964959568067e+01
8.049495798319327378e+01
8.199512195121951663e+01
8.092005958291956347e+01
8.147665094339622271e+01
8.634960552268245237e+01
8.439667565139262706e+01
8.459858673353087966e+01
8.448049886621315352e+01
8.495913931753966608e+01
8.260707502374168598e+01
8.291074950690335754e+01
8.235734008283479568e+01
8.140476190476189799e+01
8.117344528995013775e+01
8.080101495726495386e+01
8.213566683699539794e+01
8.163254716981131764e+01
8.206188362919132828e+01
8.227384615384615074e+01
8.181533018867924056e+01
8.210600961538462172e+01
8.175776699029125894e+01
8.217134610338493417e+01
7.996881091617933635e+01
8.171357142857142719e+01
8.014329423763386728e+01
8.399428104575163445e+01
8.170486111111111427e+01
8.484948717948718411e+01
8.470260602963719521e+01
8.557332652018395436e+01
8.643774038461538112e+01
8.513653754184601041e+01
8.274648217636023162e+01
8.268826945412311602e+01
8.233668730650154544e+01
8.175000000000000000e+01
8.153574950690335754e+01
8.087524654832347437e+01
8.240986617685646820e+01
8.214164799601692835e+01
8.358780841799709549e+01
8.307333333333333769e+01
8.289834881320949478e+01
8.246129656507015682e+01
8.483875739644970793e+01
8.307533539731682026e+01
8.216023970818135069e+01
8.256690476190476602e+01
8.509571428571427987e+01
8.425714990138067151e+01
8.287677125506073139e+01
8.549878640776698546e+01
8.508725961538461036e+01
8.571690476190475749e+01
8.338426162493612992e+01
8.480240384615385096e+01
8.215085884988798171e+01
8.434504357298474986e+01
8.378749337572867262e+01
8.032740021574973355e+01
8.476986887877977495e+01
8.490565098332088212e+01
8.511941391941391544e+01
8.384231805929918835e+01
8.566234347048300890e+01
8.481899038461538964e+01
8.385641969627243952e+01
8.558217338217338011e+01
8.439952380952381361e+01
8.189438787591758739e+01
8.242206040992448379e+01
8.014743589743589780e+01
8.322277617423247875e+01
8.287353091466530941e+01
8.214714285714285325e+01
8.321970839617898719e+01
8.284786283506399229e+01
8.331146680661244375e+01
8.195450896440995336e+01
8.176344916344916669e+01
8.322330097087377965e+01
8.141905940594060098e+01
8.197521716913642820e+01
8.106894934333958247e+01
8.388480713723431847e+01
8.002689793866264267e+01
8.327662957074721817e+01
8.000195360195360195e+01
7.935897435897436480e+01
8.254737335834896328e+01
8.068409260642270908e+01
8.149735576923076508e+01
8.038044662309367538e+01
7.942800788954635038e+01
8.300641025641026260e+01
7.921439708939709590e+01
8.178632478632478353e+01
8.162452830188679798e+01
8.067995283018868236e+01
8.526626213592233228e+01
8.376370035193563979e+01
8.368979398531848801e+01
8.415094339622640973e+01
8.479252782193958637e+01
8.297927053266859332e+01
8.193921568627450824e+01
8.149477447744774850e+01
8.170038259206121722e+01
8.454443866943867647e+01
8.379635108481262762e+01
8.148462783171521551e+01
8.207742914979756677e+01
8.385758835758835517e+01
8.333995760466348202e+01
8.208076923076923492e+01
8.249474969474970010e+01
8.422566255575964078e+01
8.359385113268608336e+01
8.288973647711512172e+01
8.320139407518048813e+01
8.449270405836753639e+01
8.136189320388349699e+01
8.134485294117646959e+01
8.123001012145749655e+01
8.172840428180234085e+01
8.107040957202025311e+01
8.080843195266271550e+01
8.310331339162448216e+01
8.260399797570849501e+01
8.284952380952381645e+01
8.315924748277689105e+01
8.188357588357588668e+01
8.183669405028628319e+01
8.092758796532380927e+01
8.224835164835164392e+01
8.300697037590241223e+01
8.367595818815331654e+01
8.340754437869821913e+01
8.280661764705882888e+01
8.409160997732426779e+01
8.356167800453515326e+01
8.274664602683178316e+01
8.217839068825911397e+01
8.401539190149182446e+01
8.172891986062717251e+01
8.296558012309094465e+01
8.396144018583042623e+01
