8.519770041520281723e+01
8.466421568627451677e+01
8.477562500000000512e+01
8.512666666666666515e+01
8.496960784313725412e+01
8.453164983164982971e+01
8.533601485148514598e+01
8.545895879910571580e+01
8.537821782178217234e+01
8.460488861386139092e+01
8.463451612903226362e+01
8.585032258064515531e+01
8.502660891089108475e+01
8.507212121212121758e+01
8.513118811881187753e+01
8.514665841584158557e+01
8.522679455445545216e+01
8.530693069306930454e+01
8.541862623762376927e+01
8.511580645161289738e+01
8.497150735294117396e+01
8.584589460784313530e+01
8.464349376114081736e+01
8.493999999999999773e+01
8.444809964867454255e+01
8.499309930993099726e+01
8.497119711971197376e+01
8.483818069306930454e+01
8.517534334078568747e+01
8.484096534653465937e+01
8.555012376237623073e+01
8.494479447944794970e+01
8.566645161290323074e+01
8.533879950495050082e+01
8.589225806451612755e+01
8.520884900990098743e+01
8.516986386138613341e+01
8.547077610986904972e+01
8.508818069306930454e+01
8.480507425742574412e+01
8.492852624920935511e+01
8.556467582242095204e+01
8.479636363636363683e+01
8.559853082082402409e+01
8.503612903225806008e+01
8.520466666666666811e+01
8.503930393039303226e+01
8.502580645161290818e+01
8.543007425742574412e+01
8.521410891089108475e+01
8.534375000000000000e+01
8.390645161290322562e+01
8.367678058128393559e+01
8.267356735673567414e+01
8.309581603321622367e+01
8.263683252427183845e+01
8.301260126012601859e+01
8.192109210921091744e+01
8.232636363636363797e+01
8.132798573975044576e+01
8.170657065706571132e+01
8.176930147058823195e+01
8.185736386138613341e+01
8.233873387338734062e+01
8.228737745098038658e+01
8.222187499999999716e+01
8.242124212421242646e+01
8.201701732673267031e+01
8.223612903225806292e+01
8.210081008100810607e+01
8.201140114011401749e+01
8.216531653165316129e+01
8.189062500000000000e+01
8.166031250000000341e+01
8.159483870967741836e+01
8.109960996099610497e+01
8.178858474082701946e+01
8.199062499999999432e+01
8.185234699940582459e+01
8.204585705249841965e+01
8.228329607154263670e+01
8.198829854522453786e+01
8.186937500000000512e+01
8.154939393939393710e+01
8.160148514851485402e+01
8.246476715686274872e+01
8.208096141682479185e+01
8.177625000000000455e+01
8.182263814616756292e+01
8.186656250000000057e+01
8.222742274227422854e+01
8.155445544554454784e+01
8.194281250000000227e+01
8.177610986905142454e+01
8.194490358126721219e+01
8.239046717171717660e+01
8.235283528352834992e+01
8.214343750000000455e+01
8.259885988598860251e+01
8.165315594059406124e+01
8.211562499999999432e+01
8.207569466624082111e+01
8.184684405940593876e+01
8.223677956030897462e+01
8.182090909090909747e+01
8.235264705882353553e+01
8.213784907902554266e+01
8.250483870967741495e+01
8.170363636363636317e+01
8.255902777777777146e+01
8.251396316102199080e+01
8.243761140819964339e+01
8.296180555555555713e+01
8.234382352941176464e+01
8.254337492572786061e+01
8.197379149679673560e+01
8.263696969696970029e+01
8.249257278669043103e+01
8.233993399339934172e+01
8.275284090909090651e+01
8.255205520552054566e+01
8.286521464646465063e+01
8.184251237623762165e+01
8.261679292929292728e+01
8.228001237623762165e+01
8.262752525252524549e+01
8.259181818181818358e+01
8.219249999999999545e+01
8.223030303030303401e+01
8.281775990099009732e+01
8.225968749999999829e+01
8.222218750000000398e+01
8.211264156718702623e+01
8.158561444379732563e+01
8.180393939393938751e+01
8.204852941176470438e+01
8.196733333333332894e+01
8.196870009581603256e+01
8.232218749999999829e+01
8.224187499999999318e+01
8.148244824482448223e+01
8.154545454545454675e+01
8.181868811881187753e+01
8.185555555555555429e+01
8.178630050505050519e+01
8.183902906419673684e+01
8.153345334533453581e+01
8.164164803577132545e+01
8.185404024273394441e+01
8.164566456645664516e+01
8.210443947620568395e+01
8.162840346534653690e+01
8.196656249999999488e+01
8.168272727272727707e+01
8.191812500000000341e+01
8.189151515151515071e+01
8.196218749999999886e+01
8.170730198019802515e+01
8.185055693069307381e+01
8.186355198019802515e+01
8.150975097509750356e+01
8.240234023402339858e+01
8.165501237623762165e+01
8.224021464646465063e+01
8.140972222222222854e+01
8.144727272727273260e+01
8.182644628099173190e+01
8.137909090909090537e+01
8.126972697269727064e+01
8.084937611408199132e+01
8.167791234140715062e+01
8.180545454545455186e+01
8.155295529552955713e+01
8.190323529411764980e+01
8.149659653465346310e+01
8.194906249999999659e+01
8.223156249999999545e+01
8.183812500000000512e+01
8.167079207920792783e+01
8.204272727272727650e+01
8.136793540945789971e+01
8.141464821222606929e+01
8.178345959595959869e+01
8.115091509150914817e+01
8.152227722772276763e+01
8.121752175217521597e+01
8.083541295306001473e+01
8.167939393939393256e+01
8.113487819370172360e+01
8.190387748452265271e+01
8.124625144175317359e+01
8.191831683168317113e+01
8.176670792079207217e+01
8.148281887012230129e+01
8.118696969696969745e+01
8.156372549019607732e+01
8.155066977285963503e+01
8.121662166216621870e+01
8.104382929642444822e+01
8.174848484848484986e+01
8.196654040404040131e+01
8.103553921568627061e+01
8.074307958477508862e+01
8.144563279857398186e+01
8.110801080108011263e+01
8.098990772779700364e+01
8.136726485148514598e+01
8.121598336304218435e+01
8.148422029702970804e+01
8.121271538918597344e+01
8.131250000000000000e+01
8.183843749999999773e+01
8.119909090909091276e+01
8.183175505050505194e+01
8.111205808080808310e+01
8.107121212121212750e+01
8.109757575757575410e+01
8.115812499999999829e+01
8.169881826892365950e+01
8.078308823529411598e+01
8.096702317290552742e+01
8.128742874287428322e+01
8.133455882352940591e+01
8.110949330227140308e+01
8.192945544554454784e+01
8.160227272727273373e+01
8.096243447874199717e+01
8.129937499999999773e+01
8.135562500000000341e+01
8.139418316831682887e+01
8.113428217821781629e+01
8.103540354035403936e+01
8.107629586488060625e+01
8.165046504650464954e+01
8.129831932773109315e+01
8.175333737864077932e+01
8.153165316531652707e+01
8.106179441473558711e+01
8.167202970297029196e+01
8.125258064516128798e+01
8.109405637254901933e+01
8.123132313231323565e+01
8.132078359351086760e+01
8.121865715983362577e+01
8.144461633663365774e+01
8.099545454545454959e+01
8.131877599524658251e+01
8.126392326732673155e+01
8.120293847566574641e+01
8.074034462269756318e+01
8.062341407151095041e+01
8.102737332556785077e+01
8.104156249999999773e+01
8.110949330227140308e+01
7.964687499999999432e+01
8.099781249999999488e+01
8.145874587458746419e+01
8.070515151515151331e+01
8.032387096774193935e+01
8.005587121212121815e+01
8.134753787878787534e+01
8.089021549213744322e+01
8.070000000000000284e+01
8.176268564356435320e+01
8.110316192909613164e+01
8.183484848484847873e+01
8.137263726372637507e+01
8.069787878787879265e+01
8.179696969696969688e+01
8.109870987098709350e+01
8.133333333333332860e+01
8.106411764705882206e+01
8.108662381389653717e+01
8.103887358432812960e+01
8.055848484848485214e+01
8.096843749999999318e+01
8.072093750000000512e+01
8.102287581699346219e+01
8.043564679048550659e+01
7.900693069306930738e+01
8.005959595959595276e+01
7.982794612794613442e+01
8.041428571428571104e+01
7.990639730639730942e+01
7.952123922069625905e+01
8.062854349951123822e+01
8.053799999999999670e+01
7.989071757735352719e+01
8.072909809084924859e+01
8.033095238095238244e+01
7.931166666666666742e+01
8.148619886930495682e+01
7.955677419354839230e+01
7.947012632297712287e+01
7.979655172413792741e+01
7.904322580645161622e+01
7.938787878787879038e+01
7.931491536250399577e+01
8.093660745384883626e+01
7.917967741935483161e+01
7.940242733950815079e+01
7.931843750000000171e+01
7.970456723091663775e+01
8.038155751058977216e+01
8.105690235690235568e+01
8.098181818181818414e+01
8.049440421329822470e+01
8.133268165526230575e+01
8.071085858585858830e+01
8.003290974258716517e+01
7.982535027696317798e+01
7.982600195503421503e+01
8.060500000000000398e+01
8.058633333333332871e+01
8.095959595959595845e+01
8.052666666666667084e+01
8.119523809523809632e+01
8.067645202020202078e+01
7.994428152492668005e+01
8.040892798957315790e+01
8.075218855218855651e+01
8.040666666666666629e+01
8.012266666666666026e+01
8.071414141414140886e+01
7.945903225806451076e+01
8.000838709677420013e+01
7.831741935483870520e+01
7.881687846203975312e+01
7.964451612903225453e+01
7.861617161716171154e+01
7.976800260671228671e+01
8.026458129683936704e+01
7.973281199087651316e+01
7.971645161290322790e+01
8.002639296187683726e+01
7.959483870967741836e+01
8.043371212121212466e+01
7.990843923101986945e+01
7.944419354838709069e+01
8.059084924292297103e+01
8.014825676115998476e+01
8.049368686868686495e+01
8.013343749999999943e+01
7.875724991854023926e+01
8.007722385141740062e+01
7.998305637015315028e+01
8.045359848484848442e+01
7.983750000000000568e+01
8.027556818181818699e+01
7.978343750000000512e+01
7.806799493991144345e+01
8.055074257425742701e+01
7.933759182369850294e+01
7.992929292929292728e+01
7.910156250000000000e+01
7.972483870967741382e+01
7.969516129032257368e+01
7.976903225806451303e+01
8.017921146953405298e+01
8.002534562211981495e+01
7.962156249999999602e+01
7.975093750000000625e+01
7.893741935483870975e+01
7.929488432714239821e+01
7.951175742574257299e+01
8.015661566156614981e+01
7.999593749999999659e+01
8.005850585058506397e+01
8.046660149885956059e+01
7.970090909090909292e+01
7.938672102504368411e+01
7.956374999999999886e+01
7.993429342934292947e+01
7.928933333333333167e+01
7.952812500000000284e+01
7.984064516129032540e+01
7.982064516129032938e+01
8.003367003367003463e+01
8.027240143369175485e+01
7.834270201213669793e+01
7.941344537815126614e+01
7.977612903225806917e+01
8.019973932877158518e+01
7.953709677419354307e+01
7.988272727272726570e+01
7.878258064516128911e+01
7.921066666666666833e+01
7.945448738422228985e+01
7.977878787878788103e+01
7.934799999999999898e+01
7.975920495275333622e+01
7.939377498572244463e+01
7.946302521008402664e+01
7.963417366946778486e+01
8.013066145324209799e+01
7.888468258590565085e+01
7.940560224089635710e+01
7.852580645161290818e+01
7.947441176470587720e+01
7.963552479815454888e+01
7.883867210250436131e+01
7.928126784694460127e+01
7.896126965637739659e+01
7.921812181218122362e+01
7.945303030303030312e+01
7.897839783978398032e+01
7.852649970879440389e+01
7.824201680672268822e+01
7.903826384922901127e+01
7.989780154486037134e+01
7.931393939393939263e+01
7.885298529852985894e+01
7.943254950495050082e+01
7.924170064065229724e+01
7.898194525334886862e+01
7.918062982768864799e+01
7.956264705882352928e+01
7.941014101410141279e+01
7.877897495631916058e+01
7.901881188118811394e+01
7.915518207282913465e+01
7.845603328710124913e+01
7.890039003900389503e+01
7.963375692407950623e+01
7.943252595155709628e+01
7.905622837370242451e+01
7.944314108830238297e+01
7.748323219418716690e+01
7.860422615648201372e+01
7.917212121212121190e+01
7.910161290322581351e+01
7.904225806451613323e+01
7.882628262826283105e+01
7.815748762376237835e+01
7.890477577169481549e+01
7.899097262667443431e+01
7.896237623762375790e+01
7.885495963091118199e+01
7.888465974625144383e+01
7.871527152715270859e+01
7.904757785467127462e+01
7.900865051903113567e+01
7.973915626856803840e+01
7.886921758994860454e+01
7.996702317290552742e+01
7.907966876070817364e+01
7.961995386389850182e+01
7.946884100174723642e+01
8.004680468046804265e+01
7.886681571382945322e+01
7.952652825836216266e+01
7.866089965397924288e+01
7.996666666666666856e+01
7.908230198019802515e+01
7.859976931949250911e+01
7.750919117647059409e+01
7.814356435643564680e+01
7.858320025550942489e+01
7.774193548387096087e+01
7.868763973171510884e+01
7.877220299884659482e+01
7.781096813725490335e+01
7.914909726266743917e+01
7.921549213744903284e+01
7.933993399339934172e+01
7.907367501456027981e+01
7.942941176470587550e+01
7.894029402940293494e+01
7.915974625144176002e+01
7.904979615608620236e+01
7.930453045304530235e+01
7.878171856978084975e+01
7.890681421083284874e+01
7.865772779700115791e+01
7.865505425471158674e+01
7.900000000000000000e+01
7.921374490390215328e+01
7.846937499999999943e+01
7.966696669666966102e+01
7.925800815375654906e+01
7.905998835177635442e+01
7.903494467093767639e+01
7.925617647058822968e+01
7.892942857142857349e+01
7.852385238523852706e+01
7.904571927781013585e+01
7.828754997144488925e+01
7.878298115362649412e+01
7.957425742574257299e+01
7.967338935574230163e+01
7.903245492371705438e+01
7.937535014005602818e+01
7.932981153626499804e+01
7.925478081788762097e+01
7.895777518928363747e+01
7.813735008566533224e+01
7.908942364824717686e+01
7.876266744321490876e+01
7.851614763552480269e+01
7.891263832265579481e+01
7.898893418753640105e+01
7.912901290129012466e+01
7.903570357035702898e+01
7.890314913844325417e+01
7.967560553633218490e+01
7.914854426619132255e+01
7.909090909090909349e+01
7.958325832583258830e+01
7.974942329873125857e+01
7.949594959495949809e+01
7.905707629586487428e+01
7.964056405640563696e+01
7.932679738562092098e+01
7.944284428442844614e+01
7.940474047404740077e+01
7.849336793540945223e+01
7.926822682268226572e+01
7.922352235223522143e+01
7.908318478906714688e+01
7.894408852649971209e+01
7.916171617161715801e+01
7.910651065106510771e+01
7.896286393345216936e+01
7.900831847890671611e+01
7.823743872549019329e+01
7.936890756302520344e+01
7.904753416518121867e+01
7.951695169516951012e+01
7.898900772430184247e+01
7.896531249999999602e+01
7.903030303030303116e+01
7.903412768461312510e+01
7.912448009506833557e+01
7.907664884135472505e+01
7.901931075460487364e+01
7.913428401663695411e+01
7.979469434832756747e+01
7.910101010101010388e+01
7.917676767676768179e+01
7.956915691569156479e+01
7.963126312631263204e+01
7.957567104511707612e+01
7.993800461361014698e+01
7.928863898500576113e+01
7.931920415224912801e+01
7.939303930393039366e+01
7.959458664313032727e+01
7.916724336793541283e+01
7.965725101921957219e+01
7.924134948096886433e+01
7.966453115899825832e+01
7.991839183918391143e+01
8.009536541889482919e+01
7.947582993593476886e+01
7.955154338963308192e+01
7.935148514851485402e+01
7.918858131487888841e+01
7.917185697808535849e+01
7.916493656286043290e+01
7.798058252427183845e+01
7.905545454545455186e+01
7.914613970588234793e+01
7.877849264705882604e+01
7.856405640564057080e+01
7.988268826882688245e+01
7.961200237670826141e+01
7.963071895424836555e+01
7.970677361853832110e+01
7.939387376237623073e+01
7.942513368983956923e+01
7.943331391962725263e+01
7.839244521337947447e+01
7.942690739662201338e+01
7.753897364771151501e+01
7.932115270350564629e+01
7.930303030303029743e+01
7.950148544266191664e+01
7.814363221016562022e+01
7.965300059417705825e+01
7.989078907890788628e+01
7.981938193819381411e+01
7.900576701268742852e+01
7.930984274898078468e+01
7.944919786096257042e+01
7.898631333721607461e+01
7.960322398190045590e+01
7.887168396770472611e+01
7.942719860221316708e+01
7.956209150326797896e+01
7.825460487225193162e+01
7.910983910891089010e+01
7.831818181818181301e+01
7.899705795822301013e+01
7.808207282913164704e+01
7.889215686274509665e+01
7.846287835522558396e+01
7.901931949250288767e+01
7.805288175876411572e+01
7.788859180035650809e+01
7.741188584877905043e+01
7.743895263312738564e+01
7.823643632210165322e+01
7.790225787284610703e+01
7.836963696369636523e+01
7.869801980198019464e+01
7.907513104251601987e+01
7.878242424242424136e+01
7.761106207708149896e+01
7.808407605466429402e+01
7.980276816608996171e+01
8.089858985898590049e+01
7.987106357694592873e+01
7.925103980986334307e+01
7.985918003565062406e+01
7.960873440285205049e+01
7.921447484554281004e+01
7.964022578728460644e+01
8.013801380138013997e+01
7.921395617070358242e+01
7.837591911764705799e+01
7.853475935828876686e+01
7.860858085808581563e+01
7.817055253912488411e+01
7.840396039603960787e+01
7.828137975087831535e+01
7.789133333333333553e+01
7.874818481848184604e+01
7.773406862745098067e+01
7.913030980517406476e+01
7.874812500000000171e+01
7.868891727882466114e+01
7.898594698179495310e+01
7.940624062406240569e+01
7.970373639305678637e+01
7.966190748143917233e+01
7.949102722772276763e+01
8.044944852941176805e+01
7.993493761140820197e+01
7.873235388054933992e+01
8.015418894830659724e+01
8.018294902912622035e+01
8.015812463599300486e+01
7.881312499999999943e+01
7.963212121212120564e+01
8.041121212121211670e+01
8.003812499999999375e+01
7.960409457900807695e+01
7.778505269881826223e+01
7.861599999999999966e+01
7.783359948898115022e+01
