8.685063437139561415e+01
8.682727797001153647e+01
8.642632781267846553e+01
8.658452312964020336e+01
8.623321449792038607e+01
8.639663049685893270e+01
8.696094609460945435e+01
8.707810781078107709e+01
8.630672268907562739e+01
8.668771626297578337e+01
8.653585358535853800e+01
8.664532871972318162e+01
8.613557422969188337e+01
8.644377162629757549e+01
8.553481276005547329e+01
8.650728291316526963e+01
8.567504283266704590e+01
8.624948514268902500e+01
8.630401863715783861e+01
8.564820102798401535e+01
8.606207708149455016e+01
8.653083952027412806e+01
8.652633053221288151e+01
8.618339100346020132e+01
8.663062283737023961e+01
8.614302191464821590e+01
8.636179326099372133e+01
8.703873034362260341e+01
8.682093425605536652e+01
8.688523644752018527e+01
8.703523284313725128e+01
8.693552036199095312e+01
8.667502883506344347e+01
8.776477647764777146e+01
8.714587046939988113e+01
8.689225393127547648e+01
8.702346999405823169e+01
8.700611531741409976e+01
8.737607081667619013e+01
8.674257134451309526e+01
8.673492203589290739e+01
8.708853238265002972e+01
8.660541642399533657e+01
8.720559680182752516e+01
8.648298731257209226e+01
8.739348943460879582e+01
8.662889273356401532e+01
8.717052881758763760e+01
8.689243697478991635e+01
8.767099192618223924e+01
8.717468805704099566e+01
8.734323243860650621e+01
8.686788366336634226e+01
8.757848484848484816e+01
8.682671373933510495e+01
8.679815455594001605e+01
8.719803921568627914e+01
8.724539512774806838e+01
8.679082082965578593e+01
8.688235294117646390e+01
8.710081008100810607e+01
8.727272727272726627e+01
8.684260076493086444e+01
8.692774193548386563e+01
8.729174093879976226e+01
8.730986333927509691e+01
8.795949594959495244e+01
8.677001414427157044e+01
8.702272727272726627e+01
8.603602860286028431e+01
8.697878359264497306e+01
8.674794117647059011e+01
8.689957567185290088e+01
8.649943977591036059e+01
8.634478741991846107e+01
8.677825836216840116e+01
8.698631333721607461e+01
8.726092020966802920e+01
8.739688826025459889e+01
8.724628639334521552e+01
8.695098039215686470e+01
8.670807080708070202e+01
8.705424242424241754e+01
8.701371428571428623e+01
8.643165266106441891e+01
8.817052881758763760e+01
8.847014701470146747e+01
8.724585950885207808e+01
8.747474747474747403e+01
8.732467161621930529e+01
8.716013071895424957e+01
8.699446709376819342e+01
8.671881188118811679e+01
8.637170868347338626e+01
8.712696563774024128e+01
8.653795379537953636e+01
8.614174757281553241e+01
8.661111111111111427e+01
8.645462184873949241e+01
8.646050420168067774e+01
8.666032295271050145e+01
8.670608203677510062e+01
8.599805825242718527e+01
8.619803921568627914e+01
8.677998846597462546e+01
8.625367647058823195e+01
8.673550212164073514e+01
8.675304101838754889e+01
8.661839266450917307e+01
8.662135922330097060e+01
8.712667443214910179e+01
8.584798890429958362e+01
8.674971164936562218e+01
8.672722029988466375e+01
8.641092436974790303e+01
8.614313725490195850e+01
8.683415032679738488e+01
8.681747404844290372e+01
8.663617647058823934e+01
8.679462517680339317e+01
8.672404844290657877e+01
8.663078241005139546e+01
8.680005941770647837e+01
8.651998857795545916e+01
8.633753501400559571e+01
8.677162629757785339e+01
8.677768166089965973e+01
8.662946294629462329e+01
8.647923408845738891e+01
8.663042186571598791e+01
8.657766990291261777e+01
8.653769274700171366e+01
8.669156915691569054e+01
8.624100513992004835e+01
8.673846597462514296e+01
8.613415710503089429e+01
8.653683897801545299e+01
8.665513264129181437e+01
8.713725490196078738e+01
8.702212121212120621e+01
8.720872865275141805e+01
8.600885515496521805e+01
8.671534653465346310e+01
8.632720588235294201e+01
8.620036764705882604e+01
8.675965537730243682e+01
8.625291375291375573e+01
8.680127427184466171e+01
8.676304611650485299e+01
8.679277912621358837e+01
8.678276699029126462e+01
8.713222612583838611e+01
8.691504854368932342e+01
8.677896613190731046e+01
8.702287581699346219e+01
8.636245954692556381e+01
8.731555944055943996e+01
8.725036775522212906e+01
8.749821746880570572e+01
8.668874928612221709e+01
8.635036075036074976e+01
8.703856209150326606e+01
8.659320388349514985e+01
8.697623033143622706e+01
8.626335361730899365e+01
8.618705501618123321e+01
8.649771241830065094e+01
8.656154087065455371e+01
8.594402277039847604e+01
8.628065476190475636e+01
8.570999367488930432e+01
8.564769133459834904e+01
8.680608974358973740e+01
8.530334987593052176e+01
8.550693069306930738e+01
8.551666666666666572e+01
8.571442125237192045e+01
8.650811298076922640e+01
8.673191356091450643e+01
8.553855606758833119e+01
8.653053554650799128e+01
8.654962779156328168e+01
8.757361778846153300e+01
8.720967741935483275e+01
8.762562034739454475e+01
8.840181647353585959e+01
8.813686188537425892e+01
8.734951456310679418e+01
8.773917050691244413e+01
8.690564320388349984e+01
8.636506410256410504e+01
8.669646697388633072e+01
8.621606334841628438e+01
8.743810096153846700e+01
8.727243306854957439e+01
8.603476354525524528e+01
8.562003722084367041e+01
8.661559466019417641e+01
8.602601809954751388e+01
8.620853365384616041e+01
8.627457524271844136e+01
8.653428398058252924e+01
8.595418552036198889e+01
8.601488833746898877e+01
8.528414239482201253e+01
8.555707196029776185e+01
8.637976190476190652e+01
8.817169811320754036e+01
8.783930364914630218e+01
8.653779761904762324e+01
8.675016181229773338e+01
8.657251213592232375e+01
8.635804648426007191e+01
8.655127427184466171e+01
8.609553349875930905e+01
8.556013071895425526e+01
8.623601398601398671e+01
8.681698113207546896e+01
8.665119047619047876e+01
8.698347355769230660e+01
8.665477667493796332e+01
8.651573426573426673e+01
8.659315476190475636e+01
8.666457876605073807e+01
8.578425480769230660e+01
8.579877112135176276e+01
8.574583333333333712e+01
8.648188848188847544e+01
8.585560675883256465e+01
8.691951143125587009e+01
8.651623774509803866e+01
8.637554759060135723e+01
8.653405017921147646e+01
8.542103729603729789e+01
8.585547122074636661e+01
8.625089605734767417e+01
8.686979166666667140e+01
8.626689976689976902e+01
8.630266825965750854e+01
8.589122596153846700e+01
8.685708534621578281e+01
8.644953416149068914e+01
8.495584415584416149e+01
8.628474711270409614e+01
8.667324029126213247e+01
8.585941855834329317e+01
8.555675029868578463e+01
8.602803379416282326e+01
8.556832298136646386e+01
8.508156028368794921e+01
8.632930756843799713e+01
8.584510869565217206e+01
8.556025213199851009e+01
8.680243612596554215e+01
8.674866310160427929e+01
8.672512135922329435e+01
8.634997029114676081e+01
8.646580547112462511e+01
8.639348450974129889e+01
8.533783378337834336e+01
8.517557932263814280e+01
8.573824257425742701e+01
8.548529411764705799e+01
8.469579288025890662e+01
8.561103448275862604e+01
8.529962962962963502e+01
8.471560259474223642e+01
8.709661654135338438e+01
8.514062500000000000e+01
8.549969951923077360e+01
8.542600764930861601e+01
8.475273058252426495e+01
8.376952214452214207e+01
8.503446226975638922e+01
8.414960407239819062e+01
8.498933102652826221e+01
8.548980348535410201e+01
8.551935193519351230e+01
8.649562500000000398e+01
8.537226941747573505e+01
8.443810096153846700e+01
8.547150735294117396e+01
8.585199240986717939e+01
8.585878199470433003e+01
8.531432038834951470e+01
8.504581310679611761e+01
8.533449883449883089e+01
8.523153868784936549e+01
8.569591346153846700e+01
8.585488861386139092e+01
8.583449883449883089e+01
8.562507427213309086e+01
8.555369226243013259e+01
8.560841423948220097e+01
8.585163834951455897e+01
8.555649038461538680e+01
8.584162621359223522e+01
8.630848731600376311e+01
8.614460784313725128e+01
8.576152912621358837e+01
8.587314356435643958e+01
8.556831119544591502e+01
8.640541335686967273e+01
8.608342602892102491e+01
8.505292828061384114e+01
8.550059417706476950e+01
8.707827970297029196e+01
8.664767156862744457e+01
8.712745098039215463e+01
8.578033088235294201e+01
8.585593485750078457e+01
8.628874130297279521e+01
8.517779126213592633e+01
8.658831044394761989e+01
8.514957524271844136e+01
8.671966911764705799e+01
8.585276442307691980e+01
8.658272058823528994e+01
8.472845873786407367e+01
8.601881067961164717e+01
8.473227419829360940e+01
8.497426470588234793e+01
8.501041666666667140e+01
8.584620098039215463e+01
8.542388613861386659e+01
8.536423054070112926e+01
8.454581310679611761e+01
8.556831119544591502e+01
8.500670712232513893e+01
8.487803398058252924e+01
8.488622572815533829e+01
8.594209558823528994e+01
8.555715627936110934e+01
8.501850728155339709e+01
8.489063392347230774e+01
8.545716783216782630e+01
8.482038834951455897e+01
8.492779126213592633e+01
8.576463665784054058e+01
8.562409855769230660e+01
8.557469464453491526e+01
8.527593240093240468e+01
8.530390442890443126e+01
8.533976715686274872e+01
8.524213286713286664e+01
8.580406001765224744e+01
8.491990291262135315e+01
8.558283745693705669e+01
8.590055898793762879e+01
8.592791997646367008e+01
8.581916873449131344e+01
8.613356869667549631e+01
8.575258377701221946e+01
8.594251038007026011e+01
8.554070112893641920e+01
8.557372572815533829e+01
8.591053921568627061e+01
8.539502427184466171e+01
8.641935483870967971e+01
8.562383449883449771e+01
8.541322815533980872e+01
8.521966019417475025e+01
8.522390776699029402e+01
8.612997181334168317e+01
8.618342820999367859e+01
8.573128719072971649e+01
8.536013349514563231e+01
8.472686298076922640e+01
8.572658941434387714e+01
8.530946601941747076e+01
8.560983009708738223e+01
8.516413662239089888e+01
8.473192401960784537e+01
8.451456310679611761e+01
8.490533088235294201e+01
8.578906250000000000e+01
8.464050868486351931e+01
8.545098039215686470e+01
8.502324213003824127e+01
8.506451612903225623e+01
8.540284653465346310e+01
8.522648514851485402e+01
8.514511138613860908e+01
8.483870967741935942e+01
8.564093750000000682e+01
8.558888888888888857e+01
8.554738562091503695e+01
8.575343750000000398e+01
8.621292892156863275e+01
8.634250474383301821e+01
8.604477124183006254e+01
8.591982461634826507e+01
8.601949257425742701e+01
8.596524064171123314e+01
8.629759645793801326e+01
8.537605177993528116e+01
8.588877887788778764e+01
8.650242718446601486e+01
8.506188118811881793e+01
8.477738741616097684e+01
8.467574257425742701e+01
8.487317961165048530e+01
8.435272277227723237e+01
8.512121212121212466e+01
8.449897028537804999e+01
8.662693602693602202e+01
8.695016835016835444e+01
8.584225806451613039e+01
8.465104166666667140e+01
8.404433656957928633e+01
8.514073371283997460e+01
8.506962631747045123e+01
8.501144801980197485e+01
8.486881188118812247e+01
8.496936881188118207e+01
8.496110056925996901e+01
8.533976715686274872e+01
8.479854522454142796e+01
8.473437500000000000e+01
8.481464460784313530e+01
8.599142156862744457e+01
8.523561037318152955e+01
8.493042378241619872e+01
8.457187597870341733e+01
8.403067678684377029e+01
8.536697540721813482e+01
8.509870049504949918e+01
8.448594771241829449e+01
8.572032571249609134e+01
8.436517381772627289e+01
8.467201426024955424e+01
8.522716346153846700e+01
8.534155597722960351e+01
8.551456310679611761e+01
8.590197306608204997e+01
8.692462472053657052e+01
8.527640733712840415e+01
8.532131562302340910e+01
8.540480708412397348e+01
8.538488298545225064e+01
8.599693627450980671e+01
8.545066413662239313e+01
8.551334951456310307e+01
8.546236559139785527e+01
8.587837009803921262e+01
8.507673034763544706e+01
8.531431966726084681e+01
8.585447303921569073e+01
8.567922794117646390e+01
8.655249841872232253e+01
8.546647691334598562e+01
8.437237707485124361e+01
8.410475886298307557e+01
8.474762808349146326e+01
8.359392789373814026e+01
8.498466943468540080e+01
8.395336953050143336e+01
8.376213592233010274e+01
8.420373774509803866e+01
8.455850727387729648e+01
8.458444022770397908e+01
8.470201213669754736e+01
8.399325980392157476e+01
8.407628676470588402e+01
8.363319174757280905e+01
8.486104368932038255e+01
8.494410731395720404e+01
8.484009137635636932e+01
8.538040600176522332e+01
8.540688437775816055e+01
8.611151960784313530e+01
8.456947815533980872e+01
8.503860294117646390e+01
8.534302139891408956e+01
8.558191018342820655e+01
8.496170343137255543e+01
8.564623786407767625e+01
8.577537128712870640e+01
8.578906714200832084e+01
8.536243872549019329e+01
8.592483660130719159e+01
8.468564199873497955e+01
8.549417892156863275e+01
8.474777183600713215e+01
8.443535539215686470e+01
8.487792536369386198e+01
8.495692216280451703e+01
8.492008318478906403e+01
8.531491536250399577e+01
8.509221813725490335e+01
8.542754275427542154e+01
8.504702669902913215e+01
8.477227722772276763e+01
8.439936562860438585e+01
8.466815713829447532e+01
8.507350735073507053e+01
8.486550245098038658e+01
8.487928921568627061e+01
8.607333333333333769e+01
8.472395833333332860e+01
8.498882024124742429e+01
8.482475490196078738e+01
8.469607843137255543e+01
8.523975044563279369e+01
8.577696078431372939e+01
8.589123774509803866e+01
8.669499999999999318e+01
8.545449029126213247e+01
8.515790976584808902e+01
8.534010922330097060e+01
8.700030940594059814e+01
8.469370497964297329e+01
8.548930054295752257e+01
8.571292892156863275e+01
8.527421271538918290e+01
8.573713235294117396e+01
8.578952205882353610e+01
8.672947939955285790e+01
8.669594378792717748e+01
8.554905490549055003e+01
8.565376537653764899e+01
8.559436274509803866e+01
8.578155637254901933e+01
8.444493006993006645e+01
8.620944741532976252e+01
8.491089108910891525e+01
8.459528186274509665e+01
8.621442125237192045e+01
8.670265091025231641e+01
8.500600885515495975e+01
8.565455684309426942e+01
8.636933693369337561e+01
8.596910279263219934e+01
8.597623291740939067e+01
8.516831683168317113e+01
8.487522281639928678e+01
8.545278022947925933e+01
8.539242424242424079e+01
8.490412621359223522e+01
8.467914438502673136e+01
8.594492574257425588e+01
8.548406862745098067e+01
8.455945604048071118e+01
8.537040441176471006e+01
8.656345634563456315e+01
8.549356617647059409e+01
8.614421252371916182e+01
8.555055147058823195e+01
8.507338086749851414e+01
8.588706683168317113e+01
8.576011029411765207e+01
8.490796963946868914e+01
8.578684376976596582e+01
8.616231796116504427e+01
8.527371446822101575e+01
8.581815306767867924e+01
8.512713472485768307e+01
8.721070544554454784e+01
8.424242424242424931e+01
8.538263849229012692e+01
8.507724301841949455e+01
8.526911407766989726e+01
8.518409653465346310e+01
8.443443627450980671e+01
8.478125000000000000e+01
8.473987398739873811e+01
8.418657159833630033e+01
8.448529411764705799e+01
8.538680926916221381e+01
8.692878787878787250e+01
8.606837871287129360e+01
8.495793801391523914e+01
8.448866421568627061e+01
8.524362864077670565e+01
8.548035771319067067e+01
8.538651218062982196e+01
8.424688057040998501e+01
8.414141414141414543e+01
8.471467146714671514e+01
8.657297987863302069e+01
8.541679974449057511e+01
8.454564950980392268e+01
8.405825242718447043e+01
8.699516129032258505e+01
8.619481340923465496e+01
8.501454775458570623e+01
8.442371323529411598e+01
8.620389851485148824e+01
8.605507425742574412e+01
8.616065781151169745e+01
8.511574952561669249e+01
8.750633333333333042e+01
8.534999999999999432e+01
8.474264705882353610e+01
8.628437499999999716e+01
8.502214805825242649e+01
8.499514563106795606e+01
8.514641464146414762e+01
8.546109068627451677e+01
8.586316747572816155e+01
8.534191176470588402e+01
8.519174757281552957e+01
8.528640776699029402e+01
8.461087740384616041e+01
8.561550245098038658e+01
8.465142499217037653e+01
8.572794117647059409e+01
8.514199873497786086e+01
8.506989247311827285e+01
8.480055147058823195e+01
8.561468750000000227e+01
8.524876237623762165e+01
8.492030360531309441e+01
8.399338942307691980e+01
8.530127427184466171e+01
8.608225806451612527e+01
8.470251225490196134e+01
8.481832107843136725e+01
8.511912128712870640e+01
8.412370811149389738e+01
8.399248355778264852e+01
8.464358001265021869e+01
8.412715314751018525e+01
8.400344503601628787e+01
8.319418089816571182e+01
8.481468750000000512e+01
8.487671670392845158e+01
8.507708149455721980e+01
8.537469660194174992e+01
8.581553398058252924e+01
8.458064516129032029e+01
8.555196078431372086e+01
8.513743932038835283e+01
8.562377450980392268e+01
8.495762175838076757e+01
8.512586970271979681e+01
8.554966464388374447e+01
8.544114077669902940e+01
8.524193548387096087e+01
8.496900695762175815e+01
8.506261859582542684e+01
8.663078888534015221e+01
8.504265960576640282e+01
8.622741336633663423e+01
8.459987745098038658e+01
8.508639705882353610e+01
8.487254901960784537e+01
8.511948529411765207e+01
8.470677361853832110e+01
8.494988344988344409e+01
8.425154457193292501e+01
8.502912621359223522e+01
8.528802588996764200e+01
8.515387096774193765e+01
8.518566176470588402e+01
8.533451015004412454e+01
8.524595469255663716e+01
8.578193701723112952e+01
8.529243895263313391e+01
8.534245366284201850e+01
8.523654015887025537e+01
8.525978228890849664e+01
8.525536922624301894e+01
8.548081683168317113e+01
8.523713235294117396e+01
8.467439096850861802e+01
8.508496732026144116e+01
8.529361576934392986e+01
8.525551470588234793e+01
8.416089965397924288e+01
8.393249324932493494e+01
8.479611650485436769e+01
8.456008855154965431e+01
8.534922035892910230e+01
8.531273904089438531e+01
8.551454207920792783e+01
8.517946454839658088e+01
8.576790048543689693e+01
8.572222222222222854e+01
8.615992647058823195e+01
8.503883495145630889e+01
8.498117093262723643e+01
8.499203431372548323e+01
8.520282451923077360e+01
8.557777777777778283e+01
8.566013071895424957e+01
8.554300742574257299e+01
8.479840686274509665e+01
8.485468211713121889e+01
8.481351981351981806e+01
8.521726755218216454e+01
8.605844778026190056e+01
8.516923076923076508e+01
8.537519574068274153e+01
8.576472491909385099e+01
8.538330170777989281e+01
8.550515776699029402e+01
8.560983009708738223e+01
8.547216951296647380e+01
8.510914974992644488e+01
8.512903225806451246e+01
8.559266287160025399e+01
8.499561540870654142e+01
8.566053921568627061e+01
8.529641089108910990e+01
8.513567362428842955e+01
8.503492647058823195e+01
8.477757352941176805e+01
8.600490196078430927e+01
8.538743932038835283e+01
8.529949985289790959e+01
8.481264568764568423e+01
8.505912990196078738e+01
8.435667067307691980e+01
8.551152912621358837e+01
8.497815533980582359e+01
8.546681141439205476e+01
8.448617788461538680e+01
8.630359477124183343e+01
8.541383495145630889e+01
8.582680864390854936e+01
8.525015812776723578e+01
8.667128712871287632e+01
8.486960784313725981e+01
8.536843769765971501e+01
8.556826456310679418e+01
8.528874130297279521e+01
8.517861519607842524e+01
8.519699754901961342e+01
8.583649588867805846e+01
8.506994570424784285e+01
8.434344362745098067e+01
8.532353880549345604e+01
8.538043804380437507e+01
8.529901960784313530e+01
8.632093749999999943e+01
8.570496323529411598e+01
8.731000000000000227e+01
8.553648606326338211e+01
8.627518203883495573e+01
8.562605699968680995e+01
8.554166666666667140e+01
8.661187499999999773e+01
8.578247549019607732e+01
8.569454656862744457e+01
8.567178202317569458e+01
8.516929611650485299e+01
8.552304540798907340e+01
8.594275774826058978e+01
8.573723770748512152e+01
8.571782023175697418e+01
8.521662621359223522e+01
8.550940533980582359e+01
