8.391784511784511835e+01
8.325285109156077112e+01
8.328510915607689924e+01
8.336868686868686495e+01
8.361972789115645810e+01
8.347096774193548185e+01
8.274741935483871202e+01
8.327978933508887849e+01
8.338578011849901372e+01
8.358967741935484241e+01
8.340059249506253991e+01
8.410850439882698026e+01
8.390067340067339785e+01
8.364900000000000091e+01
8.402996632996632798e+01
8.376666666666666572e+01
8.355793285055958108e+01
8.355134957208690594e+01
8.357710437710437645e+01
8.311458333333332860e+01
8.372823129251700891e+01
8.329393939393939661e+01
8.368612903225806576e+01
8.361648745519713088e+01
8.327946127946127319e+01
8.320673400673400977e+01
8.317478604344964310e+01
8.350408163265305461e+01
8.317912457912457569e+01
8.355306122448979522e+01
8.386151840990549999e+01
8.435791245791246240e+01
8.318466096115865582e+01
8.312574061882817489e+01
8.341645161290323074e+01
8.371782339524274619e+01
8.304180381830151703e+01
8.350709677419354193e+01
8.311529862663685719e+01
8.355006377551021046e+01
8.265852069077875797e+01
8.314239165852069391e+01
8.346902356902356246e+01
8.334816919191919737e+01
8.364319727891155765e+01
8.355791245791245103e+01
8.306484529295589425e+01
8.348580645161290192e+01
8.353258064516128911e+01
8.379241379310344939e+01
8.373620689655172100e+01
8.344183673469387941e+01
8.294343750000000171e+01
8.338352272727273373e+01
8.335479797979797922e+01
8.346236559139785527e+01
8.392342782665363643e+01
8.331597222222222854e+01
8.366161290322580157e+01
8.434545454545454390e+01
8.388400130335614335e+01
8.388742593811717541e+01
8.385369827305311219e+01
8.377814351547070260e+01
8.409299895506792666e+01
8.418495297805642963e+01
8.387413793103448256e+01
8.339733333333333576e+01
8.352741702741703023e+01
8.374795918367347269e+01
8.226666666666666572e+01
8.395986394557823473e+01
8.347946127946127604e+01
8.324137931034482563e+01
8.392323232323232673e+01
8.322187391152908731e+01
8.357766666666667277e+01
8.362815656565656752e+01
8.399517241379309951e+01
8.348300000000000409e+01
8.326695194206715200e+01
8.361633333333332985e+01
8.341135492859631029e+01
8.404444444444445139e+01
8.402222222222222570e+01
8.318151815181518316e+01
8.289696969696969120e+01
8.397003367003367202e+01
8.320033003300329710e+01
8.307623762376238119e+01
8.348233333333332951e+01
8.354703282828282340e+01
8.345166666666666799e+01
8.403434343434344100e+01
8.401919191919192542e+01
8.411010101010100470e+01
8.366967741935484071e+01
8.379290322580645523e+01
8.276032258064516611e+01
8.409966329966330534e+01
8.332531249999999545e+01
8.408754208754209003e+01
8.380838709677419729e+01
8.435448275862069067e+01
8.376629361421987596e+01
8.351031249999999773e+01
8.447018572825024307e+01
8.399741935483871202e+01
8.277806451612903516e+01
8.279387626262625588e+01
8.339930555555555713e+01
8.328608667318344772e+01
8.395999999999999375e+01
8.379198232323231821e+01
8.379237923792379661e+01
8.384838709677418933e+01
8.345727272727272350e+01
8.372129032258064285e+01
8.365277777777777146e+01
8.328115117014547764e+01
8.423818833496252978e+01
8.351996167358670675e+01
8.393548387096774377e+01
8.394322580645160770e+01
8.376767676767676107e+01
8.394232649071358310e+01
8.370404040404039847e+01
8.427691831683168289e+01
8.415649952091983721e+01
8.457771260997067486e+01
8.401481237656352619e+01
8.292676767676768179e+01
8.404354838709677722e+01
8.433292079207920722e+01
8.398064516129032597e+01
8.341366223908917732e+01
8.387354838709677551e+01
8.335037878787878185e+01
8.409962871287129360e+01
8.423765635286372344e+01
8.454000000000000625e+01
8.422876892692561057e+01
8.341354838709676756e+01
8.328700000000000614e+01
8.458988402061855538e+01
8.324600847181491758e+01
8.374291300097752355e+01
8.401212121212121531e+01
8.360843749999999375e+01
8.342087542087541863e+01
8.358741935483871544e+01
8.353339850114043941e+01
8.349853372434017729e+01
8.389677419354838150e+01
8.241089108910891525e+01
8.365949820788530644e+01
8.370218312153795637e+01
8.303063973063973435e+01
8.447311827956988850e+01
8.286677419354838037e+01
8.364949494949495090e+01
8.378645161290322108e+01
8.309966666666666413e+01
8.363131313131313505e+01
8.361952861952862293e+01
8.293580645161290477e+01
8.372718749999999943e+01
8.340909090909090651e+01
8.270233152347492478e+01
8.259233333333332894e+01
8.264803577131907275e+01
8.279867986798679169e+01
8.185421645612836983e+01
8.212632297712529805e+01
8.244884488448845161e+01
8.142079207920792783e+01
8.438613505747126453e+01
8.213590263691683901e+01
8.534083484573503142e+01
8.454895833333333144e+01
8.202442244224423007e+01
8.493125000000000568e+01
8.180290322580644613e+01
8.212674825174825344e+01
8.270167696381288636e+01
8.336804511278195662e+01
8.118740806119447484e+01
8.153974514563107334e+01
8.219730392156863275e+01
8.178282828282827666e+01
8.145793269230769340e+01
8.152537485582467980e+01
8.215685679611650016e+01
8.224120145631067658e+01
8.252797202797202658e+01
8.264677601809954410e+01
8.238461538461538680e+01
8.226894796380091179e+01
8.199750346740637497e+01
8.151522435897436480e+01
8.180748663101604734e+01
8.167081447963801111e+01
8.209756787330316286e+01
8.242118789263278700e+01
8.213857466063348056e+01
8.258235294117646674e+01
8.246066433566433318e+01
8.291105769230769340e+01
8.302912895927602221e+01
8.300113122171946145e+01
8.276081200353044665e+01
8.276463665784054058e+01
8.291997646366579033e+01
8.360056022408963372e+01
8.295966386554621863e+01
8.300367647058823195e+01
8.346122828784119463e+01
8.293665158371040036e+01
8.277229437229436826e+01
8.305407066052227094e+01
8.282914862914863363e+01
8.217862068965517608e+01
8.414110824742267880e+01
8.067898528030065108e+01
8.088594771241830017e+01
8.350141843971631772e+01
8.148282828282827950e+01
8.338833746898262689e+01
8.291491841491841797e+01
8.442638221153846700e+01
8.329292929292928704e+01
8.337259615384616041e+01
8.365355477855477773e+01
8.359988901220866353e+01
8.280882352941176805e+01
8.368046830382638746e+01
8.324669471153846700e+01
8.225775729646697698e+01
8.285179549604382032e+01
8.133799533799533776e+01
8.069432185937040458e+01
8.120959451741862267e+01
8.055796703296702788e+01
8.119642857142856940e+01
8.165656565656566102e+01
8.101942286348501909e+01
8.140371809100999201e+01
8.076550552251487147e+01
8.109176672384219842e+01
8.181525157232704260e+01
8.145040431266846781e+01
8.219422863485016251e+01
8.196834733893557257e+01
8.166114819759680188e+01
8.203619909502262431e+01
8.102358490566037119e+01
8.138651498335183021e+01
8.140498442367601228e+01
8.041333333333332689e+01
8.131210736721872934e+01
8.033766968325791424e+01
8.091778975741239321e+01
8.142773892773892896e+01
8.213062665489850644e+01
8.036162464985994802e+01
8.106009615384616041e+01
8.041988795518207667e+01
8.071595006934812488e+01
8.125109890109889932e+01
8.070940170940170333e+01
8.143240950226244479e+01
8.189253393665158853e+01
8.157109557109556874e+01
8.074874963224478108e+01
8.144098124098124458e+01
8.158961038961038525e+01
8.074877450980392268e+01
8.112895927601809376e+01
8.143750000000000000e+01
8.163018534863195441e+01
8.150336134453782222e+01
8.182214670065137341e+01
8.196442577030812515e+01
8.196890756302521197e+01
8.213540510543840867e+01
8.236017316017316148e+01
8.205569985569985647e+01
8.245475113122171251e+01
8.218291316526610046e+01
8.287009803921569073e+01
8.177787584583701630e+01
8.254368932038835283e+01
8.150277469478356807e+01
8.191526442307691980e+01
8.134745513386289417e+01
8.183244206773618146e+01
8.217671767176717879e+01
8.157722859664606574e+01
8.191973039215686470e+01
8.219667832167831989e+01
8.156363122171946145e+01
8.102324929971989320e+01
8.197886921758994561e+01
8.179195804195803987e+01
8.267555147058823195e+01
8.194550173010379979e+01
8.147200226244343924e+01
8.232127096204766303e+01
8.152063106796116188e+01
8.303953823953824553e+01
8.181264568764568423e+01
8.132736650485436769e+01
8.171182983682983547e+01
8.222377622377622686e+01
8.009859943977591001e+01
8.201798972015990330e+01
8.099038461538461320e+01
8.085955710955711595e+01
8.142775556824670957e+01
8.143717875499714864e+01
8.114845938375350443e+01
8.088023088023088292e+01
8.127313701923077360e+01
8.129697315819531411e+01
8.184877622377622686e+01
8.163228438228438222e+01
8.138914027149321839e+01
8.147256787330316286e+01
8.050000000000000000e+01
7.983088023088022567e+01
8.114621040723982048e+01
8.051132075471697647e+01
8.148963585434174206e+01
8.079271708683472752e+01
8.201300904977375694e+01
8.108185349611542847e+01
8.114537815126050191e+01
8.165960576640188151e+01
8.149299719887955007e+01
8.129411764705882604e+01
8.117467124070897455e+01
8.183390508862207469e+01
8.183540723981900555e+01
8.111606632361349511e+01
8.043100604727872849e+01
8.112291897891232395e+01
8.092924528301887221e+01
8.210664335664336022e+01
8.081936736958934375e+01
8.184901960784313246e+01
8.139336763865065905e+01
8.266981132075471805e+01
8.136625971143173786e+01
8.199230346344144493e+01
8.348946608946609160e+01
8.248314924950439320e+01
8.150364145658262771e+01
8.103773584905660243e+01
8.292166952544310732e+01
8.221012443438914374e+01
8.234219457013574583e+01
8.100314465408804665e+01
8.106147186147185835e+01
8.051952214452214207e+01
8.088652291105121606e+01
8.056492785793562916e+01
8.253186274509803866e+01
8.212443438914027638e+01
8.096694677871148826e+01
8.124761904761905384e+01
8.075499445061043957e+01
8.178022947925860819e+01
8.084045504994450937e+01
8.045504994450610070e+01
8.111536264991433143e+01
8.028263305322128929e+01
8.203139140271493090e+01
8.110072150072150521e+01
8.058207282913164704e+01
8.097785547785548488e+01
8.049090909090908497e+01
8.102347285067872917e+01
8.096945701357465452e+01
8.000808080808080547e+01
8.071594112120263276e+01
8.290854672430994299e+01
8.004054421768707073e+01
8.041593406593406712e+01
8.048695893451720451e+01
8.059083557951483101e+01
8.002977667493796332e+01
8.094733893557422277e+01
8.055238095238095752e+01
8.098670814479638125e+01
8.150820135746606354e+01
8.117220279720280018e+01
8.298214285714286120e+01
8.123292517006802882e+01
8.015941255006676158e+01
8.079191374663072622e+01
8.057333333333333769e+01
8.116106442577030577e+01
8.099717194570135348e+01
8.035430283224400227e+01
7.983893557422969423e+01
8.047002801120447657e+01
8.077115902964959560e+01
8.173053221288515147e+01
8.097754585705250463e+01
8.231993006993006645e+01
8.101251700680272450e+01
8.009436274509803866e+01
7.978030303030303116e+01
7.952280082377170345e+01
8.051092436974789734e+01
8.032843137254901933e+01
8.016758578431372939e+01
8.208101422387136381e+01
7.988680272108842928e+01
8.174489795918367463e+01
7.990047534165181276e+01
7.869892473118279952e+01
7.971254162042176006e+01
8.024870748299319700e+01
8.028625850340135628e+01
7.947435897435897800e+01
7.988315850815850183e+01
8.005361305361304858e+01
8.005425471159337292e+01
7.961142533936651944e+01
8.027070245573958118e+01
7.872341057635175332e+01
8.046691176470588402e+01
8.037132352941176805e+01
8.036680825242719095e+01
8.084922901199314538e+01
8.055429864253393646e+01
8.308964646464646364e+01
8.075928041119360046e+01
8.039196832579185070e+01
8.057310108509423685e+01
8.045244639912039020e+01
7.981659267480577569e+01
8.087252747252746587e+01
8.011428571428571388e+01
7.965846560846560465e+01
8.062749326145552686e+01
8.029639519359145083e+01
8.042147613762486458e+01
8.042156862745098067e+01
7.963697478991596768e+01
8.067225654604295926e+01
8.023021978021978384e+01
8.035247252747252844e+01
7.976925170068027171e+01
8.009251856082238419e+01
7.932842712842712274e+01
7.998914905768133110e+01
8.005165945165944663e+01
8.045689908796704515e+01
8.099854312354312924e+01
8.155348557692308020e+01
8.101708683473388817e+01
8.114229691876751360e+01
8.121660252886201192e+01
8.065666094911378536e+01
8.093154761904762040e+01
8.299842171717172334e+01
8.128686868686868650e+01
8.155175339366515175e+01
8.068136054421768222e+01
8.194551282051281760e+01
8.099191919191919453e+01
8.169049720506031065e+01
8.185877403846153300e+01
8.089091947458595655e+01
8.227275485436892666e+01
8.116258741258741338e+01
8.015921945701357743e+01
8.044533851276359826e+01
7.994690026954178563e+01
8.074677871148459474e+01
8.021254162042176006e+01
8.097478991596638309e+01
8.159910714285713595e+01
8.204559884559884608e+01
8.064594894561598437e+01
7.992217687074830224e+01
8.018810748999428029e+01
8.087232142857142492e+01
8.148877427184466171e+01
8.132496392496392446e+01
7.999884559884560531e+01
8.098730158730158735e+01
8.048387096774193594e+01
8.011006289308176065e+01
8.235921391752577847e+01
8.096890756302521197e+01
8.081675242995997621e+01
7.990024038461538680e+01
8.234922680412371676e+01
8.063529411764706367e+01
8.076109869051421697e+01
8.109177489177488951e+01
8.114346405228758385e+01
8.069739819004524861e+01
8.121600253004427827e+01
8.173618652187799682e+01
8.044771241830065378e+01
8.036053130929791166e+01
8.120430107526881613e+01
8.191471415182755322e+01
8.047731092436974620e+01
8.180371093750000000e+01
8.077058823529411313e+01
8.078487394957983270e+01
8.067226890756302282e+01
8.145608431810923378e+01
8.215657216494845727e+01
8.101414027149321839e+01
8.082843137254901933e+01
8.066302521008402948e+01
8.090165441176471006e+01
8.184119897959183731e+01
8.215745768125199788e+01
8.122232764073370959e+01
8.068782161234990724e+01
8.189940643548891330e+01
8.181470959595959869e+01
8.105998763141620600e+01
8.122974644403215905e+01
7.993095238095237676e+01
8.081965283907031505e+01
8.145098039215686470e+01
8.149649234693877986e+01
8.367262231995601951e+01
8.370868347338935678e+01
8.418487628579372029e+01
8.384123711340205887e+01
8.404469086021505575e+01
8.195425059747354624e+01
8.418911564625850019e+01
8.323610361575822481e+01
8.341645815957743082e+01
8.404333726415094930e+01
8.304411764705882604e+01
8.326875337290879031e+01
8.315245547760387979e+01
8.420404040404039847e+01
8.376901901901901226e+01
8.419267676767677244e+01
8.416515151515152127e+01
8.393071253071252613e+01
8.332292020373515129e+01
8.325773535220540111e+01
8.183744465528147316e+01
8.216233333333333633e+01
8.272607260726073264e+01
8.319075907590759300e+01
8.312998102466792716e+01
8.399474335188621410e+01
8.392354497354497767e+01
8.332831168831168611e+01
8.369508904479222622e+01
8.369316375198728508e+01
8.478406954887218205e+01
8.282962962962963616e+01
8.351792717086834728e+01
8.284470899470899496e+01
8.336263736263735780e+01
8.147166666666666401e+01
8.314476190476190709e+01
8.175866666666667015e+01
8.266122448979591297e+01
8.163433333333333053e+01
8.272169975618251669e+01
8.298439153439153415e+01
8.284199134199134562e+01
8.337387387387387605e+01
8.282788161993769904e+01
8.433933933933933247e+01
8.366155844155844079e+01
8.379999999999999716e+01
8.409948394495413027e+01
8.421913580246913966e+01
8.314385026737967621e+01
8.331140235910878289e+01
8.321146146146146805e+01
8.393376623376623513e+01
8.464748401445649506e+01
8.115551048005409029e+01
8.450330578512397040e+01
8.385483000539664999e+01
8.351470588235294201e+01
8.342833333333332746e+01
8.336633663366336577e+01
8.271721813725490335e+01
8.237591823698498672e+01
8.296830065359476691e+01
8.353951093951093299e+01
8.260594059405940470e+01
8.323562091503268334e+01
8.188931056293485256e+01
8.268250825082508015e+01
8.295029411764706140e+01
8.383482993197279143e+01
8.295017566272755971e+01
8.367954545454544757e+01
8.306470588235293917e+01
8.286175556087060556e+01
8.314548387096773752e+01
8.363217503217502724e+01
8.402359108781126906e+01
8.273306878306878787e+01
8.338262781748213115e+01
8.346288573811509082e+01
8.331193548387096826e+01
8.289677419354838150e+01
8.377797619047619548e+01
8.385021645021645043e+01
8.373118279569892763e+01
8.276322580645161509e+01
8.323608815426997865e+01
8.340363636363636601e+01
8.319323804288070789e+01
8.328867102396513644e+01
8.350164925783397507e+01
8.351399711399712089e+01
8.354691142191141751e+01
8.315365585486530620e+01
8.351886792452830832e+01
8.360693473193472869e+01
8.308660130718953951e+01
8.346304163126592357e+01
8.311083052749719968e+01
8.406928066037735903e+01
8.360682574916759791e+01
8.365079365079364493e+01
8.361144151798357882e+01
8.334437836306994996e+01
8.250812500000000682e+01
8.216976213750407965e+01
8.249848484848484986e+01
8.298758620689655174e+01
8.228521239220695804e+01
8.210231023102309678e+01
8.076059456040481166e+01
8.163493424814178923e+01
8.237438905180840720e+01
8.311064935064935355e+01
8.209547083740632445e+01
7.788479262672811387e+01
8.249046104928457623e+01
8.205688965122926959e+01
8.289057558507273882e+01
8.304929193899782547e+01
8.178104138851801963e+01
8.162953862953862938e+01
8.397757390417940826e+01
8.223529411764705799e+01
8.244888133673180164e+01
8.083495145631067658e+01
8.289308176100628600e+01
8.261764705882353610e+01
8.282968574635241055e+01
8.326909090909090594e+01
8.238093750000000171e+01
8.339374668786433631e+01
7.951993769470405482e+01
8.064893267651888209e+01
8.059755715627936468e+01
8.294495412844037219e+01
8.201218369259606789e+01
8.336388888888889426e+01
8.232125000000000625e+01
8.180288870008496360e+01
8.293656618610746989e+01
8.144718532574320591e+01
8.082994049483244225e+01
8.051209150326796760e+01
8.122677295217152960e+01
8.303941798941798424e+01
7.910512820512821008e+01
8.304675324675324077e+01
8.007307692307692548e+01
8.214141414141414543e+01
8.168656249999999375e+01
7.892928039702233889e+01
8.185944700460829893e+01
8.215207373271888969e+01
8.139551767676768179e+01
8.276355171267043431e+01
8.042450980392156623e+01
8.189312479635060527e+01
8.246445029624753431e+01
8.221720297029702351e+01
8.249242922975642500e+01
8.174424242424242948e+01
8.169128787878787534e+01
8.229553264604811602e+01
8.202651515151515582e+01
8.233843749999999773e+01
8.131713171317132094e+01
8.258293587705352934e+01
8.184373143196673084e+01
8.170606060606060339e+01
7.945130272952853545e+01
8.297433155080213396e+01
8.237614678899082321e+01
8.280441558441557959e+01
8.234075251722310895e+01
7.895006203473946016e+01
8.267149877149877568e+01
8.193625000000000114e+01
7.987445597589554325e+01
8.134879406307977945e+01
7.964326923076923492e+01
8.172712975098296795e+01
8.277905198776758766e+01
8.096683673469387088e+01
8.138183015141540011e+01
8.220909090909090366e+01
8.259491978609625562e+01
8.303092145949288749e+01
8.181699137655701293e+01
8.203172413793103601e+01
8.213762376237623641e+01
8.512283384301733236e+01
8.488302752293577669e+01
8.513971166448230576e+01
8.489095674967234118e+01
8.505045871559633497e+01
8.512319790301441458e+01
8.543389917695473912e+01
8.513226299694188981e+01
8.545425241755516765e+01
8.274399999999999977e+01
8.334193548387096939e+01
8.232281249999999773e+01
8.179344827586207600e+01
8.253100000000000591e+01
8.223283296071542736e+01
8.245032434277911193e+01
8.166223908918405527e+01
8.206068348770361354e+01
8.219366666666667243e+01
8.208266666666666822e+01
8.179950495049504866e+01
8.203752535496957421e+01
8.239877091157391931e+01
8.258031932225480887e+01
