6.726484848484848555e+01
6.744925742574257299e+01
6.757138777841232979e+01
6.781729920564872316e+01
6.698514851485148824e+01
6.700407925407925802e+01
6.666181930693069546e+01
6.582500000000000284e+01
6.542187500000000000e+01
6.528567268491555353e+01
6.495733173076922640e+01
6.497601010101010388e+01
6.492662871600252572e+01
6.461801341424464340e+01
6.491650853889943562e+01
6.473548387096774093e+01
6.496753640776698546e+01
6.448930054295752257e+01
6.457313519813520486e+01
6.473075694666241020e+01
6.508475648323845064e+01
6.511986084756483706e+01
6.421658415841584144e+01
6.532179930795847156e+01
6.474727861135627904e+01
6.453749999999999432e+01
6.449750000000000227e+01
6.440781250000000568e+01
6.467166813768756128e+01
6.411013349514563231e+01
6.460171568627451677e+01
6.420327669902913215e+01
6.421419902912622035e+01
6.481608160816081465e+01
6.427166350411131646e+01
6.471936274509803866e+01
6.466754927919976126e+01
6.439562499999999545e+01
6.462316176470588402e+01
6.438364224771991928e+01
6.441117052881759264e+01
6.502491216863622014e+01
6.449352941176471177e+01
6.485218749999999943e+01
6.519925742574257299e+01
6.490349264705882604e+01
6.447445038621509639e+01
6.486825980392157476e+01
6.548544854485449207e+01
6.491942401960784537e+01
6.474325980392157476e+01
6.441535194174757351e+01
6.467003676470588402e+01
6.448774509803921262e+01
6.497091584158415856e+01
6.458578431372548323e+01
6.485731097381582799e+01
6.496141682479444057e+01
6.533870967741935942e+01
6.475030940594059814e+01
6.487381404174573163e+01
6.482764073371284042e+01
6.418620249121686072e+01
6.467843750000000114e+01
6.517468750000000455e+01
6.491027227722771897e+01
6.499752475247524330e+01
6.508148148148147527e+01
6.481182795698924792e+01
6.482628676470588402e+01
6.495281862745098067e+01
6.492809466019417641e+01
6.475116550116550229e+01
6.493566176470588402e+01
6.459506833036245155e+01
6.489154411764705799e+01
6.490287990196078738e+01
6.432199754901961342e+01
6.503320683111954281e+01
6.538304455445545216e+01
6.549669966996700055e+01
6.531427658894921251e+01
6.581092302778664305e+01
6.549346405228757817e+01
6.558912655971479921e+01
6.511397058823528994e+01
6.543829296424452480e+01
6.565570105397637235e+01
6.568241235888294227e+01
6.539839572192512662e+01
6.577834557649313751e+01
6.566374999999999318e+01
6.599612903225806804e+01
6.565226715686274872e+01
6.588806451612903459e+01
6.593224009900990268e+01
6.596170343137255543e+01
6.525995246583481446e+01
6.614199873497786086e+01
6.601654411764705799e+01
6.564230540701129257e+01
6.545661407766989726e+01
6.580727272727273203e+01
6.544189467490438972e+01
6.527115937400191115e+01
6.553707107843136725e+01
6.598187759952466536e+01
6.593758169934640989e+01
6.601330445544554948e+01
6.605478662053056382e+01
6.615442961165048530e+01
6.598811645870469533e+01
6.570733173076922640e+01
6.602123786407767625e+01
6.605379537953795932e+01
6.649504950495050082e+01
6.571596534653465937e+01
6.614895635673624952e+01
6.542988710635769678e+01
6.541493656286043290e+01
6.562066831683168289e+01
6.575459558823528994e+01
6.572341057635175332e+01
6.569786096256684971e+01
6.569726678550208021e+01
6.605972344807295826e+01
6.615749525616698179e+01
6.595781342840166417e+01
6.617788778877887523e+01
6.575247524752475670e+01
6.590760546642898987e+01
6.579814755669114845e+01
6.583428209993674329e+01
6.585891089108910990e+01
6.583415841584158557e+01
6.583743213030980712e+01
6.524671616219303871e+01
6.585612623762376927e+01
6.568157138294475317e+01
6.604105392156863275e+01
6.513844325609031216e+01
6.561580882352940591e+01
6.600618811881187753e+01
6.615522197381028491e+01
6.622994652406417515e+01
6.582965578111209481e+01
6.576173499702910874e+01
6.607425742574257299e+01
6.600822264389627492e+01
6.590879670491321463e+01
6.610055693069307381e+01
6.582764073371284042e+01
6.597564832384566103e+01
6.601518026565464936e+01
6.549038461538461320e+01
6.655541360587672273e+01
6.633600713012478423e+01
6.575842375785265403e+01
6.601412180052956558e+01
6.599575163398692723e+01
6.591322815533980872e+01
6.612044902912622035e+01
6.612959558823528994e+01
6.614552696078430927e+01
6.626143790849673110e+01
6.613126796550622544e+01
6.667109424414927332e+01
6.624528904503353033e+01
6.682416192283365319e+01
6.648573975044563156e+01
6.619629854368932342e+01
6.617953431372548323e+01
6.647269243053337107e+01
6.680303030303029743e+01
6.617233009708738223e+01
6.638978015448603287e+01
6.623351158645276371e+01
6.650735294117646390e+01
6.583780696744717886e+01
6.626654898499558044e+01
6.664338235294117396e+01
6.655715571557155386e+01
6.614827890556045986e+01
6.662166262135922068e+01
6.615349264705882604e+01
6.518234223300970598e+01
6.347915476870359441e+01
6.100849514563106624e+01
6.018811881188118917e+01
6.016991376557010796e+01
5.957369814651367790e+01
5.967263349514563231e+01
5.934451309208590430e+01
5.975201845444060211e+01
5.885201529861723913e+01
5.881965283907031505e+01
5.877022653721682843e+01
5.871962341865254587e+01
5.909031491384432400e+01
5.876648841354723629e+01
5.875367647058823195e+01
5.888664215686274161e+01
5.886703431372549034e+01
5.911974009900990268e+01
5.935548387096774547e+01
5.867616421568627771e+01
5.880487033523086637e+01
5.912902227722772608e+01
5.902343750000000000e+01
5.906295969402765422e+01
5.918184693232131366e+01
5.886695526695526581e+01
5.918216318785578522e+01
5.923621323529411598e+01
5.934648058252427205e+01
5.925743200506008890e+01
5.889423076923076650e+01
5.932584951456311018e+01
5.924234068627450966e+01
5.952971813725490335e+01
5.947451456310679418e+01
5.886525448661370774e+01
5.936660724896019303e+01
5.939531941808981941e+01
5.945825426944971781e+01
5.974768444586393912e+01
5.924300399771559000e+01
5.919400452488687847e+01
5.945454545454545325e+01
5.926890261841717944e+01
5.959952465834818724e+01
5.936693669366936632e+01
5.975787284610814254e+01
5.947088532382650072e+01
5.990594362745098067e+01
5.976787773933102699e+01
5.964077669902912504e+01
5.954368932038835283e+01
5.955739577384351691e+01
5.988986650485436769e+01
5.989168689320388239e+01
6.026173499702911585e+01
5.960547219770520400e+01
5.932303618711385695e+01
5.953289057558507125e+01
5.943865842894969376e+01
5.970579582230067928e+01
5.981683168316831711e+01
6.015281250000000313e+01
5.979362623762376217e+01
5.989300542957521856e+01
5.972281639928699093e+01
5.946565594059406124e+01
5.957827970297029907e+01
5.963737623762376217e+01
6.000479080166081047e+01
6.034685404024273225e+01
5.989907377834557423e+01
5.968196528390703293e+01
6.029968749999999744e+01
6.004215905461514069e+01
5.970204207920792072e+01
5.980213903743315740e+01
5.985968749999999972e+01
5.986354838709677750e+01
5.981258064516129025e+01
5.951038007026509291e+01
6.011633333333332985e+01
5.968741935483870975e+01
6.000627062706270465e+01
5.964927261227071398e+01
5.980548387096774121e+01
5.913951395139513778e+01
5.933632425742574412e+01
5.954395439543954183e+01
5.970680293835835073e+01
5.981652227722772608e+01
5.923561037318152955e+01
5.952028106036409838e+01
5.953063118811881083e+01
5.949443069306930454e+01
5.987096774193548043e+01
5.967260843731431663e+01
5.967112299465240710e+01
5.961378490790255569e+01
5.948762918885061168e+01
5.925448661370991488e+01
5.961824123588829138e+01
5.943658001879110486e+01
5.977604166666666430e+01
5.974448529411764497e+01
5.966269965549639664e+01
5.979610148514851176e+01
5.932659313725490335e+01
5.886742424242424221e+01
5.924401149792398513e+01
5.859375000000000000e+01
5.882751225490196134e+01
5.873019801980198196e+01
5.791707920792079278e+01
5.843658088235294201e+01
5.882332920792079278e+01
5.864867454487384180e+01
5.905940594059406124e+01
5.831678921568627771e+01
5.884218421842184199e+01
5.908910891089109185e+01
5.859297912713472556e+01
5.857526881720430367e+01
5.893446601941747787e+01
5.916231623162316566e+01
5.931343749999999915e+01
5.895946782178217660e+01
5.912128712871287206e+01
5.934281250000000085e+01
5.921628045157456910e+01
5.922406250000000227e+01
5.974952561669829265e+01
5.905774193548386819e+01
5.886726485148514598e+01
5.990996503496503323e+01
6.012075242718446333e+01
5.957968700095815962e+01
5.880750360750360528e+01
5.867338935574229453e+01
5.900784313725490193e+01
5.838300000000000267e+01
5.842999999999999972e+01
5.857280139778684003e+01
5.862050256996002418e+01
5.954842543077837291e+01
6.010337798485731042e+01
5.829557713052858503e+01
6.182692307692308020e+01
6.264045618247298819e+01
6.552156177156177819e+01
6.602209005947324272e+01
6.621642619311876388e+01
6.679493968814357174e+01
6.801269841269841265e+01
6.953671328671329377e+01
7.035926573426573327e+01
7.113792118789262986e+01
7.082833710407240346e+01
7.149924992499249754e+01
7.132342857142856474e+01
7.141903887358432712e+01
7.098529411764705799e+01
7.092333804809052822e+01
7.046116504854369111e+01
7.101148459383753675e+01
7.165595347413528771e+01
7.155156462585034660e+01
7.119073083778965838e+01
7.107531249999999545e+01
7.084122474747475451e+01
7.135092864125121537e+01
6.992049204920492400e+01
7.077073767982858499e+01
6.930562500000000625e+01
6.906435643564356042e+01
6.811332179930795405e+01
6.789299719887955575e+01
6.792513368983956923e+01
6.785380622837369913e+01
6.798823529411764355e+01
6.766750700280111630e+01
6.807478991596639162e+01
6.822923408845738891e+01
6.761095806550352449e+01
6.780909090909091219e+01
6.709612903225806235e+01
6.662016201620161837e+01
6.427722772277228103e+01
6.412375000000000114e+01
6.290249024902490049e+01
6.180909090909091219e+01
6.061926192619262110e+01
5.934699940582293465e+01
5.741228571428571570e+01
5.833598901098901024e+01
5.756495956873315123e+01
5.926323024054983080e+01
5.913843537414965823e+01
5.898723118279569633e+01
5.789592760180995157e+01
5.818297511312216841e+01
5.833580810965163010e+01
5.855345022624434392e+01
5.888993710691823935e+01
5.881968196819681793e+01
5.847617647058823565e+01
5.891057635175282314e+01
5.995787878787879066e+01
6.824273989898989612e+01
6.991319444444444287e+01
7.001767676767676107e+01
7.000468750000000284e+01
7.061612903225805837e+01
7.168781565656566102e+01
7.165727272727272634e+01
7.303343750000000512e+01
7.436178107606679077e+01
7.544097222222222854e+01
7.634311868686869218e+01
7.789269256089532689e+01
7.756933821084136582e+01
7.767897727272726627e+01
7.823403554970374785e+01
7.926937146657797939e+01
8.045034013605442169e+01
8.033491161616161946e+01
8.033365917236885423e+01
8.040157998683343976e+01
8.074160631994733706e+01
8.076593750000000682e+01
8.129593749999999375e+01
8.087312500000000171e+01
8.109740259740259205e+01
8.195819618169848297e+01
8.077549690452916309e+01
8.179906814210832522e+01
8.104455445544554948e+01
8.131245791245791565e+01
8.190866666666666163e+01
8.120495275333985319e+01
8.131541218637993040e+01
8.092973490897476552e+01
8.084903225806451132e+01
8.092258064516128968e+01
8.072188552188552535e+01
8.092225806451612868e+01
8.055562500000000625e+01
8.067000000000000171e+01
8.049500000000000455e+01
8.044187499999999602e+01
8.067203282828282340e+01
7.999543825350276904e+01
8.065741935483870861e+01
8.060387096774194049e+01
7.986705767350927943e+01
8.062999999999999545e+01
8.049776785714286120e+01
8.038304455445545216e+01
8.048437500000000000e+01
8.040718750000000625e+01
7.958775877587758885e+01
8.020031249999999545e+01
8.023156249999999545e+01
8.060967741935483843e+01
8.020582058205820886e+01
8.035835196422867455e+01
8.071870967741935488e+01
8.041819852941176805e+01
8.044191919191919737e+01
8.029193548387097223e+01
8.056999999999999318e+01
8.048483870967741893e+01
8.123097643097642617e+01
8.122255892255891752e+01
8.042419354838709467e+01
8.058437499999999432e+01
7.997794117647059409e+01
8.011825980392157476e+01
8.016357119582926316e+01
7.934470663265305745e+01
8.026371799135350216e+01
8.007689801238188920e+01
8.024959270120560006e+01
8.030531117627892002e+01
7.993434343434343248e+01
8.029676071055381215e+01
8.008446782178218371e+01
8.001545454545454561e+01
7.992759900990098743e+01
7.957261029411765207e+01
7.942984068627451677e+01
7.965848484848484645e+01
7.887187500000000284e+01
7.930321782178218371e+01
7.906336088154270669e+01
7.772481895984199696e+01
7.648435374149660504e+01
7.544396408380445962e+01
7.483739302172482155e+01
7.471285672256546206e+01
7.417733333333333690e+01
7.410459433040078636e+01
7.472481071636575223e+01
7.373000000000000398e+01
7.344774193548387586e+01
7.337015314434668767e+01
7.429764309764310326e+01
7.373732718894008542e+01
7.370281249999999318e+01
7.372987943955685353e+01
7.376604757249918976e+01
7.375692407950472784e+01
7.357934180514826039e+01
7.407142857142856940e+01
7.394728535353534937e+01
7.402493686868686495e+01
7.408525345622119573e+01
7.406029040404040131e+01
7.412026515151515582e+01
7.398683344305463550e+01
7.393548387096774377e+01
7.383129251700680129e+01
7.371970663265305745e+01
7.358901515151515582e+01
7.382685977616853279e+01
7.369143043336592314e+01
7.452278911564626185e+01
7.466392363396971632e+01
7.436471362738643620e+01
7.443000000000000682e+01
7.466176940274672802e+01
7.466700680272109025e+01
7.426590828297192104e+01
7.400612745098038658e+01
7.646441831683168289e+01
7.567310049019607732e+01
7.528064516129032313e+01
7.515138933248164221e+01
7.521909932928777209e+01
7.515445544554455637e+01
7.473432343234323127e+01
7.437283415841584144e+01
7.387611408199643392e+01
7.412843750000000398e+01
7.443774377437743794e+01
7.329586184424894668e+01
7.291781249999999659e+01
7.284637496007665902e+01
7.257039141414141170e+01
7.262593750000000625e+01
7.197161290322580385e+01
7.160687245195107664e+01
7.169319492502883406e+01
7.090408415841584144e+01
7.062475247524751865e+01
7.058806451612903743e+01
7.043372724369211824e+01
7.040744074407440678e+01
7.414356435643564680e+01
7.313970588235294201e+01
7.377578883495145590e+01
7.382700822264389728e+01
7.341403069213905042e+01
7.420121366975406829e+01
7.282796717171717660e+01
7.201361386138613341e+01
7.330662128712870640e+01
7.319003513254551763e+01
7.411584158415841728e+01
7.444890077243017856e+01
7.442110148514851176e+01
7.481250000000000000e+01
7.484882985452244952e+01
7.486090686274509665e+01
7.445572422517393818e+01
7.408330723457562783e+01
7.418474264705882604e+01
7.448640101201770847e+01
7.466039603960396676e+01
7.490258064516129366e+01
7.516800000000000637e+01
7.505078249760460096e+01
7.478096774193548413e+01
7.513733333333333064e+01
7.513478122005749071e+01
7.502052785923753220e+01
7.493290441176471006e+01
7.556000000000000227e+01
7.411242414564037517e+01
7.563432343234323696e+01
7.405269881826892231e+01
7.347415865384616041e+01
7.290663771712158336e+01
7.500448179271708682e+01
7.353737373737374128e+01
7.355245009074410234e+01
7.029886148007589952e+01
7.037507906388361789e+01
6.932005060088550863e+01
6.777171215880893840e+01
6.775279156327543717e+01
6.691133333333333155e+01
6.527244793444862125e+01
6.561992973490897896e+01
6.484661606578114856e+01
6.678715277777777715e+01
6.606033415841584144e+01
6.630265654648955831e+01
5.952871287128712652e+01
5.933431372549019756e+01
5.901830065359477118e+01
5.928874130297280232e+01
5.908954248366013218e+01
5.841268382352941302e+01
5.894150326797385731e+01
5.870528817587641157e+01
5.881991857187598072e+01
5.912049335863377308e+01
5.895709677419355188e+01
5.891646039603960361e+01
5.868198529411764497e+01
5.822754854368932342e+01
5.887938205585264484e+01
5.863220439691028218e+01
5.870559400230680325e+01
5.842441054091539598e+01
5.848426007649308644e+01
5.869752747252747582e+01
5.835522558537978455e+01
5.641274752475247567e+01
5.673927392739273756e+01
5.705997474747474740e+01
5.707878787878787818e+01
5.681788178817881629e+01
5.653558823529412081e+01
5.670209668025626115e+01
5.695818181818182069e+01
5.663212121212121275e+01
5.589836924868957624e+01
5.670439691027926443e+01
5.675371360665478448e+01
5.627114845938375254e+01
5.661602722772277474e+01
5.705649388468258820e+01
5.674757281553397803e+01
5.711447520184544402e+01
5.658679354094579139e+01
5.735263480392156765e+01
5.708645276292335069e+01
5.658235823582358393e+01
5.680659536541889310e+01
5.689276960784313530e+01
5.687469059405940897e+01
5.655925592559255932e+01
5.708477722772277474e+01
5.655177696078431637e+01
5.705816831683168289e+01
5.671262254901960631e+01
5.707665282657298178e+01
5.625674019607843235e+01
5.663366336633663423e+01
5.653001237623762165e+01
5.621629901960784537e+01
5.666102198455139671e+01
5.704381127450980671e+01
5.667152009318579076e+01
5.712500000000000000e+01
5.659870049504950629e+01
5.746503712871287206e+01
5.685527912621359548e+01
5.677691831683168289e+01
5.720647653000594346e+01
5.709993811881188464e+01
5.730024509803921262e+01
5.649111519607843235e+01
5.666396639663966539e+01
5.684591584158415856e+01
5.653768382352941302e+01
5.626274271844660291e+01
5.659007352941176805e+01
5.756806930693069546e+01
5.713765570105397984e+01
5.710181818181818159e+01
5.709645480677099982e+01
5.741125000000000256e+01
5.741041200894282781e+01
5.694894801980198196e+01
5.716027227722772608e+01
5.734193548387096939e+01
5.708968749999999659e+01
5.747781249999999886e+01
5.676776960784313530e+01
5.761511701454775647e+01
5.748450974129671209e+01
5.726825495049504866e+01
5.711438106796116188e+01
5.726392326732673155e+01
5.717667079207920722e+01
5.693688118811881083e+01
5.735771319067390550e+01
5.649494949494949481e+01
5.754281249999999659e+01
5.671587158715871624e+01
5.659189356435643248e+01
