5.279761904761905100e+01
5.229466666666666441e+01
5.262968750000000284e+01
5.416927499201533180e+01
5.467656250000000284e+01
5.595359848484848442e+01
5.921454545454545126e+01
5.992759900990098743e+01
6.127656249999999716e+01
6.235703570357035375e+01
6.352212121212121332e+01
6.415498737373737015e+01
6.423579545454545325e+01
6.434468750000000625e+01
6.369507575757575779e+01
6.445999999999999375e+01
6.451935483870967403e+01
6.470442176870747630e+01
6.457032258064516839e+01
6.441483870967742575e+01
6.449625285109155470e+01
6.458161290322580328e+01
6.430050505050505194e+01
6.440303030303030596e+01
6.459151515151515355e+01
6.433415841584158557e+01
6.655685891169761703e+01
6.662129032258064854e+01
6.680948094809481574e+01
6.556967741935483218e+01
6.571022727272726627e+01
6.582954545454545325e+01
6.486138613861386659e+01
6.522026718800911738e+01
6.508270202020202078e+01
6.491838709677419672e+01
6.529599020508111096e+01
6.473064516129032597e+01
6.483903225806452042e+01
6.465129032258064967e+01
6.493157380254154987e+01
6.477516129032258618e+01
6.450189393939393767e+01
6.465999999999999659e+01
6.429878787878787705e+01
6.392953431372549034e+01
6.467031249999999432e+01
6.430833333333333712e+01
6.456499520919834367e+01
6.494451612903225168e+01
6.425932953826692540e+01
6.473171510699457087e+01
6.489483870967741552e+01
6.481451612903225623e+01
6.469461633663365774e+01
6.461386138613860908e+01
6.433903225806452042e+01
6.500766528265729960e+01
6.525897277227723237e+01
6.476639851485148824e+01
6.529838709677419217e+01
6.528645161290322108e+01
6.514129032258064456e+01
6.462216544235069193e+01
6.473062500000000341e+01
6.474704567230917007e+01
6.509741935483870634e+01
6.603064516129032313e+01
6.538546757901596607e+01
6.485032258064515531e+01
6.481245791245791565e+01
6.455516129032258732e+01
6.456225806451612925e+01
6.512562499999999943e+01
6.533968749999999659e+01
6.564764030612245449e+01
6.482562500000000227e+01
6.504138155751059003e+01
6.579060606060606631e+01
6.439156250000000625e+01
6.487161290322580953e+01
6.574548387096774604e+01
6.509466666666666868e+01
6.578193548387096712e+01
6.536559139784945671e+01
6.471062499999999318e+01
6.541150990099009732e+01
6.548833333333332973e+01
6.536100000000000421e+01
6.531541218637993040e+01
6.558781249999999829e+01
6.537666666666666515e+01
6.556761159986966447e+01
6.554969045291626628e+01
6.569393939393938808e+01
6.545030954708373372e+01
6.492161290322580669e+01
6.520364939719777908e+01
6.499380905832518351e+01
6.498290322580645295e+01
6.579468749999999488e+01
