7.800727387729284601e+01
7.844778026189715092e+01
7.849749926448956217e+01
7.844930069930069294e+01
7.829915048543689693e+01
7.887055016181230371e+01
7.896860841423948330e+01
7.864108988412151291e+01
7.849953022236141464e+01
7.886622390891839984e+01
7.912777777777777999e+01
7.870871925902267208e+01
7.857669902912621751e+01
7.856310679611650016e+01
7.879273927392739552e+01
7.832135922330097344e+01
7.870294117647058840e+01
7.889784946236558483e+01
7.794022770398481725e+01
7.788155339805825861e+01
7.776019417475728801e+01
7.779708737864078216e+01
7.843814594425305131e+01
7.847729408080175517e+01
7.852805280528052378e+01
7.808529411764705230e+01
7.798835784313725128e+01
7.831000676132522642e+01
7.784497549019607732e+01
7.791666666666667140e+01
7.791881127450980671e+01
7.798743872549019329e+01
7.795513613861386659e+01
7.768732034493771721e+01
7.792233009708738223e+01
7.752669902912622035e+01
7.775866336633663423e+01
7.738167475728155864e+01
7.744809964867454255e+01
7.767425742574256731e+01
7.796518684126476728e+01
7.734041262135922068e+01
7.760117574257425588e+01
7.763889758847479072e+01
7.753147510178516200e+01
7.736172878170998501e+01
7.749423543689320582e+01
7.756644417475727948e+01
7.718469323213156486e+01
7.727482605945604632e+01
7.733009708737864685e+01
7.761929096135419570e+01
7.722611963670529178e+01
7.774663326025681442e+01
7.720952082680864237e+01
7.697418300653595225e+01
7.702973856209150938e+01
7.726589414343877138e+01
7.722746394230769340e+01
7.727936110241152790e+01
7.707572115384616041e+01
7.685372960372960449e+01
7.758680753854939383e+01
7.742081310679611761e+01
7.699091763232070207e+01
7.734029095509171725e+01
7.792074592074591521e+01
7.763986650485436769e+01
7.766636957813427955e+01
7.755036407766989726e+01
7.773698146513680740e+01
7.786251174444096534e+01
7.780613842781083633e+01
7.744356796116504427e+01
7.756401699029126462e+01
7.757568238213399070e+01
7.750335356116256946e+01
7.768023802067021677e+01
7.732069174757280905e+01
7.751250367755221760e+01
7.751689976689976902e+01
7.701929158760277971e+01
7.762106501912326451e+01
7.763842306560752604e+01
7.712839974699556933e+01
7.756810826713739004e+01
7.797815533980582359e+01
7.748756067961164717e+01
7.762614379084966743e+01
7.767064950980392268e+01
7.767463235294117396e+01
7.747153700189753067e+01
7.775303398058252924e+01
7.731129807692308020e+01
7.691636029411765207e+01
7.662714460784313530e+01
7.754641990291261777e+01
7.710233333333333405e+01
7.744905780900670322e+01
7.679999999999999716e+01
7.745151515151515298e+01
7.753676470588234793e+01
7.760096774193547731e+01
7.752132980288320141e+01
7.782200000000000273e+01
7.734529702970297649e+01
7.726715686274509665e+01
7.797796231236026188e+01
7.773240291262135315e+01
7.726526777325399564e+01
7.782200647249190695e+01
7.725000000000000000e+01
7.764674256799493435e+01
7.731556372549019329e+01
7.749451612903226305e+01
7.708945221445220852e+01
7.767805186590764777e+01
7.729442401960784537e+01
7.761321948134091997e+01
7.830637254901961342e+01
7.754427577482606182e+01
7.720396270396270211e+01
7.750570913461538680e+01
7.737216828478963748e+01
7.746489563567362779e+01
7.716640051101884978e+01
7.768933333333333735e+01
7.756894370651485815e+01
7.754901960784313530e+01
7.789472087378641163e+01
7.792111650485436769e+01
7.787469660194174992e+01
7.782311893203883812e+01
7.748798228969006630e+01
7.775990099009901257e+01
7.830810965162764603e+01
7.737524752475248135e+01
7.796167557932264458e+01
7.763557968700095557e+01
7.797421116504854410e+01
7.801516990291261777e+01
7.783539603960396391e+01
7.750067340067340638e+01
7.767741935483870463e+01
7.736505908655381347e+01
7.769853192215772708e+01
7.683902593295383099e+01
7.736550245098038658e+01
7.727632763276326955e+01
7.762365591397849585e+01
7.733663366336634226e+01
7.688502076014053443e+01
7.713817401960784537e+01
7.759966666666666413e+01
7.708548387096773524e+01
7.774819918571876087e+01
7.772916666666667140e+01
7.742352941176470438e+01
7.739047330097086785e+01
7.780269607843136725e+01
7.780698529411765207e+01
7.759150431172149354e+01
7.706198608475648371e+01
7.758256148195464164e+01
7.742031299904184038e+01
7.723380867498514135e+01
7.712621359223301454e+01
7.726608009708738223e+01
7.700532414657062930e+01
7.713623551518948318e+01
7.693321565166225184e+01
7.740594362745098067e+01
7.730849673202614269e+01
7.742708333333332860e+01
7.761335784313725128e+01
7.764108988412151291e+01
7.733056531459597238e+01
7.726654411764705799e+01
7.722483660130718874e+01
7.691492726122707779e+01
7.717677696078430927e+01
7.751612903225806406e+01
7.767225654604295926e+01
7.670000000000000284e+01
7.774033333333333928e+01
7.734903225806451132e+01
7.768628640776698546e+01
7.781846932321315080e+01
7.755800000000000693e+01
7.722193548387096484e+01
7.697732353880549283e+01
7.783807716635041629e+01
7.716322815533980872e+01
7.714641464146414762e+01
7.736378153944426117e+01
7.737040441176471006e+01
7.707653383934218994e+01
7.701707779886147875e+01
7.702814674256799776e+01
7.742510380070265796e+01
7.705142127115937001e+01
7.705429575215586624e+01
7.797253273714467525e+01
7.725275735294117396e+01
7.748793316831682887e+01
7.705971479500891519e+01
7.736917892156863275e+01
7.731299904183967442e+01
7.746751237623762165e+01
7.724509803921569073e+01
7.750091911764705799e+01
7.793966584158415856e+01
7.768719059405940186e+01
7.770366856419987300e+01
7.801170145477546214e+01
7.764913366336634226e+01
7.715226715686274872e+01
7.720482305042280302e+01
7.706801470588234793e+01
7.719901960784314099e+01
7.719803921568627914e+01
7.686893203883495573e+01
7.720404411764705799e+01
7.727748199185718647e+01
7.711293316831682887e+01
7.737469660194174992e+01
7.736256067961164717e+01
7.798924731182795256e+01
7.736802184466019128e+01
7.739987224528904619e+01
7.775996204933586853e+01
7.809139784946236773e+01
7.781119544592030479e+01
7.767077798861480176e+01
7.745632798573974753e+01
7.792721330956625536e+01
7.724587458745874358e+01
7.754712207463630591e+01
7.777427184466019128e+01
7.983455764931332510e+01
7.826203208556150059e+01
7.778562091503268050e+01
7.751960784313725128e+01
7.706984027560288553e+01
7.775261437908497442e+01
7.758886780518659521e+01
7.697669902912620898e+01
7.727420343137255543e+01
7.739629302736098282e+01
7.672370766488413096e+01
7.699785539215686470e+01
7.681151170145477636e+01
7.723888888888889426e+01
7.731619290961354807e+01
7.753217821782178021e+01
7.681765776699029402e+01
7.723131127450980671e+01
7.728104575163398238e+01
7.716789215686274872e+01
7.729346405228757533e+01
7.766303630363036348e+01
7.729815220795489950e+01
7.739084967320260944e+01
7.728104575163398238e+01
7.722855392156863275e+01
7.752333228938302057e+01
7.714267990074441173e+01
7.751080488568743476e+01
7.756780457250235372e+01
7.758847478860006674e+01
7.755809583463826584e+01
7.729683622828784451e+01
7.773253993109928217e+01
7.693115622241835183e+01
7.727281553398057667e+01
7.712240047534164944e+01
7.697275289696210621e+01
7.736780518659077188e+01
7.749211165048544103e+01
7.758479718939635461e+01
7.717067307692308020e+01
7.725120192307691980e+01
7.749579288025890378e+01
7.729803921568627345e+01
7.683284457478005436e+01
7.739170792079207217e+01
7.717922794117646390e+01
7.721534653465346310e+01
7.688996763754045105e+01
7.691650853889943562e+01
7.697640931372548323e+01
7.683828883495145590e+01
7.678002450980392268e+01
7.724209517725965668e+01
7.669193548387096371e+01
7.747103037895395516e+01
7.758774193548387643e+01
7.730808080808080263e+01
7.709999999999999432e+01
7.724912168636218723e+01
7.729292929292928704e+01
7.711200237670826141e+01
7.710992275698157528e+01
7.671627475247524330e+01
7.748514851485148824e+01
7.681024667931689009e+01
7.719514532098371262e+01
7.695668316831682887e+01
7.761774193548387757e+01
7.691872232764073658e+01
7.728442844284428759e+01
7.702593749999999773e+01
7.732449696582561671e+01
7.701423267326732969e+01
7.733663366336634226e+01
7.732577451293516901e+01
7.641360294117646390e+01
7.712864077669902940e+01
7.729227941176471006e+01
7.708431810923028138e+01
7.712591911764705799e+01
7.695327669902913215e+01
7.741120049504949918e+01
7.697508783136377986e+01
7.722937293729373209e+01
7.735285194174757351e+01
7.681110421836228852e+01
7.690318627450980671e+01
7.708096774193548129e+01
7.718753953194180895e+01
7.727134900990098743e+01
7.744650271478761283e+01
7.721349009900990268e+01
7.670567056705669984e+01
7.697549019607842524e+01
7.789215686274509665e+01
7.737658134745512939e+01
7.701286764705882604e+01
7.657133333333332814e+01
7.642945544554454784e+01
7.696507352941176805e+01
7.661497326203208047e+01
7.701061893203883812e+01
7.761574952561669249e+01
7.736754643206256787e+01
7.720925245098038658e+01
7.733952427500814508e+01
7.685740291262135315e+01
7.687689768976898108e+01
7.719292201691199296e+01
7.701741935483870805e+01
7.716473535859692845e+01
7.689935483870968369e+01
7.690483870967742064e+01
7.702818665831506451e+01
7.688161290322580044e+01
7.713602941176471006e+01
7.709375000000000000e+01
7.727002427184466171e+01
7.676348039215686470e+01
7.696358990737783756e+01
7.666897689768977386e+01
7.675790159661127632e+01
7.589325495049504866e+01
7.633562499999999318e+01
7.635399999999999920e+01
7.638566666666666549e+01
7.656341019417475025e+01
7.645433333333333792e+01
7.668580645161290477e+01
7.636314276588949213e+01
7.624455782312925578e+01
7.616966666666667152e+01
7.703063725490196134e+01
7.662333333333333485e+01
7.690774193548386961e+01
7.705501618122977447e+01
7.666879591184924436e+01
7.727685562167241073e+01
7.697468750000000171e+01
7.743162128712870640e+01
7.688515151515152013e+01
7.755751058976865409e+01
7.781973434535103706e+01
7.821632281553398514e+01
7.820175970873786753e+01
7.809405940594059814e+01
7.846279144043437270e+01
7.781246046805819105e+01
7.852475247524752433e+01
7.833561420658195118e+01
7.815306767868437987e+01
7.827903225806451815e+01
7.841676980198019464e+01
7.823900000000000432e+01
7.857126696832578716e+01
7.874896199297349142e+01
7.870520600447142101e+01
7.883396584440227173e+01
7.840779702970297649e+01
7.816171617161715801e+01
7.786812500000000625e+01
7.823366336633662854e+01
7.870594059405939902e+01
7.868866666666666276e+01
7.879306930693068978e+01
7.892622165442350024e+01
7.850837468982629730e+01
7.862222222222222001e+01
7.875854359629511237e+01
7.859009900990099595e+01
7.876831683168316545e+01
7.753564356435643390e+01
7.780363036303630508e+01
7.775084516565246417e+01
7.787755775577558381e+01
7.790066006600659421e+01
7.797258064516128684e+01
7.830208333333332860e+01
7.856704617330802876e+01
7.777640733712840415e+01
7.840158870255957879e+01
7.850848416289592535e+01
7.790950226244343924e+01
7.761104368932038255e+01
7.939077380952380736e+01
8.022887864823348991e+01
7.947760726589415015e+01
7.941574754901961342e+01
7.865686274509803866e+01
7.928155637254901933e+01
7.843217753120666202e+01
7.783102652825836287e+01
7.781353512278697337e+01
7.788035408338092225e+01
7.784700226244343924e+01
7.781843891402715485e+01
7.769085081585082264e+01
7.775582750582751146e+01
7.782440476190475920e+01
7.762349759615383959e+01
7.819503141062250506e+01
7.739452780229478890e+01
7.702301864801864895e+01
7.768368305668650464e+01
7.731391585760518126e+01
7.797858366647629680e+01
7.721415441176471006e+01
7.717773892773892896e+01
7.760689437065148866e+01
7.778645833333332860e+01
7.720638897588474947e+01
7.750158127767235783e+01
7.738882211538461320e+01
7.722267460068900391e+01
7.772931235431235564e+01
7.772872960372960449e+01
7.743419471153846700e+01
7.597172413793103374e+01
7.673973063973063802e+01
7.678181818181818130e+01
7.987765330188679513e+01
7.818922558922558608e+01
7.728166666666666629e+01
7.810072815533980872e+01
7.656774642981540069e+01
7.710780885780886251e+01
7.717589285714285552e+01
7.701200000000000045e+01
7.735793103448276042e+01
7.668285891089108475e+01
7.763333333333333997e+01
7.690290641967422403e+01
7.710366586538461320e+01
7.709675480769230660e+01
7.718349834983497715e+01
7.680312499999999432e+01
7.710967741935483843e+01
7.676838709677419104e+01
7.707722385141740062e+01
7.693471534653465937e+01
7.690037128712870640e+01
7.689636963696369776e+01
7.721468749999999659e+01
7.734354838709677438e+01
7.753976365378473190e+01
7.759999999999999432e+01
7.732193548387097337e+01
7.762919517758227528e+01
7.734880050505050519e+01
7.676588949217502034e+01
7.690514212711593700e+01
