9.283670033670033206e+01
9.184208754208754044e+01
9.283804713804714481e+01
9.253633333333333155e+01
9.310612244897959044e+01
9.277003367003366918e+01
9.238645161290322960e+01
9.278163265306122298e+01
9.319693877551020478e+01
9.208016608112424706e+01
9.257029702970297080e+01
9.282763115021180056e+01
9.264255457803844251e+01
9.338013468013467389e+01
9.334410774410774536e+01
9.335959595959596413e+01
9.267071223251357992e+01
9.280517406579367901e+01
9.280198019801980536e+01
9.248159009449331336e+01
9.355379310344827104e+01
9.276844458639412494e+01
9.270433333333333792e+01
9.324028966425279918e+01
9.313129032258063944e+01
9.327290322580644499e+01
9.338774193548387359e+01
9.345723905723905034e+01
9.304934640522876066e+01
9.333636363636364308e+01
9.332525252525252313e+01
9.313061650992685259e+01
9.272205930270446572e+01
9.308387096774193026e+01
9.315218855218854799e+01
9.377081156391501793e+01
9.338699494949494806e+01
9.250976430976430720e+01
9.353991528185076731e+01
9.277708115639150321e+01
9.282833333333333314e+01
9.345715216682958726e+01
9.318013468013468525e+01
9.350225806451612698e+01
9.272233333333333860e+01
9.322805280528052663e+01
9.302222222222222570e+01
9.258299999999999841e+01
9.346429815395332241e+01
9.287000000000000455e+01
9.293300330033002865e+01
9.224800000000000466e+01
9.264141414141414543e+01
9.266734006734006357e+01
9.263677419354839060e+01
9.330929989550679693e+01
9.270235690235689674e+01
9.267744107744107396e+01
9.267724137931034534e+01
9.216599999999999682e+01
9.214766666666666595e+01
9.247396199859254295e+01
9.256296296296295623e+01
9.240999999999999659e+01
9.185858585858585457e+01
9.194599999999999795e+01
9.297070441079657144e+01
9.263843537414966534e+01
9.256666666666666288e+01
9.212727272727272521e+01
9.169566666666666777e+01
9.201346801346801385e+01
9.190572390572390304e+01
9.181515151515151274e+01
9.151533333333333076e+01
9.199898989898990465e+01
9.130066666666667174e+01
9.175151515151515014e+01
9.194265232974910873e+01
9.166195286195285519e+01
9.172075594656239161e+01
9.173053111762789058e+01
9.163265993265993359e+01
9.147597103357472292e+01
9.148956228956228642e+01
9.096800000000000352e+01
9.146868686868687348e+01
9.142231731402237926e+01
9.107721088435374668e+01
9.068653198653198899e+01
9.160858585858585457e+01
9.086002886002886214e+01
9.115186346220828284e+01
9.082206896551724640e+01
9.073030303030303401e+01
9.124346917450365879e+01
9.069448275862069409e+01
9.025199999999999534e+01
9.068551724137931558e+01
9.019836121543188767e+01
9.092650644374782587e+01
9.057901596611273476e+01
9.086033333333332962e+01
9.081394557823129787e+01
9.082863113897596463e+01
9.070499999999999829e+01
9.025034482758620413e+01
8.970933333333333337e+01
9.007931034482759003e+01
9.073838709677418990e+01
9.000660066006601312e+01
9.032420984033886668e+01
9.007409773235387718e+01
9.032699999999999818e+01
8.989240924092409557e+01
8.983241379310344144e+01
8.979009900990098458e+01
8.960198019801980251e+01
8.995166666666666799e+01
8.970066666666666322e+01
9.017333333333333201e+01
9.016266666666666652e+01
8.975068965517240827e+01
8.962379310344827843e+01
8.929575163398692439e+01
8.892662871600252572e+01
8.959867986798680306e+01
8.987322580645161452e+01
8.940548387096774263e+01
8.910923027786650152e+01
8.911721494730117854e+01
8.972608418367346417e+01
8.976018246985988469e+01
8.974942978168785146e+01
8.950202020202020492e+01
9.000275862068966148e+01
8.979387755102041524e+01
8.931499999999999773e+01
8.904633333333333667e+01
8.970827586206895887e+01
8.938133333333333042e+01
8.935633333333333894e+01
9.015533333333333132e+01
8.937366666666666504e+01
8.989550679205851225e+01
8.920966666666666356e+01
8.973699999999999477e+01
8.906387096774193424e+01
8.912833333333333030e+01
8.906548241030999691e+01
8.859241379310344655e+01
8.948845598845598204e+01
8.946413793103448597e+01
8.931986531986531475e+01
8.950297029702970519e+01
8.921178451178451496e+01
8.920404040404039847e+01
8.906419674225486460e+01
8.950132013201320547e+01
8.895400830405621662e+01
8.878799999999999670e+01
8.924949494949494522e+01
8.886033333333332962e+01
8.901671891327063690e+01
8.963448275862069181e+01
8.957266666666666310e+01
8.935247524752475101e+01
8.913758620689655743e+01
8.958466666666666356e+01
8.955066666666667174e+01
8.928387321490770034e+01
8.913133333333333042e+01
8.950853361198188907e+01
8.949466666666666015e+01
8.913689655172413495e+01
8.932567049808429260e+01
8.934428571428571786e+01
8.934858313417548459e+01
8.915620689655172271e+01
8.934285714285714164e+01
8.944281324684192214e+01
8.966518518518518022e+01
8.831568627450980102e+01
8.992153413089373259e+01
8.908466666666666356e+01
8.984896551724138192e+01
8.914594218042493878e+01
8.977137931034482676e+01
8.861784511784512119e+01
8.938989416182997161e+01
8.863434343434343532e+01
8.950765721733463920e+01
8.912965517241379132e+01
8.912586206896551744e+01
8.912277227722772466e+01
8.871122112211220667e+01
8.871333333333333826e+01
8.881358825537726887e+01
8.960641399416910247e+01
8.926439310597726262e+01
8.951200000000000045e+01
8.909805174065793665e+01
8.961616161616161946e+01
8.930283373164903082e+01
8.924799721351445214e+01
8.900134680134679854e+01
8.883793103448276440e+01
8.904752475247524046e+01
8.923591669511779401e+01
8.956862068965517665e+01
8.888742393509127737e+01
8.942900000000000205e+01
8.894100000000000250e+01
8.928095238095238528e+01
8.895766666666666822e+01
8.918312153796024688e+01
8.894966666666667265e+01
8.936642284918147539e+01
8.866780471150563869e+01
8.855959595959595276e+01
8.896897689768977102e+01
8.869900990099010585e+01
8.871582491582491059e+01
8.859193548387096939e+01
8.863482758620689594e+01
8.862827586206896058e+01
8.916586206896552369e+01
8.954406130268199604e+01
8.911379310344827331e+01
8.865586903517937856e+01
8.903771043771044447e+01
8.902861952861952943e+01
8.905200000000000671e+01
8.797580645161289681e+01
8.907758620689655515e+01
8.914389438943894106e+01
8.848766666666666936e+01
8.812838283828382657e+01
8.884258064516129139e+01
8.910758620689655629e+01
8.899419354838710206e+01
8.862800000000000011e+01
8.859471947194720087e+01
8.939556858911697645e+01
8.857284299858557119e+01
8.802970297029702351e+01
8.849281045751634167e+01
8.856999999999999318e+01
8.936066150598169600e+01
8.815775577557755582e+01
8.861215431888015814e+01
8.883636363636364308e+01
8.878193548387096712e+01
8.851200000000000045e+01
8.834845097412967618e+01
8.844499999999999318e+01
8.850942190993292513e+01
8.874806451612903402e+01
8.903620689655171816e+01
8.849166666666666003e+01
8.871503712871286496e+01
8.830182050463110954e+01
8.876466666666667038e+01
8.871299198885405701e+01
8.815281850765721572e+01
8.865032258064516668e+01
8.861322580645160940e+01
8.860674504950495134e+01
8.830661130629191291e+01
8.826366666666666561e+01
8.890363036303629940e+01
8.888052805280527480e+01
8.891287128712870924e+01
8.848178571428572070e+01
8.860134680134680707e+01
8.876482758620689140e+01
8.883939393939394336e+01
8.892508250825082428e+01
8.888448275862069181e+01
8.921190476190476204e+01
8.885862068965516869e+01
8.826233333333333064e+01
8.879978888106967361e+01
8.827563078888533710e+01
8.890476190476189799e+01
8.820983711274352856e+01
8.865359477124182774e+01
8.856013071895425526e+01
8.831313131313130782e+01
8.818556371766209168e+01
8.780708412397217444e+01
8.842096278593376724e+01
8.840588235294117680e+01
8.833733333333333348e+01
8.940429275158339806e+01
8.867590759075908124e+01
8.828954248366012791e+01
8.891118077324973967e+01
8.865544554455445336e+01
8.820143393649709651e+01
8.857524752475246999e+01
8.848481848184817977e+01
8.848910891089109043e+01
8.857128712871286780e+01
8.828888888888889142e+01
8.866468646864686320e+01
8.828594771241830585e+01
8.835294117647059409e+01
8.904285714285714448e+01
8.910135841170324511e+01
8.834551041311027575e+01
8.879931034482758889e+01
8.950457424349049518e+01
8.882999999999999829e+01
8.873465346534653975e+01
8.850400000000000489e+01
8.880544217687074138e+01
8.859034482758620754e+01
8.817855923523386252e+01
8.856999999999999318e+01
8.844620462046204068e+01
8.856517241379310690e+01
8.871419141914191187e+01
8.833104575163399375e+01
8.882112211221122777e+01
8.820633333333333326e+01
8.777721433400947149e+01
8.844257425742574696e+01
8.839108910891089010e+01
8.860953346855983170e+01
8.906794127688631590e+01
8.863597359735973669e+01
8.860206896551724753e+01
8.928547854785477966e+01
8.871993464052287948e+01
8.823267326732673155e+01
8.897227722772277048e+01
8.941133333333333155e+01
8.913310344827586107e+01
8.902277227722771613e+01
8.891617161716172291e+01
8.863285714285714789e+01
8.858758169934640136e+01
8.869409354728576034e+01
8.857391601229087996e+01
8.917359735973597878e+01
8.887196995561625101e+01
8.866437908496732234e+01
8.871013997951519059e+01
8.866848753840901054e+01
8.906864686468647108e+01
8.858137254901960489e+01
8.840770791075050283e+01
8.870915032679738488e+01
8.903758620689654890e+01
8.901353135313532050e+01
8.949666666666666970e+01
8.911716171617162274e+01
8.906419354838709523e+01
8.857640297498309678e+01
8.901194947080915654e+01
8.924653465346534631e+01
8.927227722772276763e+01
8.883986928104575043e+01
8.932779349363508459e+01
8.875471095496646967e+01
8.877385620915032405e+01
8.915896551724138419e+01
8.897516339869281410e+01
8.871355411403209246e+01
8.896210310686241485e+01
8.865406162464985584e+01
8.879959030385796837e+01
8.859853082082402409e+01
8.885677419354838946e+01
8.873608740184363342e+01
8.852833333333333599e+01
8.921635711958292347e+01
8.873214907697666831e+01
8.881764705882352473e+01
8.822310344827586448e+01
8.820827586206895887e+01
8.847566666666666890e+01
8.903068965517240940e+01
8.858552406964834347e+01
8.864542483660130756e+01
8.859333333333333371e+01
8.863856209150327459e+01
8.896896551724137225e+01
8.868484848484848726e+01
8.837687639731714739e+01
8.848399999999999466e+01
8.831666666666666288e+01
8.801310344827585652e+01
8.818086544962812923e+01
8.823666666666666458e+01
8.801414141414142023e+01
8.894689655172413723e+01
8.855274837828611112e+01
8.861522703994536698e+01
8.879528619528619515e+01
8.830566666666666720e+01
8.893379310344828070e+01
8.758347558893819951e+01
8.894155844155844193e+01
8.815793103448275758e+01
8.800862068965517437e+01
8.869292929292929273e+01
8.858019801980198338e+01
8.849645161290322903e+01
8.750870967741936113e+01
8.801874999999999716e+01
8.900586510263929085e+01
8.847933333333332939e+01
8.848033333333333417e+01
8.895931034482758548e+01
8.890448275862068783e+01
8.841433333333333167e+01
8.844199999999999307e+01
8.838266666666666538e+01
8.835999999999999943e+01
8.840548387096774263e+01
8.854387162854216342e+01
8.897656765676568114e+01
8.894793103448276383e+01
8.882266009852216371e+01
8.844333333333332803e+01
8.898137931034482051e+01
8.849566666666666492e+01
8.883186705767350588e+01
8.856799999999999784e+01
8.846734006734006073e+01
8.938035527690699666e+01
8.892448275862068385e+01
8.806765676567657408e+01
8.857099999999999795e+01
8.896235045742434977e+01
8.848774193548386791e+01
8.815709570957095309e+01
8.855206555138272506e+01
8.883482758620689879e+01
8.800620689655173123e+01
8.849402526459542173e+01
8.859575163398692155e+01
8.822058823529411598e+01
8.884233333333332894e+01
8.791233333333333633e+01
8.881649831649831128e+01
8.883385579937304044e+01
8.827903225806451815e+01
8.872866666666666902e+01
8.878718216649251360e+01
8.808104575163399375e+01
8.888157436433299097e+01
8.876766666666667049e+01
8.888275862068965694e+01
8.885344827586206407e+01
8.890344827586207543e+01
8.903741496598640026e+01
8.872966666666665958e+01
8.799899999999999523e+01
8.836266666666666936e+01
8.862821428571427873e+01
8.806739061002873825e+01
8.823795379537953920e+01
8.847066666666667345e+01
8.911551724137930819e+01
8.766435643564356894e+01
8.814600000000000080e+01
8.780012650221378578e+01
8.902482758620689651e+01
8.853397063844315085e+01
8.888379310344826933e+01
8.904056795131846513e+01
8.939233333333334031e+01
8.865214521452145391e+01
8.912448275862068670e+01
8.859326599326598739e+01
8.864646464646465063e+01
8.862066666666666492e+01
8.943451612903226078e+01
8.901144781144780893e+01
8.819117647058823195e+01
8.858193548387096428e+01
8.848419354838709694e+01
8.861516129032257538e+01
8.864402647161267623e+01
8.888417508417508373e+01
8.851500000000000057e+01
8.896195286195286656e+01
8.913003300330032630e+01
8.861166666666666458e+01
8.877580645161290818e+01
8.875516129032257595e+01
8.839932659932659931e+01
8.837838709677419047e+01
8.800586206896551289e+01
8.897275862068966035e+01
8.888379310344826933e+01
8.892424242424242209e+01
8.852899999999999636e+01
8.851056105610561531e+01
8.892654104120089187e+01
8.845730198019802515e+01
8.894700000000000273e+01
8.856040480708412588e+01
8.872046204620461651e+01
8.834741935483870634e+01
8.934966666666666413e+01
8.842766666666666708e+01
8.794442670073459567e+01
8.807697221335037341e+01
8.885322580645161850e+01
8.907821782178217518e+01
8.919528619528620084e+01
8.869690194825933816e+01
8.863312500000000682e+01
8.885448275862069067e+01
8.820193548387096882e+01
8.882068965517241566e+01
8.887326732673267315e+01
8.891761363636364024e+01
8.905700000000000216e+01
8.878760779303736683e+01
8.791632066432450188e+01
8.873468013468013282e+01
8.803000000000000114e+01
8.847965517241379985e+01
8.839838709677418649e+01
8.872142857142857508e+01
8.847927551375826738e+01
8.808272117534333745e+01
8.848161290322580896e+01
8.896275252525252597e+01
8.832419354838710035e+01
8.796870009581603256e+01
8.893276515151515582e+01
8.851551155115511449e+01
8.986801346801347279e+01
8.962442244224422438e+01
8.943406249999999602e+01
8.951413793103448313e+01
8.943299663299663393e+01
8.869174917491749000e+01
8.943602693602693421e+01
8.901399999999999579e+01
8.900666666666666060e+01
8.853752794634301893e+01
8.918387096774193878e+01
8.891366666666667129e+01
8.833333333333332860e+01
8.884256356670150012e+01
8.928184377199156074e+01
8.919730639730639155e+01
8.830466666666666242e+01
8.862599808367933463e+01
8.794533333333333758e+01
8.821419354838710092e+01
8.818935483870967573e+01
8.786458000638774024e+01
8.882785052698818618e+01
8.915964450296247890e+01
8.798914084956882675e+01
8.844465528146741917e+01
8.843322580645161679e+01
8.850193548387096598e+01
8.862904290429042931e+01
8.906589279617617194e+01
8.841947194719472236e+01
8.892896709025741586e+01
8.863267326732673723e+01
8.878754208754209287e+01
8.885800000000000409e+01
8.847628083491460416e+01
8.887704632532218341e+01
8.870544151189312743e+01
8.932653061224489477e+01
8.874877810361681441e+01
8.834225806451613039e+01
8.888133333333333042e+01
8.943314567206192578e+01
8.950269360269359709e+01
8.941003755547968979e+01
8.895643564356436173e+01
8.952884943666779805e+01
8.937666666666666515e+01
8.935994889811561848e+01
8.954800000000000182e+01
9.096767676767676392e+01
9.098066666666666436e+01
9.040387096774193765e+01
9.086724137931034306e+01
9.059966666666666413e+01
9.071500000000000341e+01
9.074033333333333928e+01
9.001986531986531759e+01
9.101323580633925303e+01
9.054578038449005817e+01
8.986466666666666470e+01
9.038700000000000045e+01
9.017739898989898961e+01
9.015379310344827957e+01
9.052033333333334042e+01
9.059129032258064740e+01
9.071020550330895560e+01
9.021933333333333849e+01
8.980528052805280481e+01
9.015554136058767654e+01
9.092838709677418763e+01
9.013966666666667038e+01
9.005908655381666961e+01
9.086296296296296759e+01
9.044618332801022120e+01
9.014191419141914707e+01
9.079645161290322619e+01
8.946599264705882604e+01
9.047433333333333394e+01
9.025258064516128798e+01
8.977629950495050082e+01
9.032870967741935431e+01
9.041243811881187753e+01
9.045968750000000114e+01
9.040838709677419160e+01
9.011881188118812247e+01
9.052727272727273089e+01
9.069892473118279952e+01
9.052468749999999886e+01
9.010999999999999943e+01
9.004000000000000625e+01
9.055346534653465085e+01
9.039193548387096655e+01
8.963270520600447355e+01
9.068085808580858043e+01
9.048580858085809098e+01
9.034175084175083725e+01
9.098979591836734926e+01
9.105064516129031915e+01
9.088299999999999557e+01
9.090966666666666640e+01
9.045643564356436173e+01
9.105483870967742632e+01
9.102483870967742519e+01
9.110354838709677949e+01
9.107821782178217518e+01
9.142489410231345914e+01
9.061098690514212706e+01
9.064833333333332632e+01
9.051000000000000512e+01
9.074399164054337064e+01
9.065200000000000102e+01
9.068686868686869218e+01
9.103199999999999648e+01
9.119870967741935885e+01
9.101401107852720429e+01
9.123301985370950717e+01
9.109025741283805644e+01
9.121800000000000352e+01
9.038935483870967857e+01
9.049669966996700055e+01
9.013594771241830017e+01
9.033741935483871544e+01
9.111967741935484355e+01
9.030594059405940754e+01
9.116105610561055528e+01
9.110677419354838946e+01
9.062999999999999545e+01
9.041302972802023419e+01
9.126965517241379189e+01
9.107612903225806633e+01
9.101129032258064910e+01
9.099831649831649827e+01
9.068585858585858261e+01
9.102838709677419615e+01
9.101838709677419104e+01
9.027953795379538349e+01
8.967046173308033019e+01
8.998968750000000227e+01
9.103290322580645011e+01
9.089870967741936170e+01
9.128054740957966828e+01
9.121496598639456010e+01
9.119094167481264890e+01
9.115952380952380452e+01
9.086397306397306295e+01
9.080606060606061192e+01
9.096996699669966802e+01
9.117233333333332723e+01
9.181713688610240354e+01
9.063795379537954489e+01
9.113400000000000034e+01
9.068032258064516782e+01
9.117733333333333690e+01
9.087643097643098145e+01
9.049984030661130419e+01
9.000103448275862661e+01
9.080774410774411365e+01
9.078935483870968426e+01
9.173804713804713629e+01
9.060133333333332928e+01
9.074833333333333485e+01
8.992599620493358259e+01
9.057250000000000512e+01
9.058781249999999829e+01
9.074225008707767870e+01
9.143775510204081058e+01
9.091064516129031858e+01
9.095218855218854515e+01
9.166666666666667140e+01
9.143695014662756648e+01
9.041871606515489646e+01
9.115806451612903061e+01
9.152981427174975693e+01
9.156826327794070153e+01
9.126026936026936198e+01
9.128720538720538968e+01
9.071586836102964924e+01
9.124862068965516926e+01
9.080606060606061192e+01
9.104233333333333178e+01
9.143030303030303685e+01
9.117833333333332746e+01
9.144865042791309406e+01
9.157710437710437645e+01
9.195210166177908206e+01
9.049368385114372870e+01
9.088896551724137396e+01
9.162659932659933304e+01
9.207482993197278631e+01
9.132766666666667277e+01
