6.029766847652507522e+01
6.059614168247944122e+01
6.005123339658444337e+01
6.002182163187855934e+01
6.070513613861385949e+01
6.026013071895425099e+01
6.027531140210795257e+01
6.066646039603960361e+01
6.080929791271347540e+01
6.058816160350767177e+01
6.052051362355151554e+01
6.039461321641089597e+01
6.054775458570524904e+01
6.027516339869281126e+01
5.995540796963946661e+01
6.015022137887412867e+01
6.002843137254902217e+01
5.983586337760910823e+01
6.038909313725490335e+01
6.062270714737508115e+01
6.034888819292201845e+01
6.003194180898165655e+01
6.050485436893203683e+01
6.035980392156862706e+01
6.045816993464052302e+01
6.073656957928802314e+01
6.095113382305972749e+01
6.085499840306611219e+01
6.051918316831682887e+01
6.034093750000000256e+01
6.027020121366975758e+01
6.020951772596614404e+01
5.915784313725490051e+01
6.032209158415841443e+01
5.984701373363142807e+01
5.982124183006536100e+01
6.004656862745098067e+01
6.027784653465346310e+01
6.005589268604279596e+01
5.969801980198019464e+01
5.911427696078431637e+01
6.005136138613861618e+01
5.916615099009901257e+01
5.937265745007680806e+01
5.875071469411091840e+01
5.843853630646083275e+01
5.827814972611077593e+01
5.800416666666666998e+01
5.841636904761904958e+01
5.815148809523809348e+01
5.814702380952380878e+01
5.880036407766990436e+01
5.766695254431103734e+01
5.830378605769230660e+01
5.791616586538461320e+01
5.808018433179723417e+01
5.893810679611650727e+01
5.825684523809523796e+01
5.820084951456311018e+01
5.839539400665926649e+01
5.804761904761905100e+01
5.841646634615384670e+01
5.923437500000000000e+01
5.851328273244781997e+01
5.872749615975422444e+01
5.888869463869463772e+01
5.966084558823529704e+01
5.882630272952853545e+01
5.906031468531468676e+01
5.901382211538461320e+01
5.887378640776699257e+01
5.918840144230769340e+01
5.857720057720057838e+01
5.923267973856209068e+01
5.885294117647058698e+01
5.894581897901660028e+01
5.923244781783681390e+01
5.880958346382712421e+01
5.830711974110032259e+01
5.889038521766364198e+01
5.939684466019417641e+01
5.950121359223300743e+01
5.908593750000000000e+01
5.900876918258691006e+01
5.901382211538461320e+01
5.932925407925407768e+01
5.919080528846154010e+01
5.938804611650485299e+01
5.919101834282099617e+01
5.900775434243175965e+01
5.923614155966176043e+01
5.926148867313915503e+01
5.939454094292803887e+01
5.960388349514563089e+01
5.925305355465079771e+01
5.904321954274976747e+01
5.829464285714285410e+01
5.896179141872846685e+01
5.900595051675540503e+01
5.898418722327640751e+01
5.904927884615384670e+01
5.932352941176470296e+01
5.933467741935483986e+01
5.984290429042903980e+01
5.990006325110689289e+01
6.002524271844659864e+01
5.969339179455057831e+01
5.979503676470588402e+01
5.921588089330024474e+01
5.949190938511326721e+01
5.950758495145630889e+01
5.947722960151802596e+01
5.953039215686274588e+01
5.930065359477124076e+01
5.916255534471853395e+01
5.937738803632947082e+01
5.890703147984701360e+01
5.921650793650793787e+01
5.910949131513647359e+01
5.953961791418728211e+01
5.926517857142857082e+01
5.936673974318822644e+01
6.010633333333333184e+01
5.929470717193861873e+01
5.963326025681177356e+01
5.963138114625743924e+01
5.973958333333333570e+01
5.968540402427339586e+01
5.964859068627450966e+01
5.957906388361796246e+01
5.953289057558507125e+01
5.926331273904089159e+01
5.910228758169934338e+01
5.941840607210626501e+01
5.915751633986928226e+01
5.962541254125412848e+01
5.978431372549019329e+01
5.932251213592233086e+01
5.925932953826691829e+01
5.971378874130297021e+01
5.965825242718446475e+01
5.955511551155115768e+01
5.967378640776698973e+01
6.000126502213788626e+01
5.999084967320261086e+01
5.935228758169934338e+01
5.999248366013071632e+01
5.974336569579288181e+01
5.996153846153845990e+01
5.985372085595655989e+01
6.054712207463630591e+01
5.988425047438330040e+01
6.014833333333333343e+01
6.020228758169934480e+01
6.015841584158415856e+01
5.999673202614378908e+01
5.993042378241619161e+01
6.047392739273927731e+01
6.022156862745097783e+01
5.982008495145630889e+01
5.974636306135357700e+01
5.979316888045541134e+01
6.029405940594059388e+01
6.021062618595825455e+01
6.016767805812839498e+01
6.019738562091503553e+01
5.994075682382133863e+01
6.014084967320261654e+01
6.055709570957095877e+01
5.975544554455445478e+01
6.017385620915032973e+01
6.011470588235294343e+01
6.002774193548387416e+01
5.993451612903226078e+01
6.024224422442244276e+01
5.998921568627451251e+01
5.984771241830065236e+01
6.004172413793103402e+01
6.059628543499511011e+01
6.014059405940594161e+01
6.037293729372937179e+01
6.031600000000000250e+01
6.016006600660065828e+01
6.009869281045751421e+01
6.049115983026874233e+01
6.039519945909398047e+01
6.051553431205189781e+01
6.042475247524752291e+01
6.028844884488449196e+01
6.012508250825082712e+01
5.999373629815220710e+01
6.016963696369636949e+01
6.013379310344827644e+01
6.001331512461590734e+01
6.014005602240896309e+01
5.988446601941747360e+01
6.025940594059405697e+01
5.965970904490828275e+01
5.967194719471947195e+01
6.009019607843137578e+01
5.996722430863776054e+01
6.020759075907590585e+01
6.036105610561055812e+01
6.013921568627451109e+01
5.991320132013201061e+01
6.005804028678729622e+01
6.049966996699669863e+01
6.053168316831683171e+01
6.029738562091502985e+01
6.009939148073022608e+01
6.027019230769230518e+01
5.991413116970926467e+01
5.989052287581699119e+01
6.031710615280594823e+01
6.000204848071013686e+01
6.045920109252304542e+01
6.002241379310344627e+01
6.039418526031101919e+01
6.036240703177822553e+01
6.021209150326797044e+01
6.006111300785251217e+01
6.015739160122908658e+01
6.017733333333332979e+01
6.004052287581699687e+01
5.992799188640973540e+01
6.044417890064868715e+01
5.993462783171521124e+01
6.012068965517241281e+01
6.085597914630172767e+01
6.012973856209150370e+01
6.002852049910873689e+01
6.012328329607154132e+01
6.054762717651075121e+01
6.023233333333333661e+01
5.965085388994307181e+01
6.011503267973856168e+01
6.009141914191419431e+01
6.012442244224422438e+01
5.986209150326797612e+01
6.001633986928104747e+01
6.048067709996806229e+01
5.998734977862112316e+01
5.993725490196078454e+01
6.011068943706514744e+01
6.018666666666666742e+01
6.058660130718953951e+01
6.027383367139959347e+01
6.027083998722452662e+01
5.990396039603960077e+01
6.013066666666667004e+01
5.962333965844402428e+01
6.016632860040567721e+01
6.031633986928104463e+01
5.996666666666666856e+01
5.978388528508023114e+01
6.039721695129664880e+01
5.995522875816993746e+01
6.025490196078431637e+01
6.034110032362459464e+01
6.046176470588235219e+01
5.990226764611944787e+01
5.970776699029126178e+01
5.979720279720280018e+01
6.047596457938013970e+01
6.000392156862745452e+01
6.027933333333333366e+01
6.012271805273833536e+01
6.052900000000000347e+01
6.067516339869280984e+01
6.023410576351752610e+01
6.010773567178202370e+01
6.083219289670902441e+01
6.010763334397955759e+01
6.018414239482200401e+01
6.030666220287914570e+01
6.066116504854368685e+01
6.063894523326572283e+01
6.082320261437908471e+01
6.054464285714285410e+01
6.057152103559870682e+01
6.009149880505292174e+01
6.050161812297734798e+01
6.054804151322397132e+01
6.066831683168317113e+01
6.034009465855307752e+01
6.060006761325220026e+01
6.073984294981222121e+01
5.992462779156327457e+01
6.031517241379310690e+01
6.029798786330245974e+01
6.059896551724138192e+01
6.076666666666666572e+01
6.085148514851485402e+01
6.054271844660193835e+01
6.008398770911573905e+01
5.985665990534144498e+01
5.994268712809270028e+01
6.022475247524752717e+01
6.036084142394822294e+01
6.048996763754045247e+01
6.029514563106796032e+01
6.090258703289683950e+01
6.058811881188118775e+01
6.043234323432343302e+01
6.097128851540616523e+01
6.091574202496532564e+01
6.086143790849673252e+01
6.051111111111111285e+01
6.065970904490828275e+01
6.033043187144291863e+01
6.053636938646426557e+01
6.036804370092181671e+01
6.000096153846153868e+01
6.080836793356755265e+01
6.045540796963946661e+01
6.029429839535677615e+01
5.991931704050887220e+01
6.052459546925566514e+01
6.014981389578164084e+01
6.042493872549019329e+01
6.057811511701454776e+01
6.100500000000000256e+01
6.042607260726072838e+01
6.022810457516339966e+01
6.062776723592662620e+01
6.027777777777777857e+01
6.060550161812297887e+01
6.042266985319221817e+01
6.046369636963696337e+01
5.989253431536658923e+01
6.008039215686274304e+01
6.044616336633663423e+01
6.066596638655462215e+01
6.044658553076403251e+01
6.068343749999999659e+01
6.077581699346405486e+01
6.056025947422328670e+01
6.020388349514563231e+01
6.059519291587602652e+01
6.038511326860841422e+01
6.025987055016181415e+01
6.063977234683628836e+01
6.052118912080961621e+01
6.071298174442190998e+01
6.041351540616246751e+01
6.112914131169709009e+01
6.010585656122768228e+01
6.071974306964165180e+01
6.050462046204620492e+01
6.063498349834983259e+01
6.047722772277227676e+01
5.985699797160243207e+01
6.026166328600405819e+01
6.025878808168731382e+01
6.063978494623655990e+01
5.974291567087743005e+01
6.039158576051779903e+01
6.043991144845034569e+01
6.037863421230561300e+01
6.071730966200068025e+01
6.026335361730899365e+01
6.031913560914500749e+01
6.090781836804369931e+01
6.021287128712871350e+01
6.035808580858086003e+01
6.013780144065142252e+01
6.147388187094571776e+01
6.103087027914614282e+01
6.083717948717949042e+01
6.052532051282051384e+01
6.057540453074433628e+01
6.023300970873786753e+01
6.022806490384615330e+01
5.971274038461538680e+01
5.992079207920792072e+01
5.950484848484848754e+01
5.954362623762376217e+01
5.910723039215686470e+01
5.960561056105610334e+01
5.966305693069306670e+01
5.958188585607940269e+01
5.886718750000000000e+01
5.882481971153845990e+01
5.891207107843137436e+01
5.833301707779886414e+01
