5.680759046778464239e+01
5.717976485148514598e+01
5.732258064516128826e+01
5.674587458745874358e+01
5.715426381347812423e+01
5.738273514851485402e+01
5.678223410576351426e+01
5.709540954095409404e+01
5.724902490249024822e+01
5.766874628639334333e+01
5.730507425742574412e+01
5.762035891089109185e+01
5.710594560404807396e+01
5.735388054934525570e+01
5.792031250000000142e+01
5.696691176470588402e+01
5.705250525052505139e+01
5.716591659165916894e+01
5.732066432449696691e+01
5.739731715106994869e+01
5.728645833333333570e+01
5.683630421865716187e+01
5.660457920792079278e+01
5.640441176470588402e+01
5.674721534653465227e+01
5.712959558823529704e+01
5.737933168316831711e+01
5.692156862745098067e+01
5.698081683168317113e+01
5.712397216951296741e+01
5.696966911764705799e+01
5.744554455445544505e+01
5.722082208220822253e+01
5.682394801980198196e+01
5.679084158415841443e+01
5.641390931372549034e+01
5.719485294117647101e+01
5.739838709677419359e+01
5.716911764705882604e+01
5.751967741935484213e+01
5.724325980392156765e+01
5.714431443144314215e+01
5.741499999999999915e+01
5.723908918406072388e+01
5.699226485148514598e+01
5.655514705882352899e+01
5.735068668157138205e+01
5.771575757575757848e+01
5.705656249999999829e+01
5.726477163845417095e+01
5.765717821782178021e+01
5.733663366336633516e+01
5.726285531778984250e+01
5.762935483870968056e+01
5.747971893963590162e+01
5.746502714787607857e+01
5.721152703505644865e+01
5.725901328273244673e+01
5.680698529411764497e+01
5.755882352941176805e+01
5.778589108910890815e+01
5.735983910891089010e+01
5.738007026509102815e+01
5.776918316831682887e+01
5.714967320261438033e+01
5.739603960396039639e+01
5.722074636306135176e+01
5.723845667299178075e+01
5.774604680581909832e+01
5.746374960076652627e+01
5.754146039603960361e+01
5.753589108910890815e+01
5.729161290322580413e+01
5.790865538166720228e+01
5.801469179175982305e+01
5.733118872549019329e+01
5.768058191018342740e+01
5.733976715686274161e+01
5.765532178217821979e+01
5.727175245098039369e+01
5.769639468690701989e+01
5.772803217821782340e+01
5.826604918556371615e+01
5.743412990196078738e+01
5.754064516129032114e+01
5.726700734589587682e+01
5.689690069576217724e+01
5.750928217821782340e+01
5.775659824046920932e+01
5.800625000000000142e+01
5.768100247524752433e+01
5.803733333333333633e+01
5.762871287128712794e+01
5.782904290429043215e+01
5.747684445863941249e+01
5.721631878557874984e+01
5.818299999999999983e+01
5.719438943894389382e+01
5.677189542483660034e+01
5.800379310344827388e+01
5.749869281045751279e+01
5.766541481734380170e+01
5.812133333333333240e+01
5.718712871287128507e+01
5.710033003300330279e+01
5.738285714285714079e+01
5.777116402116401872e+01
5.777110042735042583e+01
5.804568817818389448e+01
5.766204751131221684e+01
5.753954248366012791e+01
5.747698412698412795e+01
5.730857142857142605e+01
5.732318059299191049e+01
5.761098901098900882e+01
5.769669966996699628e+01
5.772301587301587489e+01
5.725769230769230944e+01
5.775499714448886124e+01
5.736084656084656075e+01
5.797633333333333638e+01
5.816510989010988908e+01
5.753300653594771319e+01
5.783267326732673297e+01
5.788766666666666794e+01
5.772551724137930762e+01
5.745768125199617060e+01
5.744687499999999858e+01
5.733503672947939833e+01
5.671255190035132898e+01
5.761993464052287806e+01
5.672436921111466290e+01
5.773664529914530164e+01
5.751343750000000199e+01
5.756687500000000313e+01
5.745576923076922782e+01
5.753209837112743230e+01
5.743181092302778978e+01
5.710495049504950771e+01
5.704752475247524757e+01
5.706765676567656698e+01
5.717900063251106957e+01
5.825966666666666782e+01
5.704712207463630591e+01
5.759948898115617766e+01
5.741433333333333167e+01
5.761580645161290448e+01
5.769629629629629619e+01
5.763167735042735274e+01
5.695210166177908206e+01
5.721562500000000284e+01
5.774064516129032398e+01
5.739380389651868342e+01
5.820806451612903487e+01
5.780838709677419018e+01
5.714041745730550304e+01
5.778811881188119060e+01
5.756963696369636807e+01
5.786006600660066113e+01
5.765082508250824844e+01
5.762739273927392958e+01
5.797468750000000171e+01
5.786534653465346878e+01
5.737336314276588922e+01
5.746000000000000085e+01
5.812433333333333252e+01
5.748267973856209068e+01
5.828598639455782404e+01
5.856236263736263936e+01
5.770429042904290640e+01
5.782112211221122067e+01
5.782310231023102176e+01
5.785096153846154010e+01
5.853593101245608210e+01
5.835366666666666902e+01
5.868268895855102585e+01
5.788921568627451109e+01
5.866748299319728233e+01
5.866675824175824516e+01
5.879251040221914337e+01
5.829444444444444429e+01
5.762922499146466038e+01
5.826448979591836519e+01
5.776534653465346736e+01
5.716991376557010796e+01
5.712712418300653638e+01
5.770616790405482277e+01
5.752673267326732542e+01
5.741499999999999915e+01
5.711098901098900882e+01
5.752290723981900555e+01
5.769083359948898249e+01
5.785933333333333195e+01
5.894062499999999716e+01
5.782719017094017033e+01
5.770233333333333547e+01
5.820466666666666811e+01
5.790099009900990268e+01
5.781196581196581263e+01
5.782130674363683909e+01
5.776709401709401703e+01
5.753763736263736206e+01
5.747566137566137456e+01
5.787419871794871540e+01
5.726299999999999812e+01
5.745774193548387387e+01
5.727966666666666384e+01
5.700695762175838155e+01
5.742166666666666686e+01
5.760416666666666430e+01
5.725646758224209520e+01
5.716224848291280836e+01
5.753927392739274183e+01
5.708790849673202672e+01
5.702076014053017872e+01
5.751495726495726757e+01
5.661321948134091997e+01
5.687703609070584321e+01
5.665602044075374977e+01
5.706996699669966944e+01
5.648706483551580959e+01
5.735571736785328767e+01
5.652922389013095028e+01
5.657904822740338346e+01
5.713633333333333297e+01
5.681322580645161224e+01
5.709230277866496550e+01
5.668348770360906741e+01
5.727733333333333121e+01
5.688167735042735274e+01
5.687339743589743790e+01
5.696571428571428442e+01
5.692335164835164818e+01
5.725424208144796268e+01
5.666058201058201149e+01
5.767461858529819807e+01
5.691646258503401157e+01
5.714396367521367637e+01
5.723139158576051955e+01
5.625263494091344540e+01
5.663548387096773951e+01
5.706766666666666765e+01
5.672376237623762307e+01
5.665631868131868032e+01
5.639228405599180860e+01
5.722435897435897090e+01
5.612775471095496727e+01
5.652055660974067308e+01
5.911183673469387401e+01
6.024318658280922278e+01
6.176684765250718812e+01
6.193696369636963794e+01
6.282366666666666788e+01
6.312833333333333030e+01
6.530297280202402987e+01
6.595933333333333337e+01
6.617307692307691980e+01
6.576045991695943371e+01
6.595533333333332848e+01
6.610412087912088452e+01
6.539273927392738983e+01
6.596200000000000330e+01
6.524560843181092196e+01
6.533523086654015799e+01
6.570265091025231641e+01
6.608114478114478629e+01
6.554136058767167583e+01
6.586394123283295698e+01
6.668129032258065081e+01
6.710733590733590859e+01
6.718643162393162527e+01
6.805936199722607682e+01
6.787160651549025658e+01
6.787747252747253413e+01
6.786407766990291179e+01
6.798324175824176052e+01
6.808455882352940591e+01
6.835314685314685335e+01
6.866628959276017952e+01
