7.702346999405823169e+01
7.678097809780977911e+01
7.660553633217993763e+01
7.748244824482448223e+01
7.711645870469399711e+01
7.668873197999411673e+01
7.633637921187892061e+01
7.590051903114186871e+01
7.625846702317291204e+01
7.657024557395773456e+01
7.648376225490196134e+01
7.624299583911233924e+01
7.644403198172473424e+01
7.599971164936562218e+01
7.597347174163783734e+01
7.626657420249652830e+01
7.628654646324548594e+01
7.558794974300400327e+01
7.557681324957167135e+01
7.595790080738177608e+01
7.644956683168317113e+01
7.593645189761694780e+01
7.651730103806228556e+01
7.635944570135747256e+01
7.524547511312216841e+01
7.646973158195316955e+01
7.640069889341874898e+01
7.612975778546713457e+01
7.579266161910308597e+01
7.660133954571928427e+01
7.600326797385621092e+01
7.606949250288350584e+01
7.647000582411182279e+01
7.619073966220150851e+01
7.680634828188701135e+01
7.582968099861304268e+01
7.682112385995881709e+01
7.632234105763517107e+01
7.630980392156862990e+01
7.676726768377254473e+01
7.627391562685680526e+01
7.623975044563279369e+01
7.582871972318339715e+01
7.617617349970291230e+01
7.623796791443849941e+01
7.654094579008074106e+01
7.649336793540945223e+01
7.588577955454026380e+01
7.591027926322044550e+01
7.672605042016806465e+01
7.761488203266787878e+01
7.602380952380951840e+01
7.671490972626673965e+01
7.663927335640138949e+01
7.703308823529411598e+01
7.713449457452884417e+01
7.769281045751634451e+01
7.731462378640776478e+01
7.703997715591090412e+01
7.783737864077670565e+01
7.719146482122260977e+01
7.698406862745098067e+01
7.763192461450599069e+01
7.709180035650624063e+01
7.695802696078430927e+01
7.647700680272109253e+01
7.737658134745512939e+01
7.692605042016806749e+01
7.631210736721872934e+01
7.668339100346020132e+01
7.674157624214734597e+01
7.628819444444444287e+01
7.654901960784313530e+01
7.618892679086853548e+01
7.617558945908460544e+01
7.656895604395604948e+01
7.635148514851485402e+01
7.593660765276985103e+01
7.581054091539527917e+01
7.634396671289874803e+01
7.608656957928802456e+01
7.630152565880720772e+01
7.671624649859944611e+01
7.742941176470587550e+01
7.637364771151179355e+01
7.633910034602075712e+01
7.628928571428571104e+01
7.646740638002773949e+01
7.662635228848820645e+01
7.660859916782247581e+01
7.663994452149792380e+01
7.655922330097087070e+01
7.625086505190311925e+01
7.659112343966712899e+01
7.624500285551113166e+01
7.692040598290597586e+01
7.648354908306365019e+01
7.641477885652642499e+01
7.669492502883505836e+01
7.641319246145060617e+01
7.716690240452616933e+01
7.730038126361655770e+01
7.761411764705881922e+01
7.743445378151260172e+01
7.672472872644203790e+01
7.746478076379067090e+01
7.715098039215686754e+01
7.711993146773272656e+01
7.716105082809822591e+01
7.744965325936199463e+01
7.764889705882353610e+01
7.622663834951455897e+01
7.605825242718447043e+01
7.654968589377499200e+01
7.710451170759566253e+01
7.649400342661336083e+01
7.675699600228441000e+01
7.651498868778280382e+01
7.717104511707596259e+01
7.715848086807538664e+01
7.754008073817762181e+01
7.701038062283737418e+01
7.720416088765603035e+01
7.725461361014994566e+01
7.672663834951455897e+01
7.724048442906574508e+01
7.696226975638739987e+01
7.703662053056517323e+01
7.765826330532212296e+01
7.718246110325318909e+01
7.674802036199095312e+01
7.775602240896358808e+01
7.718789263278127066e+01
7.722844089091947239e+01
7.717218732153055782e+01
7.730784313725490620e+01
7.782296918767507066e+01
7.733425797503467436e+01
7.731456310679611477e+01
7.767071197411003425e+01
7.743118218161050947e+01
7.714965397923874946e+01
7.741490576813249902e+01
7.682583621683967579e+01
7.684436598999705836e+01
7.653512278697887439e+01
7.683073817762398505e+01
7.672960372960372410e+01
7.713992869875222880e+01
7.735445544554455921e+01
7.740827023878858881e+01
7.714399509803921262e+01
7.685750999428897501e+01
7.726133578431372939e+01
7.737773777377738327e+01
7.646634615384616041e+01
7.711913250148543852e+01
7.695989304812833609e+01
7.687469362745098067e+01
7.704571927781013585e+01
7.725735294117646390e+01
7.754245424542453691e+01
7.753975397539754510e+01
7.710624133148405690e+01
7.681288614298323125e+01
7.666676185037121627e+01
7.709643665158371562e+01
7.714008321775311572e+01
7.687831603229527389e+01
7.764186851211073304e+01
7.751913192461451274e+01
7.715966386554622147e+01
7.713501400560224397e+01
7.649828669331810715e+01
7.654483152484294806e+01
7.652198743575100082e+01
7.764824717765894491e+01
7.704369747899160359e+01
7.774123588829471032e+01
7.677891816920943313e+01
7.747515705311251111e+01
7.713809523809523228e+01
7.752981969486823743e+01
7.679833564493758047e+01
7.731944444444444287e+01
7.710467032967032708e+01
7.702104959630911196e+01
7.753969160479725531e+01
7.710672268907562454e+01
7.718375350140055957e+01
7.735582468281430124e+01
7.729036908881199963e+01
7.712975778546713457e+01
7.676114081996435345e+01
7.705459688826024944e+01
7.636775522212415979e+01
7.660380622837369913e+01
7.674229691876750792e+01
7.685490196078431779e+01
7.717012687427911999e+01
7.725576701268742852e+01
7.691456582633053074e+01
7.649653979238753720e+01
7.691428571428571104e+01
7.677584237578525972e+01
7.673865546218488021e+01
7.727272727272726627e+01
7.697445038621509639e+01
7.757871972318339715e+01
7.697115933752141359e+01
7.675210084033614066e+01
7.714341192787794910e+01
7.659659746251442414e+01
7.687114845938374685e+01
7.687759103641457159e+01
7.687540453074433344e+01
7.716785714285714448e+01
7.663439667128987764e+01
7.684665905197030611e+01
7.688373408769447792e+01
7.660427807486631480e+01
7.688494809688580744e+01
7.622496532593619634e+01
7.654481792717086819e+01
7.657750582750583135e+01
7.737899159663865589e+01
7.686505190311419256e+01
7.650868347338935394e+01
7.631121898597626796e+01
7.644660194174757351e+01
7.689388696655132094e+01
7.680276816608996171e+01
7.636664762992575106e+01
7.685076282940360670e+01
7.637563025210083367e+01
7.664186851211073304e+01
7.664244521337947447e+01
7.666493656286043290e+01
7.687843137254901649e+01
7.668252595155709628e+01
7.649971164936562218e+01
7.677086834733893284e+01
7.679467787114846544e+01
7.683717059639390357e+01
7.723791496796738443e+01
7.684521687462863326e+01
7.699138443256090625e+01
7.674341736694677252e+01
7.705600247524752433e+01
7.766608996539792997e+01
7.716274509803920978e+01
7.752265226522652597e+01
7.719189034837235397e+01
7.742484248424842974e+01
7.664922206506365399e+01
7.742814281428142920e+01
7.660640138408304267e+01
7.670251225490196134e+01
7.672547254725472499e+01
7.698864298194524736e+01
7.691008403361344392e+01
7.704717530576587592e+01
7.661678200692041685e+01
7.730579915134370594e+01
7.719627256843331509e+01
7.692195690157251420e+01
7.695276292335115897e+01
7.667964244521337491e+01
7.663898500576701167e+01
7.696505532906232361e+01
7.698217468805704300e+01
7.735441176470588687e+01
7.699825276645312044e+01
7.666839677047289570e+01
7.749624962496250191e+01
7.642477375565610487e+01
7.680651672433678812e+01
7.673673587081891867e+01
7.633753501400559571e+01
7.673933102652826221e+01
7.627421271538918290e+01
7.648484848484848442e+01
7.641176470588234793e+01
7.709318578916715126e+01
7.634284016636958370e+01
7.675749711649365281e+01
7.662626262626262985e+01
7.731639928698751874e+01
7.646019013666072794e+01
7.697389738973897977e+01
7.690309030903090104e+01
7.717617938264415045e+01
7.692861222158767021e+01
7.641666666666667140e+01
7.695739573957395407e+01
7.678795518207283521e+01
7.698961937716262582e+01
7.644711824123588428e+01
7.670617944147356582e+01
7.699429942994299836e+01
7.686188004613610758e+01
7.694774414620216874e+01
7.734274898078042781e+01
7.685063437139561415e+01
7.675074272133095121e+01
7.704809052333804686e+01
7.713493635077793442e+01
7.716181046676096855e+01
7.711551155115510880e+01
7.719579008073817761e+01
7.710267725801706717e+01
7.719745403111740245e+01
7.723309759547383635e+01
7.680084033613445627e+01
7.690827023878858881e+01
7.749485714285714266e+01
7.719694348327566047e+01
7.716096181046675895e+01
7.723026874115983276e+01
7.675995246583481446e+01
7.702772277227722952e+01
7.673221288515405547e+01
7.669743739079790146e+01
7.622202998846597666e+01
7.635539864666078813e+01
7.697629762976298196e+01
7.638133813381338655e+01
7.631803180318031821e+01
7.629738562091503695e+01
7.612982768865121841e+01
7.615864527629233294e+01
7.629728950403691101e+01
7.683244206773618146e+01
7.717279411764705799e+01
7.726831421006178857e+01
7.735952970297029196e+01
7.721558607473650682e+01
7.661114253393665763e+01
7.686290085319211585e+01
7.702479815455593837e+01
7.726886512180630007e+01
7.677058823529411313e+01
7.609668803418803407e+01
7.617012687427911999e+01
7.619474585950885626e+01
7.642940360610263895e+01
7.585825242718446759e+01
7.616818960593946031e+01
7.616847515705310911e+01
7.601085094231866890e+01
7.632620320855615148e+01
7.636758241758241184e+01
7.641840659340658704e+01
7.602347285067872917e+01
7.585909090909090935e+01
7.546024602460245490e+01
7.643376623376623513e+01
7.532184873949579185e+01
7.612527472527472128e+01
7.616102198455139671e+01
7.635661764705882604e+01
7.654368932038835283e+01
7.676381461675579487e+01
7.674078014184397034e+01
7.626388888888888573e+01
7.670145631067961745e+01
7.670253505933118277e+01
7.700784313725490904e+01
7.598284313725490335e+01
7.708823529411765207e+01
7.765655637254901933e+01
7.726802000588408248e+01
7.720673900628212039e+01
7.774747474747475451e+01
7.719955724225174265e+01
7.789338235294117396e+01
7.695830953740718883e+01
7.696199722607489946e+01
7.689561707035755944e+01
7.675432525951556784e+01
7.709467787114846260e+01
7.716255201109569839e+01
7.679629629629629051e+01
7.796881435716386477e+01
7.821081830790568290e+01
7.882773682773682822e+01
7.590276719979689801e+01
7.907687991021325047e+01
8.006118326118325967e+01
7.851063264221158988e+01
7.820283505154638704e+01
8.071836734693877702e+01
7.979166666666667140e+01
7.938113623827909748e+01
7.900725026852846611e+01
7.932894736842105488e+01
7.892752485609628366e+01
7.853479853479854000e+01
7.798420098420098157e+01
7.809298109298109125e+01
7.901532460295346993e+01
8.085714285714286120e+01
8.076920768307323328e+01
8.102001212856276879e+01
8.068282312925170174e+01
8.038230240549827954e+01
8.107671315949059476e+01
8.048109668109668746e+01
8.047900874635568869e+01
8.050349854227405899e+01
7.903499728703201299e+01
7.859371643394199225e+01
7.940568119139547321e+01
7.958134110787172233e+01
7.768041526374859984e+01
7.771197691197691881e+01
7.830427991252733477e+01
7.787545454545454504e+01
7.808406250000000171e+01
7.853000594177065352e+01
7.826385062748698829e+01
7.823062500000000341e+01
7.829764851485148824e+01
7.764835515809645017e+01
7.778774752475247567e+01
7.846662408176301540e+01
7.795093749999999488e+01
7.759795979597959104e+01
7.767600000000000193e+01
7.782028571428571695e+01
7.724323529411765321e+01
7.838581314878892670e+01
7.836505190311419256e+01
7.823196605374823775e+01
7.785002912055911395e+01
7.808823529411765207e+01
7.763337216074548053e+01
7.723644752018454085e+01
7.699971988795518030e+01
7.701026352288488397e+01
7.685319211532804218e+01
7.708908371040723750e+01
7.695256588072122383e+01
7.713398058252427347e+01
7.707098416289592535e+01
7.676361655773420978e+01
7.722644203312393074e+01
7.760675381263617112e+01
7.745250000000000057e+01
7.703911234396670693e+01
7.672352941176470154e+01
7.724328147100423791e+01
7.686834733893557825e+01
7.735321350762527004e+01
7.790869086908691088e+01
7.707731092436975473e+01
7.735313531353135375e+01
7.758325832583258830e+01
7.724129069103369716e+01
7.744061624649859255e+01
7.723401360544217198e+01
7.679532967032966440e+01
7.781988795518206814e+01
7.711678224687933891e+01
7.747115933752141359e+01
7.840099009900990268e+01
7.790554298642534548e+01
7.751868196528390342e+01
7.693240950226244479e+01
7.695741758241757680e+01
7.785274725274724972e+01
7.754367201426025247e+01
7.724077669902912646e+01
7.698303167420814930e+01
7.753613053613054262e+01
7.716615811373092981e+01
7.765329670329670364e+01
7.704501323918799471e+01
7.667102040816325825e+01
7.762252747252746587e+01
7.748333333333333428e+01
7.735433543354335484e+01
7.775713453698311639e+01
7.758088235294117396e+01
7.639131607335491481e+01
7.711872399445215365e+01
7.695573957738434956e+01
7.727984009137635724e+01
