7.157275727572756807e+01
7.527849264705882604e+01
7.633603360336033461e+01
7.803242424242424136e+01
7.414873798076922640e+01
7.427227722772276763e+01
7.404503353561162271e+01
7.403415559772295751e+01
7.387500000000000000e+01
7.421844362745098067e+01
7.374211165048544103e+01
7.422153574580758573e+01
7.372552447552448029e+01
7.360553633217993763e+01
7.383338553084873013e+01
7.396033653846153300e+01
7.387226941747573505e+01
7.429074754901961342e+01
7.436689475399153082e+01
7.395082994049482750e+01
7.390612002376708745e+01
7.407797029702970804e+01
7.421512151215121378e+01
7.393733451015003766e+01
7.404982433727244029e+01
7.406464460784313530e+01
7.417493872549019329e+01
7.408370837083708693e+01
7.375300442757747987e+01
7.445730198019802515e+01
7.448607673267326845e+01
7.447524752475247567e+01
7.413480392156863275e+01
7.343385922330097060e+01
7.429840686274509665e+01
7.351809355692850545e+01
7.393343749999999659e+01
7.489158163265305745e+01
7.515115207373271744e+01
7.510309278350516138e+01
7.575052779732583019e+01
7.493312500000000398e+01
7.440688437775816055e+01
7.474290322580645807e+01
7.490452916259367555e+01
7.449933333333333962e+01
7.420281249999999318e+01
7.474747474747475451e+01
7.468781250000000682e+01
7.449755620723362881e+01
7.473085695666340200e+01
7.420387096774193481e+01
7.407119741100324006e+01
7.387000000000000455e+01
7.409000000000000341e+01
7.410250000000000625e+01
7.349294929492948825e+01
7.374181818181817505e+01
7.344554455445545216e+01
7.268909090909090764e+01
7.312705882352940989e+01
7.386161290322580442e+01
7.316800742574257299e+01
7.360637626262625588e+01
7.341374999999999318e+01
7.359000000000000341e+01
7.380483870967742632e+01
7.420690778755295014e+01
7.438983585858585457e+01
7.353933333333333167e+01
7.313201320132013450e+01
7.386750000000000682e+01
7.354333333333333655e+01
7.421401515151515582e+01
7.344298946023634755e+01
7.343303030303030710e+01
7.425505050505050519e+01
7.337484848484848499e+01
7.337411764705882433e+01
7.414678030303029743e+01
7.412720959595959869e+01
7.364445153061224403e+01
7.372173346366895430e+01
7.407228535353534937e+01
7.372140762463342867e+01
7.361580645161289738e+01
7.293531249999999488e+01
7.375105897686542278e+01
7.380026067122841482e+01
7.397281553398057952e+01
7.375968749999999829e+01
7.412247474747475451e+01
7.405902777777777146e+01
7.435516129032258448e+01
7.439865319865319293e+01
7.368904702970297649e+01
7.459563375692407305e+01
7.444610969387754551e+01
7.413005050505050519e+01
7.382781249999999318e+01
7.447214076246334002e+01
7.475724991854023926e+01
7.472759856630824515e+01
7.364536453645364134e+01
7.469338546757902009e+01
6.262976297629762712e+01
6.561746174617461236e+01
6.547337452191821683e+01
6.659423186750427703e+01
6.658088235294117396e+01
6.832950867902324887e+01
6.927213021130782522e+01
6.973257211538461320e+01
6.946748299319727948e+01
7.265177304964538507e+01
6.917984068627451677e+01
7.226040816326531058e+01
7.344771151178917989e+01
7.372330097087377965e+01
7.410928489042676404e+01
7.525671045117076119e+01
7.625519031141868709e+01
7.669703026841804672e+01
7.709659746251442414e+01
7.774977497749775068e+01
7.801050105010500602e+01
7.760992275698157528e+01
7.724433088470136965e+01
7.794680134680135097e+01
7.865214646464646364e+01
7.871399999999999864e+01
7.805909653465346310e+01
7.903670033670033490e+01
7.802937293729372925e+01
7.849225806451613607e+01
7.869762137504072541e+01
7.854766666666667163e+01
7.857095709570957354e+01
7.885452245414295191e+01
7.898533724340175866e+01
7.963605442176870497e+01
7.909644835451287292e+01
7.927761485826002286e+01
7.876533333333333076e+01
7.865857553497285437e+01
7.932896838070904266e+01
7.957270408163265074e+01
7.917502395400831006e+01
7.862791440434365597e+01
7.904218749999999716e+01
7.877030303030302605e+01
7.936322580645160940e+01
7.965935483870967460e+01
7.884187500000000171e+01
7.919452590420331717e+01
7.952322580645160599e+01
7.955375253549695458e+01
7.884903225806451132e+01
7.870777077707771241e+01
7.956563398275311272e+01
7.919362745098038658e+01
7.848607673267326845e+01
7.939955285851165456e+01
7.894149272612270352e+01
7.907612903225806633e+01
7.931156249999999375e+01
7.927612903225806917e+01
7.905074257425742701e+01
7.927451612903226419e+01
7.962741935483870748e+01
7.939437499999999659e+01
7.971180555555555713e+01
7.964593750000000227e+01
7.959343749999999318e+01
7.978062500000000057e+01
7.929894602363462752e+01
7.936709677419354136e+01
7.983750000000000568e+01
8.032653061224489477e+01
7.937687499999999829e+01
7.999656249999999602e+01
7.913651365136513505e+01
7.979000000000000625e+01
7.867968253968254544e+01
7.995688278505269864e+01
7.914349376114081736e+01
7.909044908285895303e+01
7.964963270520600247e+01
7.911580882352940591e+01
7.943755988502076093e+01
7.964533333333334042e+01
7.935388054934526281e+01
7.950897277227723237e+01
7.877147058823528880e+01
7.962663685723410367e+01
7.936601724688597415e+01
7.886620145631067658e+01
7.923561037318152955e+01
8.000316255534471566e+01
8.008882947118240736e+01
8.215854495538778224e+01
8.238074712643678765e+01
8.322245614035087158e+01
8.310852994555354201e+01
8.319236111111111143e+01
8.324409722222222285e+01
6.296716162193032318e+01
6.290091376356367903e+01
6.337216074548631184e+01
6.318451845184518589e+01
6.333363042186571334e+01
6.351113649343232481e+01
6.333118872549019329e+01
6.296587231538688201e+01
6.397242647058823195e+01
6.310588592233009564e+01
6.363802729528536162e+01
6.445572227125624920e+01
6.459314320388349984e+01
6.430038246543101366e+01
6.483064516129032029e+01
6.446248896734333300e+01
6.555498798076922640e+01
6.511942959001783038e+01
6.493416262135922068e+01
6.457463592233010274e+01
6.479810049019607732e+01
6.482688268826882450e+01
6.445496323529411598e+01
6.442502883506344347e+01
6.438978015448603287e+01
6.455476485148514598e+01
6.466223908918405527e+01
6.390934405940593876e+01
6.370559680182752516e+01
6.380423782416192324e+01
6.421627475247524330e+01
6.405733808674985141e+01
6.357016769638129006e+01
6.426715686274509665e+01
6.430330882352940591e+01
6.431170703575547520e+01
6.316593115622242038e+01
6.410487225193107008e+01
6.341218005295674942e+01
6.322655122655122995e+01
6.419478155339805880e+01
6.336187113857016584e+01
6.381966726084372965e+01
6.344983818770226236e+01
6.394320913461538680e+01
6.358646844660194120e+01
6.352427184466019128e+01
6.378650990099009732e+01
6.357167832167831989e+01
6.369538834951456607e+01
6.411336379211878977e+01
6.397208737864077932e+01
6.392870145631067658e+01
6.345936724565756748e+01
6.392172330097087496e+01
6.418817204301075208e+01
6.432352020043846608e+01
6.408149455722271171e+01
6.445255245850297854e+01
6.396008158508158203e+01
6.345952380952380878e+01
6.375485436893203683e+01
6.327499999999999858e+01
6.372148058252427205e+01
6.380288461538461320e+01
6.417090570719602738e+01
6.373948317307691980e+01
6.391888506107109436e+01
6.468888888888888289e+01
6.457521558607473366e+01
6.419388055310385255e+01
6.355624999999999858e+01
6.429190385831752508e+01
6.427893738140417668e+01
6.652277039848196694e+01
6.619198246163482224e+01
6.647330097087377965e+01
6.603335336538461320e+01
6.644686907020873434e+01
6.572057038834951470e+01
6.604071406201065031e+01
6.581947890818858582e+01
6.608826125330979551e+01
6.615240641711230296e+01
6.588027332144979198e+01
6.585732009925558827e+01
6.577275485436892666e+01
6.599544902912622035e+01
6.562165342747867669e+01
6.652317290552583984e+01
6.636333633363337015e+01
6.644318181818181301e+01
6.599881164587047522e+01
6.594781553398058804e+01
6.514710208884966391e+01
6.577587758775877091e+01
6.650562499999999488e+01
6.615909802693391839e+01
6.568814357163871875e+01
6.603883495145630889e+01
6.565931156222418963e+01
7.564449257425742701e+01
7.587187500000000284e+01
7.567437499999999773e+01
7.539850114043662188e+01
7.536718750000000000e+01
7.554343749999999602e+01
7.585117845117845548e+01
7.571606515490258005e+01
7.597790404040404155e+01
7.524500000000000455e+01
7.531562499999999716e+01
