8.642935483870967062e+01
8.614975247524752433e+01
8.619770520741394648e+01
8.661929096135419570e+01
8.636729479399552645e+01
8.644028465346534063e+01
8.630565314595975224e+01
8.643688725490196134e+01
8.670430107526881613e+01
8.680200000000000671e+01
8.570451612903225680e+01
8.595823019801980536e+01
8.652196782178218371e+01
8.561641648035771368e+01
8.612982768865121841e+01
8.588149752475247567e+01
8.586138613861386659e+01
8.596689356435643958e+01
8.652666879591184568e+01
8.620823019801980536e+01
8.629891144454251162e+01
8.567401960784313530e+01
8.621596534653465937e+01
8.625625183877610880e+01
8.607332920792079278e+01
8.659156249999999488e+01
8.619306930693069546e+01
8.582659313725490335e+01
8.611262376237623073e+01
8.613051305130512958e+01
8.603434405940593876e+01
8.604084158415841443e+01
8.632301980198019464e+01
8.622562256225621979e+01
8.552535253525353198e+01
8.624356435643564112e+01
8.591015625000000000e+01
8.576213592233010274e+01
8.618595297029702351e+01
8.609964867454488058e+01
8.595624401149792959e+01
8.617585784313725128e+01
8.655406250000000057e+01
8.609777227722771897e+01
8.573117311731172663e+01
8.602245145631067658e+01
8.676161290322581010e+01
8.597869786978698414e+01
8.690093749999999773e+01
8.632787878787878810e+01
8.603750375037503773e+01
8.598379837983797813e+01
8.628991336633663423e+01
8.620909090909090366e+01
8.563786378637863095e+01
8.578575757575757166e+01
8.575393939393939036e+01
8.533783378337834336e+01
8.533693369336933188e+01
8.618093749999999886e+01
8.620031249999999545e+01
8.567605198019802515e+01
8.573757575757575466e+01
8.601187500000000341e+01
8.571166207529843462e+01
8.605136138613860908e+01
8.544704470447044287e+01
8.593719059405940186e+01
8.600749999999999318e+01
8.635999999999999943e+01
8.625225806451612698e+01
8.578217821782178021e+01
8.629640151515151558e+01
8.550337009803921262e+01
8.585388538853885620e+01
8.593669366936693166e+01
8.588490099009901257e+01
8.523333333333333428e+01
8.613636363636364024e+01
8.549596309111879577e+01
8.567481435643564680e+01
8.614665841584158557e+01
8.699225806451613607e+01
8.625649752475247567e+01
8.559034653465346310e+01
8.649877450980392268e+01
8.706451612903225623e+01
8.674785539215686470e+01
8.654161290322581124e+01
8.590314913844325417e+01
8.643999999999999773e+01
8.644754149702474422e+01
8.603951277480689441e+01
8.631143114311430509e+01
8.556286043829295807e+01
8.548961937716262582e+01
8.590655637254901933e+01
8.605085784313725128e+01
8.637602783048703259e+01
8.541839677047289570e+01
8.514249000571102499e+01
8.591740938799762262e+01
8.558121212121211840e+01
8.546936881188118207e+01
8.587105582524272052e+01
8.576617647058823479e+01
8.573677956030897462e+01
8.615125000000000455e+01
8.595751633986928653e+01
8.603125000000000000e+01
8.551999999999999602e+01
8.547181818181817903e+01
8.573452970297029196e+01
8.612715389185977699e+01
8.528922892289229196e+01
8.580926033779849149e+01
8.622687500000000682e+01
8.592212121212121190e+01
8.615329768270945010e+01
8.611348781937017804e+01
8.705521091811414180e+01
8.718979016598810006e+01
8.651899509803921262e+01
8.667574257425742701e+01
8.671287128712870640e+01
8.693388693708079984e+01
8.651608910891089010e+01
8.683404126213592633e+01
8.683775252525252597e+01
8.608515151515150876e+01
8.609477124183005969e+01
8.552481617647059409e+01
8.613779761904761756e+01
8.692611832611832767e+01
8.678132754342431099e+01
8.628698752228163471e+01
8.627751892836342051e+01
8.531215063253898734e+01
8.555685568556855003e+01
8.563726372637263751e+01
8.613741935483871259e+01
8.553885388538853363e+01
8.586878787878788444e+01
8.565406540654065282e+01
8.588242424242423567e+01
8.651516089108910990e+01
8.604901960784313530e+01
8.580005941770647837e+01
8.554941176470588005e+01
8.547091584158415856e+01
8.594812500000000455e+01
8.588502076014053443e+01
8.575968749999999829e+01
8.604319852941176805e+01
8.606342821782178021e+01
8.560873440285205049e+01
8.576589423648246679e+01
8.538459158415841443e+01
8.531435643564356042e+01
8.561935483870968255e+01
8.555354838709676812e+01
8.536454545454544984e+01
8.528836633663365774e+01
8.540532178217821979e+01
8.555228960396038929e+01
8.576437500000000114e+01
8.491509150915091197e+01
8.566064516129031858e+01
8.624782478247824713e+01
8.584729649435531940e+01
8.591843749999999602e+01
8.528922892289229196e+01
8.620853960396038929e+01
8.627545454545455073e+01
8.540774077407741061e+01
8.599970879440884630e+01
8.582147277227723237e+01
8.515601560156015637e+01
8.632271039603961071e+01
8.616307513104251825e+01
8.614851485148514598e+01
8.596164936562860248e+01
8.613381338133812903e+01
8.621017156862744457e+01
8.598949894989499398e+01
8.561416141614161290e+01
8.578085351787774471e+01
8.568944636678200766e+01
8.589430147058823195e+01
8.641503267973855884e+01
8.666460396039603609e+01
8.611121212121211954e+01
8.641503267973855884e+01
8.607518564356435320e+01
8.637812499999999716e+01
8.588878787878788046e+01
8.614789603960396391e+01
8.560221316249271695e+01
8.625906120023766732e+01
8.628187499999999943e+01
8.556105610561056096e+01
8.624290322580645807e+01
8.595496323529411598e+01
8.643193069306930454e+01
8.555955595559555604e+01
8.614263613861386659e+01
8.600340346534653690e+01
8.548718695398952150e+01
8.620749999999999602e+01
8.646144614461445599e+01
8.609447415329768205e+01
8.567909090909090253e+01
8.608110516934046075e+01
8.565377475247524330e+01
8.596821152703505220e+01
8.649504950495050082e+01
8.578982843137255543e+01
8.615593749999999318e+01
8.628465346534653690e+01
8.606734006734006925e+01
8.615000000000000568e+01
8.675727272727272066e+01
8.585508578431372939e+01
8.598031249999999659e+01
8.618469323213156486e+01
8.615844402277039649e+01
8.543545454545454731e+01
8.537918108419837893e+01
8.515389185977421960e+01
8.593125000000000568e+01
8.499759975997599781e+01
8.539424242424242095e+01
8.576454545454545553e+01
8.527402446126966140e+01
8.583468750000000114e+01
8.598132843587389118e+01
8.583656249999999943e+01
8.536118763391490916e+01
8.525030940594059814e+01
8.611281128112811700e+01
8.519306930693069546e+01
8.573011363636364024e+01
8.502824694234129765e+01
8.549114911491149371e+01
8.543294329432943357e+01
8.548606060606060453e+01
8.525161290322580498e+01
8.636580645161289738e+01
8.555001629195177770e+01
8.574843749999999432e+01
8.571531249999999602e+01
8.526239907727797629e+01
8.559937499999999488e+01
8.543647058823529505e+01
8.554656249999999318e+01
8.537413741374137999e+01
8.523576732673267031e+01
8.547636363636362944e+01
8.514749536178108258e+01
8.537373737373737015e+01
8.591528185076572299e+01
8.495499549954995189e+01
8.559525952595259923e+01
8.573843750000000341e+01
8.550525052505250301e+01
8.567656250000000284e+01
8.577163845416799859e+01
8.570776109869051140e+01
8.574484848484848953e+01
8.486488970588234793e+01
8.503584558823528994e+01
8.483630421865716187e+01
8.488705234159779422e+01
8.516522277227723237e+01
8.513211633663365774e+01
8.544097222222222854e+01
8.500540054005401203e+01
8.474443069306930454e+01
8.532070707070707272e+01
8.459289868380777477e+01
8.493626237623762165e+01
8.544206773618537909e+01
8.532258064516129537e+01
8.477506188118812247e+01
8.487066831683168289e+01
8.480005941770647837e+01
8.492109210921091744e+01
8.500781250000000000e+01
8.589030612244897611e+01
8.540404040404040131e+01
8.519411764705881751e+01
8.481188118811881793e+01
8.496689356435643958e+01
8.547750000000000625e+01
8.546444644464446583e+01
8.565250000000000341e+01
8.516608996539792997e+01
8.519867358708188476e+01
8.535519801980197485e+01
8.520342034203420667e+01
8.549757575757575978e+01
8.574461269656377738e+01
8.542121212121212182e+01
8.597812500000000568e+01
8.547679455445545216e+01
8.563976499690785715e+01
8.544217687074829826e+01
8.572218750000000398e+01
8.540744074407440678e+01
8.565382352941176691e+01
8.487638763876387316e+01
8.579857673267326845e+01
8.549785539215686470e+01
8.486738673867387206e+01
8.599741935483871202e+01
8.560932857991681999e+01
8.552542892156863275e+01
8.552139037433154556e+01
8.545420792079207217e+01
8.618625000000000114e+01
8.575698158051099540e+01
8.545884900990098743e+01
8.551310425160163220e+01
8.489378937893789612e+01
8.464787878787878128e+01
8.552875000000000227e+01
8.569132501485442788e+01
8.522277227722771897e+01
8.594989498949894369e+01
8.630387096774192912e+01
8.536620530565167542e+01
8.542848484848484247e+01
8.540593749999999318e+01
8.536764705882353610e+01
8.533781512605041542e+01
8.574062499999999432e+01
8.570612373737374412e+01
8.569854797979797922e+01
8.551812240047533464e+01
8.554545454545454675e+01
8.579848484848484702e+01
8.598484848484848442e+01
8.551035103510351121e+01
8.543894389438943904e+01
8.592484848484848214e+01
8.601606060606060566e+01
8.576807680768077091e+01
8.569617647058824161e+01
8.589556052379431605e+01
8.591344618332800565e+01
8.598371127435324013e+01
8.602031250000000284e+01
8.511968549796155514e+01
8.539441176470587891e+01
8.548281249999999432e+01
8.539236111111111427e+01
8.548611111111111427e+01
8.535703570357036085e+01
8.571107266435986105e+01
8.569181818181817789e+01
8.558938869665513494e+01
8.576878787878787591e+01
8.567000000000000171e+01
8.524842484248425478e+01
8.591666666666667140e+01
8.621580645161290590e+01
8.575875000000000625e+01
8.538973897389739420e+01
8.532951732673267031e+01
8.530662128712870640e+01
8.527152715271526517e+01
8.536243624362435867e+01
8.611942959001783038e+01
8.591333333333332689e+01
8.568954248366013360e+01
8.514356435643564680e+01
8.541707920792079278e+01
8.537818181818181529e+01
8.509172976121141119e+01
8.598019801980197485e+01
8.559437499999999943e+01
8.539352941176470324e+01
8.585290404040404155e+01
8.525922592259226462e+01
8.538463846384638600e+01
8.614814814814815236e+01
8.512558823529411711e+01
8.551969696969696599e+01
8.549241504854369111e+01
8.540977323538805877e+01
8.522524752475247567e+01
8.476761793826440794e+01
8.530570409982175306e+01
8.540819964349375937e+01
8.668431891732862482e+01
8.639398684622611313e+01
8.625704656862744457e+01
8.589307598039215463e+01
8.563249999999999318e+01
8.548754875487549043e+01
8.541944194419441772e+01
8.495662507427213939e+01
8.548387096774193594e+01
8.533906249999999716e+01
8.514511138613860908e+01
8.601020102010201640e+01
8.478538147932439983e+01
8.559271708683473889e+01
8.507890789078908256e+01
8.513278126784695132e+01
8.515999999999999659e+01
8.575156250000000568e+01
8.577187499999999432e+01
8.552875000000000227e+01
8.561093750000000568e+01
8.586242424242423965e+01
8.560531249999999659e+01
8.577677767776778239e+01
8.523095027949396751e+01
8.715202810603641126e+01
8.634274786701971038e+01
8.685861650485436769e+01
8.665903465346534063e+01
8.669045291625937466e+01
8.595499999999999829e+01
8.631374349556168113e+01
8.625741935483870293e+01
8.567986798679868343e+01
8.629912991299130454e+01
8.567450495049504866e+01
8.489320388349514701e+01
8.561026102610260580e+01
8.549504950495050082e+01
8.604000000000000625e+01
8.590062500000000512e+01
8.596854979615608272e+01
8.654395439543954183e+01
8.682146279144043888e+01
8.612834224598930177e+01
8.608907254361800199e+01
8.615343749999999545e+01
8.603874999999999318e+01
8.525172517251725424e+01
8.591276400367308952e+01
8.602937500000000171e+01
8.598093749999999602e+01
8.575216584158415856e+01
8.587575757575757507e+01
8.616102198455139671e+01
8.605822935234699855e+01
8.616687500000000455e+01
8.630003000300030180e+01
8.560606060606060908e+01
8.610241336633663423e+01
8.562303030303030482e+01
8.547415329768270453e+01
8.573939393939393483e+01
8.528502850285028103e+01
8.566818181818182154e+01
8.573575757575757450e+01
8.520402040204020011e+01
8.524572457245724877e+01
8.553094059405940186e+01
8.542848904267589205e+01
8.538030303030302548e+01
8.561545454545453993e+01
8.547575757575756938e+01
8.516351635163516676e+01
8.647404740474047458e+01
8.602781249999999602e+01
8.597593582887699881e+01
8.588350634371396097e+01
8.612406249999999375e+01
8.630352722772276763e+01
8.582958295829583051e+01
8.589574839836924980e+01
8.560687245195107664e+01
8.582615026208503650e+01
8.599474009900990268e+01
8.627531249999999829e+01
8.584340745380519877e+01
8.542560553633218490e+01
8.606552125800814679e+01
8.612842166569598135e+01
8.589603960396038929e+01
8.618688118811881793e+01
8.674062499999999432e+01
8.637281249999999488e+01
8.578272727272727138e+01
8.669949494949494806e+01
8.536453645364537124e+01
8.563242424242423567e+01
8.604218657159833583e+01
8.552623990772779905e+01
8.650441919191919737e+01
8.640841584158415856e+01
8.640284653465346310e+01
8.635733573357335047e+01
8.606812499999999488e+01
8.620374999999999943e+01
8.592603377984856650e+01
8.652235294117646447e+01
8.635733573357335047e+01
8.629610148514851176e+01
8.590808823529411598e+01
8.582909090909090821e+01
8.624577751892836375e+01
8.657005700570057627e+01
8.600306091215182391e+01
8.671187500000000625e+01
8.620389851485148824e+01
8.631868811881187753e+01
8.574407440744074904e+01
8.566909090909091162e+01
8.628281250000000568e+01
8.572030303030302889e+01
8.567484848484848214e+01
8.576441753171856419e+01
8.588177052999417072e+01
8.601038062283737418e+01
8.633896330809551500e+01
8.608606060606061305e+01
8.648236386138613341e+01
8.687480038326413023e+01
8.649102722772276763e+01
8.599666666666666970e+01
8.636156250000000512e+01
8.626967741935483502e+01
8.603696969696969177e+01
8.566528265729799330e+01
8.612764003673095203e+01
8.598516129032257993e+01
8.564696969696969120e+01
8.607658707047175994e+01
8.703896518684126704e+01
8.651235294117647356e+01
8.620297029702970804e+01
8.669242424242423795e+01
8.622888759464181874e+01
8.664975247524752433e+01
8.666687500000000455e+01
8.618301830183018808e+01
8.688303030303030994e+01
8.602220222022202734e+01
8.597205882352940876e+01
8.655865586558655878e+01
8.685829207920792783e+01
8.589156250000000625e+01
8.670915841584158557e+01
8.613272727272726570e+01
8.642791551882460510e+01
8.596243686868686495e+01
8.647926980198019464e+01
8.605074257425742701e+01
8.586374999999999602e+01
8.625937500000000568e+01
8.597029702970297649e+01
8.605490549054906069e+01
8.657874999999999943e+01
8.618481848184818261e+01
8.621936881188118207e+01
8.608143939393939092e+01
8.620122306348281427e+01
8.623290322580645295e+01
8.626322580645161509e+01
8.576301501117853832e+01
8.617709677419354364e+01
8.559982174688056489e+01
8.635843749999999375e+01
8.615031503150315473e+01
8.609969696969696429e+01
8.643437500000000284e+01
8.536602722772276763e+01
8.590281249999999602e+01
8.595781250000000284e+01
8.614757575757575125e+01
8.590993292877675458e+01
8.568409653465346310e+01
8.643000000000000682e+01
8.589888988898890432e+01
8.583798379837983816e+01
8.606611306291920016e+01
8.587867647058823195e+01
8.600212378640776478e+01
8.576567656765676873e+01
8.598096774193548697e+01
8.655225806451612414e+01
8.606976010101010388e+01
8.615594660194174992e+01
8.629581310679611761e+01
8.705819101834282492e+01
8.705724009900990268e+01
8.657785778577857627e+01
8.659975997599759978e+01
8.621650165016501433e+01
8.650686681571383474e+01
8.688129032258063944e+01
8.667416741674166758e+01
8.666850490196078738e+01
8.656862745098038658e+01
8.604999999999999716e+01
8.716955445544554948e+01
8.635093750000000057e+01
8.663942454851546415e+01
8.663531249999999773e+01
8.661499999999999488e+01
8.606787878787878299e+01
8.606219660194174992e+01
8.671806298276887048e+01
8.646109068627451677e+01
8.669937500000000341e+01
8.637314356435643958e+01
8.641058168316831711e+01
8.669088631381146115e+01
8.756403704886618300e+01
8.643915681890769065e+01
8.665501237623762165e+01
8.650123762376237835e+01
8.687000958160332686e+01
8.710899999999999466e+01
8.725290322580644897e+01
8.692677419354838264e+01
8.708499999999999375e+01
8.664812499999999318e+01
8.664741935483870350e+01
8.672666666666667368e+01
8.540812499999999829e+01
8.505790441176471006e+01
8.403991336633663423e+01
8.425133689839572071e+01
8.443200000000000216e+01
8.438548387096774661e+01
8.390865538166720228e+01
8.402100000000000080e+01
8.403096774193548413e+01
8.409677419354838435e+01
8.373399999999999466e+01
8.351670792079207217e+01
8.353281250000000568e+01
8.400419354838709296e+01
8.330791788856305402e+01
8.323466160657811486e+01
8.338281250000000000e+01
8.354742893644203150e+01
8.349952091983391256e+01
8.349834983498350027e+01
8.337559885020759509e+01
8.334656250000000455e+01
8.374838709677419502e+01
8.254665466546654784e+01
8.362437500000000057e+01
8.356687499999999602e+01
8.313351335133513942e+01
8.313056930693069546e+01
8.320173267326732969e+01
8.325163398692809835e+01
8.384521452145214937e+01
8.321831215379602043e+01
8.358032577451292866e+01
8.363312500000000682e+01
8.355790441176471006e+01
8.407950795079507600e+01
8.336887254901961342e+01
8.383512544802867694e+01
8.407323232323231821e+01
8.363656249999999659e+01
8.463078888534015221e+01
8.404950495049504866e+01
8.411355198019802515e+01
8.349316696375520053e+01
8.396806451612903288e+01
8.386741935483871657e+01
8.356562499999999716e+01
8.349732620320855858e+01
8.338086749851456148e+01
8.394629462946294041e+01
8.362002376708258566e+01
8.377587758775877091e+01
8.289393939393939092e+01
8.393312500000000398e+01
8.414191419141914707e+01
8.423081683168317113e+01
8.418001800180017824e+01
8.439387376237623073e+01
8.457240099009901257e+01
8.421360665478312058e+01
8.362055911473500203e+01
8.392401960784313530e+01
8.469338869370808709e+01
8.386394123283295698e+01
8.437685643564356042e+01
8.443903225806451474e+01
8.452213788741302380e+01
8.461138613861386659e+01
8.462397216951296741e+01
8.435171568627451677e+01
8.463892326732673155e+01
8.509230277866495840e+01
8.488380833072345411e+01
8.560839877091157746e+01
8.551992409867172285e+01
8.477838709677419615e+01
8.510148514851485402e+01
8.579443390259329760e+01
8.472058823529411598e+01
8.541999361226444876e+01
