8.788825757575757791e+01
8.828082808280828431e+01
8.797062499999999829e+01
8.849684343434343248e+01
8.776672979797979224e+01
8.446031250000000057e+01
7.924605582524272052e+01
7.851825495049504866e+01
8.324845297029702351e+01
9.160488861386139092e+01
9.918163265306122867e+01
1.046033670033669978e+02
1.047696409527195129e+02
1.047195286195286172e+02
1.042368965517241435e+02
1.039121720116618093e+02
1.012312783002438152e+02
9.907482229704451981e+01
9.768948746726525201e+01
9.674934530490085649e+01
9.584961538461539021e+01
9.433621933621932953e+01
9.416053391053391408e+01
1.017638483965014586e+02
1.112244897959183731e+02
1.103658810325477049e+02
1.098571428571428612e+02
1.046181481481481512e+02
1.035098396501457785e+02
9.907294028722600387e+01
9.882899366643208339e+01
9.717149929278642162e+01
9.781620689655171930e+01
9.665039262546945054e+01
9.662999999999999545e+01
9.686206896551723844e+01
9.649307580174927068e+01
9.562208289794496352e+01
9.582142857142856940e+01
9.596173469387754551e+01
9.563447521865889200e+01
9.582206896551724640e+01
9.525914315569488622e+01
9.559570957095709787e+01
9.548415186346220196e+01
9.541351540616246041e+01
9.474545454545454959e+01
9.493714285714285950e+01
9.534191419141913570e+01
9.549273927392739836e+01
9.508943894389439322e+01
9.525395319418089457e+01
9.463093205872311842e+01
9.434199999999999875e+01
9.427033333333334042e+01
9.453995756718528298e+01
9.493300000000000693e+01
9.479699999999999704e+01
9.460222918843608397e+01
9.491184924944107593e+01
9.396068965517241622e+01
9.441750000000000398e+01
9.461042274052478263e+01
9.423133333333333894e+01
9.470757268424611652e+01
9.439896551724137908e+01
9.366133333333333155e+01
9.405360191191532238e+01
9.414655172413793593e+01
9.438906304423545635e+01
9.451732673267326845e+01
9.382193548387097337e+01
9.411497923985946557e+01
9.329933993399339442e+01
9.371133333333332871e+01
9.376900000000000546e+01
9.372866666666666902e+01
9.415925925925925810e+01
9.394392857142857167e+01
9.361100000000000421e+01
9.350966666666666072e+01
9.364900000000000091e+01
9.397878787878788387e+01
9.354433333333332712e+01
9.448350168350168587e+01
9.398110133594003912e+01
9.452448275862069238e+01
9.367759900990098743e+01
9.332774193548387132e+01
9.414723730437559368e+01
9.260531309297913083e+01
9.245389851485148824e+01
9.188758620689655743e+01
9.237342171717172334e+01
9.206709677419354421e+01
9.183161290322580328e+01
9.149557823129251233e+01
9.103063973063973435e+01
9.049021464646465063e+01
9.057095709570957354e+01
9.022774193548387700e+01
9.039528619528618947e+01
9.044402277039847604e+01
9.002403542061986741e+01
8.989882425742574412e+01
8.986893203883495573e+01
9.032079207920791930e+01
9.006862745098038658e+01
8.882287581699345935e+01
8.974379084967320352e+01
8.911290322580644840e+01
8.980831643002028386e+01
8.966072607260726102e+01
8.839743188224240100e+01
8.874356435643564112e+01
8.903211629479378075e+01
8.829966996699670290e+01
8.828810879190385208e+01
8.853624595469256064e+01
8.771794871794871540e+01
8.818397435897435344e+01
8.846705360191191403e+01
8.798547854785478251e+01
8.807179000632511645e+01
8.814917491749174872e+01
8.890451612903225964e+01
8.840666666666666629e+01
8.805129032258064115e+01
8.880241379310345451e+01
8.802772277227722952e+01
8.832666666666666799e+01
8.849952091983391256e+01
8.800594059405941039e+01
8.891320132013201771e+01
8.901568627450980387e+01
8.852155860747365068e+01
8.800602611315702006e+01
8.798259122865751181e+01
8.919480981158905308e+01
8.867072346179851650e+01
8.834449280214262501e+01
8.868323191345503176e+01
8.858620689655172953e+01
8.877022653721682843e+01
8.841340432195427468e+01
8.905814739688979387e+01
8.834150326797386299e+01
8.820522263140274788e+01
8.843783275916067055e+01
8.890550667970022403e+01
8.905633333333332757e+01
8.852612903225806917e+01
8.908266666666666822e+01
8.862225806451613153e+01
8.915086206896552312e+01
8.863232323232323040e+01
8.787458745874587862e+01
8.775709677419354193e+01
8.826600000000000534e+01
8.868316498316498553e+01
8.872525252525252881e+01
8.818704284221526279e+01
8.858304011259676258e+01
8.862913441238563905e+01
8.804822740338549636e+01
8.783097643097643470e+01
8.879124579124578531e+01
8.883804713804714481e+01
8.924659863945578309e+01
8.808299404948324707e+01
8.888709677419355160e+01
8.919354838709676869e+01
8.862766666666666993e+01
8.883431372549019045e+01
8.943469174503657371e+01
8.892625469443495945e+01
8.801158784841841509e+01
8.826180113826582385e+01
8.920266666666667277e+01
8.837128712871286496e+01
8.920838709677418876e+01
8.933219528849436131e+01
8.899453738477295417e+01
8.909752699407872001e+01
8.863333333333333997e+01
8.789902912621359121e+01
8.893706059591563928e+01
8.859801980198020033e+01
8.903726924416579891e+01
8.967373737373736731e+01
8.969360269360269911e+01
8.878820462691430748e+01
8.938269100743745810e+01
8.911827586206896967e+01
8.941379310344827047e+01
8.936680189317105771e+01
8.902530044275775367e+01
9.004241379310344939e+01
8.911452145214521181e+01
8.882156009373953509e+01
8.976127946127945734e+01
8.960129032258063830e+01
8.947676767676767895e+01
8.923561037318152955e+01
8.935736875395319601e+01
8.932479443390259632e+01
8.943644354293441268e+01
8.939959432048681265e+01
8.944054395951928882e+01
8.868627450980392268e+01
8.905084175084175513e+01
8.962080315997366142e+01
8.910806451612903345e+01
8.976388888888888573e+01
8.957133333333332814e+01
8.908960573476701938e+01
8.931182795698924792e+01
8.951675257731959334e+01
8.920306122448980091e+01
8.882291666666667140e+01
8.922544642857143060e+01
8.926946888237210942e+01
8.963367697594502204e+01
8.877946017116524047e+01
8.933594004561746260e+01
8.912090909090909463e+01
8.871065493646138123e+01
8.933450255102040671e+01
8.929591836734694255e+01
8.977508417508417438e+01
9.004023944130362622e+01
8.902430555555555713e+01
8.956356670149773436e+01
8.959003831417624042e+01
8.989598420013166447e+01
8.967215273206056736e+01
8.937244897959183731e+01
8.984957208689927199e+01
8.990421329822251550e+01
9.035782312925169890e+01
8.968067774519387569e+01
9.001316655694536450e+01
8.981713688610240354e+01
8.970254266805990540e+01
9.008130348913759633e+01
8.968129032258065081e+01
8.981469871125042914e+01
9.013034891375905033e+01
8.963003300330032630e+01
8.928308097432521606e+01
8.983401360544218051e+01
9.016589861751151602e+01
8.985402411208862361e+01
9.034467353951889379e+01
8.970168350168350457e+01
9.019217687074829826e+01
9.024894102313457722e+01
8.960942997888810169e+01
9.017755775577558097e+01
9.057699999999999818e+01
9.051406249999999432e+01
9.093645161290322676e+01
9.047628083491460416e+01
9.027320544554454784e+01
9.032013201320131657e+01
8.971862068965516812e+01
8.880258064516128513e+01
8.763281250000000000e+01
8.732599999999999341e+01
8.699866666666666504e+01
8.616531986531985865e+01
8.655137582723789080e+01
8.617722772277227250e+01
8.661866666666666958e+01
8.665399999999999636e+01
8.624590734935561898e+01
8.561172413793103431e+01
8.528098327074086171e+01
8.558910891089108475e+01
8.554999999999999716e+01
8.573133333333333894e+01
8.517070707070706703e+01
8.576677419354838605e+01
8.542893644203130066e+01
8.512609970674486704e+01
8.560202020202019924e+01
8.520755946562398719e+01
8.508137931034482904e+01
8.498965517241379075e+01
8.461709677419354136e+01
8.481103448275861467e+01
8.449690452916259176e+01
8.490482274033854537e+01
8.452666666666667084e+01
8.485099999999999909e+01
8.455333333333332746e+01
8.477878787878788103e+01
8.479345175896899889e+01
8.511896551724137794e+01
8.475055892686042114e+01
8.508550316678395120e+01
8.411061795834756083e+01
8.501229088426083536e+01
8.512558922558922347e+01
8.461195445920303371e+01
8.502746726285532475e+01
8.526565656565657036e+01
8.536329966329965657e+01
8.541481734380334956e+01
8.538989898989899530e+01
8.500990099009901257e+01
8.589206896551723958e+01
8.591362239672243106e+01
8.632413793103448540e+01
8.610538720538720270e+01
8.589481017067224400e+01
8.630471380471379916e+01
8.623898941618300285e+01
8.668350168350168872e+01
8.683164983164982687e+01
8.633068965517242077e+01
8.623103448275861638e+01
8.613866666666666561e+01
8.555488215488215076e+01
8.272937293729373209e+01
8.219933993399340011e+01
8.222849181469871382e+01
8.126869238648002636e+01
8.181999999999999318e+01
8.151517241379310974e+01
8.154389438943894675e+01
8.119935483870968085e+01
8.028100000000000591e+01
7.984655172413792457e+01
7.929467084639497898e+01
7.940862068965516585e+01
7.899733333333333007e+01
7.853993399339934456e+01
7.887133333333333951e+01
7.873833333333332973e+01
7.864966666666666129e+01
7.790290641967422403e+01
7.831899641577061288e+01
7.868699999999999761e+01
7.881499999999999773e+01
7.867785714285714960e+01
7.882466666666667265e+01
7.877951933124346340e+01
7.842310231023101608e+01
7.866074538488331314e+01
7.788899999999999579e+01
7.835643564356435320e+01
7.855181518151815112e+01
7.847241379310344200e+01
7.879724137931034988e+01
7.857901596611273476e+01
7.871139971139970726e+01
7.825286195286194868e+01
7.828387096774193310e+01
7.872533333333333871e+01
7.857033333333333758e+01
7.899933333333333962e+01
7.804633333333333667e+01
7.799193548387096087e+01
7.873232323232323893e+01
7.790924092409241553e+01
7.774612903225806804e+01
7.817700000000000671e+01
7.731600000000000250e+01
7.746990291262136452e+01
7.832413793103448540e+01
7.795387096774193481e+01
7.850000000000000000e+01
7.852137931034482676e+01
7.884533333333332905e+01
7.824193548387096087e+01
7.796026936026936482e+01
7.851582491582492196e+01
7.782018524433088658e+01
7.866798679867986266e+01
7.866068965517241907e+01
7.815192898600204785e+01
7.816963696369637660e+01
7.851586206896551801e+01
7.795254353021509530e+01
7.800204848071014396e+01
7.840482758620689197e+01
7.785346534653464801e+01
7.710627062706271317e+01
7.858620689655172953e+01
7.809999999999999432e+01
7.807137931034482392e+01
7.813931034482759230e+01
7.830896551724137566e+01
7.803379310344827502e+01
7.827063740856844731e+01
7.795082508250824560e+01
7.673700495049504866e+01
7.821599999999999397e+01
7.748173438033458638e+01
7.793581427108227899e+01
7.806633663366336862e+01
7.797095709570956501e+01
7.782586206896552028e+01
7.754901960784313530e+01
7.821699756182515273e+01
7.822361546499477924e+01
7.748992830317514802e+01
7.811598302687411888e+01
7.772174803687265410e+01
7.745166666666666799e+01
7.819609892023684949e+01
7.750946585530763855e+01
7.759269375213384023e+01
7.770733333333333803e+01
7.781768521679754258e+01
7.849448275862069124e+01
7.810726072607261017e+01
7.833366336633663707e+01
7.803793103448275303e+01
7.791535947712418420e+01
7.798415841584159125e+01
7.797701149425287781e+01
7.765511551155115910e+01
7.796699999999999875e+01
7.799666666666666970e+01
7.800666666666666060e+01
7.721433333333332882e+01
7.806583072100313814e+01
7.740103448275861808e+01
7.749206896551724810e+01
7.696930693069306528e+01
7.684575163398692155e+01
7.716369636963696621e+01
7.689382041652440591e+01
7.626988182689237306e+01
7.695016501650165708e+01
7.661155115511550662e+01
7.691700000000000159e+01
7.693766666666667220e+01
7.641848184818482537e+01
7.640264026402640241e+01
7.671633333333333837e+01
7.679533333333333189e+01
7.606036410092622191e+01
7.707633333333333781e+01
7.709566666666667345e+01
7.771677419354838889e+01
7.677458745874587009e+01
7.703864580006387541e+01
7.697366666666667356e+01
7.710299999999999443e+01
7.673432343234323127e+01
7.707833333333333314e+01
7.668342820999367859e+01
7.714949494949495090e+01
7.710967741935483843e+01
7.671800000000000352e+01
7.712999999999999545e+01
7.673199999999999932e+01
7.712366666666666504e+01
7.707852720755946052e+01
7.659273927392739267e+01
7.716225806451612357e+01
7.685870967741935544e+01
7.636833333333333940e+01
7.644161290322580271e+01
7.570499999999999829e+01
7.604694985627594406e+01
7.599225806451613607e+01
7.598129032258064797e+01
7.627064516129031801e+01
7.734903225806451132e+01
7.942326490713587361e+01
8.157516129032258334e+01
8.219499999999999318e+01
8.203193867773873649e+01
8.270548387096773979e+01
