7.500804455445545216e+01
7.565129032258064967e+01
7.614937500000000625e+01
7.561741935483871657e+01
7.548999999999999488e+01
7.579472140762463539e+01
7.576906250000000398e+01
7.538967741935483957e+01
7.569812500000000455e+01
7.536974009900990268e+01
7.505974264705882604e+01
7.542619745845551904e+01
7.567249999999999943e+01
7.583575757575756882e+01
7.556312499999999943e+01
7.549424242424242948e+01
7.569791666666667140e+01
7.529454545454545666e+01
7.561458333333332860e+01
7.546060606060605380e+01
7.577548387096774718e+01
7.580750000000000455e+01
7.560365099009901257e+01
7.542121212121212182e+01
7.561912128712870640e+01
7.556774193548386620e+01
7.572759856630824515e+01
7.529161290322581124e+01
7.532702020202020776e+01
7.521757575757575864e+01
7.538303030303030994e+01
7.571875000000000000e+01
7.561702806122448806e+01
7.550978535353534937e+01
7.523547979797979224e+01
7.537531250000000682e+01
7.420053475935829113e+01
7.536374999999999602e+01
7.505198019801980536e+01
7.539312499999999773e+01
7.542687499999999545e+01
7.509303030303030368e+01
7.518030303030303685e+01
7.497474747474747403e+01
7.559874999999999545e+01
7.484076054664289757e+01
7.459906250000000227e+01
7.474906249999999375e+01
7.473218749999999488e+01
7.504198232323231821e+01
7.469062499999999716e+01
7.532133838383838054e+01
7.503159973666886629e+01
7.536584595959595845e+01
7.564744216357119910e+01
7.645906250000000171e+01
7.658767167039285084e+01
7.628624999999999545e+01
7.583062499999999773e+01
7.579064516129032825e+01
7.571000325839035838e+01
7.468935483870967573e+01
7.441540404040404155e+01
7.308806818181818699e+01
7.282589285714286120e+01
7.148749177090191154e+01
7.240838044562687514e+01
7.151319648093841863e+01
7.037878787878787534e+01
6.987294117647059011e+01
6.945170454545454675e+01
6.937500000000000000e+01
6.960928242264647281e+01
6.976596445029625215e+01
6.960522959183673208e+01
6.892665816326530148e+01
6.892666666666666231e+01
7.030394857667585029e+01
6.978849097030915516e+01
6.955586164677073668e+01
6.888171428571428123e+01
6.839855942376951248e+01
6.866212121212120678e+01
6.943137254901961342e+01
6.877567185289957763e+01
6.951264705882353212e+01
7.084250000000000114e+01
7.192016806722689637e+01
7.131702702702702368e+01
7.154262926292629743e+01
8.296145059965733992e+01
8.240128130460104217e+01
8.192871012482663673e+01
8.237759103641457159e+01
8.387641402714932326e+01
8.244261822376009263e+01
8.354258241758242320e+01
8.248961937716262582e+01
8.267696381288614305e+01
8.349535891089108475e+01
8.400252100840336311e+01
8.289060606060606062e+01
8.225442604226157073e+01
8.313755199049316502e+01
8.270126874279122831e+01
8.308912655971479921e+01
8.208670867086708256e+01
8.423451612903225794e+01
8.357393939393939775e+01
8.312906910336950261e+01
8.239866045428071573e+01
8.304751131221719618e+01
8.384624344787420114e+01
8.351268742791233990e+01
8.333380925185608135e+01
8.308090614886731373e+01
8.253633217993079541e+01
8.328134284016637423e+01
8.449941724941724885e+01
8.297231833910034027e+01
8.303226727584237210e+01
8.377332144979203576e+01
8.349377828054298334e+01
8.335409457900807695e+01
8.424121212121211499e+01
8.469783549783549859e+01
8.449065934065933448e+01
8.430874785591767306e+01
8.459769119769119072e+01
8.420552055205520503e+01
8.473415191319246276e+01
8.447843822843822181e+01
8.432695602512849575e+01
8.374884659746251714e+01
8.369696969696970257e+01
8.393176470588235816e+01
8.384486735870818563e+01
8.342840166369578014e+01
8.403120312031202843e+01
8.367386738673867796e+01
8.324771151178917705e+01
8.373243860651056991e+01
8.353283837806966972e+01
8.371885813148789168e+01
8.372218986604542579e+01
8.346487721302112561e+01
8.410831083108310224e+01
8.394449444944494587e+01
8.378812107367218687e+01
8.363394625176803743e+01
8.429911764705882149e+01
8.388231966053747612e+01
8.412549019607843093e+01
8.408794974300400327e+01
8.415426758938869511e+01
8.400510051005100820e+01
8.408823529411765207e+01
8.382607489597781125e+01
8.382323820617355636e+01
8.345205091937765474e+01
8.365224913494809300e+01
8.388002329644729116e+01
8.338868458274399131e+01
8.382207338380896999e+01
8.334424410540916028e+01
8.362108183079057255e+01
8.371900138696254601e+01
8.444758299359347120e+01
8.363571428571428612e+01
8.434140715109573705e+01
8.301077460687244525e+01
8.319274700171330039e+01
8.334142857142856542e+01
8.415426758938869511e+01
8.409948096885813129e+01
8.424048442906574508e+01
8.431410622501427099e+01
8.334861591695501204e+01
8.391897347174163713e+01
8.424798154555939789e+01
8.338945908460470946e+01
8.424250288350634719e+01
8.366423995340710462e+01
8.336908881199538257e+01
8.363053221288515715e+01
8.408650519031141357e+01
8.352122052704577015e+01
8.437000000000000455e+01
8.433363636363635862e+01
8.407751060820368139e+01
8.422952295229522690e+01
6.068373794479547456e+01
6.056780776826860091e+01
6.016110080395795023e+01
6.002272727272727337e+01
6.027641752577319778e+01
5.964955357142856940e+01
6.028545454545454874e+01
6.066942148760330866e+01
6.024621212121212466e+01
6.061335784313725839e+01
5.930330882352941302e+01
5.929176980198019464e+01
5.989573150863473217e+01
5.894894801980198196e+01
5.911138613861385949e+01
5.941200894282976464e+01
5.965633982753114140e+01
5.974640689875439392e+01
5.889047029702970093e+01
5.926656249999999915e+01
5.913693864642631581e+01
5.938645161290322250e+01
5.981774193548387331e+01
5.935324754901960631e+01
5.930414603960396391e+01
5.927849264705882604e+01
5.899361226445225270e+01
5.911478960396039639e+01
5.931874800383263846e+01
5.973096774193548697e+01
5.939913366336633516e+01
5.937716584158415856e+01
5.895281862745098067e+01
5.964056405640564407e+01
5.917963314358001270e+01
5.906002475247525041e+01
5.906606060606060282e+01
5.917079207920792072e+01
5.903374999999999773e+01
5.905280528052805522e+01
6.000825082508250574e+01
5.925928217821782340e+01
6.055113636363636687e+01
6.000977517106549186e+01
6.010132013201319978e+01
5.951225806451613209e+01
6.021635711958292347e+01
5.983687499999999915e+01
6.013099747474747403e+01
6.137113402061855538e+01
6.037696969696969518e+01
6.009715346534653690e+01
6.103125000000000000e+01
6.129361421988149772e+01
6.111050782497604672e+01
6.115993265993265737e+01
6.148705808080808310e+01
6.133437500000000142e+01
6.101707779886147875e+01
6.177809343434343248e+01
6.187096774193548043e+01
6.138620120945574143e+01
6.471077441077440540e+01
6.595044191919191690e+01
6.629053217821781629e+01
6.606528465346534063e+01
6.784376976597090447e+01
6.709964867454488058e+01
7.031749174917491985e+01
7.022929292929292444e+01
7.030198537095088795e+01
7.050600000000000023e+01
6.984345794392523032e+01
7.216299999999999670e+01
7.077051561365286148e+01
7.243099547511312153e+01
7.124618736383442297e+01
7.466959887403237417e+01
7.127392510402219727e+01
7.739289805269186218e+01
7.680877742946708508e+01
7.720723796517582116e+01
7.795633333333333326e+01
7.732326951399116410e+01
8.034775641025640880e+01
7.980056878777106988e+01
7.857799352750808453e+01
7.895099255583126308e+01
8.261612654320987303e+01
8.396346280447663446e+01
8.294297082228116835e+01
8.645457537853850738e+01
8.761237113402061993e+01
8.861887477313975126e+01
9.098233082706767050e+01
8.963469827586206407e+01
8.866148867313916071e+01
8.920388349514563231e+01
8.907824933687003011e+01
8.853366174055828708e+01
8.758219602977666796e+01
9.244754990925589766e+01
9.036471861471861189e+01
8.934410774410774536e+01
9.075613224315677030e+01
9.008551724137930705e+01
8.986381051898293038e+01
8.934141414141414828e+01
8.986799024730059671e+01
9.029965635738831509e+01
8.973435374149660504e+01
8.958899999999999864e+01
8.990351793800070368e+01
8.937710437710437361e+01
9.132492001421969974e+01
9.032439862542955211e+01
9.139331896551723844e+01
9.169329896907215982e+01
9.046833216045038739e+01
9.058937368050668226e+01
9.056650246305419216e+01
9.027448275862069238e+01
9.136537791710205170e+01
9.189793814432989905e+01
9.040259740259740795e+01
9.191354166666666003e+01
9.215014577259475459e+01
9.236458333333332860e+01
9.137665684830633950e+01
9.199965635738831793e+01
9.171631709918236197e+01
9.213402061855670411e+01
9.250444365446142569e+01
9.000940438871472793e+01
9.162739322533137454e+01
9.104222378606614541e+01
9.110782312925169890e+01
9.117839549612948247e+01
9.178563810878065965e+01
9.052107279693485964e+01
9.146692470091484495e+01
9.142118226600985054e+01
9.189687499999999432e+01
9.233060789193032747e+01
9.225969827586206407e+01
9.253905700211119267e+01
9.200771929824561823e+01
9.139916405433646673e+01
9.229114824031283604e+01
9.146638801811215558e+01
9.123469387755102389e+01
9.286561119293078548e+01
9.232472876917321969e+01
9.204321428571428498e+01
9.215998542274051886e+01
9.217454674724493202e+01
9.172660098522167971e+01
9.107525773195875729e+01
9.286773049645390188e+01
9.121719298245614027e+01
9.183758865248226755e+01
9.155659722222222285e+01
9.118923611111111427e+01
9.136491228070175907e+01
9.165824561403508142e+01
9.176878402903811605e+01
9.020442176870747630e+01
9.118505942275042742e+01
8.944680134680135097e+01
9.044305555555555998e+01
8.987422680412370823e+01
8.983367003367003178e+01
9.059932659932660215e+01
8.937070707070706987e+01
9.032346938775509670e+01
9.024753127057275037e+01
9.140625000000000000e+01
9.023821252638987289e+01
8.972762103796586075e+01
9.239798850574712219e+01
8.913827586206896569e+01
9.090899395662992788e+01
9.115524781341107996e+01
9.108116883116882434e+01
9.023164983164983255e+01
9.184856025595449580e+01
9.071530612244897895e+01
9.092153413089373259e+01
9.178350515463917247e+01
9.302269345238094900e+01
9.084949494949495374e+01
9.154890921885996136e+01
9.137638888888888289e+01
9.087096774193548754e+01
8.973438033458518248e+01
9.117784256559767186e+01
9.148006872852234039e+01
9.182256944444444002e+01
9.167006802721088832e+01
9.160028149190711133e+01
9.121595262974572904e+01
9.069047619047618980e+01
