7.904079696394687460e+01
7.742316926770708108e+01
7.902688172043011150e+01
7.838470873786407367e+01
7.810817307692308020e+01
7.790105132962276002e+01
7.682153055396915420e+01
7.616310160427806863e+01
7.714371437143714161e+01
7.722489601901366996e+01
7.743302271403611314e+01
7.771363636363636829e+01
7.818062500000000625e+01
7.976956233421751108e+01
8.114304123711340822e+01
8.076307189542484366e+01
8.243998673740053107e+01
8.003096774193548413e+01
8.025071862024911695e+01
8.318354978354977902e+01
8.377088435374149356e+01
8.326562500000000000e+01
8.465483405483405477e+01
8.386636904761904532e+01
8.538564894225271473e+01
8.523615077098800441e+01
8.400249722530521979e+01
8.635826330532212580e+01
8.143294902912622035e+01
8.046382352941176919e+01
7.871874080611944180e+01
7.826516089108910990e+01
8.105168269230769340e+01
7.548919567827131516e+01
7.654051620648259302e+01
7.674479166666667140e+01
7.816294117647058215e+01
8.260850949959861111e+01
8.625603328710124629e+01
8.785587002096436038e+01
8.563140495867769175e+01
8.354494047619047592e+01
8.395327380952380736e+01
8.379934640522876066e+01
8.304341736694678389e+01
8.430769230769230660e+01
8.425556930693069546e+01
8.294935483870968085e+01
8.195129032258064683e+01
8.115841584158415856e+01
7.997838709677419899e+01
7.864249999999999829e+01
7.711917892156863275e+01
7.676972213350367724e+01
7.666584158415841443e+01
7.619693877551020478e+01
7.585972547706728619e+01
7.490760546642898987e+01
7.484488795518207382e+01
7.467892156862744457e+01
7.426837725381415112e+01
7.535530764029749662e+01
7.463626907073509642e+01
7.471229260935143657e+01
7.373137254901961057e+01
7.383039215686274304e+01
7.337864077669902940e+01
7.460131537738803331e+01
7.535483870967742348e+01
7.563660130718953667e+01
7.543769765970904473e+01
7.540449082858950192e+01
7.529029126213592349e+01
7.591858974358974876e+01
7.578327591606640112e+01
7.496537990196078738e+01
7.548968750000000227e+01
7.443193069306930454e+01
7.430741935483871430e+01
7.517093749999999375e+01
7.481590346534653690e+01
7.479649435531788981e+01
7.555542857142857827e+01
7.572608437314319474e+01
7.623088023088023135e+01
7.565109573241061014e+01
7.697200577200577243e+01
7.921306818181818699e+01
7.920102010201020448e+01
7.873795093795094147e+01
7.955380333951762850e+01
7.816028571428572036e+01
7.853749617385980741e+01
7.814854426619132255e+01
7.821509209744503721e+01
7.865205882352941558e+01
7.841294117647058215e+01
7.821985157699442937e+01
7.904669140383425940e+01
7.865784438775510523e+01
7.823200757575757791e+01
7.844735294117647584e+01
7.796030303030302377e+01
7.877243018419488862e+01
7.830853994490358616e+01
7.889103152739515679e+01
7.824089378634833736e+01
7.811141720232629382e+01
7.899970291146762236e+01
7.880134680134679570e+01
7.856454545454545269e+01
7.879974489795918657e+01
7.852178030303029743e+01
7.884598214285713880e+01
7.924323453608246837e+01
7.856123737373737015e+01
7.855347593582887100e+01
7.885024009603841932e+01
7.901010101010101039e+01
7.853475935828876686e+01
7.860878787878787932e+01
7.765939393939393653e+01
7.822142214221422307e+01
7.777454545454546064e+01
7.860358688930116955e+01
7.853297682709447258e+01
7.862329174093879658e+01
7.852822341057634503e+01
7.900000000000000000e+01
7.868087121212121815e+01
7.829017447199265689e+01
7.856387403446227324e+01
7.943630179344465603e+01
7.790242424242424590e+01
7.914049586776859257e+01
7.858229352346999974e+01
7.874337121212121815e+01
7.875220959595959869e+01
7.881060606060606233e+01
7.794090909090908781e+01
7.822130394857667568e+01
7.850432900432900851e+01
7.823813896541169299e+01
7.828099173553718515e+01
7.828007346189164650e+01
7.829718750000000682e+01
7.786363636363635976e+01
7.790242424242424590e+01
7.776740696278511678e+01
7.778512396694215170e+01
7.861983471074380248e+01
7.793849384938494040e+01
7.841468749999999943e+01
7.832636363636363797e+01
7.829393939393939661e+01
7.796369949494949481e+01
7.835575757575757905e+01
7.847562499999999375e+01
7.838878787878788046e+01
7.834393939393939377e+01
7.889424860853432619e+01
7.932324575989358095e+01
7.894470046082949466e+01
7.887458854509546313e+01
7.885479797979797922e+01
7.785981022344658697e+01
7.888573232323231821e+01
7.840968750000000398e+01
7.883522727272726627e+01
7.926197458455523304e+01
7.847409579667643698e+01
7.892045454545454675e+01
7.883775252525252597e+01
7.878125000000000000e+01
7.879482323232323893e+01
7.914647058823528880e+01
7.878303030303030141e+01
7.867033976124885442e+01
7.923756377551021046e+01
7.878242264647794002e+01
7.836822773186409563e+01
7.923915816326530148e+01
7.936761554943373653e+01
7.941354723707664220e+01
7.924234693877551194e+01
7.961389071757734825e+01
7.883396464646465063e+01
7.923460410557184730e+01
7.884722222222222854e+01
7.920535714285713880e+01
7.958410636982065967e+01
7.917263544536271525e+01
7.916454081632653583e+01
7.842187500000000000e+01
7.876641414141414543e+01
7.904640151515151558e+01
7.890561868686869218e+01
7.896875000000000000e+01
7.929229797979797922e+01
7.844909090909091276e+01
7.941230867346938282e+01
7.939795918367346417e+01
7.898137626262625588e+01
7.897695707070707272e+01
7.940501792114694979e+01
7.902051767676768179e+01
7.897696969696970370e+01
7.892176870748299677e+01
7.901515151515151558e+01
7.935542929292928704e+01
7.905497037524686732e+01
7.954687500000000000e+01
7.916098484848484418e+01
7.914015151515151558e+01
7.997202106649110931e+01
7.943877551020408134e+01
7.905299539170506762e+01
7.979961340206185127e+01
7.986932192231731165e+01
7.941824494949494806e+01
7.972576530612245449e+01
7.922974644403215905e+01
7.880006377551021046e+01
7.964030612244897611e+01
7.884687499999999716e+01
7.902205398288347737e+01
7.891071428571429180e+01
7.980133928571429180e+01
7.933642547928262445e+01
7.938731060606060908e+01
7.970982142857143060e+01
7.976626275510204778e+01
7.976881377551021046e+01
7.939641311069883045e+01
7.914551767676768179e+01
7.992462146148781699e+01
7.906190941674812223e+01
7.960117302052785249e+01
8.029047619047618412e+01
8.007637600494743424e+01
7.954513888888888573e+01
8.021290322580645693e+01
7.937058080808080263e+01
8.042042525773196360e+01
7.962978316326530148e+01
7.880093750000000341e+01
7.962072336265885042e+01
7.946445029624753431e+01
7.965232974910394148e+01
7.922758838383838054e+01
7.919709677419355387e+01
7.965911989795918657e+01
7.929577020202020776e+01
7.914937251300887056e+01
7.993720712277414009e+01
7.957235621521336100e+01
7.887437500000000057e+01
7.953061224489795222e+01
7.920416284052647882e+01
7.927840909090909349e+01
7.960385101010101039e+01
7.966508838383838054e+01
7.960500329163923539e+01
7.884469696969696884e+01
7.931906250000000114e+01
7.965141540487162786e+01
7.974179292929292728e+01
7.928781250000000114e+01
7.969381313131313505e+01
7.880250164581961769e+01
7.796219621962195845e+01
7.848358585858585457e+01
7.842645202020202078e+01
7.748724872487248660e+01
7.743414341434143466e+01
7.787910353535353636e+01
7.791181930693069546e+01
7.750405040504050191e+01
7.803238265002970309e+01
7.804084158415841443e+01
7.800870967741936113e+01
7.844906249999999659e+01
7.808064516129032029e+01
7.820645161290322278e+01
7.813699494949494806e+01
7.869343750000000171e+01
7.902083333333332860e+01
7.830507425742574412e+01
7.901609848484848442e+01
7.952998737373737015e+01
7.906581948517433034e+01
7.964285714285713880e+01
7.973106060606060908e+01
7.922385141739979986e+01
7.934133333333333837e+01
7.922319973932877701e+01
7.938096774193547844e+01
7.947136273864384748e+01
7.924333333333333940e+01
7.943548387096774377e+01
7.913000977517106094e+01
7.913066145324209799e+01
7.899936748893105687e+01
