7.812968750000000284e+01
7.872022630834511858e+01
7.798943460879497991e+01
7.791142191142191109e+01
7.855062217194570451e+01
8.003300330033003718e+01
8.020998613037447456e+01
8.064905768132496178e+01
8.053959276018099445e+01
8.168637834657252483e+01
8.298573975044563156e+01
8.359247737556560764e+01
8.400285551113648808e+01
8.342240896358543978e+01
8.369319492502883406e+01
8.520302684180468589e+01
8.504099821746881105e+01
8.477047289504037053e+01
8.418034716092968495e+01
8.393493761140820197e+01
8.411170528817586955e+01
8.419696969696970257e+01
8.396256684491979172e+01
8.442903225806450962e+01
8.374767476747675232e+01
8.353053221288514862e+01
8.432999999999999829e+01
8.428890931372548323e+01
8.450873616773442620e+01
8.355516328331862042e+01
8.326728110599079002e+01
8.256020408163264790e+01
8.322350230414745909e+01
8.274936224489795222e+01
8.345838709677418876e+01
8.303818301514154143e+01
8.279015966112740443e+01
8.274160964483544944e+01
8.278885630498533033e+01
8.255229716520038608e+01
8.272466666666666413e+01
8.340656887755102389e+01
8.348596938775510523e+01
8.348214285714286120e+01
8.374033333333333928e+01
8.388282899366643619e+01
8.405050505050505194e+01
8.390168350168350742e+01
8.407270408163265074e+01
8.354708374063213228e+01
8.442891156462584945e+01
8.379191919191919169e+01
