7.300535714285713595e+01
7.185477415666095169e+01
7.238787878787879038e+01
7.261687074829931987e+01
7.282048517520215114e+01
7.324477787584584121e+01
7.285742296918768091e+01
7.240412087912088168e+01
7.303347763347763077e+01
7.275910364145657638e+01
7.245164027149321839e+01
7.274886877828053855e+01
7.255082809822958723e+01
7.274264705882353610e+01
7.351970302684181036e+01
7.248324175824176052e+01
7.307086834733892999e+01
7.343354072398190624e+01
7.401869158878504606e+01
7.358991745283019270e+01
7.401024258760108410e+01
7.344746530727839229e+01
7.398756613756613376e+01
7.470921228304405304e+01
7.468257491675915105e+01
7.439822755860491554e+01
7.390274170274170729e+01
7.310372960372960449e+01
7.362655122655122852e+01
7.352253605769230660e+01
7.371935679611650016e+01
7.403645833333332860e+01
7.360663952395866261e+01
7.400126502213788626e+01
7.390300707547169168e+01
7.348418415283433092e+01
7.327214805825242649e+01
7.422454142947501055e+01
7.396374807987710653e+01
7.366317016317016453e+01
7.369318181818181301e+01
7.392773892773892896e+01
7.318910256410256920e+01
7.338210678210678850e+01
7.338181818181817562e+01
7.330332167832168011e+01
7.338354978354978186e+01
7.363865291262135315e+01
7.356634304207119612e+01
7.309926470588234793e+01
7.348303167420814930e+01
7.346690203000882491e+01
7.330476485148514598e+01
7.369489007724301644e+01
7.396451612903226192e+01
7.375709677419354193e+01
7.341328648993930983e+01
7.328819444444444287e+01
7.256709677419354421e+01
7.347957920792079278e+01
7.328094660194174992e+01
7.359013282732448147e+01
7.363946869070208834e+01
7.419101834282099617e+01
7.347334558823528994e+01
7.387128712871286496e+01
7.436505908655381347e+01
7.370588235294117396e+01
7.444144417475727948e+01
7.426472355769230660e+01
7.428490512602661511e+01
7.460238623751386910e+01
7.458033161806746136e+01
7.524547511312216841e+01
7.463893557422969138e+01
7.353398058252426495e+01
7.396844362745098067e+01
7.273223039215686470e+01
7.225949754901961342e+01
7.225882352941177089e+01
7.365505425471158674e+01
7.330740093240093813e+01
7.252554945054944824e+01
7.293834841628959964e+01
7.299093406593406996e+01
7.310622501427755537e+01
7.320245573957738827e+01
7.319945578231292416e+01
7.454807692307691980e+01
7.430035650623885601e+01
7.369281045751634451e+01
7.411785372085596180e+01
7.399752475247524330e+01
7.415037128712870640e+01
7.443966584158415856e+01
7.371677167716771351e+01
7.410999999999999943e+01
7.424040841584158557e+01
7.467624999999999602e+01
7.389064516129032256e+01
7.399628712871286496e+01
7.402351485148514598e+01
7.425568181818181301e+01
7.393156249999999829e+01
7.328010220376876305e+01
7.429375000000000284e+01
7.433906249999999716e+01
7.450959158415841443e+01
7.476156249999999659e+01
7.489290967931744092e+01
7.546507352941176805e+01
7.448516414141414543e+01
7.631970164609053597e+01
7.450374999999999659e+01
7.453339850114043941e+01
7.502443792766374031e+01
7.462657828282827666e+01
7.502774193548387416e+01
7.580978097809780536e+01
7.485628562856285839e+01
7.529289215686274872e+01
7.466606660666066375e+01
7.619066339066338855e+01
7.558906249999999716e+01
7.556062500000000171e+01
7.503545454545454163e+01
7.576419354838709808e+01
7.603562499999999602e+01
7.550040053404539719e+01
7.550798305637015062e+01
7.586990950226244479e+01
7.548531250000000625e+01
7.572108178559791725e+01
7.521559343434343248e+01
7.591625936787227147e+01
7.555102040816326792e+01
7.631371049949031260e+01
7.606014023732470264e+01
7.735265282583621627e+01
7.880659536541890020e+01
7.942166569598136050e+01
7.948094809480947731e+01
7.982028202820282559e+01
8.008967704728949855e+01
8.027213309566251098e+01
8.084284016636958370e+01
8.090258703289683240e+01
8.030024509803921262e+01
8.147083740632128013e+01
8.086643130332450369e+01
8.081188118811881793e+01
8.095606435643564680e+01
8.057525951557093435e+01
8.270018975332068578e+01
8.180553103854074948e+01
8.163644801980197485e+01
8.159839108910891525e+01
8.068924539512774174e+01
8.118964460784313530e+01
8.083228322832283652e+01
8.093339333933393220e+01
8.092861222158767021e+01
8.077377737773777255e+01
8.064146414641464844e+01
8.015389185977421960e+01
8.069305962854349445e+01
8.030540701128936121e+01
8.011107673267326845e+01
8.019548425430778593e+01
8.004872251931075766e+01
8.023988970588234793e+01
8.006727272727272293e+01
8.110968137254901933e+01
8.060303217821781629e+01
8.043842821782178021e+01
8.082606060606060794e+01
8.078867574257425588e+01
8.004146039603961071e+01
7.984895833333332860e+01
8.102328431372548323e+01
8.184466019417475025e+01
8.210183428209994361e+01
8.195843446601941196e+01
8.182169117647059409e+01
8.250218750000000512e+01
8.223192401960784537e+01
8.254692556634304879e+01
8.222267460068900391e+01
8.267616421568627061e+01
8.250218750000000512e+01
8.152879901960784537e+01
8.228374569370498648e+01
8.224662990196078738e+01
8.237714460784313530e+01
8.284128412841283762e+01
8.326470588235294201e+01
8.303125000000000000e+01
8.244117647058823195e+01
8.215834818775995529e+01
8.266301284058879162e+01
8.266911529862663599e+01
8.272169512966476645e+01
8.219393382352940591e+01
8.221997549019607732e+01
8.296199297349089363e+01
8.285058505850585675e+01
8.244987623762376927e+01
8.314154411764705799e+01
8.277748068924539382e+01
8.245513613861386659e+01
8.253064516129032313e+01
8.292585784313725128e+01
8.293564356435643958e+01
8.294236482471777094e+01
8.244430693069307381e+01
8.286875000000000568e+01
8.250216584158415856e+01
8.238056930693069546e+01
8.288706683168317113e+01
8.317187500000000000e+01
8.252382425742574412e+01
8.238602941176471006e+01
8.291274752475247567e+01
8.269925742574257299e+01
8.271503712871286496e+01
8.336937500000000512e+01
8.261296129612961181e+01
8.243193069306930454e+01
8.262886933854676386e+01
8.353991336633663423e+01
8.279874999999999829e+01
8.292749999999999488e+01
8.257920792079207217e+01
8.306672991777355719e+01
8.288235294117646390e+01
8.237314356435643958e+01
8.262624999999999886e+01
8.257095709570957354e+01
8.226051980198019464e+01
8.212091209120912083e+01
8.257271039603961071e+01
8.313515151515152013e+01
8.241089108910891525e+01
8.225718750000000057e+01
8.262004950495050082e+01
8.238680926916221381e+01
8.262345297029702351e+01
8.250123762376237835e+01
8.267953431372548323e+01
8.210784313725490335e+01
8.264454545454545098e+01
8.252753712871286496e+01
8.285031250000000114e+01
8.268343749999999659e+01
8.267574257425742701e+01
8.223411050782497966e+01
8.289215686274509665e+01
8.271415441176471006e+01
8.246689356435643958e+01
8.206123737373737015e+01
8.234191176470588402e+01
8.287755775577558381e+01
8.256559405940593876e+01
8.245266089108910990e+01
8.294029402940293494e+01
8.193229166666667140e+01
8.273593750000000568e+01
8.242388613861386659e+01
8.239843750000000000e+01
8.226243012650779463e+01
8.201088555457486962e+01
8.165309343434343248e+01
8.263174704567231288e+01
8.234290429042904691e+01
8.263603779732811461e+01
8.250218750000000512e+01
8.320575495049504866e+01
8.221909932928777209e+01
8.277802618971574589e+01
8.232301980198019464e+01
8.268712871287128507e+01
8.274672628553177844e+01
8.261518151815181454e+01
8.312935483870967346e+01
8.250961225154773615e+01
8.273843750000000341e+01
8.220000000000000284e+01
8.204933586337760687e+01
8.256270627062706069e+01
8.268572341105078749e+01
8.286060049019607732e+01
8.265577557755776184e+01
8.277738741616097684e+01
8.292631246046805416e+01
8.247118241235888547e+01
8.217961165048544103e+01
8.228527227722771897e+01
8.276812499999999773e+01
8.298531250000000625e+01
8.239803921568626777e+01
8.266171617161715801e+01
8.270843446601941196e+01
8.313820366856420208e+01
8.286534653465346878e+01
8.213725490196078738e+01
8.281311881188118207e+01
8.315734265734265307e+01
8.286898395721925681e+01
8.236687260959105572e+01
8.315533088235294201e+01
8.287539531941808946e+01
8.284092346616066038e+01
8.266458704693998527e+01
8.280518659076534504e+01
8.325343153665885154e+01
8.300537634408601662e+01
8.347141488342383298e+01
8.302403542061986741e+01
8.287128399746995910e+01
8.296790713554113950e+01
8.283080328905755607e+01
8.296078431372548323e+01
8.250166666666666515e+01
8.267142008318478474e+01
8.247666666666667368e+01
8.276365378473330736e+01
8.275375279463430900e+01
8.328366013071895679e+01
8.266496327052060167e+01
8.201848484848484588e+01
8.229506641366224073e+01
8.378169934640523309e+01
8.351346153846154152e+01
8.279375000000000284e+01
8.267390610028745357e+01
8.258781249999999829e+01
8.261162567869689610e+01
8.290134803921569073e+01
8.253713606654783064e+01
8.304580645161290420e+01
8.240685679611650016e+01
8.220082226438962891e+01
8.220173267326732969e+01
8.205322580645160713e+01
8.270999680613222438e+01
8.287469362745098067e+01
8.267540792540792438e+01
8.248665048543689693e+01
8.321137971698112779e+01
8.327482605945604632e+01
8.362727563078888693e+01
8.227487864077670565e+01
8.214320388349514701e+01
8.245559954751131215e+01
8.231280339805825008e+01
8.267336829836830248e+01
8.271231617647059409e+01
8.294080528846153300e+01
8.304680581910183435e+01
8.237621497998856057e+01
8.347421116504854410e+01
8.373406862745098067e+01
8.242127153891860303e+01
8.183009708737864685e+01
8.197204426324985604e+01
8.246622015142690998e+01
8.209803921568627061e+01
8.216291810841984500e+01
8.254659289458358273e+01
8.213933452168745930e+01
8.228515406162465240e+01
8.289167152009318329e+01
8.280219146482122028e+01
8.220188463735009066e+01
8.284025374855823998e+01
8.263091118800461743e+01
8.289114445425124700e+01
8.295328719723183042e+01
8.319771977197719082e+01
8.336342457775189985e+01
8.290000000000000568e+01
8.340919474585950866e+01
8.369446030839520745e+01
8.372272986864648203e+01
8.401741861793260568e+01
8.447231833910034027e+01
8.406596230725300245e+01
8.422024965325935852e+01
8.470588235294117396e+01
8.438206739006281509e+01
8.469780853517877972e+01
8.467935409457901130e+01
8.442918332381496782e+01
8.481324957167332457e+01
8.493249324932493494e+01
8.471120448179271989e+01
8.480224089635854057e+01
8.528063725490196134e+01
8.480659536541890020e+01
8.449131652661064606e+01
8.489512774806892992e+01
8.524682814302191503e+01
8.525663206459054777e+01
8.480980392156862990e+01
8.496662895927602221e+01
8.330954708374062534e+01
8.343399512365029125e+01
8.510329670329670648e+01
8.279591836734694255e+01
8.399600931160625805e+01
8.388367346938775881e+01
8.370578231292516591e+01
8.370102040816325939e+01
8.359387755102041240e+01
8.385051546391753163e+01
8.362574061882817489e+01
8.398205489092188714e+01
8.397607318789584951e+01
8.342380952380952408e+01
8.371666666666666856e+01
8.463694083694083758e+01
8.395038705137227453e+01
8.422053872053872681e+01
8.411683501683501163e+01
8.455614035087718605e+01
8.265413793103448370e+01
8.386464646464646933e+01
8.359414088215930860e+01
8.456454545454545269e+01
8.391986531986532327e+01
8.402040816326530148e+01
8.367382125263898729e+01
8.369420671494404473e+01
8.331237656352863041e+01
8.366530612244898180e+01
8.331632653061224403e+01
8.295785440613026651e+01
8.336664320900774783e+01
8.458095952023988673e+01
8.347959183673469852e+01
8.295275333985011912e+01
8.270412371134020191e+01
8.327867698803659380e+01
8.379281676089125597e+01
8.427929824561402938e+01
8.473030852994556028e+01
8.319774806474313777e+01
8.318384879725086023e+01
8.397755102040815700e+01
8.285080928923294152e+01
8.361870748299320155e+01
8.220075757575757791e+01
8.386530612244898464e+01
8.345918367346938282e+01
8.372258064516128684e+01
8.360269914417379766e+01
8.298696643857934419e+01
8.361734693877551194e+01
8.300032583903551142e+01
8.274744897959183731e+01
8.289866405995438470e+01
8.304761904761905100e+01
8.253571428571429180e+01
8.282567611599870361e+01
8.271586836102964924e+01
8.279700228087324376e+01
8.348265306122449658e+01
8.397455197132616433e+01
8.452482269503546775e+01
8.347891156462584661e+01
8.460020590253947148e+01
8.380515463917525665e+01
8.372343420126671276e+01
8.397052631578947057e+01
8.375299085151301881e+01
8.458435072142064826e+01
8.428724573941725851e+01
8.427930574098797933e+01
8.420431266846361495e+01
8.437410665200660276e+01
8.459999999999999432e+01
8.418301886792453104e+01
8.427877169559413062e+01
8.434739652870493387e+01
8.353027210884353337e+01
8.422082777036048640e+01
8.456462585034013557e+01
8.454503546099290645e+01
8.274030628869338955e+01
8.286998025016458769e+01
8.335170068027210277e+01
8.246953405017920602e+01
8.270934825543120894e+01
8.223721081785598130e+01
8.282192231731401932e+01
8.463811188811189368e+01
8.330544217687074138e+01
8.422292468389224496e+01
8.459436274509803866e+01
8.410673758865247862e+01
8.401960784313725128e+01
8.407456922162803892e+01
8.441854185418542045e+01
8.475624999999999432e+01
8.373468328141225925e+01
8.380582010582010355e+01
8.511226551226550896e+01
8.384340659340659840e+01
8.412836723474435985e+01
8.379087908790879169e+01
8.421424452133794603e+01
8.413557951482479780e+01
8.421741637831603100e+01
8.453523284313725128e+01
8.460663236134934095e+01
8.411978021978022468e+01
8.386681465038846284e+01
8.500912032950867570e+01
8.482692307692308020e+01
8.427377680043980490e+01
8.456080316742081493e+01
8.265141540487162786e+01
8.426595744680851396e+01
8.144774193548387586e+01
8.498181818181818414e+01
8.451137197358767139e+01
8.413393829401088908e+01
8.450788530465949577e+01
8.387797062750334476e+01
8.416843971631205079e+01
8.289795918367346417e+01
8.167896551724138021e+01
8.426040816326531058e+01
8.421270962047661612e+01
8.424123303167421284e+01
8.261323578317259830e+01
8.455216426193118195e+01
8.423908355795148850e+01
8.438885746606334237e+01
8.439847285067872917e+01
8.419495798319327662e+01
8.172218564845293542e+01
8.242033235581622819e+01
8.242737722048066473e+01
8.289021815622800204e+01
8.392889777270131901e+01
8.300578231292516307e+01
8.178451612903225509e+01
8.440141843971630919e+01
8.165193548387097167e+01
8.253367003367003463e+01
8.399722222222222001e+01
8.363089373680506355e+01
8.230740740740741046e+01
8.328143504005572595e+01
8.208638105189830014e+01
8.245218855218854515e+01
8.281564625850340633e+01
8.233804713804714481e+01
8.347888810696692019e+01
8.484770114942529062e+01
8.328779253636938051e+01
8.153147510178516200e+01
7.943497997329772886e+01
7.725238095238094616e+01
7.844207119741099632e+01
7.655672676837725987e+01
7.435528732616111824e+01
7.609559372666168997e+01
7.572351351351350957e+01
7.459807332084560016e+01
7.071620227038184225e+01
7.271083705064287983e+01
7.408094519859226068e+01
7.361004901960784252e+01
7.461828737300434966e+01
7.288245192307692832e+01
7.554377530364372717e+01
8.394620582120582242e+01
8.331144228340490088e+01
8.298598130841121190e+01
8.307012987012987537e+01
8.548350742166024929e+01
8.561904761904762040e+01
8.485032051282051668e+01
8.388548951048950642e+01
8.582714776632302289e+01
8.360976430976431573e+01
8.331806451612902720e+01
8.408732486151841101e+01
8.392430533375917889e+01
8.400351325455126528e+01
8.421433333333332882e+01
8.443164983164983539e+01
8.438733333333333064e+01
8.378976897689769032e+01
8.325907590759075561e+01
8.390066006600659421e+01
8.432166666666667254e+01
8.404999999999999716e+01
8.355701053976365245e+01
8.289342188488298291e+01
8.554070112893641920e+01
8.547872960372960449e+01
8.413400000000000034e+01
8.523979591836734926e+01
8.441211323238972852e+01
8.547572499185402251e+01
8.544639947865753982e+01
8.511972789115645810e+01
8.504999999999999716e+01
8.520646258503401782e+01
8.398129251700680697e+01
8.488855218855218254e+01
8.501598639455782802e+01
8.444199999999999307e+01
8.740294471153846700e+01
8.685945165945166480e+01
8.679464285714286120e+01
8.722549019607842524e+01
8.701107226107225756e+01
8.693356643356644042e+01
8.691346153846153300e+01
8.516552623004236011e+01
8.483367003367003178e+01
8.663235294117646390e+01
8.487161942000651038e+01
8.601481237656352619e+01
8.663333333333333997e+01
8.523095238095237391e+01
8.635598705501618610e+01
8.621370967741935942e+01
8.628589108910891525e+01
8.609839108910891525e+01
8.593498087672844576e+01
8.630616246498598798e+01
8.601378676470588402e+01
8.617210944395409911e+01
8.632628676470588402e+01
8.640285204991087653e+01
8.663257575757575069e+01
8.627275485436892666e+01
8.412184343434343248e+01
8.467676767676768179e+01
8.399539170506912455e+01
8.639593446601941196e+01
8.621304086538461320e+01
8.692800245098038658e+01
8.679982517482517324e+01
8.659054209919261780e+01
8.682001201923077360e+01
8.683799533799533776e+01
8.658161407766989726e+01
8.680401583710407465e+01
8.598069852941176805e+01
8.714210061782877403e+01
8.641785714285714448e+01
8.654065533980582359e+01
8.618900240384616041e+01
8.652669902912622035e+01
8.614832384566729218e+01
8.603275240384616041e+01
8.574976511118070732e+01
8.580238970588234793e+01
8.595840760546643367e+01
8.637511032656664156e+01
8.558348187759952452e+01
8.622357074417119804e+01
8.569637551990493307e+01
8.602340290955091007e+01
8.609266287160025399e+01
8.567984068627451677e+01
8.616522277227723237e+01
8.641004962779156529e+01
8.585145573380867745e+01
8.570863970588234793e+01
8.603683897801545299e+01
8.616955445544554948e+01
8.618325242718447043e+01
8.626299257567104917e+01
8.610396039603961071e+01
8.633131313131313789e+01
8.625454545454545041e+01
8.630678210678210860e+01
8.410726072607261017e+01
8.584935797056060380e+01
8.600091911764705799e+01
8.615864527629233294e+01
8.655200000000000671e+01
8.612746633260256601e+01
8.693380406001764982e+01
8.614889705882353610e+01
8.616815210932857383e+01
8.684405339805825008e+01
8.667109424414927332e+01
8.639423076923077360e+01
8.665962009803921262e+01
8.639179455057939094e+01
8.687066831683168289e+01
8.654967320261438601e+01
8.610129449838187554e+01
8.625735294117646390e+01
8.679019607843137862e+01
8.691212871287129360e+01
8.667206720672066922e+01
8.690447854682116713e+01
8.636917892156863275e+01
8.690729721265267926e+01
8.618474264705882604e+01
8.617279411764705799e+01
8.556052379431491772e+01
8.682912807409773848e+01
8.646732026143790506e+01
8.636931818181818699e+01
8.680414603960396391e+01
8.673027302730272936e+01
8.680662128712870640e+01
8.647280202403541693e+01
8.693459345934593330e+01
8.652974759615383959e+01
8.670032258064516384e+01
8.555940594059406124e+01
8.648805147058823195e+01
8.642506067961164717e+01
8.680423782416191614e+01
8.636256067961164717e+01
8.639468690702086917e+01
8.672129032258064285e+01
8.686553816671990091e+01
8.705105198019802515e+01
8.655235523552354948e+01
8.622043969102792005e+01
8.651391524351676310e+01
8.687959118492494781e+01
8.725735294117646390e+01
8.701533056531459920e+01
8.642218137254901933e+01
8.707046664578766126e+01
8.667728960396038929e+01
8.716224848291280125e+01
8.674183006535947982e+01
8.656556372549019329e+01
8.706103731815306901e+01
8.699117647058822911e+01
8.658413461538461320e+01
8.670710784313725128e+01
8.649821746880570572e+01
8.720057489619929925e+01
8.691831683168317113e+01
8.674625038261402210e+01
8.684914611005692109e+01
8.692599620493358259e+01
8.721712158808932713e+01
8.642432598039215463e+01
8.720472692430533357e+01
8.720632385819227750e+01
8.696139705882353610e+01
8.603530450132392104e+01
8.633363970588234793e+01
8.674162229877858010e+01
8.684801488833747385e+01
8.673816747572816155e+01
8.644546568627451677e+01
8.636808894230769340e+01
8.658728652751423738e+01
8.692838709677418763e+01
8.698594698179495310e+01
8.586849073256840370e+01
8.652420343137255543e+01
8.661734068627451677e+01
8.634610814022578040e+01
8.707368753953194584e+01
8.654687500000000000e+01
8.611994989038521453e+01
8.678553921568627061e+01
8.616504854368932342e+01
8.583112680200058264e+01
8.605816831683168289e+01
8.600353045013238784e+01
8.631283422459893018e+01
8.602413366336634226e+01
8.610148514851485402e+01
8.580330882352940591e+01
8.666528265729799330e+01
8.695129664769133626e+01
8.649601715686274872e+01
8.653624480095068350e+01
8.656922162804515608e+01
8.630754950495050082e+01
