4.879484386347131419e+01
5.282272563825961953e+01
6.611985269501171558e+01
6.848454670329670080e+01
7.634103410341033680e+01
8.327346153846153243e+01
9.019687738004569155e+01
9.347086247086247113e+01
9.560243716679360659e+01
9.776961157654227463e+01
9.929017517136328763e+01
1.010605483625285643e+02
1.033011538461538521e+02
1.061096725057121120e+02
1.078191165270373233e+02
1.109059259259259278e+02
1.118970370370370375e+02
1.125857692307692304e+02
1.136959259259259198e+02
1.144562962962963013e+02
1.147627722772277252e+02
1.159823982398239792e+02
1.162185714285714226e+02
1.166085185185185225e+02
1.168587204874333594e+02
1.168031226199543084e+02
1.168682406702208709e+02
1.169033333333333360e+02
1.165836445108289752e+02
1.169741867043847208e+02
1.167794729542302292e+02
1.169803703703703661e+02
1.167496296296296237e+02
1.166370370370370324e+02
1.161814814814814838e+02
1.164695898161244685e+02
1.163617403811578583e+02
1.162517680339462487e+02
1.165577130528586878e+02
1.166891796322489370e+02
1.162731092436974762e+02
1.162089285714285722e+02
1.161460113960114029e+02
1.160209020902090202e+02
1.162984965163182949e+02
1.161507150715071504e+02
1.158360836083608376e+02
1.153433521923620901e+02
1.152500916758342555e+02
1.152822222222222166e+02
1.146534653465346594e+02
1.148903413217138763e+02
1.147378071140447418e+02
1.147629629629629591e+02
1.144771664868752197e+02
1.148211111111111080e+02
1.145925797503467436e+02
1.148584525119178608e+02
1.146141675656238732e+02
1.146688241639698020e+02
1.152440974866717482e+02
1.149564904710535842e+02
1.153396296296296271e+02
1.147651923768428617e+02
1.149543269230769198e+02
1.153434873949579895e+02
1.155115511551155123e+02
1.153214285714285694e+02
1.156307142857142907e+02
1.155001833516684968e+02
1.155662068965517193e+02
1.159214285714285779e+02
1.160364145658263340e+02
1.163706059591563502e+02
1.162136752136752165e+02
1.159618104667609657e+02
1.156890756302521055e+02
1.156567267683772542e+02
1.155433297375044930e+02
1.156139285714285734e+02
1.152383309759547387e+02
1.147867545076282880e+02
1.152478914558122511e+02
1.153225925925925992e+02
1.151881188118811821e+02
1.147629629629629591e+02
1.147137037037037004e+02
1.140944130127298450e+02
1.137177197802197810e+02
1.140234615384615324e+02
1.134961103253182415e+02
1.132048319327731036e+02
1.136129629629629676e+02
1.136459694989106737e+02
1.140493697478991635e+02
1.141331133113311296e+02
1.144171737660581414e+02
1.147334785766158376e+02
1.148051317614424391e+02
1.148119099491648569e+02
1.151246791345801199e+02
1.149346405228758101e+02
1.153659830268741189e+02
1.158017857142857139e+02
1.149807142857142850e+02
1.103005409060175737e+02
nan
0.000000000000000000e+00
0.000000000000000000e+00
0.000000000000000000e+00
0.000000000000000000e+00
0.000000000000000000e+00
0.000000000000000000e+00
0.000000000000000000e+00
0.000000000000000000e+00
0.000000000000000000e+00
0.000000000000000000e+00
nan
1.038717525773195831e+02
1.090337335620354509e+02
nan
1.032285714285714278e+02
1.042550505050505052e+02
1.073854545454545502e+02
1.097508503401360542e+02
1.128160881174899828e+02
1.133037037037037038e+02
1.138152000000000044e+02
1.149364478114478061e+02
1.178055445544554516e+02
1.177379166666666634e+02
1.207900990099009846e+02
1.217991666666666646e+02
1.215788235294117641e+02
1.223326732673267259e+02
1.221607692307692332e+02
1.232736633663366348e+02
1.247958333333333343e+02
1.219234503360716957e+02
1.227415686274509738e+02
1.215444947209653037e+02
1.213804675716440471e+02
1.221159999999999997e+02
1.215015999999999963e+02
1.224219771241830017e+02
1.226328000000000031e+02
1.226903594771241899e+02
1.227376000000000005e+02
1.216519421172886553e+02
1.213872000000000071e+02
1.199131759329779072e+02
1.190082704063286627e+02
1.181393557422969138e+02
1.176935366739288327e+02
1.176071169208424152e+02
1.179033333333333360e+02
1.178742997198879578e+02
1.171772247360482595e+02
1.177608773822366004e+02
1.178450197770586101e+02
1.192498184458968780e+02
1.196369636963696337e+02
1.193462962962963019e+02
1.191583710407239778e+02
1.198344226579520750e+02
1.191777445855115758e+02
1.198771471247199401e+02
1.199575163398692865e+02
1.208276772247360498e+02
1.190617283950617349e+02
1.196759259259259238e+02
1.129761904761904816e+02
nan
nan
nan
1.020443333333333271e+02
nan
1.059134837962962905e+02
1.126667771883289078e+02
1.177023809523809490e+02
1.186541176470588255e+02
1.196557443365695832e+02
1.193491100323624607e+02
1.199957692307692270e+02
1.190265522875816941e+02
1.188581481481481461e+02
1.193899676375404511e+02
1.203731911652703701e+02
1.204712871287128735e+02
1.204315384615384659e+02
1.203885148514851551e+02
1.201157654226961142e+02
1.207877073906485634e+02
1.204372666168782615e+02
1.193182503770739089e+02
1.210295857988165693e+02
1.199737426035502921e+02
1.203499619192688499e+02
1.204270588235294071e+02
1.205213252094440151e+02
1.196514285714285677e+02
1.198031226199543084e+02
1.201714851485148472e+02
1.198355957767722515e+02
1.204159999999999968e+02
1.198363999999999976e+02
1.207888461538461513e+02
1.205900000000000034e+02
1.206861538461538430e+02
1.209447194719471952e+02
1.197570132013201345e+02
1.210392231530845351e+02
1.205281481481481478e+02
1.204108727810650947e+02
1.207673786407766983e+02
1.209340120663650140e+02
1.198929931454683953e+02
1.196388235294117663e+02
1.221403357727077008e+02
1.249547383309759567e+02
1.271168224299065486e+02
1.257250445632798517e+02
1.242482174688057057e+02
1.220975510204081615e+02
1.165897435897435912e+02
1.140765602322206149e+02
1.133481481481481552e+02
1.149531135531135533e+02
1.153608058608058542e+02
1.134336996336996322e+02
1.136825108853410740e+02
1.115427749820273249e+02
1.098272928994082775e+02
1.090372976776917682e+02
1.088477088948787070e+02
1.074612882238126161e+02
1.067865972674040336e+02
1.063402964959568777e+02
1.064769030579050053e+02
1.064176603287141489e+02
1.053158233967128581e+02
1.063512729616500110e+02
1.057042508290624028e+02
1.053793800539083492e+02
1.054646194926568796e+02
1.058719667943805831e+02
1.062336419753086432e+02
1.060366972477064280e+02
1.053392857142857082e+02
1.051272961650016100e+02
1.052364933741080506e+02
1.051947751322751259e+02
1.050932914046121596e+02
1.052547892720306493e+02
1.059138851802403138e+02
1.054553001277139259e+02
1.056692256341789005e+02
1.053230974632843839e+02
1.060114942528735611e+02
1.057965833596962995e+02
1.057415404447309015e+02
1.058852513227513157e+02
1.057287379972565162e+02
1.055868454661558076e+02
1.059268518518518505e+02
1.065448484848484867e+02
1.071319202783929114e+02
1.070261037705446370e+02
1.071878504672897208e+02
1.074901433691756267e+02
1.065530012771392023e+02
1.075252234993614309e+02
1.072583014048531282e+02
1.078984567901234612e+02
1.075529513888888857e+02
1.074805045871559628e+02
1.064311342592592524e+02
1.052783913905409179e+02
1.061383442265795196e+02
1.077976577748861473e+02
1.092774725274725256e+02
1.092088859416445672e+02
1.088064625850340121e+02
1.100800137362637372e+02
1.110003380662609942e+02
1.112701109570041638e+02
1.101484593837535044e+02
1.103049357674104130e+02
1.107650000000000006e+02
1.104522630834512000e+02
1.108324999999999960e+02
1.109476421636615839e+02
1.111737400530503947e+02
1.110803481754268489e+02
1.126018387553041009e+02
1.125476190476190510e+02
1.135848275862068988e+02
1.135574712643678197e+02
1.144724186704384721e+02
1.147389072240557368e+02
1.133355335533553330e+02
1.137284299858557262e+02
1.148928571428571388e+02
1.149636821287306674e+02
9.200047950131862251e+01
0.000000000000000000e+00
0.000000000000000000e+00
0.000000000000000000e+00
nan
nan
nan
1.014046104928457908e+02
1.021452528379772957e+02
nan
1.063756277201205194e+02
1.072866809116809179e+02
1.077687239944521451e+02
1.079181692094313405e+02
1.080467032967032992e+02
1.086292016806722671e+02
1.089505968169761303e+02
1.086612343966712899e+02
1.085928247997213560e+02
1.087817857142857179e+02
1.089906204906204863e+02
1.085963203463203399e+02
1.094313725490196134e+02
1.098111817877469036e+02
1.099615117891816851e+02
1.102933626696002989e+02
1.104750346740638065e+02
1.103602941176470580e+02
1.102724605793912787e+02
1.103859223300970882e+02
1.100645604395604380e+02
1.104618104667609657e+02
1.103501400560224113e+02
1.099979195561719791e+02
1.101628151260504183e+02
1.102142857142857082e+02
1.101362044817927170e+02
1.099515796703296644e+02
1.099410284070478241e+02
1.099487179487179418e+02
1.103486394557823189e+02
1.105006868131868174e+02
1.101697231211794303e+02
1.103529819694868195e+02
1.101142857142857139e+02
1.105044334975369509e+02
1.107868965517241406e+02
1.108176870748299336e+02
1.110817307692307736e+02
1.105539148351648322e+02
nan
nan
nan
0.000000000000000000e+00
0.000000000000000000e+00
9.391625730994151411e+01
9.379144503546099543e+01
nan
9.971264705882353496e+01
nan
nan
nan
1.109509379509379556e+02
1.120205635948210272e+02
1.123734129947722238e+02
1.129633123689727512e+02
1.132927350427350461e+02
1.138675751222921093e+02
1.139068783068783119e+02
1.136232925952552080e+02
1.139234567901234527e+02
1.134296081277213375e+02
1.134503843466107611e+02
1.132644688644688671e+02
1.133897959183673407e+02
1.131114638447971714e+02
1.129087912087912144e+02
1.130758136094674597e+02
1.131242603550295911e+02
1.135633156966490276e+02
1.130213675213675231e+02
1.135269042627533196e+02
1.132831501831501839e+02
1.135036344755970958e+02
1.138014018691588802e+02
1.136508875739644964e+02
1.134049844236760123e+02
1.135967854647099955e+02
1.135213137665967906e+02
1.138408488063660542e+02
1.138631393298060033e+02
1.141696649029982353e+02
1.142054843304843246e+02
1.141323964497041459e+02
1.138906359189378037e+02
1.143375262054507289e+02
1.136931216931216966e+02
1.138371767994409538e+02
1.140007054673721285e+02
1.140003527336860714e+02
1.140878306878306887e+02
1.143643738977072246e+02
1.145965986394557774e+02
1.150060541310541282e+02
1.150306603773584868e+02
1.138665910808768018e+02
1.140740740740740762e+02
1.142194269741439570e+02
1.140528396836808014e+02
1.140768959435626044e+02
1.138245421245421198e+02
1.136232804232804199e+02
1.134871252204585517e+02
1.136656084656084715e+02
1.134382396449704089e+02
1.128902865129280286e+02
1.136386066763425191e+02
1.135555555555555571e+02
1.133426791277258587e+02
1.131558095238095234e+02
1.133622641509434033e+02
1.132143874643874710e+02
1.133543956043956058e+02
1.124537414965986386e+02
9.551654879773691675e+01
0.000000000000000000e+00
0.000000000000000000e+00
0.000000000000000000e+00
0.000000000000000000e+00
0.000000000000000000e+00
0.000000000000000000e+00
0.000000000000000000e+00
0.000000000000000000e+00
0.000000000000000000e+00
0.000000000000000000e+00
nan
nan
nan
1.039069124423963189e+02
1.063995358090185732e+02
1.074462068965517290e+02
1.083543140028288576e+02
1.079846428571428589e+02
1.068067857142857093e+02
1.056446078431372513e+02
1.055028571428571382e+02
1.053705206220419228e+02
1.056730769230769198e+02
1.059489519945909421e+02
1.063359605911330021e+02
1.067422003284072218e+02
1.077486263736263794e+02
1.083231456043956058e+02
1.084021883289124730e+02
1.085348275862069016e+02
1.086573550212164037e+02
1.081137955182072830e+02
1.077019230769230802e+02
1.076305906452714254e+02
1.075560714285714283e+02
1.076275862068965523e+02
1.072486130374479956e+02
1.075896551724137993e+02
1.081700000000000017e+02
1.084848275862068903e+02
1.092241496598639401e+02
1.086132653061224431e+02
1.086360398860398817e+02
1.086852240896358524e+02
1.087215106732348175e+02
1.088615646258503347e+02
1.091531830238726855e+02
1.090153133903133948e+02
1.093763262599469499e+02
1.095455840455840502e+02
1.093120665742024897e+02
1.094246913580246883e+02
1.100220957482423785e+02
1.101350000000000051e+02
1.099898329702251232e+02
1.097029845379359898e+02
1.098368945868945872e+02
1.094937586685159516e+02
1.088419753086419774e+02
1.092571141613659194e+02
1.091126907073509074e+02
1.091873854052071806e+02
1.092955771305285850e+02
1.090852981969486848e+02
1.095047021943573640e+02
1.095312500000000000e+02
1.095652472527472554e+02
1.087194960212201522e+02
1.087953973390866622e+02
1.087370689655172384e+02
1.086638049450549488e+02
1.091499832607967875e+02
1.089658396260337980e+02
1.087569219705141990e+02
1.088307692307692349e+02
1.089099999999999966e+02
1.090318681318681371e+02
1.089056267806267755e+02
1.091855062413314812e+02
1.091317614424410607e+02
1.089348290598290561e+02
1.091945578231292586e+02
1.085575091575091591e+02
1.092948717948717956e+02
1.094455128205128176e+02
1.090980029585798832e+02
1.091872399445214938e+02
1.092991452991452945e+02
1.097385832434376169e+02
1.091958689458689520e+02
1.093585041352031624e+02
1.091745562130177518e+02
1.092071428571428555e+02
1.090470085470085451e+02
1.092398417835311051e+02
1.091023809523809547e+02
1.089600862998921258e+02
1.087753319357092892e+02
1.092326501258540077e+02
1.091272538141470250e+02
1.093985042735042725e+02
1.096768377253814180e+02
1.099551282051282044e+02
1.104733009708737796e+02
1.097516544757924066e+02
1.097272408963585377e+02
1.096730235783633844e+02
1.093391123439667183e+02
1.091724763979665909e+02
1.092214339058999286e+02
1.093826530612244881e+02
nan
nan
0.000000000000000000e+00
0.000000000000000000e+00
0.000000000000000000e+00
0.000000000000000000e+00
0.000000000000000000e+00
nan
nan
nan
1.057286414565826362e+02
1.145547919053073684e+02
1.199366821443647098e+02
1.226630952380952380e+02
