0.000000000000000000e+00
4.962843488649940582e+01
5.112605042016807033e+01
5.003458646616541472e+01
4.947902735562310284e+01
4.976284829721362257e+01
4.988504728132387811e+01
5.001331269349844888e+01
5.056072106261859744e+01
5.023536439665471676e+01
4.982771867612293448e+01
5.000097751710654848e+01
4.958229036295369241e+01
4.973489583333333286e+01
4.952734375000000000e+01
5.030466165413533730e+01
4.879404873477038507e+01
5.022550776583034349e+01
5.031287506819421651e+01
4.973365973072215240e+01
5.047337429595494029e+01
5.010888610763454665e+01
5.085076832151300152e+01
5.086111111111111427e+01
5.064421002157755680e+01
4.992413949275362484e+01
5.078510101010100897e+01
5.018412850635339595e+01
4.976566992524439570e+01
5.027999004479841005e+01
5.050121580547112643e+01
4.981980519480519831e+01
5.036198830409356475e+01
5.091827956989247639e+01
5.023308270676691478e+01
5.025438596491228083e+01
5.033559705715902766e+01
5.134292356873002205e+01
5.038609397247270749e+01
5.150516717325228200e+01
5.014139941690962132e+01
5.147813238770685729e+01
5.152101712506486564e+01
5.204868578255675260e+01
5.169886093972472452e+01
5.223594470046082705e+01
5.180395136778115273e+01
0.000000000000000000e+00
0.000000000000000000e+00
0.000000000000000000e+00
5.200182370820668609e+01
0.000000000000000000e+00
5.215489130434782794e+01
0.000000000000000000e+00
5.212627877237851948e+01
5.121747668139420995e+01
5.185714285714285410e+01
5.151735791090629846e+01
0.000000000000000000e+00
0.000000000000000000e+00
5.163899868247694513e+01
5.116159754224270273e+01
5.180944931163954692e+01
5.100510204081632537e+01
5.197726574500767782e+01
5.224884792626728114e+01
5.210937019969278339e+01
5.129895201323773080e+01
5.135514592933947853e+01
5.204891304347825809e+01
5.186951467596628618e+01
5.228632872503840190e+01
5.236624396135265869e+01
5.179046391752576994e+01
0.000000000000000000e+00
5.123419611747137736e+01
5.139945652173913260e+01
5.068750000000000000e+01
5.116193853427895988e+01
5.093940949935814899e+01
5.154315856777493821e+01
5.149831029185867948e+01
5.042662779397473116e+01
5.178324808184143535e+01
5.105690537084399239e+01
5.129370199692780119e+01
5.047903629536921244e+01
0.000000000000000000e+00
5.057337128399746717e+01
4.992264038231780177e+01
5.037204301075269086e+01
5.087160025300443067e+01
5.116583850931677091e+01
5.013360450563204296e+01
5.082480818414322243e+01
5.170424836601306851e+01
5.122678396871945239e+01
4.936565349544073200e+01
5.049245169082125528e+01
5.075627240143369079e+01
5.065185421994885218e+01
5.110341555977229433e+01
5.142113768584356848e+01
5.073775388291517174e+01
5.038593380614657491e+01
5.087305854241338210e+01
5.085531914893616801e+01
5.114130434782608603e+01
5.108786482334869561e+01
4.960555555555555429e+01
0.000000000000000000e+00
0.000000000000000000e+00
5.056570713391739957e+01
5.062296620775970268e+01
5.075724637681159379e+01
5.066950646298472094e+01
4.989923167848699848e+01
4.991814420803782326e+01
0.000000000000000000e+00
5.055962732919254421e+01
4.988328267477203326e+01
5.020430107526881613e+01
5.028315412186380229e+01
4.969910403185664194e+01
5.094593787335723079e+01
4.957058388765705814e+01
5.066099163679808726e+01
5.009772296015180615e+01
5.007056451612903203e+01
5.281111111111111001e+01
5.262052037309769048e+01
5.235033444816053816e+01
5.759459459459459651e+01
5.501951951951951969e+01
5.841082621082620818e+01
5.539866863905325545e+01
5.212653975363942038e+01
5.047272231314784818e+01
5.134796893667861184e+01
4.980107526881720759e+01
4.752622222222222348e+01
4.637946705226192989e+01
0.000000000000000000e+00
4.553449387491940570e+01
4.587291280148423311e+01
4.699452463912394506e+01
4.481762917933130552e+01
4.655078125000000000e+01
4.500980638672366041e+01
4.483552631578947256e+01
4.470546875000000142e+01
4.362118902439024737e+01
4.310835762876579480e+01
0.000000000000000000e+00
0.000000000000000000e+00
0.000000000000000000e+00
0.000000000000000000e+00
0.000000000000000000e+00
0.000000000000000000e+00
0.000000000000000000e+00
0.000000000000000000e+00
4.260537634408601804e+01
0.000000000000000000e+00
0.000000000000000000e+00
4.192843326885880373e+01
0.000000000000000000e+00
0.000000000000000000e+00
0.000000000000000000e+00
4.092368177613320768e+01
0.000000000000000000e+00
4.217129282320580330e+01
4.259178433889601934e+01
4.180665650406503886e+01
4.026897844423617556e+01
4.131407588739290304e+01
4.080795972188923315e+01
4.215857694429122660e+01
4.154657894736842394e+01
4.184173864586235680e+01
4.141342849590272124e+01
4.205974395448079406e+01
4.195947802197802190e+01
4.188541666666666430e+01
4.314388736263736490e+01
3.966965944272445910e+01
4.096417682926828974e+01
4.141356382978723616e+01
4.142978177150192209e+01
4.004224924012157771e+01
4.196025219298245901e+01
4.140625000000000000e+01
4.105026881720429799e+01
4.128733809146180533e+01
4.005505457997152519e+01
4.148220826792255167e+01
4.058173784977908838e+01
3.925434027777777857e+01
4.043946295852313710e+01
4.138184747583243706e+01
3.963230240549827954e+01
3.961944035346097337e+01
3.971096345514950343e+01
4.125644468313641511e+01
4.032777501244400042e+01
4.002579365079365203e+01
3.967010309278350633e+01
4.094757033248081513e+01
4.136725427350427253e+01
4.058801843317972669e+01
3.948845720720720465e+01
3.921506300114547372e+01
3.930788520479242010e+01
4.054146341463414416e+01
4.116309807031456813e+01
3.965727429557216510e+01
3.959865739630784276e+01
4.151686909581646745e+01
4.018750000000000000e+01
3.902449324324324209e+01
4.081045918367347269e+01
4.009247311827957105e+01
4.111174089068826021e+01
3.997309136420525988e+01
3.971632751937984551e+01
4.030980012894906395e+01
3.974270163285502377e+01
3.976190476190475920e+01
3.982982456140350536e+01
3.981530732860520061e+01
3.967999999999999972e+01
4.027604166666666430e+01
4.039223602484472053e+01
4.068162393162393187e+01
4.045128205128204968e+01
3.982809278350515569e+01
3.925591856060606233e+01
4.037045570916538395e+01
4.019534050179211704e+01
3.948044965786900917e+01
3.885935672514619910e+01
3.927081339712918862e+01
3.997311827956989561e+01
4.063291925465838261e+01
3.943039513677811669e+01
3.937021276595744723e+01
3.941517857142856940e+01
4.039657401422107341e+01
3.940519399249061649e+01
4.019564647259375789e+01
3.976838905775075972e+01
3.911671732522796674e+01
3.969664948453608133e+01
3.875497482618077072e+01
4.030796221322537320e+01
3.962590579710145278e+01
4.069341432225063926e+01
4.032693305656460581e+01
3.962144212523719489e+01
3.753676975945017347e+01
4.134441186054089457e+01
4.088306982872200024e+01
3.806573099415204808e+01
3.999612152553329025e+01
3.885119047619047450e+01
3.913579474342928677e+01
3.887927663734115669e+01
3.952624920936116126e+01
4.001335940045617434e+01
4.001759530791788677e+01
3.853536821705426263e+01
4.058896982310093904e+01
3.755828900709219909e+01
4.011857707509881266e+01
3.846387559808612622e+01
3.795929824561403620e+01
3.859351806036615784e+01
3.847294832826747779e+01
3.821188446969696884e+01
3.906328725038402183e+01
3.888875379939209864e+01
3.765851449275362484e+01
3.767906432748537782e+01
3.851429263565891148e+01
3.825520833333333570e+01
0.000000000000000000e+00
0.000000000000000000e+00
0.000000000000000000e+00
0.000000000000000000e+00
0.000000000000000000e+00
0.000000000000000000e+00
0.000000000000000000e+00
0.000000000000000000e+00
0.000000000000000000e+00
0.000000000000000000e+00
0.000000000000000000e+00
3.872248803827751118e+01
3.956361386138613767e+01
3.876499388004896218e+01
0.000000000000000000e+00
3.920729890764647507e+01
3.967593807399632766e+01
4.010741758241758248e+01
3.953117144293614871e+01
3.986171608501705776e+01
3.918308823529411455e+01
0.000000000000000000e+00
0.000000000000000000e+00
0.000000000000000000e+00
0.000000000000000000e+00
3.906930693069306670e+01
0.000000000000000000e+00
3.894722429673885955e+01
3.885934777196913359e+01
3.875457875457875190e+01
3.931192432163305739e+01
3.841826923076923350e+01
3.968300653594771177e+01
3.879781553398058236e+01
3.908048032703116803e+01
3.992619825708060688e+01
3.977117711771177255e+01
3.939189886480907887e+01
3.942307692307691980e+01
3.917226786158825291e+01
3.946955624355005199e+01
3.965815273477812042e+01
3.910807358201328299e+01
0.000000000000000000e+00
0.000000000000000000e+00
3.895617948045132550e+01
0.000000000000000000e+00
3.885450404858299578e+01
3.938183694530443546e+01
0.000000000000000000e+00
3.854005602240896167e+01
0.000000000000000000e+00
3.904166666666666430e+01
3.886893203883494863e+01
3.861937148217636206e+01
3.919851814001022206e+01
3.980448717948718240e+01
3.919433962264150750e+01
3.858567961165048388e+01
0.000000000000000000e+00
0.000000000000000000e+00
0.000000000000000000e+00
0.000000000000000000e+00
0.000000000000000000e+00
0.000000000000000000e+00
0.000000000000000000e+00
0.000000000000000000e+00
0.000000000000000000e+00
0.000000000000000000e+00
0.000000000000000000e+00
0.000000000000000000e+00
0.000000000000000000e+00
0.000000000000000000e+00
0.000000000000000000e+00
3.890549450549450228e+01
3.880594059405940754e+01
3.886568627450980529e+01
3.963954081632653015e+01
0.000000000000000000e+00
3.979270532668591187e+01
3.881188118811881083e+01
3.952244582043343968e+01
3.949742002063983648e+01
3.939580010632641915e+01
3.956512195121950981e+01
3.986386138613861618e+01
4.022277227722772608e+01
3.986212871287128934e+01
3.981308862593576237e+01
4.030821730821730853e+01
4.044530443756450211e+01
4.045205128205127920e+01
3.525604195166438615e+01
0.000000000000000000e+00
4.361165048543688982e+01
5.475816843074090912e+01
6.071682626538987648e+01
6.221332465277777857e+01
6.356026315789473813e+01
6.690037393162393187e+01
6.075192743764172576e+01
5.971244019138755732e+01
5.811955492424242209e+01
0.000000000000000000e+00
5.386035613870665628e+01
5.662679114198871133e+01
6.195493395493395639e+01
6.001937441643323723e+01
5.989005602240896309e+01
5.888415710503089429e+01
6.138028870084619371e+01
5.710348837209302530e+01
5.578166666666666629e+01
5.705097365406643917e+01
0.000000000000000000e+00
0.000000000000000000e+00
0.000000000000000000e+00
0.000000000000000000e+00
0.000000000000000000e+00
0.000000000000000000e+00
6.341573348264277854e+01
6.425789473684210407e+01
6.438661616161616053e+01
6.436709183673468715e+01
6.261816305469556454e+01
6.314070771802730775e+01
6.075028935185185475e+01
5.993653211474993725e+01
5.866371027346637135e+01
5.656095842142353547e+01
5.928316885964912331e+01
5.577095238095238017e+01
5.517212490479817433e+01
5.440157093765341045e+01
5.429689608636977027e+01
5.053241695303550785e+01
5.087588739290085726e+01
5.066884689922480334e+01
4.930920444033302630e+01
4.829448621553884635e+01
4.892623873873873919e+01
4.666482857827858766e+01
4.836289414414414267e+01
4.632500000000000284e+01
4.774815789473684191e+01
4.795335515548281791e+01
0.000000000000000000e+00
0.000000000000000000e+00
0.000000000000000000e+00
0.000000000000000000e+00
0.000000000000000000e+00
4.211796171171171466e+01
4.572463374932176094e+01
4.892328684050939813e+01
5.198828491096532645e+01
5.625947934352009128e+01
5.531208397337429261e+01
5.771470985155195876e+01
5.702588904694167837e+01
5.365453527435609971e+01
5.120052631578947455e+01
5.107655155759478305e+01
5.362591963780418780e+01
5.228915391539153745e+01
4.998596491228069993e+01
0.000000000000000000e+00
0.000000000000000000e+00
0.000000000000000000e+00
0.000000000000000000e+00
0.000000000000000000e+00
0.000000000000000000e+00
6.024554455445544221e+01
6.298298969072165221e+01
6.469787835926449304e+01
6.479505582137160502e+01
6.524904798172124742e+01
6.538901838901838914e+01
6.500858585858586025e+01
6.149514563106796317e+01
5.921228024140645374e+01
5.846788194444444287e+01
5.473076923076923350e+01
5.414075286415712185e+01
5.308259109311740787e+01
5.282958748221906120e+01
5.001718213058419593e+01
4.788555555555555543e+01
4.708986562150055732e+01
4.521835985312117856e+01
4.572073578595317400e+01
4.356925675675675791e+01
4.322549019607843235e+01
4.208231707317073500e+01
4.065261341222879565e+01
4.130753083180267993e+01
4.066537667698658254e+01
4.007668269230769198e+01
3.994469696969697026e+01
3.934881847475832473e+01
3.909816109816109986e+01
3.890011223344556868e+01
3.883924349881796445e+01
3.913188775510204209e+01
3.925145348837209269e+01
3.875757575757575779e+01
3.895975378787878896e+01
3.895760233918128534e+01
3.878826530612244738e+01
3.864674441205053768e+01
3.921544715447154772e+01
3.983856382978723332e+01
3.987723387723387702e+01
3.917730004623208373e+01
3.914343563512361612e+01
3.993186046511628007e+01
4.041846006695361382e+01
4.072746185852982137e+01
4.269193548387097081e+01
4.114705191449377253e+01
4.342968960863697703e+01
4.333233857840477299e+01
4.412308673469387799e+01
4.153887714352830329e+01
4.174242424242424221e+01
4.166291486291486024e+01
4.094338736199201634e+01
4.045179063360881599e+01
4.021329574817946906e+01
4.001685844260101987e+01
4.026467036947597222e+01
