1.228661858974358978e+02
1.222427884615384670e+02
1.193472527472527531e+02
1.195588679245283004e+02
1.185576519916142502e+02
1.188723076923076860e+02
1.188732600732600702e+02
1.190938461538461581e+02
1.189498168498168553e+02
1.187084831056793632e+02
1.188019047619047655e+02
1.184511463844797134e+02
1.189761326860841422e+02
1.187908289241622555e+02
1.188228550295857957e+02
1.187530864197530889e+02
1.194803883495145698e+02
1.194846153846153811e+02
1.195653389238294864e+02
1.197005291005290957e+02
1.197034615384615392e+02
1.191858974358974308e+02
1.192164835164835210e+02
1.200882783882783826e+02
1.197343159486016617e+02
1.187775761973875177e+02
1.185958095238095211e+02
1.177880986937590677e+02
1.172011538461538436e+02
1.165857692307692304e+02
1.169036893203883523e+02
1.162234904270986675e+02
1.167451456310679561e+02
1.164142307692307696e+02
1.159227184466019480e+02
1.158895238095238085e+02
1.157597402597402549e+02
1.159995993589743648e+02
1.157687590187590132e+02
1.158062271062271122e+02
1.159531428571428506e+02
1.159384110787171949e+02
1.157901098901098891e+02
1.155985783763561585e+02
1.156797337278106568e+02
1.153161982248520729e+02
1.155907692307692258e+02
1.146754018169112470e+02
1.148363315696649067e+02
1.157271407837445594e+02
1.153738317757009355e+02
1.151343915343915398e+02
1.151534798534798512e+02
1.150508658008658074e+02
1.150039682539682531e+02
1.151299857549857535e+02
1.150031746031745996e+02
1.150668934240362802e+02
1.153942307692307736e+02
1.151710622710622687e+02
1.152996153846153788e+02
1.148838304552590301e+02
1.114447250280583575e+02
nan
0.000000000000000000e+00
0.000000000000000000e+00
0.000000000000000000e+00
0.000000000000000000e+00
0.000000000000000000e+00
0.000000000000000000e+00
0.000000000000000000e+00
0.000000000000000000e+00
0.000000000000000000e+00
nan
nan
nan
nan
nan
1.045647189349112409e+02
1.048857142857142861e+02
1.063794871794871852e+02
1.077052830188679309e+02
1.081878698224852116e+02
1.075414201183431970e+02
1.075058608058608058e+02
1.073567435359888123e+02
1.069909154437456351e+02
1.067122641509433976e+02
1.059535290006988077e+02
1.069536604361370706e+02
1.095400000000000063e+02
1.113850467289719575e+02
1.123585858585858546e+02
1.124169230769230836e+02
1.065105301379811209e+02
1.027605177993527548e+02
1.066374159820761776e+02
1.103676767676767696e+02
1.104200000000000017e+02
1.089131054131054128e+02
1.077714497041420145e+02
1.085702857142857169e+02
1.081763106796116460e+02
1.080652427184465978e+02
1.086254667662434628e+02
1.093490196078431325e+02
1.087781339031339058e+02
1.089503846153846212e+02
1.092945054945055006e+02
1.092111650485436911e+02
1.091336996336996350e+02
1.083173076923076934e+02
1.080186948853615547e+02
1.092687378640776643e+02
1.077195668409260634e+02
1.085634663790003600e+02
1.088353702372394025e+02
1.088598372781065109e+02
1.092794871794871767e+02
1.086411501120238938e+02
1.079296153846153885e+02
1.083144586894586894e+02
1.078489751887810115e+02
1.080458579881656789e+02
1.078431952662721898e+02
1.078273076923076985e+02
1.073390291262135889e+02
1.071456552706552685e+02
1.073254437869822482e+02
1.073019943019942986e+02
1.067352071005917225e+02
1.064758241758241724e+02
1.070360610263522858e+02
1.091303211351755067e+02
1.137696314102564088e+02
1.169161518093556964e+02
1.213625429553264610e+02
0.000000000000000000e+00
0.000000000000000000e+00
0.000000000000000000e+00
0.000000000000000000e+00
0.000000000000000000e+00
0.000000000000000000e+00
0.000000000000000000e+00
0.000000000000000000e+00
0.000000000000000000e+00
0.000000000000000000e+00
0.000000000000000000e+00
0.000000000000000000e+00
0.000000000000000000e+00
0.000000000000000000e+00
0.000000000000000000e+00
0.000000000000000000e+00
0.000000000000000000e+00
0.000000000000000000e+00
0.000000000000000000e+00
0.000000000000000000e+00
0.000000000000000000e+00
0.000000000000000000e+00
0.000000000000000000e+00
0.000000000000000000e+00
0.000000000000000000e+00
0.000000000000000000e+00
1.250490924092409273e+02
1.216357758620689680e+02
0.000000000000000000e+00
0.000000000000000000e+00
0.000000000000000000e+00
0.000000000000000000e+00
1.318503968253968139e+02
1.316657883179622388e+02
1.264684536082474295e+02
1.242122448979591809e+02
1.242478522336769799e+02
1.228181818181818130e+02
1.197199999999999989e+02
1.162240740740740677e+02
1.165392231530845351e+02
1.156603846153846149e+02
1.136277777777777800e+02
1.125390946502057545e+02
1.107268965517241384e+02
1.116281904761904826e+02
1.109437735849056565e+02
1.103533333333333388e+02
1.110351648351648350e+02
1.113032544378698248e+02
1.114262857142857115e+02
1.104830476190476247e+02
1.096453571428571365e+02
1.089367857142857190e+02
1.089448329448329389e+02
1.086875981161695393e+02
1.087946666666666715e+02
1.084364705882352951e+02
1.085204276441389908e+02
1.090663780663780642e+02
1.090846560846560891e+02
1.095423861852433305e+02
1.101020710059171535e+02
1.100634615384615387e+02
1.097611832611832625e+02
1.101834615384615432e+02
1.103803846153846138e+02
1.102300366300366363e+02
1.107099358974358978e+02
1.103910679611650494e+02
1.104868804664723001e+02
1.104715743440233240e+02
1.104611686390532554e+02
1.104758698092031466e+02
1.103536221060492863e+02
1.107961165048543677e+02
1.107669902912621325e+02
1.106073318216175352e+02
1.103896153846153823e+02
1.104126923076923106e+02
1.105967498110355223e+02
1.109968932038835021e+02
1.108665620094191553e+02
1.111440776699029129e+02
1.111081182192293255e+02
1.110388007054673665e+02
1.114107692307692332e+02
1.117169529499626606e+02
1.072337533156498637e+02
1.037354368932038824e+02
1.040282312925170061e+02
1.133845350052246630e+02
1.114320512820512761e+02
0.000000000000000000e+00
0.000000000000000000e+00
0.000000000000000000e+00
0.000000000000000000e+00
0.000000000000000000e+00
0.000000000000000000e+00
0.000000000000000000e+00
0.000000000000000000e+00
0.000000000000000000e+00
0.000000000000000000e+00
0.000000000000000000e+00
0.000000000000000000e+00
0.000000000000000000e+00
0.000000000000000000e+00
0.000000000000000000e+00
0.000000000000000000e+00
0.000000000000000000e+00
1.118961111111111109e+02
1.177005163511187646e+02
1.208269054178145154e+02
1.217391673746813865e+02
1.195624165554072107e+02
1.155755720270705780e+02
1.115113484646194877e+02
1.098904166666666669e+02
1.101020408163265358e+02
1.121333333333333400e+02
1.143902252768232159e+02
1.146635802469135825e+02
1.123435374149659793e+02
1.104493078937523336e+02
1.100210113960114029e+02
1.093554964539007130e+02
1.034249999999999972e+02
0.000000000000000000e+00
1.016871843434343390e+02
1.022956434985034946e+02
0.000000000000000000e+00
0.000000000000000000e+00
0.000000000000000000e+00
0.000000000000000000e+00
0.000000000000000000e+00
1.085557126696832597e+02
1.025416666666666714e+02
1.071443262411347490e+02
1.075930984902947500e+02
1.035409946236559193e+02
1.030236742424242493e+02
1.058782978723404256e+02
0.000000000000000000e+00
0.000000000000000000e+00
0.000000000000000000e+00
0.000000000000000000e+00
0.000000000000000000e+00
0.000000000000000000e+00
0.000000000000000000e+00
0.000000000000000000e+00
0.000000000000000000e+00
0.000000000000000000e+00
0.000000000000000000e+00
0.000000000000000000e+00
1.004335748792270522e+02
1.045631336405529908e+02
1.165863999999999976e+02
1.230869565217391255e+02
1.191812000000000040e+02
1.091612276612276560e+02
0.000000000000000000e+00
nan
0.000000000000000000e+00
0.000000000000000000e+00
0.000000000000000000e+00
0.000000000000000000e+00
0.000000000000000000e+00
0.000000000000000000e+00
0.000000000000000000e+00
0.000000000000000000e+00
0.000000000000000000e+00
0.000000000000000000e+00
0.000000000000000000e+00
0.000000000000000000e+00
0.000000000000000000e+00
0.000000000000000000e+00
0.000000000000000000e+00
nan
0.000000000000000000e+00
0.000000000000000000e+00
0.000000000000000000e+00
0.000000000000000000e+00
1.191931438127090246e+02
1.211719576719576708e+02
1.248894048121570250e+02
1.222163551401869199e+02
1.216062610229276828e+02
1.234196706720071148e+02
1.229842767295597525e+02
1.217744265080713717e+02
1.200683639792550679e+02
0.000000000000000000e+00
0.000000000000000000e+00
0.000000000000000000e+00
0.000000000000000000e+00
0.000000000000000000e+00
nan
0.000000000000000000e+00
0.000000000000000000e+00
nan
nan
nan
nan
0.000000000000000000e+00
0.000000000000000000e+00
nan
nan
nan
nan
0.000000000000000000e+00
0.000000000000000000e+00
nan
nan
nan
0.000000000000000000e+00
0.000000000000000000e+00
0.000000000000000000e+00
nan
nan
nan
nan
0.000000000000000000e+00
0.000000000000000000e+00
nan
nan
7.572979323308270239e+01
7.882438192668371357e+01
0.000000000000000000e+00
0.000000000000000000e+00
nan
7.424913892078070887e+01
nan
0.000000000000000000e+00
0.000000000000000000e+00
0.000000000000000000e+00
0.000000000000000000e+00
1.214658008658008725e+02
1.220947323704333058e+02
1.205690104166666714e+02
1.135625000000000000e+02
1.250989690721649481e+02
1.203587740384615330e+02
1.222103386809269097e+02
1.245000000000000000e+02
1.245764309764309701e+02
1.244610814022578751e+02
1.242866933181039428e+02
1.227501904036557505e+02
1.230608203677510630e+02
1.220495049504950487e+02
1.243601374570446723e+02
1.228818953323903855e+02
1.272959501557632365e+02
1.288814102564102484e+02
1.275280373831775762e+02
1.262277777777777743e+02
1.242080455099552978e+02
1.247987421383647728e+02
1.241074074074074076e+02
1.257322429906541998e+02
1.260160377358490535e+02
1.246778301886792519e+02
1.204051948051948102e+02
1.237062656641603979e+02
1.246966236345580938e+02
1.238415094339622584e+02
1.249108910891089153e+02
1.259650468883205434e+02
1.229082809224318709e+02
1.241918265221017492e+02
1.222478956228956264e+02
1.210958333333333314e+02
1.211533816425120733e+02
1.201029118468288743e+02
1.192765866209262384e+02
1.206025812194036462e+02
1.211803738317756967e+02
1.202113207547169793e+02
0.000000000000000000e+00
1.126489898989898961e+02
1.118290378006872885e+02
1.071617535903250200e+02
1.017730841121495331e+02
9.482061735585322992e+01
0.000000000000000000e+00
0.000000000000000000e+00
7.999741200828157162e+01
0.000000000000000000e+00
0.000000000000000000e+00
0.000000000000000000e+00
0.000000000000000000e+00
0.000000000000000000e+00
0.000000000000000000e+00
0.000000000000000000e+00
0.000000000000000000e+00
0.000000000000000000e+00
0.000000000000000000e+00
0.000000000000000000e+00
nan
nan
nan
nan
8.332338308457711662e+01
9.384565537555228332e+01
9.388226010101010388e+01
9.436301793444650343e+01
0.000000000000000000e+00
9.387703609070584321e+01
9.473130761351997364e+01
nan
8.499824561403508483e+01
0.000000000000000000e+00
9.525234025234024671e+01
0.000000000000000000e+00
9.901822916666667140e+01
9.951999999999999602e+01
1.008768793173506708e+02
1.023919382504288222e+02
1.027328843995510681e+02
1.024640967498110342e+02
1.007644937586685217e+02
1.137172206832871666e+02
0.000000000000000000e+00
0.000000000000000000e+00
nan
nan
0.000000000000000000e+00
0.000000000000000000e+00
0.000000000000000000e+00
0.000000000000000000e+00
0.000000000000000000e+00
0.000000000000000000e+00
0.000000000000000000e+00
0.000000000000000000e+00
0.000000000000000000e+00
0.000000000000000000e+00
0.000000000000000000e+00
0.000000000000000000e+00
0.000000000000000000e+00
0.000000000000000000e+00
0.000000000000000000e+00
0.000000000000000000e+00
0.000000000000000000e+00
0.000000000000000000e+00
0.000000000000000000e+00
0.000000000000000000e+00
0.000000000000000000e+00
nan
0.000000000000000000e+00
0.000000000000000000e+00
0.000000000000000000e+00
0.000000000000000000e+00
0.000000000000000000e+00
0.000000000000000000e+00
0.000000000000000000e+00
0.000000000000000000e+00
0.000000000000000000e+00
0.000000000000000000e+00
0.000000000000000000e+00
0.000000000000000000e+00
0.000000000000000000e+00
0.000000000000000000e+00
0.000000000000000000e+00
0.000000000000000000e+00
0.000000000000000000e+00
0.000000000000000000e+00
0.000000000000000000e+00
0.000000000000000000e+00
0.000000000000000000e+00
0.000000000000000000e+00
0.000000000000000000e+00
0.000000000000000000e+00
0.000000000000000000e+00
0.000000000000000000e+00
0.000000000000000000e+00
0.000000000000000000e+00
0.000000000000000000e+00
0.000000000000000000e+00
0.000000000000000000e+00
0.000000000000000000e+00
0.000000000000000000e+00
0.000000000000000000e+00
0.000000000000000000e+00
0.000000000000000000e+00
0.000000000000000000e+00
0.000000000000000000e+00
0.000000000000000000e+00
0.000000000000000000e+00
0.000000000000000000e+00
0.000000000000000000e+00
0.000000000000000000e+00
0.000000000000000000e+00
0.000000000000000000e+00
0.000000000000000000e+00
0.000000000000000000e+00
0.000000000000000000e+00
0.000000000000000000e+00
0.000000000000000000e+00
0.000000000000000000e+00
0.000000000000000000e+00
0.000000000000000000e+00
0.000000000000000000e+00
0.000000000000000000e+00
0.000000000000000000e+00
0.000000000000000000e+00
0.000000000000000000e+00
0.000000000000000000e+00
0.000000000000000000e+00
0.000000000000000000e+00
0.000000000000000000e+00
0.000000000000000000e+00
0.000000000000000000e+00
0.000000000000000000e+00
0.000000000000000000e+00
0.000000000000000000e+00
1.234887445887445949e+02
1.236292270531400987e+02
1.236226565616274371e+02
1.247276923076923083e+02
1.225295414462081141e+02
1.239638802889576823e+02
1.231749999999999972e+02
1.223540209790209730e+02
1.224670476190476194e+02
1.167456880733944899e+02
1.179548167092924160e+02
1.175898692810457504e+02
1.136775889967637596e+02
0.000000000000000000e+00
0.000000000000000000e+00
0.000000000000000000e+00
0.000000000000000000e+00
0.000000000000000000e+00
0.000000000000000000e+00
0.000000000000000000e+00
0.000000000000000000e+00
0.000000000000000000e+00
0.000000000000000000e+00
0.000000000000000000e+00
0.000000000000000000e+00
0.000000000000000000e+00
0.000000000000000000e+00
0.000000000000000000e+00
0.000000000000000000e+00
0.000000000000000000e+00
0.000000000000000000e+00
0.000000000000000000e+00
0.000000000000000000e+00
0.000000000000000000e+00
0.000000000000000000e+00
0.000000000000000000e+00
0.000000000000000000e+00
0.000000000000000000e+00
0.000000000000000000e+00
0.000000000000000000e+00
0.000000000000000000e+00
0.000000000000000000e+00
0.000000000000000000e+00
0.000000000000000000e+00
0.000000000000000000e+00
0.000000000000000000e+00
0.000000000000000000e+00
0.000000000000000000e+00
0.000000000000000000e+00
9.168237986270023043e+01
8.899649122807016965e+01
8.832231800766282959e+01
0.000000000000000000e+00
0.000000000000000000e+00
0.000000000000000000e+00
0.000000000000000000e+00
0.000000000000000000e+00
0.000000000000000000e+00
0.000000000000000000e+00
0.000000000000000000e+00
0.000000000000000000e+00
0.000000000000000000e+00
0.000000000000000000e+00
0.000000000000000000e+00
0.000000000000000000e+00
0.000000000000000000e+00
0.000000000000000000e+00
0.000000000000000000e+00
0.000000000000000000e+00
0.000000000000000000e+00
0.000000000000000000e+00
0.000000000000000000e+00
0.000000000000000000e+00
0.000000000000000000e+00
0.000000000000000000e+00
9.109618320610687192e+01
0.000000000000000000e+00
0.000000000000000000e+00
1.066446759259259238e+02
1.055225591715976350e+02
1.065155763239875455e+02
1.055172413793103487e+02
1.031189913317572859e+02
9.931846153846153413e+01
9.555245535714286120e+01
9.100497689299679394e+01
9.020341344479275847e+01
8.841935483870967971e+01
8.822054597701149703e+01
8.797270114942529062e+01
8.971464646464646364e+01
8.984739545121055926e+01
nan
nan
nan
nan
9.172910334346504158e+01
9.370409771473600813e+01
9.763562753036437414e+01
1.020228037383177622e+02
1.021918518518518511e+02
1.027256074766355169e+02
1.035368807339449546e+02
1.034595336076817489e+02
1.029297196261682217e+02
1.031125233644859804e+02
1.033485449735449748e+02
1.035179726815240855e+02
1.034591049382716079e+02
1.037809345794392470e+02
1.034467592592592524e+02
1.035017470300489180e+02
1.025603741496598644e+02
1.023620618556701061e+02
1.018342857142857127e+02
1.019473469387755102e+02
1.018185567010309285e+02
1.019900872323552790e+02
1.020179591836734687e+02
1.020085714285714289e+02
1.020606060606060623e+02
1.021131313131313192e+02
1.024257964257964204e+02
1.020334693877551047e+02
1.020637499999999989e+02
1.018127104377104359e+02
1.018893097643097576e+02
1.021806972789115662e+02
1.018426415094339603e+02
1.022824074074074048e+02
1.019803685897435912e+02
1.019691089108910944e+02
1.012696540880503164e+02
1.012293333333333294e+02
1.014646825396825420e+02
1.016495049504950430e+02
1.018360528360528292e+02
1.011015873015873012e+02
1.008130236100533068e+02
1.015070370370370370e+02
1.012884399551066252e+02
1.011103846153846177e+02
1.006607692307692332e+02
1.016880341880341945e+02
1.021307634164777056e+02
1.014477221807318870e+02
1.003779434850863481e+02
9.933183688739244133e+01
9.881890331890332391e+01
9.886480186480186205e+01
9.843630751964084880e+01
9.755089285714285552e+01
1.006993229788928659e+02
1.021699805068226112e+02
1.014788074712643748e+02
0.000000000000000000e+00
1.042739156268568053e+02
1.029885958660014325e+02
1.025330132052821170e+02
1.025381512605042076e+02
1.012546695402298838e+02
1.036133333333333297e+02
1.007625054371465865e+02
1.062396551724137908e+02
1.018920068027210846e+02
1.018354598617756466e+02
1.021962044689317395e+02
1.012718089990817276e+02
1.015045714285714240e+02
1.005687568756875692e+02
1.009009900990099027e+02
1.015454280722189822e+02
1.004228571428571399e+02
1.002670588235294105e+02
9.977621621621621273e+01
1.001229729729729740e+02
9.869172932330826598e+01
9.661987577639752089e+01
9.914546783625731052e+01
9.816975060337891534e+01
9.949362041467304607e+01
9.957250000000000512e+01
9.972247787610619696e+01
9.842113095238094900e+01
9.829309006211180133e+01
1.006189285714285688e+02
9.797808680994521069e+01
1.053670833333333263e+02
0.000000000000000000e+00
1.017599852071005984e+02
1.007622641509433947e+02
9.788805309734513571e+01
9.781711711711712098e+01
9.740442477876106864e+01
9.800294985250737057e+01
9.677522123893805883e+01
9.735132743362831320e+01
1.002804789550072542e+02
9.812509712509712756e+01
1.037852624920936080e+02
1.049691428571428560e+02
1.057942857142857207e+02
9.910025510204081911e+01
nan
0.000000000000000000e+00
0.000000000000000000e+00
0.000000000000000000e+00
0.000000000000000000e+00
0.000000000000000000e+00
0.000000000000000000e+00
0.000000000000000000e+00
9.804191419141913855e+01
9.947802197802197099e+01
9.992920918367346417e+01
1.049173952366596296e+02
1.052789308176100604e+02
1.044699074074074048e+02
1.054872685185185190e+02
1.059092970521542014e+02
1.061976568405139858e+02
1.057426303854875300e+02
1.052913325696830782e+02
1.052470845481049508e+02
1.042916666666666714e+02
1.046038961038961048e+02
1.062179894179894148e+02
1.063854447439353095e+02
9.586790232421300573e+01
9.038747158373327295e+01
8.856577380952380452e+01
9.873841866945315360e+01
1.080128346167950184e+02
1.143269230769230802e+02
1.155205635948210272e+02
1.151195324283559529e+02
1.126959549071618056e+02
1.113803846153846138e+02
1.093389423076923066e+02
1.094742898238043836e+02
1.096389787846098471e+02
1.098767806267806293e+02
1.093084415584415581e+02
1.088727461858529750e+02
1.084137415982076220e+02
1.084016106442577012e+02
1.084947860481841104e+02
1.086465300251708044e+02
1.081634615384615330e+02
1.080673076923076934e+02
1.080933532486930488e+02
1.080071225071225030e+02
1.082199999999999989e+02
1.083203983516483504e+02
1.083678532901833904e+02
1.084359259259259289e+02
1.082240201366414993e+02
1.086142857142857139e+02
1.079249439880507850e+02
1.079115811373092981e+02
1.078853550295857957e+02
1.080899925317401085e+02
1.084377425044091723e+02
1.079160502958579855e+02
1.074992603550295911e+02
1.075989544436146446e+02
1.079802229413879928e+02
1.077994772218073223e+02
1.078137254901960773e+02
1.076369230769230825e+02
1.078911564625850303e+02
1.075155325443787007e+02
1.079982193732193707e+02
1.076869230769230796e+02
1.084102840704782409e+02
1.079817927170868330e+02
1.078148148148148096e+02
1.078159041394335560e+02
1.084188034188034209e+02
1.080218694885361543e+02
1.081396825396825392e+02
1.082243589743589780e+02
1.081012482662968068e+02
1.079451082897684842e+02
1.082066085693536621e+02
1.080614630467571686e+02
1.084071484071484122e+02
1.078474074074074025e+02
1.083138461538461570e+02
1.085026923076923140e+02
1.082442857142857093e+02
1.082414814814814861e+02
1.080567901234567927e+02
1.082937037037036987e+02
1.081966666666666725e+02
1.085674074074074014e+02
1.082129629629629619e+02
1.080592592592592638e+02
1.079123204837490562e+02
1.082031536486982048e+02
1.077605686494575394e+02
1.075422322775263950e+02
1.076085185185185225e+02
1.079036317871269262e+02
1.075366990291262113e+02
1.079749813293502569e+02
1.076058971592952105e+02
1.074214814814814787e+02
1.072582142857142884e+02
1.071269902912621319e+02
1.074215976331360878e+02
1.074312920089619183e+02
1.077224092779648288e+02
1.071836349924585221e+02
