1.072588757396449637e+02
1.078362193362193295e+02
1.076914814814814747e+02
1.075142035239122578e+02
1.078299396681749585e+02
1.081285403050108869e+02
1.081941638608305283e+02
1.073166542195668427e+02
1.074253647586980946e+02
1.080823045267489704e+02
1.082766666666666708e+02
1.079512284561789528e+02
1.078374074074074116e+02
1.081594860166288754e+02
1.080537037037037038e+02
1.081640083217753130e+02
1.078381481481481501e+02
1.078315527065527135e+02
1.075859259259259204e+02
1.073986686390532554e+02
1.073608058608058542e+02
1.072803809523809520e+02
1.075695266272189343e+02
1.077674074074074042e+02
1.070706796116504904e+02
1.070126960418222524e+02
1.071400352733686105e+02
1.058841899804814517e+02
9.380064724919094488e+01
8.612058212058211382e+01
9.826458333333333428e+01
nan
1.052060897435897431e+02
1.000106189320388381e+02
9.826213592233010274e+01
9.910429063576573583e+01
1.016742915670877494e+02
1.026132686084142449e+02
1.036889983579638681e+02
nan
1.037657967032967008e+02
nan
nan
1.039097001763668402e+02
1.039960826210826212e+02
1.044942307692307679e+02
1.041627050552393712e+02
1.038516590761223171e+02
1.045248673740053107e+02
1.045275198938992105e+02
1.043441830486625861e+02
1.044980106100795751e+02
nan
9.640688775510204778e+01
0.000000000000000000e+00
0.000000000000000000e+00
0.000000000000000000e+00
0.000000000000000000e+00
0.000000000000000000e+00
0.000000000000000000e+00
0.000000000000000000e+00
0.000000000000000000e+00
0.000000000000000000e+00
0.000000000000000000e+00
0.000000000000000000e+00
0.000000000000000000e+00
0.000000000000000000e+00
0.000000000000000000e+00
0.000000000000000000e+00
0.000000000000000000e+00
0.000000000000000000e+00
0.000000000000000000e+00
0.000000000000000000e+00
0.000000000000000000e+00
0.000000000000000000e+00
1.187054673721340379e+02
1.219456603773584931e+02
1.203295918367346928e+02
1.191940035273368608e+02
nan
1.166187130177514746e+02
1.150239858906525541e+02
1.145542582417582480e+02
1.134084556254367584e+02
1.123731294729993522e+02
1.081587848418415234e+02
1.016572521329802896e+02
9.674047619047618696e+01
8.702452431289640344e+01
8.601214285714286234e+01
nan
1.080754507628294050e+02
1.118794549266247316e+02
1.160204585537918831e+02
1.161238905325443795e+02
1.196745660881174871e+02
1.233007812500000000e+02
0.000000000000000000e+00
0.000000000000000000e+00
0.000000000000000000e+00
0.000000000000000000e+00
0.000000000000000000e+00
0.000000000000000000e+00
0.000000000000000000e+00
0.000000000000000000e+00
0.000000000000000000e+00
0.000000000000000000e+00
0.000000000000000000e+00
0.000000000000000000e+00
0.000000000000000000e+00
1.279668576104746336e+02
1.301614372469635725e+02
1.279977106227106276e+02
1.280894698085419634e+02
1.236168154761904816e+02
1.177235863095238102e+02
1.150567010309278402e+02
1.131730769230769198e+02
1.131187980433263505e+02
1.073264705882352956e+02
1.068340834083408311e+02
nan
1.042606649014416007e+02
1.053706514864010160e+02
1.045685714285714312e+02
1.008255319148936167e+02
1.046542307692307645e+02
nan
1.037578347578347575e+02
9.949760879961741011e+01
nan
1.040895361380798221e+02
9.972111650485436485e+01
1.039959935897435912e+02
9.983932038834952039e+01
1.047221807318894662e+02
nan
1.030462592804111921e+02
1.038279733009708679e+02
1.037638492290119956e+02
nan
1.028630252100840323e+02
1.042667047401484837e+02
1.046063576945929867e+02
1.041736477115117907e+02
1.050273609885260413e+02
1.049931669637552005e+02
1.061926282051282016e+02
1.058562211981566890e+02
1.071742724867724803e+02
1.080055904961565290e+02
1.136267361111111143e+02
1.218498389694041890e+02
1.234735849056603740e+02
1.255801652892562004e+02
0.000000000000000000e+00
0.000000000000000000e+00
0.000000000000000000e+00
0.000000000000000000e+00
0.000000000000000000e+00
0.000000000000000000e+00
0.000000000000000000e+00
0.000000000000000000e+00
0.000000000000000000e+00
0.000000000000000000e+00
0.000000000000000000e+00
0.000000000000000000e+00
0.000000000000000000e+00
0.000000000000000000e+00
0.000000000000000000e+00
0.000000000000000000e+00
0.000000000000000000e+00
0.000000000000000000e+00
0.000000000000000000e+00
0.000000000000000000e+00
0.000000000000000000e+00
nan
1.219116586538461604e+02
nan
1.311632302405498365e+02
1.291902937420178716e+02
1.289721712538226370e+02
1.274611538461538487e+02
1.258638814016172489e+02
1.233968770331815250e+02
1.186083052749719400e+02
1.162732974910394290e+02
1.150286697247706371e+02
1.130162738496071881e+02
1.119599431818181756e+02
1.119374331550802140e+02
1.116246426529445444e+02
1.104810335349092867e+02
1.096708994708994709e+02
1.087161904761904765e+02
1.083807339449541303e+02
1.083561327561327516e+02
1.075745920745920756e+02
1.070217864923747300e+02
1.076881903143585362e+02
1.076239025771736095e+02
1.078235129068462470e+02
1.079379384781435505e+02
1.078021885521885537e+02
1.075641269841269860e+02
1.074234084880636573e+02
1.077248427672955984e+02
1.073889257294429740e+02
1.079764267990074416e+02
1.076938646426312403e+02
1.077959057071960274e+02
1.079937362981522142e+02
1.079929487179487211e+02
1.085895003162555383e+02
1.085303738317757052e+02
1.085100121359223238e+02
1.085165441176470580e+02
1.093542015400066987e+02
1.091031052155562264e+02
1.090630952380952436e+02
1.095339869281045821e+02
1.099585543766578297e+02
1.102657200811358962e+02
1.104727150987612987e+02
1.112849673202614440e+02
1.110614886731391522e+02
1.110652828925343130e+02
1.109631507775524000e+02
1.110867090726481479e+02
1.109225828262339348e+02
1.105343234323432284e+02
1.098859679071355373e+02
1.108146551724137936e+02
1.104881151657181135e+02
1.099001989389920482e+02
1.098185470371610251e+02
1.103912621359223323e+02
1.092714019851116660e+02
nan
nan
0.000000000000000000e+00
0.000000000000000000e+00
0.000000000000000000e+00
0.000000000000000000e+00
0.000000000000000000e+00
0.000000000000000000e+00
0.000000000000000000e+00
0.000000000000000000e+00
0.000000000000000000e+00
0.000000000000000000e+00
0.000000000000000000e+00
0.000000000000000000e+00
0.000000000000000000e+00
0.000000000000000000e+00
0.000000000000000000e+00
0.000000000000000000e+00
0.000000000000000000e+00
0.000000000000000000e+00
0.000000000000000000e+00
0.000000000000000000e+00
0.000000000000000000e+00
0.000000000000000000e+00
0.000000000000000000e+00
1.000774077407740776e+02
nan
nan
nan
nan
nan
nan
nan
nan
nan
nan
nan
9.808933333333332882e+01
nan
nan
nan
9.831922157733013989e+01
nan
nan
nan
nan
9.878515502662072834e+01
nan
nan
nan
9.890850119494707826e+01
9.869115298626637411e+01
nan
nan
0.000000000000000000e+00
0.000000000000000000e+00
0.000000000000000000e+00
0.000000000000000000e+00
0.000000000000000000e+00
0.000000000000000000e+00
0.000000000000000000e+00
0.000000000000000000e+00
0.000000000000000000e+00
0.000000000000000000e+00
0.000000000000000000e+00
0.000000000000000000e+00
0.000000000000000000e+00
0.000000000000000000e+00
0.000000000000000000e+00
0.000000000000000000e+00
0.000000000000000000e+00
0.000000000000000000e+00
0.000000000000000000e+00
0.000000000000000000e+00
0.000000000000000000e+00
0.000000000000000000e+00
0.000000000000000000e+00
0.000000000000000000e+00
0.000000000000000000e+00
0.000000000000000000e+00
0.000000000000000000e+00
0.000000000000000000e+00
0.000000000000000000e+00
0.000000000000000000e+00
0.000000000000000000e+00
0.000000000000000000e+00
0.000000000000000000e+00
0.000000000000000000e+00
0.000000000000000000e+00
0.000000000000000000e+00
0.000000000000000000e+00
0.000000000000000000e+00
0.000000000000000000e+00
0.000000000000000000e+00
0.000000000000000000e+00
0.000000000000000000e+00
0.000000000000000000e+00
0.000000000000000000e+00
0.000000000000000000e+00
0.000000000000000000e+00
0.000000000000000000e+00
0.000000000000000000e+00
0.000000000000000000e+00
0.000000000000000000e+00
0.000000000000000000e+00
0.000000000000000000e+00
0.000000000000000000e+00
0.000000000000000000e+00
0.000000000000000000e+00
0.000000000000000000e+00
0.000000000000000000e+00
0.000000000000000000e+00
0.000000000000000000e+00
0.000000000000000000e+00
0.000000000000000000e+00
0.000000000000000000e+00
0.000000000000000000e+00
0.000000000000000000e+00
0.000000000000000000e+00
0.000000000000000000e+00
0.000000000000000000e+00
0.000000000000000000e+00
0.000000000000000000e+00
0.000000000000000000e+00
0.000000000000000000e+00
0.000000000000000000e+00
0.000000000000000000e+00
0.000000000000000000e+00
0.000000000000000000e+00
0.000000000000000000e+00
0.000000000000000000e+00
0.000000000000000000e+00
0.000000000000000000e+00
0.000000000000000000e+00
0.000000000000000000e+00
0.000000000000000000e+00
0.000000000000000000e+00
0.000000000000000000e+00
0.000000000000000000e+00
0.000000000000000000e+00
0.000000000000000000e+00
0.000000000000000000e+00
0.000000000000000000e+00
0.000000000000000000e+00
0.000000000000000000e+00
0.000000000000000000e+00
0.000000000000000000e+00
0.000000000000000000e+00
0.000000000000000000e+00
0.000000000000000000e+00
0.000000000000000000e+00
0.000000000000000000e+00
0.000000000000000000e+00
0.000000000000000000e+00
0.000000000000000000e+00
0.000000000000000000e+00
0.000000000000000000e+00
0.000000000000000000e+00
0.000000000000000000e+00
0.000000000000000000e+00
0.000000000000000000e+00
0.000000000000000000e+00
0.000000000000000000e+00
0.000000000000000000e+00
0.000000000000000000e+00
0.000000000000000000e+00
0.000000000000000000e+00
1.329555335968379381e+02
0.000000000000000000e+00
0.000000000000000000e+00
0.000000000000000000e+00
1.251262376237623783e+02
1.271274038461538396e+02
1.291285714285714334e+02
1.275517857142857139e+02
1.312213785046728844e+02
1.309137731481481524e+02
1.315157710280373919e+02
1.331675915649278465e+02
0.000000000000000000e+00
0.000000000000000000e+00
0.000000000000000000e+00
0.000000000000000000e+00
0.000000000000000000e+00
0.000000000000000000e+00
1.384183673469387656e+02
1.359567483064095939e+02
1.355785389349745742e+02
0.000000000000000000e+00
0.000000000000000000e+00
0.000000000000000000e+00
0.000000000000000000e+00
0.000000000000000000e+00
0.000000000000000000e+00
0.000000000000000000e+00
0.000000000000000000e+00
0.000000000000000000e+00
0.000000000000000000e+00
0.000000000000000000e+00
0.000000000000000000e+00
0.000000000000000000e+00
0.000000000000000000e+00
0.000000000000000000e+00
0.000000000000000000e+00
0.000000000000000000e+00
0.000000000000000000e+00
0.000000000000000000e+00
0.000000000000000000e+00
0.000000000000000000e+00
0.000000000000000000e+00
0.000000000000000000e+00
0.000000000000000000e+00
0.000000000000000000e+00
0.000000000000000000e+00
0.000000000000000000e+00
0.000000000000000000e+00
0.000000000000000000e+00
0.000000000000000000e+00
0.000000000000000000e+00
0.000000000000000000e+00
0.000000000000000000e+00
0.000000000000000000e+00
0.000000000000000000e+00
0.000000000000000000e+00
0.000000000000000000e+00
0.000000000000000000e+00
0.000000000000000000e+00
0.000000000000000000e+00
0.000000000000000000e+00
0.000000000000000000e+00
0.000000000000000000e+00
0.000000000000000000e+00
1.221865384615384613e+02
1.227311320754716917e+02
1.242471428571428618e+02
1.264258241758241752e+02
1.274072560040878841e+02
1.275384615384615330e+02
1.259805825242718385e+02
1.257818181818181813e+02
1.241757575757575722e+02
1.235957357859531811e+02
1.206294070512820582e+02
1.194964705882352973e+02
1.183172549019607800e+02
1.169827838827838775e+02
1.171967147435897374e+02
1.162424585218702902e+02
1.150652014652014685e+02
1.152722180731889523e+02
1.145566137566137570e+02
1.152625786163522008e+02
1.152588996763754068e+02
1.132946153846153834e+02
1.130665064102564088e+02
1.126422351233672003e+02
1.130404874213836450e+02
1.124194139194139126e+02
1.122201465201465140e+02
1.130346153846153783e+02
1.127246153846153902e+02
1.051352265043948648e+02
0.000000000000000000e+00
0.000000000000000000e+00
0.000000000000000000e+00
0.000000000000000000e+00
0.000000000000000000e+00
0.000000000000000000e+00
0.000000000000000000e+00
0.000000000000000000e+00
0.000000000000000000e+00
0.000000000000000000e+00
0.000000000000000000e+00
0.000000000000000000e+00
0.000000000000000000e+00
0.000000000000000000e+00
0.000000000000000000e+00
0.000000000000000000e+00
1.097716666666666612e+02
1.103293269230769198e+02
1.128986928104575185e+02
1.134429611650485441e+02
1.138323578595317684e+02
1.126956190476190471e+02
1.133809523809523796e+02
1.147730848861283590e+02
1.143576702214930236e+02
1.145244391025641022e+02
1.147961165048543677e+02
1.147122153209109712e+02
1.145059259259259221e+02
1.147439965694682655e+02
1.150572344322344378e+02
1.151414262820512846e+02
1.147676282051282044e+02
1.149078525641025692e+02
1.146192156862745151e+02
1.149328478964401228e+02
1.145176923076923146e+02
1.154666405023547924e+02
1.129976923076923043e+02
1.102207482993197232e+02
0.000000000000000000e+00
0.000000000000000000e+00
0.000000000000000000e+00
0.000000000000000000e+00
0.000000000000000000e+00
0.000000000000000000e+00
0.000000000000000000e+00
0.000000000000000000e+00
0.000000000000000000e+00
0.000000000000000000e+00
0.000000000000000000e+00
0.000000000000000000e+00
0.000000000000000000e+00
0.000000000000000000e+00
0.000000000000000000e+00
0.000000000000000000e+00
0.000000000000000000e+00
0.000000000000000000e+00
0.000000000000000000e+00
0.000000000000000000e+00
0.000000000000000000e+00
0.000000000000000000e+00
0.000000000000000000e+00
0.000000000000000000e+00
0.000000000000000000e+00
0.000000000000000000e+00
0.000000000000000000e+00
0.000000000000000000e+00
0.000000000000000000e+00
1.066004140786749446e+02
1.074766666666666737e+02
1.079662500000000023e+02
1.086288659793814446e+02
1.082443365695792892e+02
1.094533179012345698e+02
1.079448964497041459e+02
1.080549828178694156e+02
1.092565384615384545e+02
1.098989779874213895e+02
1.076266511266511259e+02
1.086024332810047071e+02
1.082361904761904725e+02
1.071659340659340671e+02
1.067564625850340150e+02
1.065684835779175472e+02
1.073663475699558205e+02
1.094534231200897807e+02
1.106824137931034500e+02
1.099785921625544205e+02
1.104956732433367961e+02
1.110769513991163535e+02
1.097980433263452085e+02
1.098389487870619945e+02
1.106796190476190418e+02
1.103428571428571416e+02
1.088641975308642031e+02
0.000000000000000000e+00
0.000000000000000000e+00
0.000000000000000000e+00
0.000000000000000000e+00
0.000000000000000000e+00
0.000000000000000000e+00
0.000000000000000000e+00
0.000000000000000000e+00
0.000000000000000000e+00
0.000000000000000000e+00
0.000000000000000000e+00
0.000000000000000000e+00
0.000000000000000000e+00
0.000000000000000000e+00
0.000000000000000000e+00
0.000000000000000000e+00
0.000000000000000000e+00
0.000000000000000000e+00
0.000000000000000000e+00
0.000000000000000000e+00
0.000000000000000000e+00
0.000000000000000000e+00
0.000000000000000000e+00
0.000000000000000000e+00
0.000000000000000000e+00
0.000000000000000000e+00
0.000000000000000000e+00
0.000000000000000000e+00
0.000000000000000000e+00
0.000000000000000000e+00
0.000000000000000000e+00
0.000000000000000000e+00
0.000000000000000000e+00
0.000000000000000000e+00
0.000000000000000000e+00
0.000000000000000000e+00
0.000000000000000000e+00
0.000000000000000000e+00
0.000000000000000000e+00
0.000000000000000000e+00
0.000000000000000000e+00
0.000000000000000000e+00
0.000000000000000000e+00
0.000000000000000000e+00
0.000000000000000000e+00
0.000000000000000000e+00
0.000000000000000000e+00
0.000000000000000000e+00
0.000000000000000000e+00
0.000000000000000000e+00
0.000000000000000000e+00
0.000000000000000000e+00
0.000000000000000000e+00
0.000000000000000000e+00
0.000000000000000000e+00
0.000000000000000000e+00
0.000000000000000000e+00
0.000000000000000000e+00
0.000000000000000000e+00
0.000000000000000000e+00
0.000000000000000000e+00
0.000000000000000000e+00
0.000000000000000000e+00
0.000000000000000000e+00
0.000000000000000000e+00
0.000000000000000000e+00
0.000000000000000000e+00
0.000000000000000000e+00
0.000000000000000000e+00
0.000000000000000000e+00
0.000000000000000000e+00
0.000000000000000000e+00
0.000000000000000000e+00
0.000000000000000000e+00
0.000000000000000000e+00
0.000000000000000000e+00
0.000000000000000000e+00
0.000000000000000000e+00
0.000000000000000000e+00
0.000000000000000000e+00
0.000000000000000000e+00
0.000000000000000000e+00
0.000000000000000000e+00
0.000000000000000000e+00
0.000000000000000000e+00
0.000000000000000000e+00
0.000000000000000000e+00
0.000000000000000000e+00
0.000000000000000000e+00
0.000000000000000000e+00
0.000000000000000000e+00
0.000000000000000000e+00
0.000000000000000000e+00
0.000000000000000000e+00
0.000000000000000000e+00
0.000000000000000000e+00
0.000000000000000000e+00
0.000000000000000000e+00
0.000000000000000000e+00
0.000000000000000000e+00
0.000000000000000000e+00
0.000000000000000000e+00
0.000000000000000000e+00
0.000000000000000000e+00
1.097803030303030312e+02
1.077244444444444440e+02
1.069282106782106752e+02
1.071694725028058315e+02
1.058004123711340156e+02
1.060020833333333314e+02
1.053790064102564088e+02
1.051744939271255106e+02
1.048362410785091186e+02
1.045876288659793829e+02
1.046354337152209553e+02
1.044730372720063372e+02
1.042565586419753032e+02
1.040464743589743648e+02
1.039675000000000011e+02
1.042887499999999932e+02
1.038592386994448873e+02
1.033970352564102626e+02
0.000000000000000000e+00
0.000000000000000000e+00
0.000000000000000000e+00
0.000000000000000000e+00
0.000000000000000000e+00
0.000000000000000000e+00
0.000000000000000000e+00
0.000000000000000000e+00
0.000000000000000000e+00
0.000000000000000000e+00
0.000000000000000000e+00
0.000000000000000000e+00
0.000000000000000000e+00
0.000000000000000000e+00
0.000000000000000000e+00
0.000000000000000000e+00
0.000000000000000000e+00
0.000000000000000000e+00
0.000000000000000000e+00
0.000000000000000000e+00
0.000000000000000000e+00
0.000000000000000000e+00
0.000000000000000000e+00
0.000000000000000000e+00
0.000000000000000000e+00
1.034243809523809574e+02
1.095289151540734451e+02
1.126120754716981196e+02
1.160956260720411706e+02
1.164121212121212068e+02
1.169360367892976598e+02
1.160813492063492021e+02
1.177999999999999972e+02
1.179696969696969688e+02
1.174189536878216131e+02
1.171890894175553797e+02
1.173415584415584476e+02
1.172488612836438904e+02
1.168597027972028002e+02
1.164424242424242379e+02
1.161981465136804985e+02
1.164079365079365118e+02
1.167307359307359320e+02
1.155758647798742089e+02
1.167702265372168284e+02
1.166915113871635583e+02
1.162913419913419943e+02
1.157182274247491591e+02
1.163687290969899664e+02
1.161402243589743648e+02
1.167599293909973568e+02
1.161985878199470363e+02
1.165681818181818130e+02
1.162079573420836738e+02
1.157347756410256352e+02
1.142830769230769192e+02
1.060936657681940716e+02
0.000000000000000000e+00
0.000000000000000000e+00
0.000000000000000000e+00
0.000000000000000000e+00
0.000000000000000000e+00
0.000000000000000000e+00
0.000000000000000000e+00
0.000000000000000000e+00
0.000000000000000000e+00
0.000000000000000000e+00
0.000000000000000000e+00
0.000000000000000000e+00
0.000000000000000000e+00
0.000000000000000000e+00
0.000000000000000000e+00
0.000000000000000000e+00
0.000000000000000000e+00
0.000000000000000000e+00
0.000000000000000000e+00
0.000000000000000000e+00
0.000000000000000000e+00
0.000000000000000000e+00
0.000000000000000000e+00
0.000000000000000000e+00
0.000000000000000000e+00
0.000000000000000000e+00
0.000000000000000000e+00
0.000000000000000000e+00
0.000000000000000000e+00
0.000000000000000000e+00
0.000000000000000000e+00
0.000000000000000000e+00
0.000000000000000000e+00
0.000000000000000000e+00
0.000000000000000000e+00
0.000000000000000000e+00
0.000000000000000000e+00
0.000000000000000000e+00
0.000000000000000000e+00
0.000000000000000000e+00
9.131551724137931103e+01
1.103761792452830122e+02
1.212716356107660403e+02
1.298993821712268186e+02
1.329467592592592666e+02
1.274179487179487182e+02
1.165801282051282044e+02
1.066874779541446259e+02
1.113993710691823935e+02
1.148812893081761075e+02
1.066253968253968196e+02
1.081520000000000010e+02
1.101948964497041459e+02
1.099205370101596486e+02
1.086988120195667307e+02
1.102107692307692304e+02
1.090532345013477027e+02
1.109215254858819151e+02
1.103391941391941344e+02
1.103880769230769232e+02
1.102384615384615358e+02
1.101197387518142250e+02
1.088462585034013586e+02
1.111344249809596363e+02
1.095142857142857196e+02
1.090674353598881936e+02
1.093280769230769209e+02
1.096229126213592195e+02
1.098814814814814866e+02
0.000000000000000000e+00
0.000000000000000000e+00
0.000000000000000000e+00
0.000000000000000000e+00
0.000000000000000000e+00
0.000000000000000000e+00
0.000000000000000000e+00
0.000000000000000000e+00
0.000000000000000000e+00
0.000000000000000000e+00
0.000000000000000000e+00
0.000000000000000000e+00
0.000000000000000000e+00
0.000000000000000000e+00
0.000000000000000000e+00
0.000000000000000000e+00
0.000000000000000000e+00
0.000000000000000000e+00
0.000000000000000000e+00
0.000000000000000000e+00
0.000000000000000000e+00
0.000000000000000000e+00
0.000000000000000000e+00
0.000000000000000000e+00
