0.000000000000000000e+00
0.000000000000000000e+00
0.000000000000000000e+00
0.000000000000000000e+00
0.000000000000000000e+00
0.000000000000000000e+00
0.000000000000000000e+00
0.000000000000000000e+00
0.000000000000000000e+00
0.000000000000000000e+00
0.000000000000000000e+00
0.000000000000000000e+00
0.000000000000000000e+00
0.000000000000000000e+00
0.000000000000000000e+00
0.000000000000000000e+00
5.285850901977831029e+01
5.487384817902589162e+01
5.551350732600732840e+01
0.000000000000000000e+00
0.000000000000000000e+00
5.776204986149584641e+01
5.797423822714681307e+01
5.886486486486486314e+01
5.619962785752259293e+01
5.539956958393113240e+01
5.375742574257425588e+01
5.413697674418604322e+01
0.000000000000000000e+00
6.185592185592185643e+01
6.666315789473684106e+01
7.147226074895978343e+01
7.180686600221484639e+01
7.281965774462483409e+01
7.306361386138614478e+01
7.410517902813299429e+01
0.000000000000000000e+00
0.000000000000000000e+00
0.000000000000000000e+00
7.386139774859286433e+01
7.384961240310077812e+01
7.301547619047619264e+01
7.333373786407767625e+01
7.356009070294784635e+01
7.293650793650793673e+01
7.167673992673992700e+01
0.000000000000000000e+00
7.140384615384616041e+01
7.226666666666666572e+01
7.199619047619047763e+01
0.000000000000000000e+00
7.218281573498964576e+01
0.000000000000000000e+00
7.253202644175974001e+01
7.285302197802197099e+01
0.000000000000000000e+00
6.653732004429679137e+01
6.550304809212011037e+01
6.565800273597811554e+01
6.422979242979242542e+01
6.436082995951416308e+01
6.402273265451101736e+01
6.327544351073763096e+01
6.303328773369813121e+01
0.000000000000000000e+00
0.000000000000000000e+00
0.000000000000000000e+00
0.000000000000000000e+00
0.000000000000000000e+00
6.376309523809523938e+01
0.000000000000000000e+00
6.321456216739235856e+01
0.000000000000000000e+00
6.254606141522029361e+01
6.267075471698112921e+01
6.292987012987013173e+01
6.233333333333333570e+01
6.251128333713243990e+01
6.471421052631579585e+01
6.461601941747572653e+01
6.434173669467787704e+01
6.542726858185135086e+01
6.502166666666666117e+01
6.584903846153845564e+01
6.334321653189577717e+01
0.000000000000000000e+00
0.000000000000000000e+00
5.910353773584905923e+01
5.902539682539682531e+01
5.827193982220195778e+01
5.861191588785046491e+01
5.878414992097538772e+01
5.945905445335584716e+01
5.905786163522012799e+01
5.894870041039671804e+01
6.098496240601503615e+01
6.291297756215888626e+01
6.350421389131066263e+01
6.120430346051463744e+01
6.080778923253149770e+01
6.471460396039603324e+01
6.496310629514964319e+01
0.000000000000000000e+00
6.049389822703200537e+01
5.993331751305173327e+01
5.906872852233676952e+01
0.000000000000000000e+00
0.000000000000000000e+00
0.000000000000000000e+00
5.523675213675213769e+01
5.620497185741088231e+01
5.449678387650085654e+01
5.444207119741100342e+01
5.617791262135922636e+01
5.408167411621292331e+01
5.516071839742113525e+01
5.491700866393068736e+01
5.474623803009576051e+01
5.477619047619047876e+01
5.418617998163452398e+01
0.000000000000000000e+00
0.000000000000000000e+00
0.000000000000000000e+00
0.000000000000000000e+00
0.000000000000000000e+00
0.000000000000000000e+00
0.000000000000000000e+00
5.216433814823584925e+01
5.437043111527647454e+01
5.449646393210749551e+01
5.601949729856706739e+01
5.522594619243046310e+01
5.597285353535353636e+01
5.627057214497378368e+01
5.611516100178890554e+01
5.656233766233766147e+01
5.529670781893003806e+01
5.453012912482066099e+01
0.000000000000000000e+00
0.000000000000000000e+00
0.000000000000000000e+00
0.000000000000000000e+00
0.000000000000000000e+00
0.000000000000000000e+00
0.000000000000000000e+00
0.000000000000000000e+00
0.000000000000000000e+00
5.572068785825950954e+01
0.000000000000000000e+00
0.000000000000000000e+00
0.000000000000000000e+00
0.000000000000000000e+00
5.496454064011052054e+01
0.000000000000000000e+00
0.000000000000000000e+00
0.000000000000000000e+00
0.000000000000000000e+00
0.000000000000000000e+00
0.000000000000000000e+00
0.000000000000000000e+00
0.000000000000000000e+00
0.000000000000000000e+00
0.000000000000000000e+00
0.000000000000000000e+00
0.000000000000000000e+00
0.000000000000000000e+00
0.000000000000000000e+00
0.000000000000000000e+00
0.000000000000000000e+00
0.000000000000000000e+00
0.000000000000000000e+00
0.000000000000000000e+00
0.000000000000000000e+00
0.000000000000000000e+00
0.000000000000000000e+00
0.000000000000000000e+00
0.000000000000000000e+00
0.000000000000000000e+00
0.000000000000000000e+00
0.000000000000000000e+00
0.000000000000000000e+00
0.000000000000000000e+00
0.000000000000000000e+00
5.442596390484003166e+01
0.000000000000000000e+00
0.000000000000000000e+00
0.000000000000000000e+00
0.000000000000000000e+00
0.000000000000000000e+00
0.000000000000000000e+00
0.000000000000000000e+00
0.000000000000000000e+00
0.000000000000000000e+00
0.000000000000000000e+00
0.000000000000000000e+00
0.000000000000000000e+00
0.000000000000000000e+00
0.000000000000000000e+00
7.555288461538461320e+01
7.725295857988164983e+01
7.878848991637973143e+01
8.106424148606811286e+01
7.744891640866873672e+01
0.000000000000000000e+00
7.018168316831683740e+01
6.946693548387096939e+01
7.228258547008546486e+01
0.000000000000000000e+00
0.000000000000000000e+00
0.000000000000000000e+00
0.000000000000000000e+00
0.000000000000000000e+00
5.059426507112215177e+01
0.000000000000000000e+00
6.373451834862385113e+01
7.860087719298245190e+01
8.907037203047960361e+01
9.742501414827391670e+01
9.439460188933873042e+01
9.214744665547830493e+01
9.423135964912280826e+01
9.235818942961800815e+01
9.178292806484296307e+01
9.119461382113820491e+01
9.328502415458936525e+01
9.106105263157894569e+01
9.058183306055646256e+01
9.083265856950067985e+01
9.255465838509316256e+01
8.935338541666666856e+01
8.847306910569105298e+01
8.936919127086007109e+01
8.658708560118752473e+01
8.971162280701754810e+01
8.875609756097560421e+01
8.711799265605874609e+01
8.899713541666666572e+01
8.811465929092280192e+01
8.902053915275995166e+01
8.855963541666666572e+01
8.871189024390244526e+01
8.802087000251445659e+01
9.193105590062111787e+01
9.201925465838509410e+01
8.996656534954406936e+01
8.939657210401891518e+01
9.061996927803379265e+01
9.081758241758241468e+01
9.105785391079508884e+01
9.169309462915600761e+01
8.978230676328502113e+01
9.066397515527950191e+01
9.052566425120772919e+01
8.737473958333333712e+01
9.065652173913044010e+01
9.034826762246116516e+01
8.597093023255814614e+01
8.553997093023255616e+01
9.027919254658385739e+01
8.713541666666667140e+01
8.998640101201770847e+01
8.961351766513057271e+01
8.846684587813619771e+01
8.128975340136054228e+01
8.915860215053763227e+01
8.887145390070921280e+01
8.989105180533752559e+01
9.042295396419437736e+01
8.882519201228878103e+01
8.964705882352940591e+01
8.863870967741935658e+01
8.906195244055068372e+01
8.778900709219858811e+01
8.731282346175963482e+01
8.736601503759398213e+01
8.762529550827423463e+01
8.879174725983236272e+01
8.837008381689233261e+01
8.795668202764977650e+01
8.803195084485406596e+01
8.738571428571428612e+01
8.786811145510836241e+01
8.711823708206686945e+01
8.768452012383900751e+01
8.778947368421052033e+01
8.793343653250774139e+01
8.786021505376344010e+01
8.790613266583228835e+01
8.782603254067583975e+01
8.772309136420525988e+01
8.830248447204968443e+01
8.512741210679355675e+01
8.732111801242236027e+01
8.834042553191488878e+01
8.677503128911138219e+01
8.266706217370669663e+01
8.202349311817749822e+01
8.858631713554987641e+01
8.810476190476190084e+01
8.796871088861075805e+01
8.757242251739405958e+01
8.751418439716312037e+01
8.462731958762886109e+01
8.789987484355444280e+01
8.306389476156917340e+01
8.793210445468510272e+01
8.768012422360249047e+01
8.347398134511536227e+01
8.777753441802252610e+01
8.546552631578947512e+01
8.848766603415559473e+01
8.292501186521120360e+01
0.000000000000000000e+00
0.000000000000000000e+00
0.000000000000000000e+00
0.000000000000000000e+00
0.000000000000000000e+00
0.000000000000000000e+00
0.000000000000000000e+00
0.000000000000000000e+00
0.000000000000000000e+00
0.000000000000000000e+00
0.000000000000000000e+00
8.795852534562212099e+01
8.756182795698924792e+01
8.432653061224489477e+01
8.695945945945945255e+01
8.561591880341880767e+01
8.544671717171716807e+01
8.550332594235032957e+01
8.282408422899759159e+01
8.373530762167125374e+01
8.362534435261707699e+01
8.207165039929014938e+01
8.455909853752098115e+01
8.534158163265306030e+01
8.719943100995732266e+01
8.382802389248382724e+01
8.496546391752576710e+01
8.777477203647416104e+01
8.546927083333333997e+01
8.833482676224612362e+01
8.769400921658986192e+01
8.925839035516455056e+01
8.498018292682927211e+01
8.501929685434839712e+01
8.542936991869918018e+01
8.599299429164504716e+01
8.839737171464329890e+01
8.443182374541004265e+01
8.412052037309769048e+01
8.500298656047785073e+01
8.427221542227661644e+01
8.521370869033047768e+01
8.250448229493500207e+01
8.405421401515151558e+01
8.230276268115942173e+01
8.268911798396334234e+01
8.462133100842778788e+01
8.400000000000000000e+01
8.457272727272727764e+01
8.356101654279549962e+01
8.262794959908362102e+01
8.308819444444444002e+01
0.000000000000000000e+00
8.332046783625730768e+01
8.402181730999760134e+01
8.288404452690167545e+01
8.265112464854732366e+01
8.240091638029782928e+01
8.333469192040277562e+01
8.371238728049358713e+01
0.000000000000000000e+00
8.261365740740740193e+01
8.664223602484472053e+01
8.260065774019263074e+01
8.562126642771804086e+01
8.368951418951418475e+01
8.679918628305725292e+01
8.465548780487804947e+01
8.217713214620431472e+01
8.278942486085342978e+01
8.175883152173912549e+01
0.000000000000000000e+00
0.000000000000000000e+00
0.000000000000000000e+00
