1.325162721893491096e+02
1.326028138528138527e+02
1.326766666666666765e+02
1.325008989572096425e+02
1.329536199095022653e+02
1.328409586056644969e+02
1.332035166479610950e+02
1.330963405526512418e+02
1.326842499064721324e+02
1.331227085671530119e+02
1.329596296296296316e+02
1.329809314264759905e+02
1.327322222222222194e+02
1.330619803476946288e+02
1.328096296296296259e+02
1.326321081830790547e+02
1.328218518518518465e+02
1.327831196581196593e+02
1.327892592592592678e+02
1.328291420118343069e+02
1.328589743589743648e+02
1.332121904761904716e+02
1.330155325443786865e+02
1.327111111111111086e+02
1.325471844660194165e+02
1.324977595220313731e+02
1.321936507936507894e+02
1.302195836044242014e+02
1.183631067961165115e+02
1.102021829521829517e+02
1.227252976190476232e+02
nan
1.282634615384615415e+02
1.233640776699029118e+02
1.224090197306608161e+02
1.236489195114312594e+02
1.259993171730966139e+02
1.263783171521035626e+02
1.275070607553366244e+02
nan
1.280295329670329636e+02
nan
nan
1.288723104056437307e+02
1.290220797720797634e+02
1.281714743589743648e+02
1.284067626380984279e+02
1.282905009759271309e+02
1.288985411140583608e+02
1.289263925729443088e+02
1.292352562036738561e+02
1.295006631299734750e+02
nan
1.175446428571428612e+02
0.000000000000000000e+00
0.000000000000000000e+00
0.000000000000000000e+00
0.000000000000000000e+00
0.000000000000000000e+00
0.000000000000000000e+00
0.000000000000000000e+00
0.000000000000000000e+00
0.000000000000000000e+00
0.000000000000000000e+00
0.000000000000000000e+00
0.000000000000000000e+00
0.000000000000000000e+00
0.000000000000000000e+00
0.000000000000000000e+00
0.000000000000000000e+00
0.000000000000000000e+00
0.000000000000000000e+00
0.000000000000000000e+00
0.000000000000000000e+00
0.000000000000000000e+00
1.397608465608465735e+02
1.445762264150943395e+02
1.417908163265306030e+02
1.416285714285714334e+02
nan
1.401553254437869782e+02
1.375615520282186992e+02
1.368073489010988908e+02
1.358480083857442366e+02
1.341860767729342854e+02
1.298471656749138674e+02
1.220114739629302676e+02
1.175560846560846500e+02
1.072915433403805565e+02
1.075045238095238034e+02
nan
1.282596393897364635e+02
1.346093640810621821e+02
1.373008818342151756e+02
1.384881656804733723e+02
1.408217623497997408e+02
1.455963541666666572e+02
0.000000000000000000e+00
0.000000000000000000e+00
0.000000000000000000e+00
0.000000000000000000e+00
0.000000000000000000e+00
0.000000000000000000e+00
0.000000000000000000e+00
0.000000000000000000e+00
0.000000000000000000e+00
0.000000000000000000e+00
0.000000000000000000e+00
0.000000000000000000e+00
0.000000000000000000e+00
1.487900981996726557e+02
1.541584008097165963e+02
1.505782967032967008e+02
1.475239322533136885e+02
1.440119047619047592e+02
1.391476934523809632e+02
1.376328310864393245e+02
1.362451923076923208e+02
1.349161425576519946e+02
1.270773529411764713e+02
1.274041404140414073e+02
nan
1.249070314798470207e+02
1.262043010752688161e+02
1.239440000000000026e+02
1.235244680851063777e+02
1.282730769230769283e+02
nan
1.269088319088319139e+02
1.192800095648015315e+02
nan
1.274128011506652314e+02
1.193941747572815473e+02
1.283902243589743648e+02
1.194987864077669855e+02
1.283659447348767628e+02
nan
1.243449457452884133e+02
1.254660194174757351e+02
1.251179326099371849e+02
nan
1.236876750700280070e+02
1.254782981153626480e+02
1.259138443256090341e+02
1.248277392510402279e+02
1.262118270079435121e+02
1.261910279263220502e+02
1.281977564102564031e+02
1.279127496159754287e+02
1.301329365079365061e+02
1.316457023060796701e+02
1.356569444444444343e+02
1.448909017713365586e+02
1.484212264150943383e+02
1.479830578512396642e+02
0.000000000000000000e+00
0.000000000000000000e+00
0.000000000000000000e+00
0.000000000000000000e+00
0.000000000000000000e+00
0.000000000000000000e+00
0.000000000000000000e+00
0.000000000000000000e+00
0.000000000000000000e+00
0.000000000000000000e+00
0.000000000000000000e+00
0.000000000000000000e+00
0.000000000000000000e+00
0.000000000000000000e+00
0.000000000000000000e+00
0.000000000000000000e+00
0.000000000000000000e+00
0.000000000000000000e+00
0.000000000000000000e+00
0.000000000000000000e+00
0.000000000000000000e+00
nan
1.412752403846153868e+02
nan
1.496216494845360785e+02
1.479642401021711464e+02
1.471587155963302678e+02
1.482942307692307793e+02
1.457045148247978545e+02
1.430523747560182244e+02
1.377140852974186203e+02
1.365985663082437327e+02
1.348351490825688188e+02
1.327314814814814952e+02
1.321437500000000114e+02
1.311911764705882320e+02
1.311932532875929098e+02
1.299208356239692250e+02
1.284880952380952408e+02
1.278810884353741528e+02
1.276527253103076163e+02
1.277264069264069235e+02
1.270067016317016311e+02
1.263880718954248437e+02
1.274075332766921491e+02
1.273089776267346309e+02
1.275185185185185190e+02
1.273961144090663851e+02
1.271893939393939377e+02
1.278396825396825420e+02
1.278610742705570260e+02
1.278899371069182394e+02
1.278607427055702885e+02
1.274274193548387046e+02
1.272839974699557217e+02
1.273734491315136523e+02
1.275079862198559368e+02
1.278842948717948786e+02
1.281192283364958939e+02
1.276822429906542027e+02
1.280828276699029118e+02
1.281881127450980387e+02
1.295115500502176076e+02
1.286641543563461028e+02
1.284095238095238187e+02
1.292983660130718988e+02
1.300623342175066455e+02
1.308532792427315883e+02
1.309283562102444023e+02
1.308911764705882490e+02
1.312634304207119840e+02
1.314261801138265753e+02
1.310405679513184509e+02
1.310451958486775936e+02
1.310625422582826332e+02
1.305003300330033085e+02
1.306896551724137794e+02
1.309058355437665853e+02
1.306829594911282300e+02
1.307072281167108656e+02
1.304054235018413124e+02
1.304679611650485356e+02
1.288390198511166318e+02
nan
nan
0.000000000000000000e+00
0.000000000000000000e+00
0.000000000000000000e+00
0.000000000000000000e+00
0.000000000000000000e+00
0.000000000000000000e+00
0.000000000000000000e+00
0.000000000000000000e+00
0.000000000000000000e+00
0.000000000000000000e+00
0.000000000000000000e+00
0.000000000000000000e+00
0.000000000000000000e+00
0.000000000000000000e+00
0.000000000000000000e+00
0.000000000000000000e+00
0.000000000000000000e+00
0.000000000000000000e+00
0.000000000000000000e+00
0.000000000000000000e+00
0.000000000000000000e+00
0.000000000000000000e+00
0.000000000000000000e+00
1.208301830183018239e+02
nan
nan
nan
nan
nan
nan
nan
nan
nan
nan
nan
1.205443333333333271e+02
nan
nan
nan
1.202857630590645215e+02
nan
nan
nan
nan
1.202658941434387714e+02
nan
nan
nan
1.210228747012632340e+02
1.200862344298946027e+02
nan
nan
0.000000000000000000e+00
0.000000000000000000e+00
0.000000000000000000e+00
0.000000000000000000e+00
0.000000000000000000e+00
0.000000000000000000e+00
0.000000000000000000e+00
0.000000000000000000e+00
0.000000000000000000e+00
0.000000000000000000e+00
0.000000000000000000e+00
0.000000000000000000e+00
0.000000000000000000e+00
0.000000000000000000e+00
0.000000000000000000e+00
0.000000000000000000e+00
0.000000000000000000e+00
0.000000000000000000e+00
0.000000000000000000e+00
0.000000000000000000e+00
0.000000000000000000e+00
0.000000000000000000e+00
0.000000000000000000e+00
0.000000000000000000e+00
0.000000000000000000e+00
0.000000000000000000e+00
0.000000000000000000e+00
0.000000000000000000e+00
0.000000000000000000e+00
0.000000000000000000e+00
0.000000000000000000e+00
0.000000000000000000e+00
0.000000000000000000e+00
0.000000000000000000e+00
0.000000000000000000e+00
0.000000000000000000e+00
0.000000000000000000e+00
0.000000000000000000e+00
0.000000000000000000e+00
0.000000000000000000e+00
0.000000000000000000e+00
0.000000000000000000e+00
0.000000000000000000e+00
0.000000000000000000e+00
0.000000000000000000e+00
0.000000000000000000e+00
0.000000000000000000e+00
0.000000000000000000e+00
0.000000000000000000e+00
0.000000000000000000e+00
0.000000000000000000e+00
0.000000000000000000e+00
0.000000000000000000e+00
0.000000000000000000e+00
0.000000000000000000e+00
0.000000000000000000e+00
0.000000000000000000e+00
0.000000000000000000e+00
0.000000000000000000e+00
0.000000000000000000e+00
0.000000000000000000e+00
0.000000000000000000e+00
0.000000000000000000e+00
0.000000000000000000e+00
0.000000000000000000e+00
0.000000000000000000e+00
0.000000000000000000e+00
0.000000000000000000e+00
0.000000000000000000e+00
0.000000000000000000e+00
0.000000000000000000e+00
0.000000000000000000e+00
0.000000000000000000e+00
0.000000000000000000e+00
0.000000000000000000e+00
0.000000000000000000e+00
0.000000000000000000e+00
0.000000000000000000e+00
0.000000000000000000e+00
0.000000000000000000e+00
0.000000000000000000e+00
0.000000000000000000e+00
0.000000000000000000e+00
0.000000000000000000e+00
0.000000000000000000e+00
0.000000000000000000e+00
0.000000000000000000e+00
0.000000000000000000e+00
0.000000000000000000e+00
0.000000000000000000e+00
0.000000000000000000e+00
0.000000000000000000e+00
0.000000000000000000e+00
0.000000000000000000e+00
0.000000000000000000e+00
0.000000000000000000e+00
0.000000000000000000e+00
0.000000000000000000e+00
0.000000000000000000e+00
0.000000000000000000e+00
0.000000000000000000e+00
0.000000000000000000e+00
0.000000000000000000e+00
0.000000000000000000e+00
0.000000000000000000e+00
0.000000000000000000e+00
0.000000000000000000e+00
0.000000000000000000e+00
0.000000000000000000e+00
0.000000000000000000e+00
0.000000000000000000e+00
0.000000000000000000e+00
0.000000000000000000e+00
1.534634387351778742e+02
0.000000000000000000e+00
0.000000000000000000e+00
0.000000000000000000e+00
1.502407178217821695e+02
1.492115384615384528e+02
1.518867724867724860e+02
1.535779761904761926e+02
1.555286214953271156e+02
1.557048611111111143e+02
1.565379672897196315e+02
1.566503884572697132e+02
0.000000000000000000e+00
0.000000000000000000e+00
0.000000000000000000e+00
0.000000000000000000e+00
0.000000000000000000e+00
0.000000000000000000e+00
1.564508692365835145e+02
1.510307451797811495e+02
1.510342520738560381e+02
0.000000000000000000e+00
0.000000000000000000e+00
0.000000000000000000e+00
0.000000000000000000e+00
0.000000000000000000e+00
0.000000000000000000e+00
0.000000000000000000e+00
0.000000000000000000e+00
0.000000000000000000e+00
0.000000000000000000e+00
0.000000000000000000e+00
0.000000000000000000e+00
0.000000000000000000e+00
0.000000000000000000e+00
0.000000000000000000e+00
0.000000000000000000e+00
0.000000000000000000e+00
0.000000000000000000e+00
0.000000000000000000e+00
0.000000000000000000e+00
0.000000000000000000e+00
0.000000000000000000e+00
0.000000000000000000e+00
0.000000000000000000e+00
0.000000000000000000e+00
0.000000000000000000e+00
0.000000000000000000e+00
0.000000000000000000e+00
0.000000000000000000e+00
0.000000000000000000e+00
0.000000000000000000e+00
0.000000000000000000e+00
0.000000000000000000e+00
0.000000000000000000e+00
0.000000000000000000e+00
0.000000000000000000e+00
0.000000000000000000e+00
0.000000000000000000e+00
0.000000000000000000e+00
0.000000000000000000e+00
0.000000000000000000e+00
0.000000000000000000e+00
0.000000000000000000e+00
0.000000000000000000e+00
1.454846153846153811e+02
1.452099056603773590e+02
1.468185714285714312e+02
1.493727106227106276e+02
1.512018395503321528e+02
1.491304945054945108e+02
1.484152691968226065e+02
1.474956709956709915e+02
1.467774891774891728e+02
1.445250836120401345e+02
1.421077724358974308e+02
1.402996078431372666e+02
1.396003921568627391e+02
1.381663003663003622e+02
1.391013621794871824e+02
1.371508295625942822e+02
1.373827838827838832e+02
1.365242718446602055e+02
1.356285714285714334e+02
1.366316823899371116e+02
1.374530744336569512e+02
1.359853846153846177e+02
1.361883012820512704e+02
1.345870827285921507e+02
1.357794811320754604e+02
1.343501831501831418e+02
1.346934065934065927e+02
1.355015384615384733e+02
1.353407692307692400e+02
1.282616632860040511e+02
0.000000000000000000e+00
0.000000000000000000e+00
0.000000000000000000e+00
0.000000000000000000e+00
0.000000000000000000e+00
0.000000000000000000e+00
0.000000000000000000e+00
0.000000000000000000e+00
0.000000000000000000e+00
0.000000000000000000e+00
0.000000000000000000e+00
0.000000000000000000e+00
0.000000000000000000e+00
0.000000000000000000e+00
0.000000000000000000e+00
0.000000000000000000e+00
1.337862499999999955e+02
1.339707532051282044e+02
1.364281045751633883e+02
1.365505663430420782e+02
1.375158862876254204e+02
1.354266666666666765e+02
1.370111801242236140e+02
1.388724637681159493e+02
1.381144380639868814e+02
1.380000000000000000e+02
1.387446179822709951e+02
1.381093167701863251e+02
1.370814814814814895e+02
1.387508576329331049e+02
1.391561355311355328e+02
1.377864583333333428e+02
1.375232371794871824e+02
1.378145032051282044e+02
1.366945098039215623e+02
1.371982200647249215e+02
1.365765384615384619e+02
1.374827315541601251e+02
1.352519230769230774e+02
1.320027210884353792e+02
0.000000000000000000e+00
0.000000000000000000e+00
0.000000000000000000e+00
0.000000000000000000e+00
0.000000000000000000e+00
0.000000000000000000e+00
0.000000000000000000e+00
0.000000000000000000e+00
0.000000000000000000e+00
0.000000000000000000e+00
0.000000000000000000e+00
0.000000000000000000e+00
0.000000000000000000e+00
0.000000000000000000e+00
0.000000000000000000e+00
0.000000000000000000e+00
0.000000000000000000e+00
0.000000000000000000e+00
0.000000000000000000e+00
0.000000000000000000e+00
0.000000000000000000e+00
0.000000000000000000e+00
0.000000000000000000e+00
0.000000000000000000e+00
0.000000000000000000e+00
0.000000000000000000e+00
0.000000000000000000e+00
0.000000000000000000e+00
0.000000000000000000e+00
1.287995859213250469e+02
1.286107407407407379e+02
1.301912499999999966e+02
1.302950039651070711e+02
1.301278317152103625e+02
1.303522376543209873e+02
1.290136834319526713e+02
1.299778541428025846e+02
1.298449999999999989e+02
1.309697327044025030e+02
1.295209790209790128e+02
1.299234693877550910e+02
1.303169523809523866e+02
1.284981684981684964e+02
1.277074829931972744e+02
1.283668763102725450e+02
1.294440353460971949e+02
1.323460531238308988e+02
1.319493103448275804e+02
1.318711901306240861e+02
1.317082035306334262e+02
1.323140648011782048e+02
1.309703004891684088e+02
1.308510781671159009e+02
1.326521904761904693e+02
1.316155202821869352e+02
1.304708994708994680e+02
0.000000000000000000e+00
0.000000000000000000e+00
0.000000000000000000e+00
0.000000000000000000e+00
0.000000000000000000e+00
0.000000000000000000e+00
0.000000000000000000e+00
0.000000000000000000e+00
0.000000000000000000e+00
0.000000000000000000e+00
0.000000000000000000e+00
0.000000000000000000e+00
0.000000000000000000e+00
0.000000000000000000e+00
0.000000000000000000e+00
0.000000000000000000e+00
0.000000000000000000e+00
0.000000000000000000e+00
0.000000000000000000e+00
0.000000000000000000e+00
0.000000000000000000e+00
0.000000000000000000e+00
0.000000000000000000e+00
0.000000000000000000e+00
0.000000000000000000e+00
0.000000000000000000e+00
0.000000000000000000e+00
0.000000000000000000e+00
0.000000000000000000e+00
0.000000000000000000e+00
0.000000000000000000e+00
0.000000000000000000e+00
0.000000000000000000e+00
0.000000000000000000e+00
0.000000000000000000e+00
0.000000000000000000e+00
0.000000000000000000e+00
0.000000000000000000e+00
0.000000000000000000e+00
0.000000000000000000e+00
0.000000000000000000e+00
0.000000000000000000e+00
0.000000000000000000e+00
0.000000000000000000e+00
0.000000000000000000e+00
0.000000000000000000e+00
0.000000000000000000e+00
0.000000000000000000e+00
0.000000000000000000e+00
0.000000000000000000e+00
0.000000000000000000e+00
0.000000000000000000e+00
0.000000000000000000e+00
0.000000000000000000e+00
0.000000000000000000e+00
0.000000000000000000e+00
0.000000000000000000e+00
0.000000000000000000e+00
0.000000000000000000e+00
0.000000000000000000e+00
0.000000000000000000e+00
0.000000000000000000e+00
0.000000000000000000e+00
0.000000000000000000e+00
0.000000000000000000e+00
0.000000000000000000e+00
0.000000000000000000e+00
0.000000000000000000e+00
0.000000000000000000e+00
0.000000000000000000e+00
0.000000000000000000e+00
0.000000000000000000e+00
0.000000000000000000e+00
0.000000000000000000e+00
0.000000000000000000e+00
0.000000000000000000e+00
0.000000000000000000e+00
0.000000000000000000e+00
0.000000000000000000e+00
0.000000000000000000e+00
0.000000000000000000e+00
0.000000000000000000e+00
0.000000000000000000e+00
0.000000000000000000e+00
0.000000000000000000e+00
0.000000000000000000e+00
0.000000000000000000e+00
0.000000000000000000e+00
0.000000000000000000e+00
0.000000000000000000e+00
0.000000000000000000e+00
0.000000000000000000e+00
0.000000000000000000e+00
0.000000000000000000e+00
0.000000000000000000e+00
0.000000000000000000e+00
0.000000000000000000e+00
0.000000000000000000e+00
0.000000000000000000e+00
0.000000000000000000e+00
0.000000000000000000e+00
0.000000000000000000e+00
0.000000000000000000e+00
0.000000000000000000e+00
1.303452380952381020e+02
1.294218518518518408e+02
1.278582251082251133e+02
1.287018331462775791e+02
1.283682474226804118e+02
1.286904166666666640e+02
1.277131410256410220e+02
1.277724696356275302e+02
1.272942109436954752e+02
1.268969072164948386e+02
1.274836333878887018e+02
1.270880253766851666e+02
1.268013117283950635e+02
1.270200320512820582e+02
1.272954166666666680e+02
1.277833333333333314e+02
1.271530531324345787e+02
1.267027243589743648e+02
0.000000000000000000e+00
0.000000000000000000e+00
0.000000000000000000e+00
0.000000000000000000e+00
0.000000000000000000e+00
0.000000000000000000e+00
0.000000000000000000e+00
0.000000000000000000e+00
0.000000000000000000e+00
0.000000000000000000e+00
0.000000000000000000e+00
0.000000000000000000e+00
0.000000000000000000e+00
0.000000000000000000e+00
0.000000000000000000e+00
0.000000000000000000e+00
0.000000000000000000e+00
0.000000000000000000e+00
0.000000000000000000e+00
0.000000000000000000e+00
0.000000000000000000e+00
0.000000000000000000e+00
0.000000000000000000e+00
0.000000000000000000e+00
0.000000000000000000e+00
1.257904761904761841e+02
1.318978471929083867e+02
1.343675471698113313e+02
1.383687821612350035e+02
1.390255411255411389e+02
1.388959030100334360e+02
1.375551587301587233e+02
1.404793650793650670e+02
1.403510822510822607e+02
1.398481989708404853e+02
1.395959803117309264e+02
1.400675324675324589e+02
1.392645962732919145e+02
1.394659090909090935e+02
1.391580086580086686e+02
1.389157105030891444e+02
1.381511904761904646e+02
1.394939393939393995e+02
1.369980345911949655e+02
1.401595006934812773e+02
1.391523809523809518e+02
1.393272727272727138e+02
1.381789297658862949e+02
1.385986622073578474e+02
1.379451121794871824e+02
1.396540158870255937e+02
1.387519858781994628e+02
1.392888986013986141e+02
1.382768662838392117e+02
1.374150641025641164e+02
1.356723076923076974e+02
1.270889487870619945e+02
0.000000000000000000e+00
0.000000000000000000e+00
0.000000000000000000e+00
0.000000000000000000e+00
0.000000000000000000e+00
0.000000000000000000e+00
0.000000000000000000e+00
0.000000000000000000e+00
0.000000000000000000e+00
0.000000000000000000e+00
0.000000000000000000e+00
0.000000000000000000e+00
0.000000000000000000e+00
0.000000000000000000e+00
0.000000000000000000e+00
0.000000000000000000e+00
0.000000000000000000e+00
0.000000000000000000e+00
0.000000000000000000e+00
0.000000000000000000e+00
0.000000000000000000e+00
0.000000000000000000e+00
0.000000000000000000e+00
0.000000000000000000e+00
0.000000000000000000e+00
0.000000000000000000e+00
0.000000000000000000e+00
0.000000000000000000e+00
0.000000000000000000e+00
0.000000000000000000e+00
0.000000000000000000e+00
0.000000000000000000e+00
0.000000000000000000e+00
0.000000000000000000e+00
0.000000000000000000e+00
0.000000000000000000e+00
0.000000000000000000e+00
0.000000000000000000e+00
0.000000000000000000e+00
0.000000000000000000e+00
1.130727011494252849e+02
1.329367138364779919e+02
1.423238095238095298e+02
1.512550750220653129e+02
1.523437500000000000e+02
1.468241758241758248e+02
1.378874198717948616e+02
1.273827160493827222e+02
1.326690251572327099e+02
1.355397012578616227e+02
1.288714285714285666e+02
1.303306666666666729e+02
1.319789201183431828e+02
1.317362119013062340e+02
1.304650593990216692e+02
1.325880769230769261e+02
1.303413072776280330e+02
1.324902823615694842e+02
1.324688644688644672e+02
1.326653846153846246e+02
1.318358974358974365e+02
1.317732220609579201e+02
1.299329931972789041e+02
1.325483625285605456e+02
1.310846560846560749e+02
1.304772886093640807e+02
1.312261538461538350e+02
1.312792233009708696e+02
1.308804232804232868e+02
0.000000000000000000e+00
0.000000000000000000e+00
0.000000000000000000e+00
0.000000000000000000e+00
0.000000000000000000e+00
0.000000000000000000e+00
0.000000000000000000e+00
0.000000000000000000e+00
0.000000000000000000e+00
0.000000000000000000e+00
0.000000000000000000e+00
0.000000000000000000e+00
0.000000000000000000e+00
0.000000000000000000e+00
0.000000000000000000e+00
0.000000000000000000e+00
0.000000000000000000e+00
0.000000000000000000e+00
0.000000000000000000e+00
0.000000000000000000e+00
0.000000000000000000e+00
0.000000000000000000e+00
0.000000000000000000e+00
0.000000000000000000e+00
