1.466005608974358836e+02
1.461610576923076792e+02
1.427293040293040178e+02
1.432909433962264245e+02
1.415744234800838512e+02
1.428588461538461445e+02
1.420289377289377342e+02
1.429399999999999977e+02
1.423432234432234509e+02
1.420564342199856185e+02
1.425790476190476284e+02
1.413319223985890574e+02
1.431181229773462746e+02
1.418130511463844812e+02
1.422958579881656931e+02
1.419343915343915228e+02
1.433017475728155432e+02
1.426208791208791240e+02
1.417669461914744886e+02
1.420352733686067097e+02
1.429892307692307725e+02
1.434118589743589780e+02
1.422223443223443269e+02
1.426223443223443326e+02
1.426458805744520077e+02
1.421026850507982715e+02
1.428396190476190384e+02
1.431121190130623972e+02
1.432653846153846189e+02
1.431492307692307691e+02
1.428772815533980634e+02
1.417776141384388779e+02
1.432172330097087354e+02
1.426288461538461547e+02
1.425102912621359224e+02
1.423847619047619162e+02
1.417564935064935128e+02
1.428241185897435912e+02
1.411129148629148631e+02
1.416289377289377285e+02
1.422038095238095252e+02
1.413578717201166057e+02
1.418721611721611850e+02
1.419098391320613644e+02
1.417370562130177518e+02
1.413539201183431828e+02
1.421834615384615290e+02
1.407023060796645666e+02
1.408179894179894234e+02
1.419038461538461604e+02
1.413724472135687051e+02
1.413167548500881878e+02
1.418205128205128176e+02
1.410952380952381020e+02
1.412287157287157413e+02
1.412314814814814952e+02
1.410190476190476261e+02
1.414433106575963848e+02
1.420161538461538555e+02
1.414399267399267330e+02
1.419611538461538487e+02
1.417370486656201081e+02
1.356860269360269342e+02
nan
0.000000000000000000e+00
0.000000000000000000e+00
0.000000000000000000e+00
0.000000000000000000e+00
0.000000000000000000e+00
0.000000000000000000e+00
0.000000000000000000e+00
0.000000000000000000e+00
0.000000000000000000e+00
nan
nan
nan
nan
nan
1.303110207100591822e+02
1.297961199294532548e+02
1.321351648351648294e+02
1.335275471698113279e+02
1.330421597633136059e+02
1.328598372781065109e+02
1.330472527472527418e+02
1.326149545772187253e+02
1.325807127882599445e+02
1.325863570391872202e+02
1.316058700209643746e+02
1.334497663551401843e+02
1.357762264150943281e+02
1.370171962616822441e+02
1.380236985236985277e+02
1.379838461538461445e+02
1.309709513435003601e+02
1.285681409564904811e+02
1.322221807318894662e+02
1.357418181818181893e+02
1.359673076923076849e+02
1.350616096866096996e+02
1.352274408284023650e+02
1.355691428571428503e+02
1.359755339805825258e+02
1.361176699029126098e+02
1.360373412994772195e+02
1.369082352941176453e+02
1.358846153846153868e+02
1.370342307692307600e+02
1.366787545787545923e+02
1.373046116504854410e+02
1.362919413919413785e+02
1.359508547008547055e+02
1.357724867724867863e+02
1.363533980582524237e+02
1.358525018670649729e+02
1.353732470334412028e+02
1.357444284687275342e+02
1.360469674556213135e+02
1.358227106227106162e+02
1.355489171023151584e+02
1.361392307692307782e+02
1.351734330484330542e+02
1.351139877741819362e+02
1.356468195266272119e+02
1.356161242603550363e+02
1.359799999999999898e+02
1.357258252427184573e+02
1.347948717948717956e+02
1.353117603550295769e+02
1.351310541310541282e+02
1.347159763313609346e+02
1.346509157509157433e+02
1.346009015256587986e+02
1.370933532486930631e+02
1.409138621794871824e+02
1.444532215357457972e+02
1.479939862542955211e+02
0.000000000000000000e+00
0.000000000000000000e+00
0.000000000000000000e+00
0.000000000000000000e+00
0.000000000000000000e+00
0.000000000000000000e+00
0.000000000000000000e+00
0.000000000000000000e+00
0.000000000000000000e+00
0.000000000000000000e+00
0.000000000000000000e+00
0.000000000000000000e+00
0.000000000000000000e+00
0.000000000000000000e+00
0.000000000000000000e+00
0.000000000000000000e+00
0.000000000000000000e+00
0.000000000000000000e+00
0.000000000000000000e+00
0.000000000000000000e+00
0.000000000000000000e+00
0.000000000000000000e+00
0.000000000000000000e+00
0.000000000000000000e+00
0.000000000000000000e+00
0.000000000000000000e+00
1.472029702970297080e+02
1.445931034482758548e+02
0.000000000000000000e+00
0.000000000000000000e+00
0.000000000000000000e+00
0.000000000000000000e+00
1.514384920634920775e+02
1.537852437417654698e+02
1.485822680412371142e+02
1.470665306122448897e+02
1.467091924398625338e+02
1.459013722126929622e+02
1.425483999999999867e+02
1.392348148148148255e+02
1.388853769992383889e+02
1.378461538461538396e+02
1.352077777777777783e+02
1.350261878039655699e+02
1.331531034482758571e+02
1.346377142857142815e+02
1.343064150943396271e+02
1.334577777777777783e+02
1.338959706959707034e+02
1.339840976331360878e+02
1.343291428571428696e+02
1.337013333333333378e+02
1.320132142857142981e+02
1.313485714285714323e+02
1.324572649572649539e+02
1.321267660910517918e+02
1.322998095238095289e+02
1.322494117647058829e+02
1.317922871324933283e+02
1.316580086580086686e+02
1.321530612244897895e+02
1.329434850863422355e+02
1.332030325443786865e+02
1.335565384615384517e+02
1.326756854256854297e+02
1.334388461538461570e+02
1.337926923076923060e+02
1.330871794871794975e+02
1.344643429487179560e+02
1.340291262135922352e+02
1.332281341107871810e+02
1.332649416909621038e+02
1.332622041420118251e+02
1.334085297418630773e+02
1.334570575056011990e+02
1.333153541891406064e+02
1.336471247199402512e+02
1.335094482237339264e+02
1.340123076923077008e+02
1.342053846153846166e+02
1.340891912320483641e+02
1.345957281553397991e+02
1.344348508634222981e+02
1.348213592233009592e+02
1.342940516273849596e+02
1.339728395061728463e+02
1.350073076923077053e+02
1.347737117251680274e+02
1.291826923076923208e+02
1.260131761442440990e+02
1.271591836734693857e+02
1.340651340996168699e+02
1.341823717948717842e+02
0.000000000000000000e+00
0.000000000000000000e+00
0.000000000000000000e+00
0.000000000000000000e+00
0.000000000000000000e+00
0.000000000000000000e+00
0.000000000000000000e+00
0.000000000000000000e+00
0.000000000000000000e+00
0.000000000000000000e+00
0.000000000000000000e+00
0.000000000000000000e+00
0.000000000000000000e+00
0.000000000000000000e+00
0.000000000000000000e+00
0.000000000000000000e+00
0.000000000000000000e+00
1.381361111111111200e+02
1.420499139414802130e+02
1.444898989898989896e+02
1.440029736618521667e+02
1.397369826435246978e+02
1.369919432806960913e+02
1.339556074766355209e+02
1.335537500000000080e+02
1.332770800627943402e+02
1.359828947368420984e+02
1.366529209621993175e+02
1.373912037037036953e+02
1.355778533635676411e+02
1.334885895997007026e+02
1.335683760683760681e+02
1.343382092198581574e+02
1.306447916666666629e+02
0.000000000000000000e+00
1.246657196969697026e+02
1.262680412371134082e+02
0.000000000000000000e+00
0.000000000000000000e+00
0.000000000000000000e+00
0.000000000000000000e+00
0.000000000000000000e+00
1.300243212669683146e+02
1.236126644736842053e+02
1.304067375886524758e+02
1.312825305535585869e+02
1.255218413978494567e+02
1.246167929292929273e+02
1.306902127659574546e+02
0.000000000000000000e+00
0.000000000000000000e+00
0.000000000000000000e+00
0.000000000000000000e+00
0.000000000000000000e+00
0.000000000000000000e+00
0.000000000000000000e+00
0.000000000000000000e+00
0.000000000000000000e+00
0.000000000000000000e+00
0.000000000000000000e+00
0.000000000000000000e+00
1.233627214170692383e+02
1.260221198156682050e+02
1.388651999999999873e+02
1.453350383631713498e+02
1.412768000000000086e+02
1.306052836052836028e+02
0.000000000000000000e+00
nan
0.000000000000000000e+00
0.000000000000000000e+00
0.000000000000000000e+00
0.000000000000000000e+00
0.000000000000000000e+00
0.000000000000000000e+00
0.000000000000000000e+00
0.000000000000000000e+00
0.000000000000000000e+00
0.000000000000000000e+00
0.000000000000000000e+00
0.000000000000000000e+00
0.000000000000000000e+00
0.000000000000000000e+00
0.000000000000000000e+00
nan
0.000000000000000000e+00
0.000000000000000000e+00
0.000000000000000000e+00
0.000000000000000000e+00
1.407395484949832678e+02
1.428500881834215193e+02
1.445466441536513287e+02
1.437107476635514161e+02
1.428465608465608341e+02
1.440489541611036941e+02
1.436064690026954054e+02
1.416346644010195348e+02
1.418830740216878894e+02
0.000000000000000000e+00
0.000000000000000000e+00
0.000000000000000000e+00
0.000000000000000000e+00
0.000000000000000000e+00
nan
0.000000000000000000e+00
0.000000000000000000e+00
nan
nan
nan
nan
0.000000000000000000e+00
0.000000000000000000e+00
nan
nan
nan
nan
0.000000000000000000e+00
0.000000000000000000e+00
nan
nan
nan
0.000000000000000000e+00
0.000000000000000000e+00
0.000000000000000000e+00
nan
nan
nan
nan
0.000000000000000000e+00
0.000000000000000000e+00
nan
nan
1.047147556390977456e+02
1.065072463768115938e+02
0.000000000000000000e+00
0.000000000000000000e+00
nan
1.066084959816303126e+02
nan
0.000000000000000000e+00
0.000000000000000000e+00
0.000000000000000000e+00
0.000000000000000000e+00
1.434783549783549859e+02
1.429197111299914980e+02
1.463007812500000000e+02
1.530651595744680833e+02
1.475948453608247348e+02
1.463551682692307736e+02
1.473262032085561373e+02
1.493715486194477933e+02
1.513784511784511722e+02
1.491437908496731950e+02
1.487515705311250827e+02
1.509634424980959579e+02
1.502065063649222054e+02
1.489632248939179533e+02
1.502185567010309342e+02
1.484243281471004252e+02
1.498276220145378943e+02
1.485947802197802332e+02
1.463640611724723897e+02
1.445099999999999909e+02
1.436891507517269417e+02
1.458459119496855294e+02
1.459560185185185048e+02
1.462892523364485839e+02
1.459216981132075546e+02
1.461372641509433947e+02
1.477201298701298811e+02
1.461022556390977343e+02
1.474066534260178685e+02
1.454278301886792519e+02
1.467178217821782198e+02
1.455358056265984601e+02
1.453941299790356254e+02
1.436125938281901711e+02
1.434095117845117784e+02
1.429990740740740875e+02
1.411328502415458956e+02
1.401276426007179907e+02
1.399969982847341328e+02
1.409724076546506524e+02
1.414929906542056131e+02
1.412056603773584982e+02
0.000000000000000000e+00
1.341809764309764432e+02
1.329587628865979241e+02
1.273170823885109542e+02
1.240291588785046741e+02
1.136988934187536415e+02
0.000000000000000000e+00
0.000000000000000000e+00
9.950776397515528515e+01
0.000000000000000000e+00
0.000000000000000000e+00
0.000000000000000000e+00
0.000000000000000000e+00
0.000000000000000000e+00
0.000000000000000000e+00
0.000000000000000000e+00
0.000000000000000000e+00
0.000000000000000000e+00
0.000000000000000000e+00
0.000000000000000000e+00
nan
nan
nan
nan
1.116620469083155598e+02
1.166821796759941066e+02
1.173342803030302974e+02
1.179264069264069263e+02
0.000000000000000000e+00
1.184873842222932012e+02
1.192922499146466322e+02
nan
1.145166666666666657e+02
0.000000000000000000e+00
1.200341880341880341e+02
0.000000000000000000e+00
1.245924479166666714e+02
1.254216666666666669e+02
1.252815928484355936e+02
1.277341337907375589e+02
1.266494575383464252e+02
1.263363567649281975e+02
1.226957004160887692e+02
1.326539704524469130e+02
0.000000000000000000e+00
0.000000000000000000e+00
nan
nan
0.000000000000000000e+00
0.000000000000000000e+00
0.000000000000000000e+00
0.000000000000000000e+00
0.000000000000000000e+00
0.000000000000000000e+00
0.000000000000000000e+00
0.000000000000000000e+00
0.000000000000000000e+00
0.000000000000000000e+00
0.000000000000000000e+00
0.000000000000000000e+00
0.000000000000000000e+00
0.000000000000000000e+00
0.000000000000000000e+00
0.000000000000000000e+00
0.000000000000000000e+00
0.000000000000000000e+00
0.000000000000000000e+00
0.000000000000000000e+00
0.000000000000000000e+00
nan
0.000000000000000000e+00
0.000000000000000000e+00
0.000000000000000000e+00
0.000000000000000000e+00
0.000000000000000000e+00
0.000000000000000000e+00
0.000000000000000000e+00
0.000000000000000000e+00
0.000000000000000000e+00
0.000000000000000000e+00
0.000000000000000000e+00
0.000000000000000000e+00
0.000000000000000000e+00
0.000000000000000000e+00
0.000000000000000000e+00
0.000000000000000000e+00
0.000000000000000000e+00
0.000000000000000000e+00
0.000000000000000000e+00
0.000000000000000000e+00
0.000000000000000000e+00
0.000000000000000000e+00
0.000000000000000000e+00
0.000000000000000000e+00
0.000000000000000000e+00
0.000000000000000000e+00
0.000000000000000000e+00
0.000000000000000000e+00
0.000000000000000000e+00
0.000000000000000000e+00
0.000000000000000000e+00
0.000000000000000000e+00
0.000000000000000000e+00
0.000000000000000000e+00
0.000000000000000000e+00
0.000000000000000000e+00
0.000000000000000000e+00
0.000000000000000000e+00
0.000000000000000000e+00
0.000000000000000000e+00
0.000000000000000000e+00
0.000000000000000000e+00
0.000000000000000000e+00
0.000000000000000000e+00
0.000000000000000000e+00
0.000000000000000000e+00
0.000000000000000000e+00
0.000000000000000000e+00
0.000000000000000000e+00
0.000000000000000000e+00
0.000000000000000000e+00
0.000000000000000000e+00
0.000000000000000000e+00
0.000000000000000000e+00
0.000000000000000000e+00
0.000000000000000000e+00
0.000000000000000000e+00
0.000000000000000000e+00
0.000000000000000000e+00
0.000000000000000000e+00
0.000000000000000000e+00
0.000000000000000000e+00
0.000000000000000000e+00
0.000000000000000000e+00
0.000000000000000000e+00
0.000000000000000000e+00
0.000000000000000000e+00
1.444463203463203342e+02
1.432157809983897039e+02
1.432808137215795909e+02
1.440926923076923174e+02
1.437574955908289382e+02
1.465913312693498369e+02
1.460068627450980330e+02
1.437194055944056004e+02
1.425756190476190568e+02
1.371849541284403529e+02
1.391295822676896705e+02
1.387381535947712337e+02
1.345307443365695690e+02
0.000000000000000000e+00
0.000000000000000000e+00
0.000000000000000000e+00
0.000000000000000000e+00
0.000000000000000000e+00
0.000000000000000000e+00
0.000000000000000000e+00
0.000000000000000000e+00
0.000000000000000000e+00
0.000000000000000000e+00
0.000000000000000000e+00
0.000000000000000000e+00
0.000000000000000000e+00
0.000000000000000000e+00
0.000000000000000000e+00
0.000000000000000000e+00
0.000000000000000000e+00
0.000000000000000000e+00
0.000000000000000000e+00
0.000000000000000000e+00
0.000000000000000000e+00
0.000000000000000000e+00
0.000000000000000000e+00
0.000000000000000000e+00
0.000000000000000000e+00
0.000000000000000000e+00
0.000000000000000000e+00
0.000000000000000000e+00
0.000000000000000000e+00
0.000000000000000000e+00
0.000000000000000000e+00
0.000000000000000000e+00
0.000000000000000000e+00
0.000000000000000000e+00
0.000000000000000000e+00
0.000000000000000000e+00
1.172544622425629228e+02
1.136061403508771974e+02
1.153697318007662886e+02
0.000000000000000000e+00
0.000000000000000000e+00
0.000000000000000000e+00
0.000000000000000000e+00
0.000000000000000000e+00
0.000000000000000000e+00
0.000000000000000000e+00
0.000000000000000000e+00
0.000000000000000000e+00
0.000000000000000000e+00
0.000000000000000000e+00
0.000000000000000000e+00
0.000000000000000000e+00
0.000000000000000000e+00
0.000000000000000000e+00
0.000000000000000000e+00
0.000000000000000000e+00
0.000000000000000000e+00
0.000000000000000000e+00
0.000000000000000000e+00
0.000000000000000000e+00
0.000000000000000000e+00
0.000000000000000000e+00
1.153171755725190906e+02
0.000000000000000000e+00
0.000000000000000000e+00
1.284737654320987588e+02
1.269278846153846132e+02
1.282375389408099693e+02
1.260029004189494088e+02
1.248790386130811640e+02
1.214780769230769266e+02
1.178325892857142918e+02
1.132893707785282658e+02
1.127018460466736371e+02
1.103425047438330182e+02
1.112101293103448256e+02
1.123670977011494188e+02
1.130317460317460387e+02
1.141606749816581043e+02
nan
nan
nan
nan
1.166348784194528889e+02
1.190366430260047252e+02
1.216631578947368411e+02
1.249020560747663495e+02
1.255162962962962894e+02
1.257614953271028071e+02
1.264653211009174356e+02
1.255322359396433427e+02
1.259304672897196298e+02
1.261891588785046707e+02
1.253723544973544932e+02
1.260549964054636973e+02
1.269124228395061778e+02
1.268747663551401814e+02
1.269895833333333286e+02
1.259832285115303989e+02
1.266670918367346985e+02
1.259183505154639136e+02
1.257195918367346934e+02
1.259800000000000040e+02
1.257542268041237179e+02
1.255515463917525807e+02
1.256828571428571450e+02
1.254738775510204079e+02
1.254250505050505069e+02
1.254436363636363581e+02
1.255303030303030312e+02
1.253473469387755159e+02
1.256816666666666720e+02
1.255218855218855225e+02
1.256165824915824913e+02
1.257695578231292473e+02
1.248739622641509470e+02
1.260088383838383805e+02
1.253689903846153868e+02
1.252748514851485169e+02
1.250683962264150892e+02
1.243683809523809458e+02
1.247682539682539726e+02
1.247192079207920727e+02
1.246802641802641745e+02
1.248087301587301567e+02
1.242402894135567379e+02
1.238703703703703667e+02
1.238772914328469881e+02
1.237457692307692270e+02
1.235900000000000034e+02
1.246445221445221421e+02
1.246636432350718025e+02
1.239977595220313731e+02
1.231911302982731513e+02
1.220703329592218438e+02
1.216590909090909065e+02
1.223104118104118072e+02
1.187398989898989896e+02
1.188779761904761898e+02
1.229064117881322176e+02
1.229918128654970815e+02
1.217291666666666714e+02
0.000000000000000000e+00
1.243588829471182464e+02
1.232038488952245245e+02
1.257438975590236083e+02
1.259536134453781528e+02
1.251989942528735611e+02
1.266229059829059764e+02
1.264854284471509374e+02
1.292041379310344951e+02
1.210751133786848044e+02
1.206055289739500296e+02
1.220805019895929036e+02
1.213948576675849438e+02
1.210611428571428547e+02
1.196908690869086911e+02
1.200267594327000324e+02
1.213823529411764639e+02
1.201208571428571474e+02
1.205352941176470551e+02
1.194197297297297240e+02
1.198678378378378397e+02
1.176643394199785178e+02
1.211821946169772275e+02
1.214221491228070136e+02
1.217847948511665379e+02
1.221742424242424221e+02
1.225928571428571416e+02
1.220704424778760995e+02
1.226101190476190510e+02
1.228901397515527947e+02
1.246232142857142833e+02
1.243152128107880259e+02
1.286233333333333348e+02
0.000000000000000000e+00
1.257636834319526571e+02
1.249445283018867912e+02
1.243730088495575217e+02
1.244954954954954900e+02
1.237836283185840642e+02
1.238091024020227593e+02
1.235469026548672531e+02
1.239743362831858349e+02
1.246309869375907056e+02
1.238508158508158488e+02
1.256166982922201072e+02
1.291584761904761933e+02
1.283126984126984098e+02
1.187227040816326564e+02
nan
0.000000000000000000e+00
0.000000000000000000e+00
0.000000000000000000e+00
0.000000000000000000e+00
0.000000000000000000e+00
0.000000000000000000e+00
0.000000000000000000e+00
1.218996699669966972e+02
1.208475274725274744e+02
1.226141581632653015e+02
1.267356044618631330e+02
1.283062893081761047e+02
1.291882716049382793e+02
1.298105709876543301e+02
1.298548752834467166e+02
1.302403628117913854e+02
1.291266061980347786e+02
1.288342878961435645e+02
1.282809766763848529e+02
1.276317663817663828e+02
1.277099567099567139e+02
1.293636684303351103e+02
1.288116576819406873e+02
1.175457487496322386e+02
1.121634251073503350e+02
1.116437499999999972e+02
1.221835597352838789e+02
1.323744041070773676e+02
1.374064349112425987e+02
1.387787509520182709e+02
1.390109351432880942e+02
1.355911803713527775e+02
1.361903846153846018e+02
1.339354395604395620e+02
1.338522114347356933e+02
1.339439050701186602e+02
1.344629629629629619e+02
1.340414862914862795e+02
1.335128294036061050e+02
1.339790888722927491e+02
1.332801120448179404e+02
1.336375404530744220e+02
1.336325062927004694e+02
1.331826923076923208e+02
1.332599852071005841e+02
1.334925317401045675e+02
1.329280626780626733e+02
1.325832142857142912e+02
1.328667582417582480e+02
1.332276159654800551e+02
1.333196296296296168e+02
1.333955411722402005e+02
1.332421428571428521e+02
1.333039581777445903e+02
1.325551317614424534e+02
1.332233727810650805e+02
1.333607169529499572e+02
1.329393298059964650e+02
1.331327662721893432e+02
1.330610207100591822e+02
1.333110530246452470e+02
1.332880258899676278e+02
1.334320388349514701e+02
1.332100301659125137e+02
1.335200000000000102e+02
1.326751700680271995e+02
1.331434911242603505e+02
1.330224358974358836e+02
1.333576923076923038e+02
1.332973750449478700e+02
1.325231092436974905e+02
1.331645299145299077e+02
1.330446623093681922e+02
1.332489316239316111e+02
1.330571428571428498e+02
1.329541446208112916e+02
1.330459401709401845e+02
1.325142163661581094e+02
1.332752053771471310e+02
1.330054466230936896e+02
1.333812217194570167e+02
1.336476301476301387e+02
1.328785185185185185e+02
1.335442307692307793e+02
1.336476923076922958e+02
1.328499999999999943e+02
1.330096296296296430e+02
1.328592592592592609e+02
1.327866666666666617e+02
1.326377777777777851e+02
1.331299999999999955e+02
1.325211111111111109e+02
1.325985185185185173e+02
1.326791383219954525e+02
1.328830216354968741e+02
1.326502057613168688e+02
1.328770739064856627e+02
1.323462962962962877e+02
1.326522833513124908e+02
1.330714563106796220e+02
1.327781926811053097e+02
1.323714491190219462e+02
1.320329629629629551e+02
1.316953571428571479e+02
1.326636893203883574e+02
1.324223372781065109e+02
1.324600448095593777e+02
1.323569023569023670e+02
1.324521116138763261e+02
