0.000000000000000000e+00
1.100734767025089553e+02
1.121118293471234608e+02
1.071531328320802032e+02
1.081389057750759832e+02
1.092541795665634652e+02
1.095271867612293164e+02
1.102018575851393223e+02
1.107321315623023423e+02
1.100567502986857846e+02
1.100780141843971620e+02
1.097054415118931274e+02
1.098200876095118872e+02
1.068361979166666629e+02
1.071851562500000057e+02
1.100213533834586457e+02
1.055142924086223104e+02
1.104835722819593826e+02
1.088434260774686351e+02
1.070824969400244839e+02
1.085960061443932432e+02
1.103520025031289151e+02
1.108747044917257654e+02
1.113181003584229387e+02
1.084548070007192564e+02
1.065446105072463752e+02
1.089313131313131322e+02
1.073792855430352375e+02
1.094643473260494488e+02
1.072989049278247933e+02
1.105987841945288750e+02
1.061871521335807103e+02
1.095324561403508739e+02
1.109342549923195094e+02
1.098730827067669225e+02
1.097301169590643326e+02
1.093050367855121721e+02
1.101142109851787296e+02
1.053345989558614093e+02
1.101428571428571388e+02
1.056127308066083543e+02
1.103729314420803718e+02
1.085934094447327425e+02
1.103360215053763511e+02
1.077570004746084464e+02
1.114672811059907787e+02
1.102276595744680918e+02
0.000000000000000000e+00
0.000000000000000000e+00
0.000000000000000000e+00
1.106218844984802416e+02
0.000000000000000000e+00
1.110461956521739069e+02
0.000000000000000000e+00
1.107477621483375998e+02
1.071713303878252361e+02
1.105976082740788655e+02
1.100497695852534576e+02
0.000000000000000000e+00
0.000000000000000000e+00
1.108392621870882806e+02
1.097038402457757229e+02
1.109918648310387965e+02
1.067545918367346900e+02
1.106242703533026059e+02
1.110774193548387103e+02
1.109314900153609784e+02
1.073450082735797082e+02
1.099376344086021504e+02
1.102364130434782652e+02
1.112356873002034234e+02
1.115053763440860166e+02
1.117539251207729478e+02
1.084103092783505105e+02
0.000000000000000000e+00
1.075843703334992512e+02
1.112792874396135261e+02
1.059299903100775140e+02
1.094341016548463301e+02
1.068903722721437788e+02
1.110629795396419439e+02
1.108086021505376380e+02
1.057507288629737587e+02
1.107234654731457795e+02
1.098634910485933460e+02
1.100909370199692745e+02
1.088739048811013816e+02
0.000000000000000000e+00
1.087517394054395936e+02
1.081810035842293871e+02
1.085858678955453200e+02
1.091492726122707211e+02
1.094155279503105618e+02
1.080704005006257802e+02
1.095207800511508935e+02
1.111807189542483627e+02
1.100159661127403012e+02
1.075781155015197612e+02
1.088650362318840621e+02
1.092838057999348251e+02
1.097301790281329943e+02
1.105869702719797658e+02
1.114027149321266990e+02
1.098629032258064484e+02
1.095260047281323921e+02
1.104680406212664252e+02
1.105665653495440779e+02
1.108381642512077292e+02
1.108835637480798795e+02
1.087307017543859615e+02
0.000000000000000000e+00
0.000000000000000000e+00
1.102377972465582019e+02
1.099768460575719615e+02
1.097306763285024118e+02
1.096715628672150444e+02
1.090502364066193906e+02
1.092502955082742346e+02
0.000000000000000000e+00
1.101928571428571360e+02
1.081373860182370805e+02
1.091603942652329806e+02
1.090212066905615274e+02
1.057974116475858608e+02
1.101212664277180409e+02
1.058753387533875383e+02
1.097756869772998840e+02
1.082077798861480034e+02
1.079563172043010724e+02
1.111707070707070670e+02
1.080385370643102618e+02
1.091633221850613182e+02
1.123418631397354801e+02
1.106186186186186120e+02
1.115917378917378926e+02
1.087790927021696206e+02
1.069888017917133283e+02
1.055212765957446805e+02
1.062117682198327344e+02
1.046211092246745835e+02
9.983777777777777374e+01
9.823838049989672072e+01
0.000000000000000000e+00
9.686352890608209520e+01
9.804012059369202348e+01
1.010759084121453526e+02
9.784867564046895438e+01
1.000776041666666600e+02
9.756374151370380332e+01
9.861368421052631561e+01
9.861822916666666572e+01
9.770223577235772439e+01
9.603644314868805054e+01
0.000000000000000000e+00
0.000000000000000000e+00
0.000000000000000000e+00
0.000000000000000000e+00
0.000000000000000000e+00
0.000000000000000000e+00
0.000000000000000000e+00
0.000000000000000000e+00
9.631344086021505291e+01
0.000000000000000000e+00
0.000000000000000000e+00
9.534937137330754808e+01
0.000000000000000000e+00
0.000000000000000000e+00
0.000000000000000000e+00
9.274352451433857425e+01
0.000000000000000000e+00
9.533108277069267444e+01
9.522053915275995450e+01
9.405538617886179509e+01
9.131044985941893799e+01
9.396866585067319022e+01
9.363533924718292667e+01
9.515168229453944093e+01
9.432894736842105488e+01
9.479353580384508859e+01
9.384403912238963130e+01
9.545547652916073389e+01
9.818921703296703640e+01
9.483936403508772628e+01
9.944368131868131400e+01
9.477987616099071033e+01
9.272535569105690456e+01
9.353803191489362234e+01
9.408549422336328405e+01
9.545075987841944709e+01
9.542077850877193157e+01
9.335546875000000000e+01
9.438951612903225907e+01
9.350621200105736364e+01
9.264807783578547173e+01
9.357692307692308020e+01
9.392709867452136052e+01
9.455815972222222854e+01
9.360513066410932481e+01
9.384291084854994835e+01
9.148361970217639794e+01
9.413195876288659747e+01
9.231822496440436510e+01
9.367508055853920723e+01
9.315082130413141215e+01
9.289012896825396126e+01
9.191512826660273561e+01
9.637436061381073671e+01
9.366613247863247693e+01
9.589585253456220926e+01
9.487105855855855907e+01
9.466695303550973506e+01
9.465310671496239081e+01
9.365134788189986637e+01
9.393232883954533463e+01
9.537205290396779844e+01
9.168089187245264782e+01
9.429554655870445856e+01
9.457767857142857792e+01
9.426238738738739187e+01
9.332295918367347554e+01
9.534623655913978268e+01
9.406747638326585559e+01
9.497528160200249658e+01
9.181492248062015449e+01
9.524629271437781597e+01
9.104997525977239548e+01
9.401964285714285552e+01
9.498128654970760465e+01
9.480171394799054951e+01
9.436932330827067972e+01
9.254062500000000568e+01
9.574006211180123671e+01
9.308092948717948900e+01
9.295924426450741862e+01
9.205902061855670127e+01
9.190198863636364024e+01
9.375883256528418030e+01
9.520459976105136946e+01
9.198167155425220187e+01
9.430409356725145642e+01
9.224545454545454959e+01
9.517109424414927332e+01
9.562732919254658270e+01
9.419939209726443607e+01
9.427963525835866676e+01
9.130208333333332860e+01
9.592630898513250770e+01
9.418804755944931628e+01
9.265198006818778254e+01
9.451580547112462227e+01
9.471823708206686376e+01
9.139097938144330158e+01
9.032222488611843403e+01
9.238002699055330424e+01
9.457155797101449934e+01
9.636732736572889735e+01
9.264919564089258586e+01
9.494339025932953291e+01
8.687033218785795441e+01
9.680482241772564578e+01
9.627108036890645337e+01
8.923157894736841911e+01
9.507595345830640099e+01
9.129017857142856940e+01
9.325594493116395256e+01
8.985752688172043179e+01
9.392884250474382668e+01
9.485891169762138020e+01
9.477321603128054051e+01
9.069864341085271064e+01
9.641484564689559988e+01
8.829964539007092128e+01
9.578227931488801516e+01
9.082822966507177398e+01
8.983883040935673137e+01
9.123750618505690113e+01
9.372158054711246677e+01
9.030374053030303116e+01
9.385007680491551696e+01
9.355987841945288608e+01
8.838179347826087451e+01
8.813590643274854131e+01
9.008357558139535115e+01
8.997585227272726627e+01
0.000000000000000000e+00
0.000000000000000000e+00
0.000000000000000000e+00
0.000000000000000000e+00
0.000000000000000000e+00
0.000000000000000000e+00
0.000000000000000000e+00
0.000000000000000000e+00
0.000000000000000000e+00
0.000000000000000000e+00
0.000000000000000000e+00
9.054856459330143537e+01
9.340891089108910705e+01
9.126046511627906455e+01
0.000000000000000000e+00
9.184185700099304484e+01
9.343741800052480073e+01
9.292692307692307452e+01
9.332403217697334696e+01
9.159616898451849920e+01
9.294093137254901649e+01
0.000000000000000000e+00
0.000000000000000000e+00
0.000000000000000000e+00
0.000000000000000000e+00
9.281683168316831711e+01
0.000000000000000000e+00
9.192432163305949189e+01
9.327234254418721093e+01
9.186715506715506763e+01
9.233333333333332860e+01
9.260683760683760113e+01
9.349482570806100057e+01
9.236577669902912646e+01
9.247675012774655556e+01
9.330119825708061398e+01
9.346534653465346310e+01
9.270691434468524506e+01
9.298700623700624135e+01
9.306845904904157862e+01
9.306424148606811286e+01
9.369169246646026750e+01
9.307843638221767435e+01
0.000000000000000000e+00
0.000000000000000000e+00
9.258094988192075903e+01
0.000000000000000000e+00
9.242105263157894512e+01
9.287125902992775650e+01
0.000000000000000000e+00
9.282380952380952976e+01
0.000000000000000000e+00
9.246572978303747448e+01
9.281480582524271483e+01
9.209193245778611470e+01
9.266888094021462052e+01
9.316346153846153300e+01
9.263827493261455004e+01
9.222621359223300885e+01
0.000000000000000000e+00
0.000000000000000000e+00
0.000000000000000000e+00
0.000000000000000000e+00
0.000000000000000000e+00
0.000000000000000000e+00
0.000000000000000000e+00
0.000000000000000000e+00
0.000000000000000000e+00
0.000000000000000000e+00
0.000000000000000000e+00
0.000000000000000000e+00
0.000000000000000000e+00
0.000000000000000000e+00
0.000000000000000000e+00
9.177094017094016465e+01
9.292054455445544647e+01
9.242549019607842808e+01
9.392168367346938851e+01
0.000000000000000000e+00
9.257465232222513407e+01
9.276407355021216006e+01
9.281449948400413064e+01
9.218214654282765252e+01
9.424189261031366982e+01
9.338707317073171055e+01
9.275495049504949918e+01
9.295594059405939902e+01
9.339653465346535199e+01
9.289133059647427615e+01
9.525252525252524549e+01
9.238906088751289758e+01
9.194974358974359063e+01
8.431486548107615420e+01
0.000000000000000000e+00
9.092318675042832865e+01
1.087630004601932825e+02
1.188153214774281849e+02
1.182990451388888857e+02
1.225189473684210526e+02
1.216690705128205110e+02
1.140766439909297105e+02
1.117313397129186541e+02
1.114396306818181870e+02
0.000000000000000000e+00
1.060674789128397322e+02
1.084715588363004741e+02
1.127710437710437645e+02
1.123641456582633111e+02
1.108426704014939332e+02
1.098426743159752874e+02
1.113927327028372360e+02
1.057251162790697663e+02
1.052150000000000034e+02
1.068144329896907152e+02
0.000000000000000000e+00
0.000000000000000000e+00
0.000000000000000000e+00
0.000000000000000000e+00
0.000000000000000000e+00
0.000000000000000000e+00
1.143236282194848883e+02
1.164000000000000057e+02
1.161911616161616223e+02
1.156244897959183646e+02
1.147510319917440711e+02
1.161117302869880206e+02
1.143237847222222285e+02
1.124907336887534939e+02
1.105144124168514423e+02
1.081811134601832265e+02
1.111861293859649180e+02
1.080654761904761898e+02
1.089520182787509555e+02
1.064901816396661758e+02
1.051673414304993202e+02
1.001051546391752538e+02
1.018494492044063691e+02
1.009113372093023315e+02
1.007571692876965841e+02
9.954962406015037857e+01
1.002378941441441498e+02
9.808391273076000516e+01
9.923395270270270885e+01
9.928723958333333144e+01
9.922210526315789991e+01
9.930796508456083416e+01
0.000000000000000000e+00
0.000000000000000000e+00
0.000000000000000000e+00
0.000000000000000000e+00
0.000000000000000000e+00
9.466103603603603744e+01
1.017778079218665255e+02
1.065679199514857487e+02
1.071178537956888448e+02
1.122891907187323142e+02
1.115706605222734282e+02
1.122666666666666657e+02
1.104230440967283045e+02
1.042581187010078452e+02
1.012334210526315843e+02
1.018007727602028467e+02
1.032558007923033330e+02
1.017052205220522012e+02
9.975181286549707238e+01
0.000000000000000000e+00
0.000000000000000000e+00
0.000000000000000000e+00
0.000000000000000000e+00
0.000000000000000000e+00
0.000000000000000000e+00
1.140188118811881139e+02
1.136858247422680392e+02
1.171142857142857139e+02
1.167062732589048437e+02
1.155740035542015676e+02
1.147744107744107680e+02
1.141959595959595930e+02
1.113475230271346845e+02
1.094812385200734752e+02
1.073023726851851904e+02
1.059304029304029342e+02
1.036025641025641022e+02
1.011848852901484435e+02
1.008219061166429640e+02
1.008825367072789732e+02
9.782777777777778283e+01
9.838017917133258550e+01
9.673292533659730452e+01
9.688350055741359768e+01
9.763682432432432279e+01
9.587796697626419018e+01
9.506566604127580433e+01
9.245956607495068624e+01
9.463106796116504427e+01
9.379850361197109976e+01
9.350000000000000000e+01
9.350353535353535506e+01
9.445193340494091672e+01
9.480911680911681572e+01
9.131941638608304856e+01
9.119815173006662690e+01
9.433163265306122014e+01
9.175508720930233153e+01
9.042400568181818699e+01
9.212073863636364024e+01
9.342631578947369064e+01
9.269359410430838864e+01
9.082142857142856940e+01
9.131453252032520140e+01
9.238271276595745007e+01
9.271250971250971418e+01
9.204993065187240120e+01
9.156734867860187421e+01
9.244418604651163207e+01
9.100071736011477697e+01
9.286037910309754295e+01
9.552096774193547901e+01
9.182945736434108142e+01
9.497246963562753308e+01
9.533423765599566480e+01
9.737436224489795222e+01
9.340920836269673089e+01
9.215707070707070159e+01
9.337691197691198397e+01
9.156730091613812306e+01
9.074908172635444714e+01
9.120108057317359851e+01
9.235483007760235807e+01
9.070079690895919100e+01
