141.64058355437666
141.64058355437666
141.64058355437666
141.64058355437666
136.8956043956044
136.8956043956044
136.8956043956044
136.8956043956044
125.76638176638177
125.76638176638177
125.76638176638177
125.76638176638177
127.02179487179487
127.02179487179487
127.02179487179487
127.02179487179487
126.85676392572944
126.85676392572944
126.85676392572944
126.85676392572944
124.86870026525199
124.86870026525199
124.86870026525199
124.86870026525199
125.37774725274726
125.37774725274726
125.37774725274726
125.37774725274726
125.00714285714285
125.00714285714285
125.00714285714285
125.00714285714285
124.16071428571429
124.16071428571429
124.16071428571429
124.16071428571429
122.34307692307692
122.34307692307692
122.34307692307692
122.34307692307692
124.46296296296296
124.46296296296296
124.46296296296296
124.46296296296296
124.77037037037037
124.77037037037037
124.77037037037037
124.77037037037037
125.50857142857143
125.50857142857143
125.50857142857143
125.50857142857143
125.6974358974359
125.6974358974359
125.6974358974359
125.6974358974359
127.98717948717949
127.98717948717949
127.98717948717949
127.98717948717949
127.73607427055703
127.73607427055703
127.73607427055703
127.73607427055703
126.92551724137931
126.92551724137931
126.92551724137931
126.92551724137931
129.57142857142858
129.57142857142858
129.57142857142858
129.57142857142858
130.07724137931035
130.07724137931035
130.07724137931035
130.07724137931035
127.50962962962963
127.50962962962963
127.50962962962963
127.50962962962963
126.10666666666667
126.10666666666667
126.10666666666667
126.10666666666667
125.88571428571429
125.88571428571429
125.88571428571429
125.88571428571429
126.4
126.4
126.4
126.4
123.6978021978022
123.6978021978022
123.6978021978022
123.6978021978022
123.10620689655173
123.10620689655173
123.10620689655173
123.10620689655173
123.96142857142857
123.96142857142857
123.96142857142857
123.96142857142857
122.79395604395604
122.79395604395604
122.79395604395604
122.79395604395604
125.16740740740741
125.16740740740741
125.16740740740741
125.16740740740741
125.19551282051282
125.19551282051282
125.19551282051282
125.19551282051282
126.09833333333333
126.09833333333333
126.09833333333333
126.09833333333333
125.79846153846154
125.79846153846154
125.79846153846154
125.79846153846154
130.59203296703296
130.59203296703296
130.59203296703296
130.59203296703296
127.82074074074075
127.82074074074075
127.82074074074075
127.82074074074075
128.09230769230768
128.09230769230768
128.09230769230768
128.09230769230768
131.46428571428572
131.46428571428572
131.46428571428572
131.46428571428572
128.49777777777777
128.49777777777777
128.49777777777777
128.49777777777777
129.09777777777776
129.09777777777776
129.09777777777776
129.09777777777776
130.13589743589745
130.13589743589745
130.13589743589745
130.13589743589745
130.60344827586206
130.60344827586206
130.60344827586206
130.60344827586206
128.44
128.44
128.44
128.44
131.11923076923077
131.11923076923077
131.11923076923077
131.11923076923077
131.27330779054918
131.27330779054918
131.27330779054918
131.27330779054918
131.12899106002556
131.12899106002556
131.12899106002556
131.12899106002556
128.3585185185185
128.3585185185185
128.3585185185185
128.3585185185185
129.75862068965517
129.75862068965517
129.75862068965517
129.75862068965517
129.32888888888888
129.32888888888888
129.32888888888888
129.32888888888888
131.02714285714285
131.02714285714285
131.02714285714285
131.02714285714285
130.53315649867375
130.53315649867375
130.53315649867375
130.53315649867375
129.2711111111111
129.2711111111111
129.2711111111111
129.2711111111111
129.43005952380952
129.43005952380952
129.43005952380952
129.43005952380952
129.29464285714286
129.29464285714286
129.29464285714286
129.29464285714286
129.47767857142858
129.47767857142858
129.47767857142858
129.47767857142858
126.85416666666667
126.85416666666667
126.85416666666667
126.85416666666667
128.62564102564102
128.62564102564102
128.62564102564102
128.62564102564102
126.02571428571429
126.02571428571429
126.02571428571429
126.02571428571429
123.81428571428572
123.81428571428572
123.81428571428572
123.81428571428572
125.34428571428572
125.34428571428572
125.34428571428572
125.34428571428572
125.07559681697613
125.07559681697613
125.07559681697613
125.07559681697613
125.03111111111112
125.03111111111112
125.03111111111112
125.03111111111112
126.8315649867374
126.8315649867374
126.8315649867374
126.8315649867374
124.84571428571428
124.84571428571428
124.84571428571428
124.84571428571428
126.37793103448276
126.37793103448276
126.37793103448276
126.37793103448276
