111.35543766578249
111.35543766578249
111.35543766578249
111.35543766578249
106.05082417582418
106.05082417582418
106.05082417582418
106.05082417582418
94.70370370370371
94.70370370370371
94.70370370370371
94.70370370370371
96.82307692307693
96.82307692307693
96.82307692307693
96.82307692307693
96.40848806366047
96.40848806366047
96.40848806366047
96.40848806366047
94.43766578249337
94.43766578249337
94.43766578249337
94.43766578249337
94.64148351648352
94.64148351648352
94.64148351648352
94.64148351648352
94.05285714285715
94.05285714285715
94.05285714285715
94.05285714285715
93.45604395604396
93.45604395604396
93.45604395604396
93.45604395604396
91.03076923076924
91.03076923076924
91.03076923076924
91.03076923076924
93.62108262108262
93.62108262108262
93.62108262108262
93.62108262108262
93.74074074074075
93.74074074074075
93.74074074074075
93.74074074074075
95.03142857142858
95.03142857142858
95.03142857142858
95.03142857142858
96.1474358974359
96.1474358974359
96.1474358974359
96.1474358974359
97.48148148148148
97.48148148148148
97.48148148148148
97.48148148148148
97.8395225464191
97.8395225464191
97.8395225464191
97.8395225464191
96.92689655172414
96.92689655172414
96.92689655172414
96.92689655172414
98.98142857142857
98.98142857142857
98.98142857142857
98.98142857142857
99.2248275862069
99.2248275862069
99.2248275862069
99.2248275862069
96.70222222222222
96.70222222222222
96.70222222222222
96.70222222222222
95.12592592592593
95.12592592592593
95.12592592592593
95.12592592592593
95.17714285714285
95.17714285714285
95.17714285714285
95.17714285714285
95.73714285714286
95.73714285714286
95.73714285714286
95.73714285714286
93.83104395604396
93.83104395604396
93.83104395604396
93.83104395604396
93.06620689655172
93.06620689655172
93.06620689655172
93.06620689655172
93.32714285714286
93.32714285714286
93.32714285714286
93.32714285714286
92.45879120879121
92.45879120879121
92.45879120879121
92.45879120879121
94.03851851851852
94.03851851851852
94.03851851851852
94.03851851851852
93.3173076923077
93.3173076923077
93.3173076923077
93.3173076923077
93.81333333333333
93.81333333333333
93.81333333333333
93.81333333333333
94.65846153846154
94.65846153846154
94.65846153846154
94.65846153846154
100.5728021978022
100.5728021978022
100.5728021978022
100.5728021978022
97.30666666666667
97.30666666666667
97.30666666666667
97.30666666666667
96.79230769230769
96.79230769230769
96.79230769230769
96.79230769230769
100.96857142857142
100.96857142857142
100.96857142857142
100.96857142857142
98.01629629629629
98.01629629629629
98.01629629629629
98.01629629629629
98.33925925925926
98.33925925925926
98.33925925925926
98.33925925925926
100.77179487179487
100.77179487179487
100.77179487179487
100.77179487179487
100.75066312997347
100.75066312997347
100.75066312997347
100.75066312997347
97.89
97.89
97.89
97.89
101.46410256410256
101.46410256410256
101.46410256410256
101.46410256410256
101.62962962962963
101.62962962962963
101.62962962962963
101.62962962962963
101.544061302682
101.544061302682
101.544061302682
101.544061302682
97.47111111111111
97.47111111111111
97.47111111111111
97.47111111111111
99.89655172413794
99.89655172413794
99.89655172413794
99.89655172413794
98.5037037037037
98.5037037037037
98.5037037037037
98.5037037037037
100.62
100.62
100.62
100.62
100.91777188328912
100.91777188328912
100.91777188328912
100.91777188328912
98.69185185185185
98.69185185185185
98.69185185185185
98.69185185185185
98.74107142857143
98.74107142857143
98.74107142857143
98.74107142857143
98.71875
98.71875
98.71875
98.71875
99.15029761904762
99.15029761904762
99.15029761904762
99.15029761904762
95.7051282051282
95.7051282051282
95.7051282051282
95.7051282051282
99.63205128205128
99.63205128205128
99.63205128205128
99.63205128205128
96.11571428571429
96.11571428571429
96.11571428571429
96.11571428571429
93.85
93.85
93.85
93.85
95.39857142857143
95.39857142857143
95.39857142857143
95.39857142857143
95.46684350132627
95.46684350132627
95.46684350132627
95.46684350132627
94.46518518518519
94.46518518518519
94.46518518518519
94.46518518518519
97.22679045092838
97.22679045092838
97.22679045092838
97.22679045092838
94.51857142857143
94.51857142857143
94.51857142857143
94.51857142857143
96.50758620689655
96.50758620689655
96.50758620689655
96.50758620689655
