7.907090909090909747e+01
7.856884057971014101e+01
7.833928571428570820e+01
7.883047619047619037e+01
7.870909090909090366e+01
7.796212121212121815e+01
7.788043478260870245e+01
7.867818181818181245e+01
7.975595238095237960e+01
7.907007575757575069e+01
7.964600000000000080e+01
7.944444444444444287e+01
7.897636363636362944e+01
7.877904761904761699e+01
7.894318181818181301e+01
7.844841269841269593e+01
7.816181818181817675e+01
7.995578947368420586e+01
7.877651515151515582e+01
7.912215320910972594e+01
7.975619047619048274e+01
7.984399999999999409e+01
7.900571428571429067e+01
7.866260869565216751e+01
7.834239130434782794e+01
7.928380952380952351e+01
7.860227272727273373e+01
7.894246031746031633e+01
7.856060606060606233e+01
7.813913043478261500e+01
7.846780303030303116e+01
7.913904761904761642e+01
7.841287878787878185e+01
7.795643939393939092e+01
7.945904761904762381e+01
7.836545454545453993e+01
7.874363636363636942e+01
7.804347826086956275e+01
7.931619047619047080e+01
7.750782608695652698e+01
7.838124999999999432e+01
7.851325757575757791e+01
7.841865079365079794e+01
7.785606060606060908e+01
7.888095238095237960e+01
7.863636363636364024e+01
7.813293650793650613e+01
7.869886363636364024e+01
7.815909090909090651e+01
7.827818181818182097e+01
7.848380952380952635e+01
7.935119047619048160e+01
7.900757575757575069e+01
7.909090909090909349e+01
7.905434782608695343e+01
7.858522727272726627e+01
7.924206349206349387e+01
7.849565217391304373e+01
7.905113636363635976e+01
7.800190476190476829e+01
7.863888888888888573e+01
7.954791666666666572e+01
7.961714285714285211e+01
7.935984848484848442e+01
8.055978260869565588e+01
8.156944444444444287e+01
8.219047619047618980e+01
8.153442028985507761e+01
8.248214285714286120e+01
8.188181818181817562e+01
8.117261904761905100e+01
8.130545454545455186e+01
8.200952380952381304e+01
8.147916666666667140e+01
8.155208333333332860e+01
8.051136363636364024e+01
8.005391304347826065e+01
8.032347826086956388e+01
7.996590909090909349e+01
8.036952380952381247e+01
7.981636363636363285e+01
8.048611111111111427e+01
8.003818181818181188e+01
7.944363636363635806e+01
7.876268115942029624e+01
7.942803030303029743e+01
7.928260869565217206e+01
7.910363636363636886e+01
7.855492424242424931e+01
7.930158730158730407e+01
7.869384057971014101e+01
7.802727272727273089e+01
7.958333333333332860e+01
7.981333333333333258e+01
7.981199999999999761e+01
7.866918714555765746e+01
7.919047619047618980e+01
7.902285714285714846e+01
7.830434782608695343e+01
7.910857142857142321e+01
7.742045454545454675e+01
7.828909090909091617e+01
7.870857142857143174e+01
7.974285714285714732e+01
7.834920634920635507e+01
7.868452380952381020e+01
7.871590909090909349e+01
7.866865079365079794e+01
7.874363636363636942e+01
7.868000000000000682e+01
7.900571428571429067e+01
7.841477272727273373e+01
7.857090909090909747e+01
7.855113636363635976e+01
7.829217391304348439e+01
7.929563492063492447e+01
7.884761904761904816e+01
7.820265151515151558e+01
7.894095238095238187e+01
7.770289855072464036e+01
7.736166666666666458e+01
7.884920634920635507e+01
7.888257575757575069e+01
7.777565217391304486e+01
7.716666666666667140e+01
7.818545454545454731e+01
7.879619047619047478e+01
7.801325757575757791e+01
7.803623188405796895e+01
7.845454545454545325e+01
7.861090909090908951e+01
7.858363636363635862e+01
7.802333333333332632e+01
7.721043478260870074e+01
7.805978260869565588e+01
7.840719696969696884e+01
7.866666666666667140e+01
7.791478260869564565e+01
7.884761904761904816e+01
7.758909090909091333e+01
7.813272727272726570e+01
7.901136363636364024e+01
7.861523809523809803e+01
7.924583333333333712e+01
7.875000000000000000e+01
7.852181818181817619e+01
7.909904761904762438e+01
7.867992424242424931e+01
7.902181818181817619e+01
7.881904761904762324e+01
7.883522727272726627e+01
7.850000000000000000e+01
7.879636363636363683e+01
7.888690476190475920e+01
7.893714285714285950e+01
7.872363636363635919e+01
7.828363636363636147e+01
7.813257575757575069e+01
7.904365079365079794e+01
7.818363636363636715e+01
7.873015873015873467e+01
7.766666666666667140e+01
7.846666666666666856e+01
7.856439393939393767e+01
7.803977272727273373e+01
7.906399999999999295e+01
7.887301587301587347e+01
7.882196969696970257e+01
7.766181818181817675e+01
7.874363636363636942e+01
7.878727272727272180e+01
7.820471014492753170e+01
7.858857142857142719e+01
7.821022727272726627e+01
7.852190476190476431e+01
7.832007575757575069e+01
7.850476190476190652e+01
7.823272727272727423e+01
7.826190476190475920e+01
7.848000000000000398e+01
7.820181818181818301e+01
7.851238095238095127e+01
7.868571428571428328e+01
7.867809523809523853e+01
7.918253968253968367e+01
7.859047619047619548e+01
7.854999999999999716e+01
7.806363636363636260e+01
7.889484126984126533e+01
7.827047619047618809e+01
7.831428571428571672e+01
7.850198412698412653e+01
7.896190476190476204e+01
7.877714285714286291e+01
7.791666666666667140e+01
7.780363636363635749e+01
7.791269841269841834e+01
7.789962121212121815e+01
7.803787878787878185e+01
7.796969696969696884e+01
7.914285714285713880e+01
7.814855072463768693e+01
7.892234848484848442e+01
7.847272727272726911e+01
7.821022727272726627e+01
7.863492063492063266e+01
7.879960317460317754e+01
7.904960317460317754e+01
7.872420634920635507e+01
7.702430555555555713e+01
7.873333333333333428e+01
7.805565217391304600e+01
7.881041666666666856e+01
7.900545454545454049e+01
7.911799999999999500e+01
7.941904761904761756e+01
7.880380952380951953e+01
7.910857142857142321e+01
7.893142857142856883e+01
7.818285714285714505e+01
7.911047619047619150e+01
7.847272727272726911e+01
7.796920289855071928e+01
7.864571428571429124e+01
7.875090909090909008e+01
7.949714285714286177e+01
7.924952380952380793e+01
7.900190476190476829e+01
7.909126984126983473e+01
7.835688405797101552e+01
7.828030303030303116e+01
7.924007936507936734e+01
7.846590909090909349e+01
7.840674603174603874e+01
7.824952380952380793e+01
7.790398550724637516e+01
7.847159090909090651e+01
7.849217391304347302e+01
7.831999999999999318e+01
7.814857142857142946e+01
7.813454545454546007e+01
7.757246376811593791e+01
7.828000000000000114e+01
7.818939393939393767e+01
7.851272727272727536e+01
7.847090909090908895e+01
7.877333333333332632e+01
7.877142857142857224e+01
7.840277777777777146e+01
7.841098484848484418e+01
7.849333333333333940e+01
7.788521739130435151e+01
7.802400000000000091e+01
7.866095238095238074e+01
7.833714285714285097e+01
7.855871212121212466e+01
7.859090909090909349e+01
7.798857142857143288e+01
7.859523809523810201e+01
7.816727272727273146e+01
7.945634920634920206e+01
7.862181818181818471e+01
7.873106060606060908e+01
7.815304347826086939e+01
7.894857142857142662e+01
7.873999999999999488e+01
7.927619047619047876e+01
7.909999999999999432e+01
7.886476190476190595e+01
7.858333333333332860e+01
7.841818181818182154e+01
7.853636363636363171e+01
7.800363636363636033e+01
7.966458333333333997e+01
7.899206349206349387e+01
7.876785714285713880e+01
7.896626984126983473e+01
7.782166666666667254e+01
7.898412698412698774e+01
7.862301587301587347e+01
7.852380952380951840e+01
7.822260869565216979e+01
7.804869565217391880e+01
7.797348484848484418e+01
7.763825757575757791e+01
7.850363636363636033e+01
7.807999999999999829e+01
7.888571428571428612e+01
7.806666666666666288e+01
7.814855072463768693e+01
7.785999999999999943e+01
7.865999999999999659e+01
7.845238095238094900e+01
7.833090909090908838e+01
7.901399999999999579e+01
7.682986111111111427e+01
7.936799999999999500e+01
7.841865079365079794e+01
7.825378787878787534e+01
7.939374999999999716e+01
7.815340909090909349e+01
7.901333333333333542e+01
7.797159090909090651e+01
7.908958333333333712e+01
7.751795841209829518e+01
7.860119047619048160e+01
7.919428571428571217e+01
7.796401515151515582e+01
7.880871212121212466e+01
7.857738095238094900e+01
7.654513888888888573e+01
7.935599999999999454e+01
7.853714285714285381e+01
7.900799999999999557e+01
7.862857142857143344e+01
7.715272727272727593e+01
7.938958333333333428e+01
7.868545454545454731e+01
7.860119047619048160e+01
7.756150793650793673e+01
7.781250000000000000e+01
7.908522727272726627e+01
7.819454545454544814e+01
7.851515151515151558e+01
7.898749999999999716e+01
7.854960317460317754e+01
7.924571428571428555e+01
7.867809523809523853e+01
7.851515151515151558e+01
7.824007936507936734e+01
7.881399999999999295e+01
7.882399999999999807e+01
7.835090909090908440e+01
7.843272727272727707e+01
7.866666666666667140e+01
7.938800000000000523e+01
7.918600000000000705e+01
7.939166666666666572e+01
7.863492063492063266e+01
7.883818181818182325e+01
7.832142857142856940e+01
7.834666666666666401e+01
7.891666666666667140e+01
7.857142857142856940e+01
7.881904761904762324e+01
7.809722222222222854e+01
7.812500000000000000e+01
7.775543478260870245e+01
7.554487179487179560e+01
7.839238095238094672e+01
7.946031746031745513e+01
7.887301587301587347e+01
7.892952380952381475e+01
7.945039682539682246e+01
7.912000000000000455e+01
7.917857142857143060e+01
