1.133236363636363677e+02
1.126159420289855007e+02
1.141428571428571388e+02
1.135333333333333314e+02
1.129200000000000017e+02
1.134450757575757507e+02
1.125217391304347814e+02
1.129090909090909065e+02
1.140932539682539613e+02
1.131742424242424221e+02
1.146140000000000043e+02
1.144801587301587347e+02
1.130527272727272674e+02
1.138285714285714221e+02
1.131780303030302974e+02
1.142222222222222285e+02
1.130199999999999960e+02
1.153831578947368399e+02
1.132803030303030312e+02
1.148447204968944106e+02
1.138761904761904731e+02
1.147099999999999937e+02
1.140380952380952380e+02
1.126052173913043504e+02
1.128351449275362341e+02
1.137295238095238119e+02
1.131950757575757507e+02
1.141587301587301653e+02
1.130132575757575779e+02
1.119843478260869603e+02
1.131287878787878753e+02
1.132266666666666737e+02
1.132500000000000000e+02
1.127594696969697026e+02
1.135199999999999960e+02
1.132490909090909099e+02
1.128018181818181773e+02
1.126920289855072497e+02
1.134990476190476159e+02
1.118765217391304390e+02
1.145750000000000028e+02
1.134318181818181870e+02
1.138115079365079367e+02
1.132386363636363598e+02
1.139980158730158735e+02
1.125618181818181824e+02
1.135972222222222285e+02
1.132121212121212182e+02
1.130606060606060623e+02
1.126981818181818227e+02
1.136380952380952323e+02
1.139305555555555571e+02
1.133560606060606091e+02
1.134848484848484844e+02
1.126938405797101410e+02
1.136818181818181870e+02
1.140813492063492021e+02
1.126591304347826110e+02
1.134469696969697026e+02
1.136133333333333297e+02
1.138789682539682531e+02
1.145937500000000000e+02
1.137199999999999989e+02
1.142537878787878753e+02
1.145942028985507193e+02
1.163690476190476204e+02
1.159466666666666725e+02
1.153532608695652186e+02
1.163511904761904816e+02
1.153854545454545502e+02
1.160158730158730123e+02
1.150963636363636340e+02
1.160000000000000000e+02
1.157935606060606091e+02
1.172937500000000028e+02
1.158844696969697026e+02
1.144765217391304333e+02
1.141599999999999966e+02
1.148768939393939377e+02
1.143409523809523876e+02
1.138036363636363575e+02
1.152420634920634939e+02
1.140636363636363626e+02
1.140745454545454578e+02
1.132481884057970944e+02
1.137784090909090935e+02
1.131485507246376869e+02
1.134236363636363620e+02
1.133333333333333286e+02
1.144821428571428612e+02
1.131666666666666714e+02
1.128945454545454510e+02
1.142896825396825449e+02
1.142304761904761961e+02
1.146880000000000024e+02
1.131720226843100221e+02
1.142420634920634939e+02
1.136266666666666652e+02
1.123260869565217348e+02
1.134933333333333394e+02
1.132613636363636402e+02
1.125000000000000000e+02
1.136476190476190453e+02
1.135885714285714272e+02
1.138055555555555571e+02
1.140178571428571388e+02
1.132462121212121247e+02
1.141865079365079367e+02
1.127800000000000011e+02
1.124490909090909128e+02
1.135352380952380997e+02
1.130492424242424221e+02
1.128527272727272788e+02
1.130909090909090935e+02
1.122295652173913112e+02
1.140119047619047592e+02
1.136342857142857099e+02
1.136079545454545467e+02
1.138952380952380992e+02
1.127228260869565162e+02
1.112283333333333388e+02
1.137222222222222285e+02
1.127765151515151558e+02
1.117147826086956570e+02
1.128617424242424221e+02
1.127436363636363694e+02
1.133714285714285666e+02
1.131136363636363598e+02
1.126920289855072497e+02
1.127290909090909139e+02
1.127672727272727258e+02
1.128218181818181876e+02
1.114099999999999966e+02
1.114991304347826144e+02
1.120507246376811565e+02
1.127575757575757507e+02
1.144812500000000028e+02
1.120521739130434753e+02
1.136761904761904702e+02
1.128654545454545399e+02
1.131781818181818124e+02
1.131988636363636402e+02
1.136076190476190533e+02
1.148791666666666629e+02
1.133674242424242493e+02
1.131145454545454498e+02
1.136800000000000068e+02
1.132291666666666714e+02
1.127000000000000028e+02
1.136514285714285677e+02
1.130511363636363598e+02
1.129147727272727337e+02
1.126945454545454481e+02
1.136488095238095184e+02
1.131485714285714295e+02
1.127199999999999989e+02
1.126927272727272680e+02
1.131136363636363598e+02
1.141507936507936449e+02
1.132418181818181750e+02
1.140476190476190510e+02
1.122409420289855007e+02
1.133009523809523813e+02
1.127992424242424221e+02
1.131515151515151558e+02
1.139759999999999991e+02
1.141309523809523796e+02
1.131742424242424221e+02
1.124545454545454533e+02
1.124745454545454493e+02
1.128436363636363637e+02
1.128405797101449224e+02
1.136800000000000068e+02
1.132518939393939377e+02
1.138799999999999955e+02
1.126250000000000000e+02
1.135066666666666606e+02
1.127763636363636408e+02
1.140992063492063551e+02
1.138285714285714221e+02
1.128272727272727280e+02
1.136761904761904702e+02
1.137790476190476170e+02
1.137733333333333263e+02
1.138888888888888857e+02
1.136190476190476204e+02
1.144060000000000059e+02
1.124745454545454493e+02
1.137162698412698347e+02
1.132190476190476147e+02
1.130780952380952442e+02
1.137003968253968225e+02
1.133790476190476255e+02
1.128019047619047655e+02
1.128844696969697026e+02
1.124290909090909025e+02
1.132579365079365061e+02
1.129791666666666714e+02
1.131666666666666714e+02
1.130378787878787818e+02
1.139484126984126959e+02
1.125181159420289845e+02
1.133617424242424221e+02
1.128018181818181773e+02
1.131704545454545467e+02
1.137976190476190510e+02
1.139365079365079367e+02
1.136686507936507979e+02
1.136448412698412653e+02
1.115677083333333286e+02
1.133504761904761864e+02
1.120695652173913004e+02
1.148562500000000028e+02
1.130309090909090912e+02
1.144620000000000033e+02
1.137180952380952448e+02
1.133504761904761864e+02
1.135866666666666731e+02
1.130361904761904697e+02
1.134933333333333394e+02
1.132780952380952328e+02
1.125054545454545405e+02
1.124311594202898590e+02
1.137866666666666617e+02
1.127909090909090963e+02
1.137752380952380946e+02
1.136190476190476204e+02
1.136952380952380963e+02
1.141011904761904816e+02
1.125199275362318900e+02
1.131723484848484844e+02
1.139285714285714306e+02
1.130340909090909065e+02
1.140119047619047592e+02
1.134876190476190487e+02
1.126684782608695627e+02
1.134034090909090935e+02
1.126104347826086922e+02
1.129200000000000017e+02
1.135390476190476221e+02
1.127399999999999949e+02
1.121757246376811565e+02
1.124672727272727286e+02
1.131893939393939377e+02
1.125836363636363586e+02
1.125236363636363706e+02
1.131599999999999966e+02
1.129752380952380975e+02
1.136289682539682531e+02
1.129071969696969688e+02
1.130247619047619025e+02
1.119443478260869540e+02
1.141560000000000059e+02
1.136723809523809479e+02
1.137504761904761921e+02
1.133731060606060623e+02
1.127945454545454567e+02
1.133314285714285745e+02
1.135357142857142918e+02
1.126509090909090958e+02
1.137837301587301653e+02
1.127690909090909059e+02
1.132992424242424221e+02
1.120243478260869523e+02
1.134552380952381014e+02
1.127345454545454544e+02
1.138857142857142861e+02
1.127945454545454567e+02
1.138647619047619060e+02
1.132954545454545467e+02
1.128872727272727303e+02
1.129290909090909025e+02
1.126563636363636363e+02
1.140541666666666600e+02
1.137619047619047592e+02
1.137301587301587347e+02
1.139960317460317469e+02
1.114000000000000057e+02
1.141071428571428612e+02
1.140039682539682531e+02
1.139087301587301653e+02
1.120226086956521669e+02
1.118400000000000034e+02
1.126875000000000000e+02
1.130492424242424221e+02
1.124145454545454612e+02
1.124545454545454533e+02
1.133619047619047677e+02
1.138038095238095195e+02
1.125072463768115938e+02
1.125400000000000063e+02
1.128054545454545519e+02
1.137638888888888857e+02
1.123254545454545479e+02
1.137420000000000044e+02
1.116770833333333286e+02
1.144779999999999944e+02
1.138571428571428612e+02
1.131382575757575779e+02
1.145666666666666629e+02
1.131155303030302974e+02
1.130666666666666629e+02
1.128863636363636402e+02
1.145125000000000028e+02
1.123516068052930024e+02
1.137956349206349245e+02
1.132857142857142918e+02
1.133750000000000000e+02
1.129375000000000000e+02
1.138333333333333286e+02
1.113211805555555571e+02
1.141740000000000066e+02
1.133923809523809467e+02
1.141380000000000052e+02
1.133428571428571416e+02
1.124854545454545445e+02
1.142208333333333314e+02
1.120690909090909031e+02
1.138194444444444429e+02
1.133869047619047592e+02
1.117760416666666714e+02
1.133693181818181870e+02
1.131581818181818164e+02
1.138219696969697026e+02
1.150729166666666714e+02
1.136408730158730123e+02
1.135638095238095246e+02
1.132457142857142856e+02
1.132765151515151558e+02
1.137698412698412653e+02
1.139819999999999993e+02
1.142740000000000009e+02
1.128363636363636431e+02
1.127472727272727298e+02
1.139960317460317469e+02
1.142139999999999986e+02
1.144099999999999966e+02
1.149229166666666657e+02
1.137777777777777715e+02
1.127272727272727337e+02
1.135317460317460387e+02
1.130552380952380958e+02
1.136607142857142918e+02
1.141468253968253919e+02
1.135961904761904719e+02
1.134980158730158735e+02
1.128731060606060623e+02
1.121358695652173907e+02
1.103621794871794890e+02
1.131904761904761898e+02
1.139107142857142918e+02
1.138531746031746081e+02
1.136438095238095229e+02
1.139424603174603163e+02
1.142999999999999972e+02
1.140753968253968225e+02
