1.382599999999999909e+02
1.371956521739130324e+02
1.375972222222222285e+02
1.380495238095238051e+02
1.377436363636363694e+02
1.374583333333333428e+02
1.368532608695652186e+02
1.374218181818181677e+02
1.379107142857142776e+02
1.374659090909090935e+02
1.379819999999999993e+02
1.381329365079365061e+02
1.373963636363636454e+02
1.381314285714285575e+02
1.379507575757575637e+02
1.380734126984127101e+02
1.369399999999999977e+02
1.383157894736842195e+02
1.374356060606060623e+02
1.378799171842649969e+02
1.384228571428571399e+02
1.387319999999999993e+02
1.378914285714285768e+02
1.368643478260869699e+02
1.372681159420289987e+02
1.377752380952381088e+02
1.374772727272727195e+02
1.377896825396825307e+02
1.368617424242424363e+02
1.370486956521739046e+02
1.368844696969696884e+02
1.373314285714285745e+02
1.368049242424242493e+02
1.359810606060605949e+02
1.379295238095238005e+02
1.369690909090909088e+02
1.373327272727272828e+02
1.365471014492753739e+02
1.380666666666666629e+02
1.360678260869565293e+02
1.370541666666666742e+02
1.370719696969696884e+02
1.365456349206349103e+02
1.371875000000000000e+02
1.377003968253968367e+02
1.374945454545454595e+02
1.374325396825396695e+02
1.374981060606060623e+02
1.373825757575757507e+02
1.371200000000000045e+02
1.374990476190476159e+02
1.380912698412698489e+02
1.376079545454545325e+02
1.376420454545454675e+02
1.374257246376811565e+02
1.378465909090909065e+02
1.375714285714285836e+02
1.376243478260869608e+02
1.380378787878787818e+02
1.375466666666666526e+02
1.376448412698412653e+02
1.381125000000000114e+02
1.382057142857142935e+02
1.388844696969696884e+02
1.397373188405797180e+02
1.417261904761904816e+02
1.420419047619047603e+02
1.409891304347825951e+02
1.420654761904762040e+02
1.417654545454545314e+02
1.408710317460317469e+02
1.406745454545454663e+02
1.417771428571428487e+02
1.417253787878787818e+02
1.415104166666666572e+02
1.402405303030303116e+02
1.398834782608695662e+02
1.395947826086956525e+02
1.396401515151515014e+02
1.394571428571428555e+02
1.395836363636363728e+02
1.399285714285714164e+02
1.390927272727272737e+02
1.392672727272727400e+02
1.382409420289855007e+02
1.383541666666666572e+02
1.377844202898550634e+02
1.377818181818181813e+02
1.376837121212121247e+02
1.382777777777777715e+02
1.379365942028985614e+02
1.367127272727272782e+02
1.377777777777777715e+02
1.383314285714285745e+02
1.382659999999999911e+02
1.372948960302457522e+02
1.376984126984127101e+02
1.375600000000000023e+02
1.369311594202898448e+02
1.379980952380952317e+02
1.369962121212121247e+02
1.374109090909090867e+02
1.374190476190476318e+02
1.378552380952380929e+02
1.369543650793650897e+02
1.372480158730158735e+02
1.371742424242424363e+02
1.375496031746031633e+02
1.376127272727272839e+02
1.368872727272727161e+02
1.377980952380952431e+02
1.374678030303030312e+02
1.372690909090909201e+02
1.374734848484848442e+02
1.372539130434782635e+02
1.380972222222222285e+02
1.376590476190476124e+02
1.369034090909090935e+02
1.380476190476190368e+02
1.365706521739130324e+02
1.364416666666666629e+02
1.373750000000000000e+02
1.374526515151515014e+02
1.365913043478260818e+02
1.362556818181818130e+02
1.375800000000000125e+02
1.374533333333333474e+02
1.366988636363636260e+02
1.368496376811594075e+02
1.371218181818181847e+02
1.370945454545454538e+02
1.374454545454545382e+02
1.364149999999999920e+02
1.363913043478260931e+02
1.364438405797101552e+02
1.374071969696969688e+02
1.377812500000000000e+02
1.369286956521739000e+02
1.376438095238095229e+02
1.367599999999999909e+02
1.376018181818181745e+02
1.374109848484848442e+02
1.373085714285714403e+02
1.382979166666666799e+02
1.376780303030303116e+02
1.375272727272727309e+02
1.376514285714285677e+02
1.376287878787878753e+02
1.370000000000000000e+02
1.381942857142857122e+02
1.374318181818181870e+02
1.368219696969696884e+02
1.374581818181818278e+02
1.374761904761904816e+02
1.373161904761904850e+02
1.374872727272727388e+02
1.370600000000000023e+02
1.367140151515151558e+02
1.382460317460317469e+02
1.368709090909090946e+02
1.376726190476190368e+02
1.365072463768115938e+02
1.377104761904761858e+02
1.369791666666666572e+02
1.369356060606060623e+02
1.379159999999999968e+02
1.375456349206349103e+02
1.370303030303030312e+02
1.360781818181818323e+02
1.375600000000000023e+02
1.376527272727272759e+02
1.370742753623188435e+02
1.375352380952380997e+02
1.372291666666666572e+02
1.379733333333333292e+02
1.374791666666666572e+02
1.379542857142857031e+02
1.376509090909090958e+02
1.377480158730158735e+02
1.378304761904761904e+02
1.368781818181818153e+02
1.374799999999999898e+02
1.380895238095237971e+02
1.377638095238095275e+02
1.376388888888888857e+02
1.377676190476190357e+02
1.380140000000000100e+02
1.371563636363636363e+02
1.380198412698412653e+02
1.370533333333333417e+02
1.371580952380952283e+02
1.372361111111111143e+02
1.377352380952380884e+02
1.370247619047619025e+02
1.371363636363636260e+02
1.369127272727272668e+02
1.365218253968253919e+02
1.367310606060605949e+02
1.368162878787878753e+02
1.364375000000000000e+02
1.378234126984127101e+02
1.368152173913043441e+02
1.374981060606060623e+02
1.369272727272727366e+02
1.372878787878787818e+02
1.375634920634920775e+02
1.376329365079365061e+02
1.377916666666666572e+02
1.375476190476190368e+02
1.357170138888888857e+02
1.383923809523809609e+02
1.365582608695652311e+02
1.378270833333333201e+02
1.375090909090909008e+02
1.380600000000000023e+02
1.383904761904761926e+02
1.375523809523809575e+02
1.380780952380952442e+02
1.372723809523809564e+02
1.377752380952381088e+02
1.379238095238095241e+02
1.372581818181818107e+02
1.369963768115941889e+02
1.377523809523809462e+02
1.374218181818181677e+02
1.378095238095237960e+02
1.378514285714285847e+02
1.377923809523809382e+02
1.378968253968253919e+02
1.368750000000000000e+02
1.371799242424242493e+02
1.378234126984127101e+02
1.371553030303030312e+02
1.378234126984127101e+02
1.373238095238095298e+02
1.371739130434782510e+02
1.373087121212121247e+02
1.374626086956521647e+02
1.375763636363636238e+02
1.376647619047619173e+02
1.368545454545454447e+02
1.364492753623188435e+02
1.371509090909090958e+02
1.369526515151515014e+02
1.365290909090909111e+02
1.368345454545454629e+02
1.374952380952381077e+02
1.375695238095238153e+02
1.374503968253968367e+02
1.369943181818181870e+02
1.370590476190476181e+02
1.367895652173912993e+02
1.371179999999999950e+02
1.376209523809523887e+02
1.376876190476190516e+02
1.374867424242424363e+02
1.373454545454545439e+02
1.370228571428571342e+02
1.376309523809523796e+02
1.371418181818181949e+02
1.375932539682539755e+02
1.375200000000000102e+02
1.379431818181818130e+02
1.368486956521739160e+02
1.378799999999999955e+02
1.374509090909090787e+02
1.384533333333333474e+02
1.377199999999999989e+02
1.384514285714285791e+02
1.373503787878787818e+02
1.376690909090908974e+02
1.379836363636363501e+02
1.371145454545454641e+02
1.379375000000000000e+02
1.380535714285714164e+02
1.374523809523809632e+02
1.374583333333333428e+02
1.362533333333333303e+02
1.377361111111111143e+02
1.374365079365079225e+02
1.371269841269841265e+02
1.367182608695652277e+02
1.370886956521739251e+02
1.371363636363636260e+02
1.368768939393939377e+02
1.372890909090909020e+02
1.368490909090909042e+02
1.378419047619047717e+02
1.375580952380952340e+02
1.373170289855072497e+02
1.361363636363636260e+02
1.370999999999999943e+02
1.376746031746031633e+02
1.369472727272727184e+02
1.370999999999999943e+02
1.350017361111111143e+02
1.379199999999999875e+02
1.375396825396825307e+02
1.364753787878787818e+02
1.374687500000000000e+02
1.363939393939394051e+02
1.378076190476190561e+02
1.370852272727272805e+02
1.381958333333333258e+02
1.359300567107750339e+02
1.372242063492063551e+02
1.377028571428571411e+02
1.370246212121212182e+02
1.372329545454545325e+02
1.371726190476190368e+02
1.341041666666666572e+02
1.376519999999999868e+02
1.371409523809523705e+02
1.373640000000000043e+02
1.377161904761904623e+02
1.362490909090909099e+02
1.373437500000000000e+02
1.368254545454545337e+02
1.371825396825396695e+02
1.361051587301587347e+02
1.362777777777777715e+02
1.373295454545454675e+02
1.369799999999999898e+02
1.372613636363636260e+02
1.380187500000000114e+02
1.374742063492063551e+02
1.372228571428571513e+02
1.372552380952380986e+02
1.373996212121212182e+02
1.372003968253968367e+02
1.377560000000000002e+02
1.380200000000000102e+02
1.370527272727272816e+02
1.367872727272727218e+02
1.376666666666666572e+02
1.380219999999999914e+02
1.377580000000000098e+02
1.379083333333333314e+02
1.376805555555555429e+02
1.367709090909091003e+02
1.371646825396825307e+02
1.367371428571428567e+02
1.374523809523809632e+02
1.375952380952381020e+02
1.377885714285714300e+02
1.373452380952381020e+02
1.371988636363636260e+02
1.368623188405797180e+02
1.344038461538461604e+02
1.374304761904761847e+02
1.379404761904762040e+02
1.376349206349206327e+02
1.377580952380952510e+02
1.379682539682539755e+02
1.374619999999999891e+02
1.379900793650793673e+02
