0.000000000000000000e+00
0.000000000000000000e+00
0.000000000000000000e+00
0.000000000000000000e+00
0.000000000000000000e+00
0.000000000000000000e+00
0.000000000000000000e+00
0.000000000000000000e+00
0.000000000000000000e+00
0.000000000000000000e+00
0.000000000000000000e+00
0.000000000000000000e+00
0.000000000000000000e+00
0.000000000000000000e+00
0.000000000000000000e+00
0.000000000000000000e+00
2.819408824168658967e+01
2.944624835454146705e+01
3.006845238095237960e+01
0.000000000000000000e+00
0.000000000000000000e+00
3.074404432132963905e+01
3.075124653739612057e+01
3.119976498237367935e+01
3.105927698032961359e+01
3.061142993782879174e+01
3.018057520037718078e+01
3.018255813953488342e+01
0.000000000000000000e+00
3.657606837606837757e+01
4.085363408521303086e+01
4.480883032824780088e+01
4.547375415282392197e+01
4.725866608161474147e+01
4.641311881188119060e+01
4.606234015345268773e+01
0.000000000000000000e+00
0.000000000000000000e+00
0.000000000000000000e+00
4.782481238273921065e+01
4.790011074197120422e+01
4.828769841269841123e+01
4.749575242718446333e+01
4.769750566893424093e+01
4.708412698412698205e+01
4.632806776556776640e+01
0.000000000000000000e+00
4.553456959706959850e+01
4.596612729234088590e+01
4.532428571428571473e+01
0.000000000000000000e+00
4.648343685300206829e+01
0.000000000000000000e+00
4.633074994301345129e+01
4.656570512820513130e+01
0.000000000000000000e+00
4.176788482834994198e+01
3.988101151501467712e+01
3.917168262653898836e+01
3.781025641025640738e+01
3.817257085020242613e+01
3.819654274212645362e+01
3.770915032679738488e+01
3.752143182854537429e+01
0.000000000000000000e+00
0.000000000000000000e+00
0.000000000000000000e+00
0.000000000000000000e+00
0.000000000000000000e+00
3.727119047619047620e+01
0.000000000000000000e+00
3.669206579583938321e+01
0.000000000000000000e+00
3.626902536715621039e+01
3.627853773584905639e+01
3.676168831168831019e+01
3.645462713387241394e+01
3.645999544107590395e+01
3.716394736842105573e+01
3.847378640776698688e+01
3.822035480859010192e+01
3.876584587323301179e+01
3.812190476190475863e+01
3.914206730769230802e+01
3.662623539982030252e+01
0.000000000000000000e+00
0.000000000000000000e+00
3.275259433962263955e+01
3.254188034188034351e+01
3.199931616138591295e+01
3.292032710280373919e+01
3.311176337773763834e+01
3.473596454200084338e+01
3.353689727463312664e+01
3.312448700410396896e+01
3.367368421052631788e+01
3.543966040024257325e+01
3.596803254867771216e+01
3.641326530612244738e+01
3.634524627720504242e+01
3.869702970297029765e+01
3.883642930856553477e+01
0.000000000000000000e+00
3.469859544093944237e+01
3.457308970099667533e+01
3.556995581737849932e+01
0.000000000000000000e+00
0.000000000000000000e+00
0.000000000000000000e+00
3.144679487179487154e+01
3.172021575984990704e+01
3.096290737564322626e+01
3.115296655879180321e+01
3.168203883495145590e+01
3.067330353514831387e+01
3.121160488141837419e+01
3.104491564067487630e+01
3.088166894664842843e+01
3.066333333333333400e+01
3.130050505050505194e+01
0.000000000000000000e+00
0.000000000000000000e+00
0.000000000000000000e+00
0.000000000000000000e+00
0.000000000000000000e+00
0.000000000000000000e+00
0.000000000000000000e+00
2.765972057778830262e+01
2.989690721649484573e+01
2.876614804337576459e+01
2.995278365045806979e+01
2.983196534427724700e+01
3.014562289562289621e+01
2.975153863688169764e+01
2.978443649373881996e+01
3.013095238095237960e+01
2.945473251028806416e+01
2.863582018173122989e+01
0.000000000000000000e+00
0.000000000000000000e+00
0.000000000000000000e+00
0.000000000000000000e+00
0.000000000000000000e+00
0.000000000000000000e+00
0.000000000000000000e+00
0.000000000000000000e+00
0.000000000000000000e+00
2.870687858259510250e+01
0.000000000000000000e+00
0.000000000000000000e+00
0.000000000000000000e+00
0.000000000000000000e+00
2.882109141146672826e+01
0.000000000000000000e+00
0.000000000000000000e+00
0.000000000000000000e+00
0.000000000000000000e+00
0.000000000000000000e+00
0.000000000000000000e+00
0.000000000000000000e+00
0.000000000000000000e+00
0.000000000000000000e+00
0.000000000000000000e+00
0.000000000000000000e+00
0.000000000000000000e+00
0.000000000000000000e+00
0.000000000000000000e+00
0.000000000000000000e+00
0.000000000000000000e+00
0.000000000000000000e+00
0.000000000000000000e+00
0.000000000000000000e+00
0.000000000000000000e+00
0.000000000000000000e+00
0.000000000000000000e+00
0.000000000000000000e+00
0.000000000000000000e+00
0.000000000000000000e+00
0.000000000000000000e+00
0.000000000000000000e+00
0.000000000000000000e+00
0.000000000000000000e+00
0.000000000000000000e+00
2.919216570959803292e+01
0.000000000000000000e+00
0.000000000000000000e+00
0.000000000000000000e+00
0.000000000000000000e+00
0.000000000000000000e+00
0.000000000000000000e+00
0.000000000000000000e+00
0.000000000000000000e+00
0.000000000000000000e+00
0.000000000000000000e+00
0.000000000000000000e+00
0.000000000000000000e+00
0.000000000000000000e+00
0.000000000000000000e+00
4.586149267399267160e+01
4.711439842209072992e+01
4.855533694048204296e+01
5.081269349845201333e+01
4.864293085655314997e+01
0.000000000000000000e+00
4.448762376237623783e+01
4.464462365591398196e+01
4.488969017094017033e+01
0.000000000000000000e+00
0.000000000000000000e+00
0.000000000000000000e+00
0.000000000000000000e+00
0.000000000000000000e+00
2.755701061187626877e+01
0.000000000000000000e+00
3.638054281345565499e+01
4.631991744066047545e+01
5.618915284625728646e+01
6.165647990945105050e+01
5.912658569500674588e+01
5.787413090385998515e+01
5.834210526315789735e+01
5.699424385138670601e+01
5.686702127659574302e+01
5.608816056910568904e+01
5.620289855072464036e+01
5.567526315789474012e+01
5.485897435897435770e+01
5.523157894736841911e+01
5.495621118012422102e+01
5.393124999999999858e+01
5.368673780487804947e+01
5.414377406931964032e+01
5.234017812963879379e+01
5.376507675438596578e+01
5.361617458279845749e+01
5.281933904528763435e+01
5.369479166666666714e+01
5.325194870505406186e+01
5.362772785622593119e+01
5.321041666666666714e+01
5.353048780487804947e+01
5.300502891626854307e+01
5.411024844720496674e+01
5.428229813664596293e+01
5.280638297872340559e+01
5.263977541371158253e+01
5.327680491551459596e+01
5.332967032967032850e+01
5.331868131868132110e+01
5.373561381074168963e+01
5.265881642512077576e+01
5.339472049689440780e+01
5.348611111111111427e+01
5.212109375000000000e+01
5.334037267080745437e+01
5.311081242532855384e+01
5.170300387596898872e+01
5.139922480620155198e+01
5.305217391304347530e+01
5.243463541666666572e+01
5.267552182163187524e+01
5.252688172043010439e+01
5.160513739545997680e+01
4.917155612244897611e+01
5.206451612903225623e+01
5.188829787234042357e+01
5.267409733124019056e+01
5.294437340153452709e+01
5.159170506912442278e+01
5.217323852617970203e+01
5.149400921658985908e+01
5.151220275344180521e+01
5.087027186761229558e+01
5.043674525589419488e+01
5.032451127819548731e+01
5.075679669030732555e+01
5.077820760799484390e+01
5.050644745325596574e+01
5.072442396313363844e+01
5.055944700460829466e+01
5.002765957446808187e+01
5.038080495356037147e+01
5.003221884498480421e+01
5.023622291021671771e+01
5.032352941176470296e+01
5.041733746130030624e+01
5.044147465437787758e+01
5.040175219023780073e+01
5.049092615769712467e+01
5.061295369211514128e+01
5.124627329192546910e+01
5.006317737245572630e+01
5.021956521739130608e+01
5.063610763454317976e+01
4.945994993742177570e+01
4.904318936877076140e+01
4.847911722828666115e+01
5.070332480818414211e+01
5.076589861751151744e+01
5.050219023779724381e+01
5.024604680581909832e+01
5.072044917257683494e+01
4.941030927835051756e+01
5.042115143929912335e+01
4.930537937514681346e+01
5.052319508448540830e+01
5.043043478260869250e+01
4.968139420716740062e+01
5.057884856070087665e+01
5.047736842105263122e+01
5.088931056293485256e+01
4.929544375889890517e+01
0.000000000000000000e+00
0.000000000000000000e+00
0.000000000000000000e+00
0.000000000000000000e+00
0.000000000000000000e+00
0.000000000000000000e+00
0.000000000000000000e+00
0.000000000000000000e+00
0.000000000000000000e+00
0.000000000000000000e+00
0.000000000000000000e+00
5.060276497695852527e+01
5.062455197132616291e+01
4.937702773417058921e+01
5.027717078780908366e+01
5.029967948717948900e+01
4.986868686868687206e+01
5.021064301552106457e+01
4.923448124588725250e+01
4.962557392102846876e+01
4.952410468319559556e+01
4.866814551907719277e+01
5.011963557899784405e+01
4.999642857142857366e+01
5.024950213371266017e+01
4.922722747635639706e+01
4.995953608247423006e+01
5.067720364741641248e+01
5.048437500000000000e+01
5.111439665471923632e+01
5.039907834101382633e+01
5.122841316389703792e+01
5.028556910569106009e+01
4.960983346550356998e+01
5.063033536585366079e+01
5.072729631551634810e+01
5.082884856070087665e+01
4.993512851897185101e+01
4.965586647029945766e+01
5.029492284718765660e+01
5.005410036719706568e+01
5.056254589963280210e+01
4.917794710891976706e+01
4.991051136363636687e+01
4.859873188405796895e+01
4.882772050400916442e+01
4.805114792211566055e+01
4.954063773675377291e+01
5.025215311004784979e+01
4.930712059458163310e+01
4.878029782359678990e+01
4.933310185185185048e+01
0.000000000000000000e+00
4.952608187134502771e+01
4.954615200191800284e+01
4.896869202226345408e+01
4.864784442361762018e+01
4.880274914089346794e+01
4.906089666746583333e+01
4.943284290460370300e+01
0.000000000000000000e+00
4.888148148148147953e+01
4.942701863354037073e+01
4.869556025369978869e+01
4.883960573476702649e+01
4.930206830206829949e+01
4.998546934030805033e+01
4.938770325203252298e+01
4.842853795688846930e+01
4.874141929499072035e+01
4.826358695652174191e+01
0.000000000000000000e+00
0.000000000000000000e+00
0.000000000000000000e+00
