8.618228031953522361e+01
8.985868392664508519e+01
1.013769668563776349e+02
1.038015109890109926e+02
1.114906490649064921e+02
1.180742307692307662e+02
1.243015993907083043e+02
1.271041181041181005e+02
1.285723533891850821e+02
1.299383092155369468e+02
1.313301599390708247e+02
1.325978674790555942e+02
1.341438461538461411e+02
1.359459253617669390e+02
1.374767707539984656e+02
1.399525925925925947e+02
1.401144444444444446e+02
1.403838461538461502e+02
1.402996296296296350e+02
1.402755555555555418e+02
1.407156435643564407e+02
1.403399339933993417e+02
1.395564285714285688e+02
1.401814814814814838e+02
1.408537699923838602e+02
1.410308453922315266e+02
1.410369383092155431e+02
1.405366666666666617e+02
1.403644510828976877e+02
1.402446958981612397e+02
1.398411927877947392e+02
1.403974074074073997e+02
1.403788888888888948e+02
1.403325925925925901e+02
1.400207407407407345e+02
1.399321074964639422e+02
1.402164688960805563e+02
1.398978076379066522e+02
1.402686084142394805e+02
1.400236916548797694e+02
1.397030812324929911e+02
1.394932142857142878e+02
1.393447293447293589e+02
1.390726072607260733e+02
1.395669233590025726e+02
1.394855152181884819e+02
1.392933626696002989e+02
1.385424328147100539e+02
1.390561056105610476e+02
1.390774074074074065e+02
1.383010634396773071e+02
1.385192447349310214e+02
1.384301430143014215e+02
1.383888888888888857e+02
1.380582524271844704e+02
1.384237037037036941e+02
1.376959084604715713e+02
1.384517785111844432e+02
1.383365695792880388e+02
1.383908665947500936e+02
1.392319116527037295e+02
1.387335490830636502e+02
1.390399999999999920e+02
1.385965480043149967e+02
1.383643543956044084e+02
1.385924369747899050e+02
1.389662632929959614e+02
1.384810924369747909e+02
1.389892857142857281e+02
1.391180784745141068e+02
1.383289655172413859e+02
1.390707142857142742e+02
1.392661064425770405e+02
1.392142618011382638e+02
1.394408831908831985e+02
1.395063649222065010e+02
1.389915966386554658e+02
1.385551317614424534e+02
1.389119021934556031e+02
1.384557142857142935e+02
1.385834512022630918e+02
1.379597780859916725e+02
1.388034470113678083e+02
1.386237037037037112e+02
1.384807480748074795e+02
1.384733333333333292e+02
1.381333333333333258e+02
1.373196605374823207e+02
1.369941620879120876e+02
1.379384615384615245e+02
1.369098302687411604e+02
1.366446078431372655e+02
1.373655555555555452e+02
1.371550472040668183e+02
1.368546918767507066e+02
1.374891822515585034e+02
1.371568627450980387e+02
1.380065359477124218e+02
1.376685159500693487e+02
1.380893246187363843e+02
1.383975064173083922e+02
1.381190994916485124e+02
1.383486562942008504e+02
1.385392857142857110e+02
1.381807142857142878e+02
1.338634212305611868e+02
nan
0.000000000000000000e+00
0.000000000000000000e+00
0.000000000000000000e+00
0.000000000000000000e+00
0.000000000000000000e+00
0.000000000000000000e+00
0.000000000000000000e+00
0.000000000000000000e+00
0.000000000000000000e+00
0.000000000000000000e+00
nan
1.310552577319587613e+02
1.319248141795311540e+02
nan
1.295011278195488842e+02
1.287269119769119641e+02
1.332735353535353511e+02
1.356156462585034035e+02
1.361418558077436671e+02
1.374192592592592632e+02
1.379136000000000024e+02
1.393295454545454675e+02
1.408067326732673337e+02
1.420833333333333428e+02
1.433382178217821661e+02
1.448274999999999864e+02
1.439725490196078397e+02
1.442693069306930624e+02
1.436776923076922969e+02
1.455330693069306847e+02
1.471845833333333360e+02
1.456235997012695975e+02
1.470282352941176498e+02
1.459479638009049722e+02
1.460637254901960773e+02
1.467768000000000086e+02
1.475135999999999967e+02
1.476752450980392268e+02
1.475339999999999918e+02
1.479497549019607732e+02
1.469151999999999987e+02
1.461641279512566598e+02
1.463963999999999999e+02
1.446070068545316190e+02
1.435836030204962128e+02
1.425560224089635994e+02
1.425541031227305666e+02
1.425704429920116070e+02
1.429996296296296237e+02
1.426050420168067205e+02
1.428201357466063257e+02
1.429083063646170331e+02
1.427022653721682843e+02
1.436042120551924484e+02
1.437011367803447115e+02
1.443470370370370404e+02
1.437616892911010495e+02
1.438224400871459636e+02
1.442673637042568942e+02
1.442572815533980588e+02
1.439901960784313815e+02
1.447658371040724035e+02
1.438366013071895395e+02
1.445829629629629665e+02
1.380159863945578138e+02
nan
nan
nan
1.293959999999999866e+02
nan
1.283049768518518476e+02
1.378700265251989379e+02
1.434311224489795791e+02
1.447890196078431302e+02
1.462884304207119612e+02
1.453090614886731373e+02
1.449396153846153936e+02
1.452504084967320352e+02
1.441788888888888778e+02
1.449923139158576078e+02
1.449341203351104355e+02
1.454198019801980308e+02
1.454261538461538521e+02
1.454399999999999977e+02
1.453107387661843006e+02
1.453823529411764639e+02
1.451598207617625178e+02
1.450644796380090611e+02
1.445277366863905399e+02
1.445081360946745690e+02
1.450860624523990907e+02
1.449537254901960921e+02
1.451698400609291753e+02
1.443302857142857079e+02
1.450342726580350359e+02
1.452855445544554414e+02
1.447937405731523484e+02
1.456408000000000129e+02
1.455495999999999981e+02
1.454580769230769306e+02
1.458896000000000015e+02
1.452769230769230830e+02
1.461039603960396107e+02
1.462169966996699770e+02
1.453869002284843930e+02
1.457029629629629710e+02
1.449859467455621314e+02
1.461549514563106698e+02
1.458593514328808567e+02
1.454767707539984656e+02
1.453211764705882274e+02
1.480835126990959907e+02
1.513356907119283221e+02
1.524362786745964229e+02
1.515521390374331645e+02
1.510017825311942943e+02
1.475938775510203982e+02
1.431970695970695999e+02
1.409143686502177104e+02
1.391700176366842925e+02
1.405560439560439647e+02
1.414205128205128119e+02
1.412058608058607945e+02
1.399894775036284500e+02
1.380819554277498185e+02
1.371286982248520587e+02
1.350577058409570839e+02
1.349043126684636036e+02
1.340754716981132049e+02
1.335741704619388486e+02
1.332287735849056673e+02
1.328770331815224495e+02
1.327299387689332946e+02
1.325423783435385019e+02
1.323918788269416780e+02
1.321661139583961528e+02
1.327267520215633283e+02
1.320520694259012089e+02
1.318167305236270863e+02
1.314959876543209987e+02
1.320853211009174402e+02
1.320925925925925810e+02
1.320157911698356372e+02
1.325684675501189247e+02
1.322053571428571388e+02
1.325398322851152955e+02
1.319058109833972026e+02
1.329869826435246978e+02
1.322203065134099518e+02
1.327917222963951929e+02
1.323671562082776916e+02
1.326743295019157074e+02
1.320629547611515306e+02
1.321795037060908840e+02
1.325859788359788354e+02
1.328220164609053597e+02
1.320530012771392023e+02
1.321648148148148039e+02
1.327115151515151581e+02
1.337285669092059379e+02
1.338407992265549353e+02
1.336510903426791401e+02
1.334199522102748006e+02
1.334412515964240242e+02
1.337905491698595029e+02
1.338464240102171061e+02
1.334580246913580197e+02
1.328454861111111143e+02
1.324512614678899070e+02
1.317803819444444571e+02
1.309796091758708485e+02
1.307075163398692723e+02
1.338685751463890767e+02
1.352671703296703356e+02
1.354360079575596956e+02
1.354877551020408077e+02
1.351057692307692264e+02
1.349614604462474574e+02
1.349961858529819665e+02
1.337745098039215748e+02
1.332346179851250838e+02
1.337167857142857201e+02
1.334674681753889729e+02
1.338025000000000091e+02
1.337489597780860038e+02
1.333504641909814268e+02
1.338958821560093781e+02
1.349794908062234811e+02
1.354051120448179404e+02
1.355993103448275861e+02
1.361304935767410313e+02
1.368829561527581404e+02
1.368258159149248172e+02
1.363292995966263277e+02
1.364402404526166777e+02
1.373239285714285813e+02
1.371887810140237320e+02
1.131520019180052685e+02
0.000000000000000000e+00
0.000000000000000000e+00
0.000000000000000000e+00
nan
nan
nan
1.231205617382087922e+02
1.237107843137254832e+02
nan
1.304944760629394125e+02
1.317336182336182446e+02
1.321650485436893234e+02
1.318488210818307778e+02
1.316390796703296644e+02
1.324968487394957890e+02
1.324565649867373907e+02
1.328307905686546349e+02
1.322500870776732711e+02
1.324121428571428680e+02
1.327792207792207932e+02
1.328019480519480453e+02
1.333095238095237960e+02
1.332199531302310049e+02
1.339972260748959911e+02
1.348038137147048019e+02
1.347454923717059501e+02
1.345161064425770405e+02
1.349204253758709342e+02
1.345024271844660291e+02
1.341198489010988908e+02
1.346050212164073514e+02
1.346386554621848859e+02
1.344212898751733576e+02
1.345563725490196134e+02
1.343474341192787733e+02
1.346418067226890685e+02
1.344453983516483504e+02
1.348327939590075459e+02
1.348935185185185048e+02
1.347282312925169947e+02
1.349917582417582480e+02
1.352297734627831574e+02
1.351047156726768321e+02
1.346343537414965965e+02
1.349490968801313500e+02
1.351893103448275895e+02
1.353455782312925066e+02
1.351771978021978100e+02
1.348914835164835040e+02
nan
nan
nan
0.000000000000000000e+00
0.000000000000000000e+00
1.165553216374268999e+02
1.163291223404255277e+02
nan
1.233088235294117680e+02
nan
nan
nan
1.347081529581529651e+02
1.365811119573495773e+02
1.367539208364451042e+02
1.370387840670859418e+02
1.374672364672364608e+02
1.374797344514325630e+02
1.376225749559082772e+02
1.375427749820273107e+02
1.374627865961199404e+02
1.372365747460086993e+02
1.369154437456324160e+02
1.368732600732600702e+02
1.363421768707482897e+02
1.362906525573192198e+02
1.367630036630036727e+02
1.369164201183431828e+02
1.370155325443786865e+02
1.369308641975308660e+02
1.366570512820512704e+02
1.373364779874213752e+02
1.374816849816849924e+02
1.368293527172031929e+02
1.367259679572763673e+02
1.375018491124260436e+02
1.368165455174801082e+02
1.370090845562543791e+02
1.369916142557651995e+02
1.366346153846153868e+02
1.370797178130511327e+02
1.376335097001763756e+02
1.377357549857549941e+02
1.378014053254437954e+02
1.372638015373864562e+02
1.377900069881201830e+02
1.371435626102292815e+02
1.376425576519916092e+02
1.378490299823633052e+02
1.378356261022927640e+02
1.377728395061728293e+02
1.382038800705467452e+02
1.381034013605442112e+02
1.378383190883190821e+02
1.377678571428571388e+02
1.381201814058956927e+02
1.379047619047618980e+02
1.377582110412299130e+02
1.379629762760604024e+02
1.374857142857142946e+02
1.374948717948717842e+02
1.368779541446208157e+02
1.369710758377425179e+02
1.370380952380952522e+02
1.370758136094674455e+02
1.362515723270440162e+02
1.371614658925979597e+02
1.370119929453262841e+02
1.369318103149878709e+02
1.377668571428571340e+02
1.377354716981132015e+02
1.374348290598290703e+02
1.369350961538461604e+02
1.360088435374149753e+02
1.183637906647807654e+02
0.000000000000000000e+00
0.000000000000000000e+00
0.000000000000000000e+00
0.000000000000000000e+00
0.000000000000000000e+00
0.000000000000000000e+00
0.000000000000000000e+00
0.000000000000000000e+00
0.000000000000000000e+00
0.000000000000000000e+00
nan
nan
nan
1.263797235023041452e+02
1.295755968169761161e+02
1.302741379310344882e+02
1.310530410183875460e+02
1.312492857142857190e+02
1.302078571428571365e+02
1.294653361344537927e+02
1.290525000000000091e+02
1.287478025693035875e+02
1.288856100795755992e+02
1.291930358350236645e+02
1.294052545155993528e+02
1.299940886699507416e+02
1.309790521978021900e+02
1.312881181318681456e+02
1.309903846153846132e+02
1.313168965517241418e+02
1.316718528995756685e+02
1.311607142857142776e+02
1.310453296703296644e+02
1.307057016046432238e+02
1.310974999999999966e+02
1.306365517241379450e+02
1.307479195561719791e+02
1.306265517241379257e+02
1.320157142857142958e+02
1.315737931034482813e+02
1.322489795918367292e+02
1.323557823129251574e+02
1.325708689458689378e+02
1.323308823529411882e+02
1.318433497536945822e+02
1.323591836734693743e+02
1.322755305039787856e+02
1.329626068376068417e+02
1.326170424403183006e+02
1.333372507122507216e+02
1.327628294036061050e+02
1.328656084656084602e+02
1.325711416136591936e+02
1.325436666666666667e+02
1.335000000000000000e+02
1.332696871628910458e+02
1.333970797720797634e+02
1.330641470180305248e+02
1.330694885361552053e+02
1.325701372614663569e+02
1.325117891816920803e+02
1.331279794646131336e+02
1.330647249190938624e+02
1.326522191400832185e+02
1.325785440613026935e+02
1.333279532967032992e+02
1.332537774725274744e+02
1.324127984084880723e+02
1.332484717727436134e+02
1.323925729442970862e+02
1.327596153846153868e+02
1.325982591228657554e+02
1.330082704063286485e+02
1.328162531463502205e+02
1.332538461538461547e+02
1.327871428571428680e+02
1.334450549450549488e+02
1.331289173789173788e+02
1.328515950069348150e+02
1.328723994452149668e+02
1.330733618233618358e+02
1.331397959183673549e+02
1.331029304029304114e+02
1.334116809116809179e+02
1.336766381766381642e+02
1.338387573964496937e+02
1.332860610263522858e+02
1.334398148148148096e+02
1.339011147069399499e+02
1.333988603988603927e+02
1.333146350233728867e+02
1.336974852071005841e+02
1.326272108843537296e+02
1.332044159544159641e+02
1.330327220424307768e+02
1.323799319727891088e+02
1.328338727076591113e+02
1.326610761705101424e+02
1.333959007551240461e+02
1.332565880721220424e+02
1.341449430199430140e+02
1.334687933425797439e+02
1.342389601139601041e+02
1.336966019417475593e+02
1.337419017763845375e+02
1.338018207282913181e+02
1.334469486823855675e+02
1.333696255201109580e+02
1.336590413943355031e+02
1.339439880507841565e+02
1.333891156462585172e+02
nan
nan
0.000000000000000000e+00
0.000000000000000000e+00
0.000000000000000000e+00
0.000000000000000000e+00
0.000000000000000000e+00
nan
nan
nan
1.299191176470588118e+02
1.393917525773195791e+02
1.446935415787251884e+02
1.461269841269841265e+02
