0.000000000000000000e+00
8.673984468339307341e+01
8.889625080801550894e+01
8.426691729323307811e+01
8.587082066869301400e+01
8.688390092879257054e+01
8.667494089834515592e+01
8.733312693498452006e+01
8.813598987982290112e+01
8.711170848267622091e+01
8.687293144208037177e+01
8.767188009123492520e+01
8.696714643304130732e+01
8.475598958333333144e+01
8.475989583333333144e+01
8.731458646616540875e+01
8.264995313964385559e+01
8.733811230585423857e+01
8.634751773049644896e+01
8.420000000000000284e+01
8.554864311315924397e+01
8.781633291614518555e+01
8.827511820330968817e+01
8.821624850657109107e+01
8.540709661951569842e+01
8.378260869565217206e+01
8.663611111111110574e+01
8.474730280508271107e+01
8.640281771132835331e+01
8.537307117969139370e+01
8.825045592705167508e+01
8.405403525046382640e+01
8.735614035087719742e+01
8.850568356374807877e+01
8.763669172932330298e+01
8.749298245614035352e+01
8.667204301075268802e+01
8.800232490555070797e+01
8.415306122448978954e+01
8.851489361702127212e+01
8.425000000000000000e+01
8.838268321513002945e+01
8.643331603528801566e+01
8.848297491039426177e+01
8.560987185571903524e+01
8.953732718894009679e+01
8.869240121580547509e+01
0.000000000000000000e+00
0.000000000000000000e+00
0.000000000000000000e+00
8.893525835866260820e+01
0.000000000000000000e+00
8.896739130434782794e+01
0.000000000000000000e+00
8.922346547314577947e+01
8.535517918507609636e+01
8.908015513897866811e+01
8.830691244239631033e+01
0.000000000000000000e+00
0.000000000000000000e+00
8.922496706192357863e+01
8.799447004608295231e+01
8.899155193992490354e+01
8.568112244897959329e+01
8.881843317972349894e+01
8.911981566820276157e+01
8.904700460829492670e+01
8.647186982901268948e+01
8.801812596006143963e+01
8.835477053140097325e+01
8.844027898866607984e+01
8.940368663594469467e+01
8.923580917874396334e+01
8.678479381443298735e+01
0.000000000000000000e+00
8.584071677451468929e+01
8.868025362318840621e+01
8.437863372093023884e+01
8.743232860520095073e+01
8.531039794608471993e+01
8.891368286445012359e+01
8.853978494623656559e+01
8.444800777453838236e+01
8.927653452685422053e+01
8.831745524296675853e+01
8.820215053763440949e+01
8.730256570713392250e+01
0.000000000000000000e+00
8.745319418089816565e+01
8.630346475507765547e+01
8.694039938556068137e+01
8.768216318785579233e+01
8.775652173913043441e+01
8.675813516896120348e+01
8.795172634271099810e+01
8.927026143790850199e+01
8.867807103290974169e+01
8.588328267477203326e+01
8.707699275362318758e+01
8.810980775496904016e+01
8.814130434782609314e+01
8.872043010752688019e+01
8.940336134453781369e+01
8.775418160095578912e+01
8.740336879432624073e+01
8.798566308243727008e+01
8.818753799392096937e+01
8.816787439613526089e+01
8.852565284178187710e+01
8.640730994152046662e+01
0.000000000000000000e+00
0.000000000000000000e+00
8.805882352941176805e+01
8.785732165206508171e+01
8.763496376811593791e+01
8.718155111633372201e+01
8.688416075650118842e+01
8.678930260047280854e+01
0.000000000000000000e+00
8.800559006211180701e+01
8.681914893617020823e+01
8.724103942652330090e+01
8.714307048984468906e+01
8.434021901443503566e+01
8.822281959378733518e+01
8.434047795023404603e+01
8.770340501792114196e+01
8.713504111321948642e+01
8.755611559139785527e+01
9.024680134680134813e+01
8.655596465390280514e+01
8.683500557413600518e+01
9.229327199539964965e+01
8.924654654654653996e+01
9.202364672364672060e+01
8.872805719921105094e+01
8.520324748040313523e+01
8.377277686852154659e+01
8.610005973715651351e+01
8.344878324844368933e+01
7.868533333333333246e+01
7.716732080148729267e+01
0.000000000000000000e+00
7.591081022995916783e+01
7.718089053803339539e+01
7.955624688899949604e+01
7.541293964394267846e+01
7.884557291666666856e+01
7.628363087754588889e+01
7.689131578947367984e+01
7.688385416666666572e+01
7.538846544715447351e+01
7.419266277939748022e+01
0.000000000000000000e+00
0.000000000000000000e+00
0.000000000000000000e+00
0.000000000000000000e+00
0.000000000000000000e+00
0.000000000000000000e+00
0.000000000000000000e+00
0.000000000000000000e+00
7.418225806451613380e+01
0.000000000000000000e+00
0.000000000000000000e+00
7.266586073500967302e+01
0.000000000000000000e+00
0.000000000000000000e+00
0.000000000000000000e+00
7.040864939870490957e+01
0.000000000000000000e+00
7.294423605901475582e+01
7.368857509627727609e+01
7.271925813008130035e+01
6.992291471415182968e+01
7.178922888616891385e+01
7.125365619755454816e+01
7.433259790402647127e+01
7.290815789473684561e+01
7.415937587071607595e+01
7.295823420565687911e+01
7.444779516358464377e+01
7.661366758241757680e+01
7.392955043859649322e+01
7.795638736263735780e+01
7.278482972136222884e+01
7.147662601626016965e+01
7.265265957446808898e+01
7.247368421052631504e+01
7.320516717325227773e+01
7.419024122807017818e+01
7.246536458333333997e+01
7.261021505376344010e+01
7.278218345228654584e+01
7.050522069292833294e+01
7.282626896912611869e+01
7.150859106529209441e+01
7.177025462962963331e+01
7.100023975065931836e+01
7.307679914070891414e+01
6.937617411225659225e+01
7.233313696612665922e+01
7.022306597057428235e+01
7.308458646616541898e+01
7.148158287705325620e+01
7.087003968253968367e+01
6.993958283385279628e+01
7.457161125319693440e+01
7.289209401709402414e+01
7.379723502304148042e+01
7.193890765765765138e+01
7.177548682703321958e+01
7.160601838952354115e+01
7.177098844672657663e+01
7.281681205392546019e+01
7.193732029902243141e+01
6.981659074562455203e+01
7.308313090418353397e+01
7.280089285714285552e+01
7.125647522522523047e+01
7.214005102040816553e+01
7.316589861751151602e+01
7.285991902834008727e+01
7.313204005006258512e+01
6.995930232558139039e+01
7.367537072856221414e+01
6.975903018307768377e+01
7.240476190476189799e+01
7.270497076023391969e+01
7.259190307328604774e+01
7.240571428571428214e+01
7.156562499999999716e+01
7.362267080745341730e+01
7.207158119658119233e+01
7.202159244264507265e+01
7.100463917525773638e+01
6.953787878787878185e+01
7.146646185355862713e+01
7.301194743130227494e+01
6.987218963831867313e+01
7.157076023391812214e+01
6.958110047846889756e+01
7.328652751423149425e+01
7.376677018633540683e+01
7.224164133738601379e+01
7.227568389057751119e+01
6.999528769841269593e+01
7.404621848739495249e+01
7.261138923654567634e+01
7.119774455809074709e+01
7.264133738601823609e+01
7.198753799392096653e+01
7.072190721649484146e+01
6.882402301606329331e+01
7.165371120107961644e+01
7.221980676328502113e+01
7.436445012787723385e+01
7.110015568240788753e+01
7.318659076533839425e+01
6.653676975945016636e+01
7.528445747800586219e+01
7.479841897233201564e+01
6.762035087719297621e+01
7.329411764705882604e+01
6.935491071428570820e+01
7.192834793491864787e+01
6.854936461388074065e+01
7.267836812144211933e+01
7.372629521016617105e+01
7.366210492016944045e+01
6.877107558139535115e+01
7.548005549774539702e+01
6.676817375886524530e+01
7.425032938076415689e+01
6.864401913875597927e+01
6.792725146198830544e+01
6.914200890648193365e+01
7.140091185410334162e+01
6.822561553030303116e+01
7.202488479262672172e+01
7.172644376899695828e+01
6.683650362318840621e+01
6.702292397660818324e+01
6.864995155038759833e+01
6.827509469696970257e+01
0.000000000000000000e+00
0.000000000000000000e+00
0.000000000000000000e+00
0.000000000000000000e+00
0.000000000000000000e+00
0.000000000000000000e+00
0.000000000000000000e+00
0.000000000000000000e+00
0.000000000000000000e+00
0.000000000000000000e+00
0.000000000000000000e+00
6.861483253588517073e+01
7.090915841584158841e+01
6.912239902080783338e+01
0.000000000000000000e+00
7.082000993048659154e+01
7.186932563631592075e+01
7.248763736263735780e+01
7.131850175967822736e+01
7.146103384938336944e+01
7.063186274509803297e+01
0.000000000000000000e+00
0.000000000000000000e+00
0.000000000000000000e+00
0.000000000000000000e+00
7.176441467676178831e+01
0.000000000000000000e+00
7.035623599701268915e+01
7.054966392830471023e+01
7.026520146520147136e+01
7.071222305202887526e+01
7.072676282051281760e+01
7.211955337690632462e+01
7.009999999999999432e+01
7.099412365866120922e+01
7.217184095860567083e+01
7.203327832783278950e+01
7.116176470588234793e+01
7.148466735966735541e+01
7.078964401294498998e+01
7.126418988648090647e+01
7.165376676986583959e+01
7.094098109351047299e+01
0.000000000000000000e+00
0.000000000000000000e+00
7.094804513251115452e+01
0.000000000000000000e+00
7.061614372469635725e+01
7.123013415892673095e+01
0.000000000000000000e+00
7.098207282913165272e+01
0.000000000000000000e+00
7.052317554240630670e+01
7.034927184466019412e+01
6.964540337711069640e+01
7.097215125191620189e+01
7.269230769230769340e+01
7.163180592991913898e+01
7.000485436893204394e+01
0.000000000000000000e+00
0.000000000000000000e+00
0.000000000000000000e+00
0.000000000000000000e+00
0.000000000000000000e+00
0.000000000000000000e+00
0.000000000000000000e+00
0.000000000000000000e+00
0.000000000000000000e+00
0.000000000000000000e+00
0.000000000000000000e+00
0.000000000000000000e+00
0.000000000000000000e+00
0.000000000000000000e+00
0.000000000000000000e+00
6.996654456654457022e+01
7.001410891089109612e+01
6.997524509803920978e+01
7.116734693877550910e+01
0.000000000000000000e+00
7.164549986880084020e+01
7.104441301272984788e+01
7.118446852425181248e+01
7.083204334365325394e+01
7.151594896331738482e+01
7.057146341463415240e+01
7.068316831683168289e+01
7.124777227722772466e+01
7.090000000000000568e+01
6.993769620864524938e+01
7.172153972153972745e+01
7.142389060887512642e+01
7.067692307692307452e+01
6.375718194254446303e+01
0.000000000000000000e+00
7.359480296973158886e+01
8.669972388403128605e+01
9.436388508891928950e+01
9.472786458333332860e+01
9.822210526315789991e+01
1.008376068376068417e+02
9.269410430839002402e+01
9.142153110047847520e+01
8.990577651515151558e+01
0.000000000000000000e+00
8.468275538894096144e+01
8.714806773773338477e+01
9.400802900802901263e+01
9.163165266106442175e+01
9.111437908496732518e+01
8.927912621359223522e+01
9.231906421105027505e+01
8.670767441860465397e+01
8.592595238095238130e+01
8.893585337915234845e+01
0.000000000000000000e+00
0.000000000000000000e+00
0.000000000000000000e+00
0.000000000000000000e+00
0.000000000000000000e+00
0.000000000000000000e+00
9.572116461366181284e+01
9.738005540166204810e+01
9.724343434343434467e+01
9.699464285714286405e+01
9.621904024767802355e+01
9.753134577876845412e+01
9.576475694444444287e+01
9.341787255648641519e+01
9.157403301305740229e+01
8.868217054263566013e+01
9.287938596491227372e+01
8.824166666666666003e+01
8.909520182787510123e+01
8.673171330387825151e+01
8.587854251012146278e+01
7.996632302405498649e+01
8.187637698898409155e+01
8.115528100775193820e+01
7.967738205365402848e+01
7.943859649122806843e+01
8.172325450450451001e+01
7.775665308079597082e+01
8.100985360360360232e+01
7.818463541666666572e+01
7.931394736842105431e+01
7.924522640480087432e+01
0.000000000000000000e+00
0.000000000000000000e+00
0.000000000000000000e+00
0.000000000000000000e+00
0.000000000000000000e+00
7.386908783783783861e+01
7.866901790558871710e+01
8.378835657974529738e+01
8.400515463917525949e+01
9.075495189586870026e+01
8.927956989247311981e+01
9.124291497975708864e+01
8.987880512091038554e+01
8.510022396416573542e+01
8.231026315789473813e+01
8.214368510021733982e+01
8.491199773627617731e+01
8.172704770477047020e+01
7.927532163742689875e+01
0.000000000000000000e+00
0.000000000000000000e+00
0.000000000000000000e+00
0.000000000000000000e+00
0.000000000000000000e+00
0.000000000000000000e+00
9.250247524752475670e+01
9.486340206185566615e+01
9.841527581329562224e+01
9.766347687400319444e+01
9.714369129220614241e+01
9.718829318829318709e+01
9.629747474747475167e+01
9.347946228528752499e+01
9.123825767515087648e+01
8.951099537037036669e+01
8.589926739926740140e+01
8.462656846699400148e+01
8.329689608636977027e+01
8.353513513513513544e+01
8.324398625429553533e+01
7.991583333333333883e+01
7.909630459126539392e+01
7.576817625458996019e+01
7.707413600891861449e+01
7.586261261261260813e+01
7.520949432404540858e+01
7.357715759849905623e+01
7.169921104536489054e+01
7.338126475990553388e+01
7.252167182662539346e+01
7.144759615384614904e+01
7.132045454545455243e+01
7.141407089151449838e+01
7.123232323232323893e+01
6.837351290684624416e+01
6.810015044057597322e+01
7.060484693877550910e+01
6.922650193798449436e+01
6.822395833333332860e+01
6.887192234848484418e+01
7.106315789473684674e+01
7.046882086167801162e+01
6.858819241982507720e+01
6.954217479674797175e+01
7.033590425531915002e+01
7.105905205905206401e+01
6.951525658807211983e+01
6.850809889173061151e+01
6.990302325581394882e+01
7.045791487326637537e+01
7.094082293111419801e+01
7.584451612903225737e+01
7.068287526427060641e+01
7.427503373819163812e+01
7.461882799782962650e+01
7.707748724489795222e+01
7.133380314775664033e+01
7.183737373737373844e+01
7.308513708513709162e+01
7.032464176650222498e+01
6.943870523415978369e+01
6.957105943152454586e+01
7.116028900187316708e+01
6.976599855107461678e+01
