1.462085798816568172e+02
1.473492063492063551e+02
1.469303703703703832e+02
1.466486875224739208e+02
1.468265460030166025e+02
1.468627450980392268e+02
1.470826786382341993e+02
1.465750560119492150e+02
1.467493453049008565e+02
1.469625888514777330e+02
1.471399999999999864e+02
1.470737073707370826e+02
1.469322222222222081e+02
1.472554799697656733e+02
1.469622222222222092e+02
1.470499306518723870e+02
1.469262962962963002e+02
1.467475071225071304e+02
1.469555555555555486e+02
1.464286242603550363e+02
1.464586080586080641e+02
1.463192380952380915e+02
1.464730029585798832e+02
1.467992592592592587e+02
1.459304854368932070e+02
1.461262135922330003e+02
1.464557319223985985e+02
1.451324007807417047e+02
1.343048543689320411e+02
1.278024948024948060e+02
1.396744047619047535e+02
nan
1.454131410256410391e+02
1.408140169902912646e+02
1.396298152207954786e+02
1.405001565925462046e+02
1.423120518948446431e+02
1.435530744336569455e+02
1.446282430213464636e+02
nan
1.444285714285714164e+02
nan
nan
1.446102292768959501e+02
1.447788461538461604e+02
1.449544871794871881e+02
1.445148978908603965e+02
1.441252439817826883e+02
1.447470159151193627e+02
1.445616710875331705e+02
1.446542056074766265e+02
1.448517904509283767e+02
nan
1.348514030612244881e+02
0.000000000000000000e+00
0.000000000000000000e+00
0.000000000000000000e+00
0.000000000000000000e+00
0.000000000000000000e+00
0.000000000000000000e+00
0.000000000000000000e+00
0.000000000000000000e+00
0.000000000000000000e+00
0.000000000000000000e+00
0.000000000000000000e+00
0.000000000000000000e+00
0.000000000000000000e+00
0.000000000000000000e+00
0.000000000000000000e+00
0.000000000000000000e+00
0.000000000000000000e+00
0.000000000000000000e+00
0.000000000000000000e+00
0.000000000000000000e+00
0.000000000000000000e+00
1.460910052910053025e+02
1.543641509433962256e+02
1.535503401360544160e+02
1.534162257495590893e+02
nan
1.516179733727810515e+02
1.502663139329806086e+02
1.503341346153846132e+02
1.491058700209643746e+02
1.483939492517891949e+02
1.460103351080488494e+02
1.407319799941159033e+02
1.382841269841269707e+02
1.305479915433403733e+02
1.291833333333333371e+02
nan
1.472754507628293936e+02
1.505625436757512148e+02
1.536825396825396695e+02
1.547392751479289927e+02
1.572750333778371044e+02
1.587986111111111143e+02
0.000000000000000000e+00
0.000000000000000000e+00
0.000000000000000000e+00
0.000000000000000000e+00
0.000000000000000000e+00
0.000000000000000000e+00
0.000000000000000000e+00
0.000000000000000000e+00
0.000000000000000000e+00
0.000000000000000000e+00
0.000000000000000000e+00
0.000000000000000000e+00
0.000000000000000000e+00
1.549783142389525494e+02
1.592135627530364275e+02
1.580311355311355328e+02
1.578354197349042636e+02
1.559077380952381020e+02
1.509683779761904816e+02
1.506506740681998338e+02
1.504911242603550363e+02
1.495758211041229799e+02
1.440479411764706015e+02
1.448082808280828147e+02
nan
1.426649014416004775e+02
1.433779253636938620e+02
1.418442857142857179e+02
1.401992907801418369e+02
1.427953846153846200e+02
nan
1.424626068376068417e+02
1.371049736967957813e+02
nan
1.428417835311039141e+02
1.369597087378640765e+02
1.423024839743589780e+02
1.370310679611650357e+02
1.433207617625093349e+02
nan
1.409874357509994240e+02
1.419693567961165002e+02
1.421116504854368827e+02
nan
1.407691876750700146e+02
1.424671616219303303e+02
1.429129530600118869e+02
1.419048543689320354e+02
1.432056487202118262e+02
1.430754604872252003e+02
1.443567307692307793e+02
1.441895545314900176e+02
1.452619047619047592e+02
1.464224318658280879e+02
1.506489583333333258e+02
1.576312399355877574e+02
1.593547169811320714e+02
1.594880165289256126e+02
0.000000000000000000e+00
0.000000000000000000e+00
0.000000000000000000e+00
0.000000000000000000e+00
0.000000000000000000e+00
0.000000000000000000e+00
0.000000000000000000e+00
0.000000000000000000e+00
0.000000000000000000e+00
0.000000000000000000e+00
0.000000000000000000e+00
0.000000000000000000e+00
0.000000000000000000e+00
0.000000000000000000e+00
0.000000000000000000e+00
0.000000000000000000e+00
0.000000000000000000e+00
0.000000000000000000e+00
0.000000000000000000e+00
0.000000000000000000e+00
0.000000000000000000e+00
nan
1.402824519230769340e+02
nan
1.609154639175257842e+02
1.619361430395913146e+02
1.623354740061162147e+02
1.617192307692307622e+02
1.607200134770889406e+02
1.591502927781392316e+02
1.554262065095398384e+02
1.535053763440860166e+02
1.523838876146789119e+02
1.510084175084174944e+02
1.499491477272727309e+02
1.497013368983957093e+02
1.499725557461406424e+02
1.496366135239142352e+02
1.486738095238095241e+02
1.482016326530612105e+02
1.475728548300053831e+02
1.475575757575757621e+02
1.468572261072260972e+02
1.461710239651416146e+02
1.466867742849051126e+02
1.466907391673746872e+02
1.465973625140291858e+02
1.462668645439827344e+02
1.460813692480359123e+02
1.464533333333333474e+02
1.461677718832891344e+02
1.462968553459119505e+02
1.460179045092838237e+02
1.461321339950372078e+02
1.461214421252371949e+02
1.460372208436724577e+02
1.462665205136235613e+02
1.461131410256410277e+02
1.466685641998734866e+02
1.462976051401869029e+02
1.467709344660194120e+02
1.468909313725490335e+02
1.471566789420823511e+02
1.468058486584262994e+02
1.467550595238095354e+02
1.472555555555555600e+02
1.476674403183023969e+02
1.482691007437457813e+02
1.484348844994978265e+02
1.485447712418300625e+02
1.490249190938511390e+02
1.487713424840977439e+02
1.486365787694388132e+02
1.486873116839638556e+02
1.484634888438133942e+02
1.482864686468646767e+02
1.483062478661659327e+02
1.483743368700265250e+02
1.481469702042182917e+02
1.479101458885941724e+02
1.478111817877469036e+02
1.477284789644012903e+02
1.467422456575682475e+02
nan
nan
0.000000000000000000e+00
0.000000000000000000e+00
0.000000000000000000e+00
0.000000000000000000e+00
0.000000000000000000e+00
0.000000000000000000e+00
0.000000000000000000e+00
0.000000000000000000e+00
0.000000000000000000e+00
0.000000000000000000e+00
0.000000000000000000e+00
0.000000000000000000e+00
0.000000000000000000e+00
0.000000000000000000e+00
0.000000000000000000e+00
0.000000000000000000e+00
0.000000000000000000e+00
0.000000000000000000e+00
0.000000000000000000e+00
0.000000000000000000e+00
0.000000000000000000e+00
0.000000000000000000e+00
0.000000000000000000e+00
1.356357635763576468e+02
nan
nan
nan
nan
nan
nan
nan
nan
nan
nan
nan
1.363836666666666702e+02
nan
nan
nan
1.363082963468760624e+02
nan
nan
nan
nan
1.380062637018477858e+02
nan
nan
nan
1.387593035165585604e+02
1.379984030661130703e+02
nan
nan
0.000000000000000000e+00
0.000000000000000000e+00
0.000000000000000000e+00
0.000000000000000000e+00
0.000000000000000000e+00
0.000000000000000000e+00
0.000000000000000000e+00
0.000000000000000000e+00
0.000000000000000000e+00
0.000000000000000000e+00
0.000000000000000000e+00
0.000000000000000000e+00
0.000000000000000000e+00
0.000000000000000000e+00
0.000000000000000000e+00
0.000000000000000000e+00
0.000000000000000000e+00
0.000000000000000000e+00
0.000000000000000000e+00
0.000000000000000000e+00
0.000000000000000000e+00
0.000000000000000000e+00
0.000000000000000000e+00
0.000000000000000000e+00
0.000000000000000000e+00
0.000000000000000000e+00
0.000000000000000000e+00
0.000000000000000000e+00
0.000000000000000000e+00
0.000000000000000000e+00
0.000000000000000000e+00
0.000000000000000000e+00
0.000000000000000000e+00
0.000000000000000000e+00
0.000000000000000000e+00
0.000000000000000000e+00
0.000000000000000000e+00
0.000000000000000000e+00
0.000000000000000000e+00
0.000000000000000000e+00
0.000000000000000000e+00
0.000000000000000000e+00
0.000000000000000000e+00
0.000000000000000000e+00
0.000000000000000000e+00
0.000000000000000000e+00
0.000000000000000000e+00
0.000000000000000000e+00
0.000000000000000000e+00
0.000000000000000000e+00
0.000000000000000000e+00
0.000000000000000000e+00
0.000000000000000000e+00
0.000000000000000000e+00
0.000000000000000000e+00
0.000000000000000000e+00
0.000000000000000000e+00
0.000000000000000000e+00
0.000000000000000000e+00
0.000000000000000000e+00
0.000000000000000000e+00
0.000000000000000000e+00
0.000000000000000000e+00
0.000000000000000000e+00
0.000000000000000000e+00
0.000000000000000000e+00
0.000000000000000000e+00
0.000000000000000000e+00
0.000000000000000000e+00
0.000000000000000000e+00
0.000000000000000000e+00
0.000000000000000000e+00
0.000000000000000000e+00
0.000000000000000000e+00
0.000000000000000000e+00
0.000000000000000000e+00
0.000000000000000000e+00
0.000000000000000000e+00
0.000000000000000000e+00
0.000000000000000000e+00
0.000000000000000000e+00
0.000000000000000000e+00
0.000000000000000000e+00
0.000000000000000000e+00
0.000000000000000000e+00
0.000000000000000000e+00
0.000000000000000000e+00
0.000000000000000000e+00
0.000000000000000000e+00
0.000000000000000000e+00
0.000000000000000000e+00
0.000000000000000000e+00
0.000000000000000000e+00
0.000000000000000000e+00
0.000000000000000000e+00
0.000000000000000000e+00
0.000000000000000000e+00
0.000000000000000000e+00
0.000000000000000000e+00
0.000000000000000000e+00
0.000000000000000000e+00
0.000000000000000000e+00
0.000000000000000000e+00
0.000000000000000000e+00
0.000000000000000000e+00
0.000000000000000000e+00
0.000000000000000000e+00
0.000000000000000000e+00
0.000000000000000000e+00
0.000000000000000000e+00
0.000000000000000000e+00
0.000000000000000000e+00
0.000000000000000000e+00
1.517307312252964380e+02
0.000000000000000000e+00
0.000000000000000000e+00
0.000000000000000000e+00
1.569950495049504866e+02
1.595451923076923038e+02
1.605465608465608511e+02
1.597119047619047478e+02
1.614018691588784975e+02
1.614062500000000000e+02
1.618399532710280369e+02
1.629117647058823479e+02
0.000000000000000000e+00
0.000000000000000000e+00
0.000000000000000000e+00
0.000000000000000000e+00
0.000000000000000000e+00
0.000000000000000000e+00
1.503121693121693170e+02
1.468004168837936447e+02
1.469472839175809611e+02
0.000000000000000000e+00
0.000000000000000000e+00
0.000000000000000000e+00
0.000000000000000000e+00
0.000000000000000000e+00
0.000000000000000000e+00
0.000000000000000000e+00
0.000000000000000000e+00
0.000000000000000000e+00
0.000000000000000000e+00
0.000000000000000000e+00
0.000000000000000000e+00
0.000000000000000000e+00
0.000000000000000000e+00
0.000000000000000000e+00
0.000000000000000000e+00
0.000000000000000000e+00
0.000000000000000000e+00
0.000000000000000000e+00
0.000000000000000000e+00
0.000000000000000000e+00
0.000000000000000000e+00
0.000000000000000000e+00
0.000000000000000000e+00
0.000000000000000000e+00
0.000000000000000000e+00
0.000000000000000000e+00
0.000000000000000000e+00
0.000000000000000000e+00
0.000000000000000000e+00
0.000000000000000000e+00
0.000000000000000000e+00
0.000000000000000000e+00
0.000000000000000000e+00
0.000000000000000000e+00
0.000000000000000000e+00
0.000000000000000000e+00
0.000000000000000000e+00
0.000000000000000000e+00
0.000000000000000000e+00
0.000000000000000000e+00
0.000000000000000000e+00
0.000000000000000000e+00
0.000000000000000000e+00
1.560019230769230774e+02
1.561726415094339586e+02
1.575923809523809496e+02
1.590462454212454304e+02
1.595763924374041949e+02
1.591817765567765548e+02
1.584947043248014040e+02
1.578043290043289915e+02
1.573125541125541247e+02
1.562320234113712445e+02
1.545761217948717956e+02
1.538039215686274588e+02
1.532623529411764594e+02
1.515586080586080584e+02
1.517804487179487296e+02
1.509219457013574583e+02
1.507065934065934130e+02
1.501691560866318014e+02
1.497188712522045932e+02
1.498400157232704544e+02
1.496031553398058236e+02
1.484338461538461615e+02
1.481866987179487296e+02
1.478697387518142250e+02
1.478561320754716917e+02
1.475677655677655764e+02
1.476413919413919302e+02
1.479276923076922969e+02
1.479126923076923106e+02
1.426869506423258827e+02
0.000000000000000000e+00
0.000000000000000000e+00
0.000000000000000000e+00
0.000000000000000000e+00
0.000000000000000000e+00
0.000000000000000000e+00
0.000000000000000000e+00
0.000000000000000000e+00
0.000000000000000000e+00
0.000000000000000000e+00
0.000000000000000000e+00
0.000000000000000000e+00
0.000000000000000000e+00
0.000000000000000000e+00
0.000000000000000000e+00
0.000000000000000000e+00
1.460745833333333223e+02
1.465400641025641164e+02
1.489865196078431495e+02
1.488859223300970882e+02
1.492374581939799327e+02
1.481759999999999877e+02
1.487018633540372718e+02
1.497780538302277478e+02
1.498470057424118238e+02
1.499070512820512704e+02
1.501844660194174708e+02
1.496227743271221584e+02
1.493818518518518488e+02
1.492795883361921199e+02
1.494807692307692264e+02
1.501554487179487296e+02
1.500116185897435912e+02
1.496991185897435912e+02
1.497027450980392018e+02
1.499114077669902940e+02
1.494526923076923026e+02
1.503638147566718999e+02
1.481496153846153732e+02
1.451965986394557717e+02
0.000000000000000000e+00
0.000000000000000000e+00
0.000000000000000000e+00
0.000000000000000000e+00
0.000000000000000000e+00
0.000000000000000000e+00
0.000000000000000000e+00
0.000000000000000000e+00
0.000000000000000000e+00
0.000000000000000000e+00
0.000000000000000000e+00
0.000000000000000000e+00
0.000000000000000000e+00
0.000000000000000000e+00
0.000000000000000000e+00
0.000000000000000000e+00
0.000000000000000000e+00
0.000000000000000000e+00
0.000000000000000000e+00
0.000000000000000000e+00
0.000000000000000000e+00
0.000000000000000000e+00
0.000000000000000000e+00
0.000000000000000000e+00
0.000000000000000000e+00
0.000000000000000000e+00
0.000000000000000000e+00
0.000000000000000000e+00
0.000000000000000000e+00
1.423784679089026781e+02
1.436899999999999977e+02
1.445808333333333451e+02
1.448675654242664450e+02
1.447754854368932058e+02
1.460644290123456699e+02
1.443088017751479413e+02
1.456689576174112233e+02
1.452134615384615302e+02
1.454382861635220081e+02
1.452389277389277424e+02
1.452158555729984357e+02
1.451238095238095127e+02
1.442545787545787448e+02
1.435044217687074877e+02
1.439192872117400555e+02
1.449178939617083870e+02
1.470572390572390589e+02
1.478779310344827707e+02
1.466335268505079910e+02
1.472004153686396819e+02
1.480806332842415429e+02
1.467735849056603854e+02
1.468638814016172489e+02
1.469813333333333389e+02
1.469241622574955954e+02
1.456804232804232697e+02
0.000000000000000000e+00
0.000000000000000000e+00
0.000000000000000000e+00
0.000000000000000000e+00
0.000000000000000000e+00
0.000000000000000000e+00
0.000000000000000000e+00
0.000000000000000000e+00
0.000000000000000000e+00
0.000000000000000000e+00
0.000000000000000000e+00
0.000000000000000000e+00
0.000000000000000000e+00
0.000000000000000000e+00
0.000000000000000000e+00
0.000000000000000000e+00
0.000000000000000000e+00
0.000000000000000000e+00
0.000000000000000000e+00
0.000000000000000000e+00
0.000000000000000000e+00
0.000000000000000000e+00
0.000000000000000000e+00
0.000000000000000000e+00
0.000000000000000000e+00
0.000000000000000000e+00
0.000000000000000000e+00
0.000000000000000000e+00
0.000000000000000000e+00
0.000000000000000000e+00
0.000000000000000000e+00
0.000000000000000000e+00
0.000000000000000000e+00
0.000000000000000000e+00
0.000000000000000000e+00
0.000000000000000000e+00
0.000000000000000000e+00
0.000000000000000000e+00
0.000000000000000000e+00
0.000000000000000000e+00
0.000000000000000000e+00
0.000000000000000000e+00
0.000000000000000000e+00
0.000000000000000000e+00
0.000000000000000000e+00
0.000000000000000000e+00
0.000000000000000000e+00
0.000000000000000000e+00
0.000000000000000000e+00
0.000000000000000000e+00
0.000000000000000000e+00
0.000000000000000000e+00
0.000000000000000000e+00
0.000000000000000000e+00
0.000000000000000000e+00
0.000000000000000000e+00
0.000000000000000000e+00
0.000000000000000000e+00
0.000000000000000000e+00
0.000000000000000000e+00
0.000000000000000000e+00
0.000000000000000000e+00
0.000000000000000000e+00
0.000000000000000000e+00
0.000000000000000000e+00
0.000000000000000000e+00
0.000000000000000000e+00
0.000000000000000000e+00
0.000000000000000000e+00
0.000000000000000000e+00
0.000000000000000000e+00
0.000000000000000000e+00
0.000000000000000000e+00
0.000000000000000000e+00
0.000000000000000000e+00
0.000000000000000000e+00
0.000000000000000000e+00
0.000000000000000000e+00
0.000000000000000000e+00
0.000000000000000000e+00
0.000000000000000000e+00
0.000000000000000000e+00
0.000000000000000000e+00
0.000000000000000000e+00
0.000000000000000000e+00
0.000000000000000000e+00
0.000000000000000000e+00
0.000000000000000000e+00
0.000000000000000000e+00
0.000000000000000000e+00
0.000000000000000000e+00
0.000000000000000000e+00
0.000000000000000000e+00
0.000000000000000000e+00
0.000000000000000000e+00
0.000000000000000000e+00
0.000000000000000000e+00
0.000000000000000000e+00
0.000000000000000000e+00
0.000000000000000000e+00
0.000000000000000000e+00
0.000000000000000000e+00
0.000000000000000000e+00
0.000000000000000000e+00
1.466493506493506516e+02
1.455325925925925787e+02
1.445523088023088008e+02
1.447474747474747403e+02
1.432222680412371005e+02
1.433766666666666652e+02
1.429827724358974308e+02
1.430429149797570858e+02
1.430059476605868269e+02
1.427105765559373936e+02
1.427197217675941090e+02
1.423628072957969835e+02
1.423788580246913682e+02
1.422403846153846132e+02
1.418070833333333383e+02
1.421816666666666720e+02
1.418643933386201468e+02
1.414639423076923208e+02
0.000000000000000000e+00
0.000000000000000000e+00
0.000000000000000000e+00
0.000000000000000000e+00
0.000000000000000000e+00
0.000000000000000000e+00
0.000000000000000000e+00
0.000000000000000000e+00
0.000000000000000000e+00
0.000000000000000000e+00
0.000000000000000000e+00
0.000000000000000000e+00
0.000000000000000000e+00
0.000000000000000000e+00
0.000000000000000000e+00
0.000000000000000000e+00
0.000000000000000000e+00
0.000000000000000000e+00
0.000000000000000000e+00
0.000000000000000000e+00
0.000000000000000000e+00
0.000000000000000000e+00
0.000000000000000000e+00
0.000000000000000000e+00
0.000000000000000000e+00
1.406933333333333280e+02
1.466648374841705333e+02
1.490588679245283004e+02
1.510497427101200572e+02
1.520216450216450141e+02
1.522566889632107063e+02
1.515035714285714334e+02
1.525188208616779946e+02
1.527662337662337677e+02
1.524468267581475232e+02
1.527817883511074513e+02
1.525212121212121303e+02
1.524335403726708194e+02
1.520458916083915994e+02
1.516774891774891785e+02
1.516544571932921315e+02
1.518825396825396865e+02
1.520991341991341983e+02
1.512040094339622556e+02
1.518007397133610823e+02
1.521792960662525900e+02
1.515285714285714391e+02
1.512989130434782510e+02
1.512976588628762613e+02
1.514439102564102484e+02
1.519271844660194120e+02
1.512034421888790803e+02
1.516756993006993071e+02
1.511726825266611911e+02
1.509198717948717956e+02
1.500446153846153834e+02
1.428591644204851718e+02
0.000000000000000000e+00
0.000000000000000000e+00
0.000000000000000000e+00
0.000000000000000000e+00
0.000000000000000000e+00
0.000000000000000000e+00
0.000000000000000000e+00
0.000000000000000000e+00
0.000000000000000000e+00
0.000000000000000000e+00
0.000000000000000000e+00
0.000000000000000000e+00
0.000000000000000000e+00
0.000000000000000000e+00
0.000000000000000000e+00
0.000000000000000000e+00
0.000000000000000000e+00
0.000000000000000000e+00
0.000000000000000000e+00
0.000000000000000000e+00
0.000000000000000000e+00
0.000000000000000000e+00
0.000000000000000000e+00
0.000000000000000000e+00
0.000000000000000000e+00
0.000000000000000000e+00
0.000000000000000000e+00
0.000000000000000000e+00
0.000000000000000000e+00
0.000000000000000000e+00
0.000000000000000000e+00
0.000000000000000000e+00
0.000000000000000000e+00
0.000000000000000000e+00
0.000000000000000000e+00
0.000000000000000000e+00
0.000000000000000000e+00
0.000000000000000000e+00
0.000000000000000000e+00
0.000000000000000000e+00
1.225399425287356365e+02
1.472767295597484178e+02
1.554869565217391312e+02
1.624011473962930268e+02
1.644633487654321016e+02
1.600164835164835040e+02
1.518505608974358836e+02
1.439650793650793617e+02
1.473993710691823935e+02
1.499626572327044016e+02
1.440956349206349216e+02
1.455203809523809468e+02
1.470510355029585696e+02
1.464201741654571833e+02
1.458745632424877670e+02
1.468338461538461672e+02
1.460424528301886653e+02
1.472310231023102176e+02
1.470047619047618923e+02
1.472249999999999943e+02
1.465336996336996265e+02
1.466306240928882403e+02
1.457901360544217653e+02
1.473507235338918520e+02
1.463813051146384510e+02
1.456327742837176800e+02
1.459634615384615302e+02
1.461122330097087456e+02
1.464356261022927583e+02
0.000000000000000000e+00
0.000000000000000000e+00
0.000000000000000000e+00
0.000000000000000000e+00
0.000000000000000000e+00
0.000000000000000000e+00
0.000000000000000000e+00
0.000000000000000000e+00
0.000000000000000000e+00
0.000000000000000000e+00
0.000000000000000000e+00
0.000000000000000000e+00
0.000000000000000000e+00
0.000000000000000000e+00
0.000000000000000000e+00
0.000000000000000000e+00
0.000000000000000000e+00
0.000000000000000000e+00
0.000000000000000000e+00
0.000000000000000000e+00
0.000000000000000000e+00
0.000000000000000000e+00
0.000000000000000000e+00
0.000000000000000000e+00
