0.000000000000000000e+00
0.000000000000000000e+00
0.000000000000000000e+00
0.000000000000000000e+00
0.000000000000000000e+00
0.000000000000000000e+00
0.000000000000000000e+00
0.000000000000000000e+00
0.000000000000000000e+00
0.000000000000000000e+00
0.000000000000000000e+00
0.000000000000000000e+00
0.000000000000000000e+00
0.000000000000000000e+00
0.000000000000000000e+00
0.000000000000000000e+00
6.795370571614866151e+01
7.110333479596313566e+01
7.186217948717948900e+01
0.000000000000000000e+00
0.000000000000000000e+00
7.441024930747921928e+01
7.509445983379501399e+01
7.652497062279671525e+01
6.924720893141946476e+01
7.153491152558584076e+01
6.997359735973597594e+01
7.178023255813953085e+01
0.000000000000000000e+00
7.845421245421245260e+01
8.343659147869674086e+01
9.039990753582986827e+01
9.066555924695460078e+01
9.100745941202281131e+01
9.088316831683168573e+01
9.027141943734015683e+01
0.000000000000000000e+00
0.000000000000000000e+00
0.000000000000000000e+00
9.278283302063789506e+01
9.240155038759689887e+01
9.197599206349205758e+01
9.223381877022653441e+01
9.156757369614511788e+01
9.012585034013605423e+01
8.977541208791208760e+01
0.000000000000000000e+00
8.912706043956043800e+01
9.082761596548004945e+01
8.953714285714285381e+01
0.000000000000000000e+00
9.126438923395444647e+01
0.000000000000000000e+00
9.020560747663552092e+01
9.125915750915750380e+01
0.000000000000000000e+00
8.412757475083056136e+01
8.309550688643034277e+01
8.363657090743274125e+01
8.059072039072039217e+01
8.098127530364372717e+01
8.146507222353777422e+01
8.096872082166200357e+01
8.032535339717281886e+01
0.000000000000000000e+00
0.000000000000000000e+00
0.000000000000000000e+00
0.000000000000000000e+00
0.000000000000000000e+00
8.159119047619047649e+01
0.000000000000000000e+00
8.004063860667633890e+01
0.000000000000000000e+00
8.043346684468180285e+01
7.967429245283018702e+01
8.116991341991341358e+01
7.941711590296496581e+01
7.941691360838842684e+01
8.199473684210526869e+01
8.287548543689320013e+01
8.315592903828198246e+01
8.427542179662562205e+01
8.315523809523809007e+01
8.476225961538462172e+01
8.125898472596585975e+01
0.000000000000000000e+00
0.000000000000000000e+00
7.683561320754716917e+01
7.604175824175824516e+01
7.502188283565078564e+01
7.569789719626167823e+01
7.720320614134115544e+01
7.905360911777121657e+01
7.744171907756813766e+01
7.698404012767898053e+01
7.747759398496241090e+01
8.032716798059429664e+01
8.205608834641093097e+01
7.896206743566992259e+01
7.780022909507445661e+01
8.159579207920792498e+01
8.079050567595459142e+01
0.000000000000000000e+00
7.670872668662215688e+01
7.520075937351684559e+01
7.396097201767304341e+01
0.000000000000000000e+00
0.000000000000000000e+00
0.000000000000000000e+00
7.041410256410256352e+01
6.989985928705441154e+01
6.849592624356775161e+01
6.863883495145631741e+01
6.873131067961165286e+01
6.867594473791142207e+01
6.873083122265714451e+01
6.869858641130871035e+01
6.827428180574555938e+01
6.847261904761904816e+01
6.716253443526170486e+01
0.000000000000000000e+00
0.000000000000000000e+00
0.000000000000000000e+00
0.000000000000000000e+00
0.000000000000000000e+00
0.000000000000000000e+00
0.000000000000000000e+00
6.619393795879706488e+01
7.205998125585755076e+01
7.004644035832154714e+01
7.294362226920365799e+01
7.164774281805745204e+01
7.407449494949494806e+01
7.336311830408023127e+01
7.431395348837209269e+01
7.461103896103895750e+01
7.328106995884773767e+01
7.084433285509325628e+01
0.000000000000000000e+00
0.000000000000000000e+00
0.000000000000000000e+00
0.000000000000000000e+00
0.000000000000000000e+00
0.000000000000000000e+00
0.000000000000000000e+00
0.000000000000000000e+00
0.000000000000000000e+00
7.212871287128713504e+01
0.000000000000000000e+00
0.000000000000000000e+00
0.000000000000000000e+00
0.000000000000000000e+00
7.238130324660373560e+01
0.000000000000000000e+00
0.000000000000000000e+00
0.000000000000000000e+00
0.000000000000000000e+00
0.000000000000000000e+00
0.000000000000000000e+00
0.000000000000000000e+00
0.000000000000000000e+00
0.000000000000000000e+00
0.000000000000000000e+00
0.000000000000000000e+00
0.000000000000000000e+00
0.000000000000000000e+00
0.000000000000000000e+00
0.000000000000000000e+00
0.000000000000000000e+00
0.000000000000000000e+00
0.000000000000000000e+00
0.000000000000000000e+00
0.000000000000000000e+00
0.000000000000000000e+00
0.000000000000000000e+00
0.000000000000000000e+00
0.000000000000000000e+00
0.000000000000000000e+00
0.000000000000000000e+00
0.000000000000000000e+00
0.000000000000000000e+00
0.000000000000000000e+00
0.000000000000000000e+00
7.176435602953240789e+01
0.000000000000000000e+00
0.000000000000000000e+00
0.000000000000000000e+00
0.000000000000000000e+00
0.000000000000000000e+00
0.000000000000000000e+00
0.000000000000000000e+00
0.000000000000000000e+00
0.000000000000000000e+00
0.000000000000000000e+00
0.000000000000000000e+00
0.000000000000000000e+00
0.000000000000000000e+00
0.000000000000000000e+00
9.620695970695970800e+01
9.674679487179487580e+01
9.817978357107722331e+01
9.978224974200206532e+01
9.465170278637771162e+01
0.000000000000000000e+00
8.520965346534653406e+01
8.222688172043011434e+01
8.647970085470085166e+01
0.000000000000000000e+00
0.000000000000000000e+00
0.000000000000000000e+00
0.000000000000000000e+00
0.000000000000000000e+00
6.656017159629713831e+01
0.000000000000000000e+00
8.687022171253822478e+01
1.012211042311661515e+02
1.137956073509636923e+02
1.202897566496887407e+02
1.162809716599190324e+02
1.149745864301126801e+02
1.160010964912280684e+02
1.141883830455258959e+02
1.144078014184397176e+02
1.133015752032520282e+02
1.156684782608695627e+02
1.129536842105263190e+02
1.125193671576650303e+02
1.127163292847503442e+02
1.150776397515527947e+02
1.114138020833333371e+02
1.104944105691056961e+02
1.117450577663671396e+02
1.089309747649678428e+02
1.115345394736842053e+02
1.110138639281129684e+02
1.098927784577723372e+02
1.112627604166666657e+02
1.103645964294694437e+02
1.114246469833119448e+02
1.105127604166666657e+02
1.108046239837398304e+02
1.101035956751320128e+02
1.145661490683229857e+02
1.147245341614906806e+02
1.123790273556230943e+02
1.115936761229314413e+02
1.134018433179723502e+02
1.133598116169544738e+02
1.137074983839689679e+02
1.141531329923273717e+02
1.124525966183574894e+02
1.134745341614906806e+02
1.132080314009661777e+02
1.097322916666666686e+02
1.133801242236024791e+02
1.132040023894862628e+02
1.087185077519379774e+02
1.078849321705426405e+02
1.127767080745341559e+02
1.090380208333333343e+02
1.124848197343453506e+02
1.119766513056835606e+02
1.108838112305854224e+02
1.033873299319727863e+02
1.119850657108721634e+02
1.114807919621749477e+02
1.122558869701726820e+02
1.127992327365728897e+02
1.111972350230414719e+02
1.119327731092436977e+02
1.108258064516129053e+02
1.111411138923654534e+02
1.101483451536643088e+02
1.101075330649798758e+02
1.093996992481202994e+02
1.098575650118203271e+02
1.108413926499032840e+02
1.101947130883301043e+02
1.102887864823348707e+02
1.104525345622119801e+02
1.094735562310030446e+02
1.101851393188854473e+02
1.094221884498480222e+02
1.097427244582043357e+02
1.101133126934984574e+02
1.099653250773993847e+02
1.104482334869431668e+02
1.101598873591990042e+02
1.100678973717146363e+02
1.100106382978723474e+02
1.109270186335403707e+02
1.070084588950568332e+02
1.098018633540372662e+02
1.106148310387984992e+02
1.088448060075093906e+02
1.047724252491694301e+02
1.039717607973421991e+02
1.112720588235294059e+02
1.109333333333333371e+02
1.105003128911138930e+02
1.102270714737507973e+02
1.107706855791962113e+02
1.069239690721649509e+02
1.106739674593241602e+02
1.052201080573173613e+02
1.109729646697388574e+02
1.108984472049689458e+02
1.058502700049091771e+02
1.107431163954943685e+02
1.079997368421052641e+02
1.117352941176470580e+02
1.053402942572377725e+02
0.000000000000000000e+00
0.000000000000000000e+00
0.000000000000000000e+00
0.000000000000000000e+00
0.000000000000000000e+00
0.000000000000000000e+00
0.000000000000000000e+00
0.000000000000000000e+00
0.000000000000000000e+00
0.000000000000000000e+00
0.000000000000000000e+00
1.107342549923195065e+02
1.107601553166069266e+02
1.060625327053898417e+02
1.102236917768832711e+02
1.078338675213675231e+02
1.081919191919191974e+02
1.083109140182310881e+02
1.062656284272866856e+02
1.070989439853076277e+02
1.066223599632690480e+02
1.057025288376220118e+02
1.073167106209542112e+02
1.078727040816326479e+02
1.102059743954480808e+02
1.057730214036834298e+02
1.069283505154639187e+02
1.103802431610942278e+02
1.073984375000000000e+02
1.110229988052568757e+02
1.102276497695852555e+02
1.115920495275334048e+02
1.073518800813008198e+02
1.069706582077716064e+02
1.077426321138211449e+02
1.085822522055007795e+02
1.106311013767209062e+02
1.073091799265605886e+02
1.062871870397643619e+02
1.069420109507217518e+02
1.067079559363525050e+02
1.083343941248469946e+02
1.051703272075302493e+02
1.068262310606060623e+02
1.054501811594202962e+02
1.056909507445589895e+02
1.078607962801511206e+02
1.066588348117957281e+02
1.078040669856459317e+02
1.064545672500599380e+02
1.057512027491408872e+02
1.064553240740740705e+02
0.000000000000000000e+00
1.065335672514619887e+02
1.067317190122272876e+02
1.056189703153988830e+02
1.057586691658856637e+02
1.056675830469644950e+02
1.063560297290817545e+02
1.069055529188419484e+02
0.000000000000000000e+00
1.059592592592592553e+02
1.096034161490683232e+02
1.053488372093023315e+02
1.088754480286738300e+02
1.064836459836459852e+02
1.100886370241208994e+02
1.073777947154471519e+02
1.053116213683224061e+02
1.054315862708719891e+02
1.051222826086956559e+02
0.000000000000000000e+00
0.000000000000000000e+00
0.000000000000000000e+00
