1.656069711538461604e+02
1.641486378205128176e+02
1.622329670329670250e+02
1.617807547169811357e+02
1.612624039133472991e+02
1.616346153846153868e+02
1.619293040293040349e+02
1.617161538461538441e+02
1.619608058608058627e+02
1.615736879942487292e+02
1.616647619047619173e+02
1.616705467372134137e+02
1.617629449838187838e+02
1.617280423280423349e+02
1.618435650887574013e+02
1.614804232804232811e+02
1.620858252427184425e+02
1.621054945054945051e+02
1.624751921733053734e+02
1.622211640211640145e+02
1.622930769230769101e+02
1.622688301282051384e+02
1.623117216117216230e+02
1.622062271062271179e+02
1.626632653061224403e+02
1.620965166908563049e+02
1.626891428571428548e+02
1.633951378809869368e+02
1.635734615384615438e+02
1.628792307692307588e+02
1.630605825242718367e+02
1.627153902798232821e+02
1.626694983818770197e+02
1.625292307692307645e+02
1.622120388349514428e+02
1.620438095238095286e+02
1.625580808080808026e+02
1.621013621794871824e+02
1.623178210678210576e+02
1.621523809523809518e+02
1.619211428571428542e+02
1.623341836734693970e+02
1.622505494505494426e+02
1.624350916573138761e+02
1.624659763313609346e+02
1.619763313609467446e+02
1.621719230769230649e+02
1.619049615653389367e+02
1.619449735449735499e+02
1.625293904208998583e+02
1.619411561093804153e+02
1.622599647266313809e+02
1.620564102564102598e+02
1.623304473304473277e+02
1.625425685425685458e+02
1.619715099715099598e+02
1.619798941798941883e+02
1.621031746031746081e+02
1.621715384615384608e+02
1.621597069597069662e+02
1.624215384615384608e+02
1.626173469387755119e+02
1.538016273849607103e+02
nan
0.000000000000000000e+00
0.000000000000000000e+00
0.000000000000000000e+00
0.000000000000000000e+00
0.000000000000000000e+00
0.000000000000000000e+00
0.000000000000000000e+00
0.000000000000000000e+00
0.000000000000000000e+00
nan
nan
nan
nan
nan
1.514164201183431828e+02
1.509700176366843039e+02
1.527172161172161111e+02
1.538283018867924454e+02
1.540129437869822482e+02
1.535854289940828323e+02
1.533915750915750777e+02
1.538923829489867217e+02
1.541167016072676574e+02
1.536719883889695097e+02
1.529689028651292801e+02
1.531970404984423624e+02
1.559279245283019009e+02
1.573461682242990776e+02
1.581919191919191974e+02
1.575415384615384653e+02
1.523689179375453762e+02
1.503455591513844070e+02
1.530309932785660862e+02
1.564149494949494965e+02
1.562207692307692355e+02
1.552638888888888857e+02
1.550946745562130218e+02
1.548971428571428532e+02
1.549549514563106811e+02
1.548337864077669792e+02
1.553308439133681986e+02
1.557929411764705776e+02
1.555541310541310622e+02
1.555792307692307759e+02
1.560805860805860732e+02
1.563373786407767057e+02
1.561824175824175711e+02
1.558878205128205252e+02
1.553361552028218568e+02
1.558054368932038756e+02
1.559301717699775907e+02
1.555177993527508136e+02
1.556056793673616028e+02
1.557562869822485254e+02
1.557102564102564202e+02
1.557165795369678847e+02
1.553965384615384551e+02
1.552628205128205252e+02
1.549888529306005012e+02
1.550906065088757373e+02
1.549685650887574013e+02
1.550003846153846041e+02
1.545755339805825201e+02
1.543896011396011261e+02
1.544411982248520587e+02
1.546645299145299077e+02
1.531841715976331386e+02
1.527783882783882916e+02
1.529490291262135884e+02
1.545425690814040252e+02
1.573305288461538396e+02
1.600595763459841123e+02
1.645657216494845443e+02
0.000000000000000000e+00
0.000000000000000000e+00
0.000000000000000000e+00
0.000000000000000000e+00
0.000000000000000000e+00
0.000000000000000000e+00
0.000000000000000000e+00
0.000000000000000000e+00
0.000000000000000000e+00
0.000000000000000000e+00
0.000000000000000000e+00
0.000000000000000000e+00
0.000000000000000000e+00
0.000000000000000000e+00
0.000000000000000000e+00
0.000000000000000000e+00
0.000000000000000000e+00
0.000000000000000000e+00
0.000000000000000000e+00
0.000000000000000000e+00
0.000000000000000000e+00
0.000000000000000000e+00
0.000000000000000000e+00
0.000000000000000000e+00
0.000000000000000000e+00
0.000000000000000000e+00
1.555309405940594161e+02
1.506228448275862206e+02
0.000000000000000000e+00
0.000000000000000000e+00
0.000000000000000000e+00
0.000000000000000000e+00
1.574369047619047706e+02
1.592665788317962097e+02
1.558870103092783381e+02
1.549175510204081547e+02
1.542117697594501635e+02
1.528464837049742755e+02
1.506187999999999931e+02
1.488751851851851882e+02
1.491408987052551538e+02
1.490615384615384755e+02
1.481581481481481433e+02
1.483325851103628850e+02
1.469031034482758571e+02
1.473596190476190486e+02
1.471109433962264177e+02
1.469681481481481455e+02
1.473274725274725370e+02
1.477474112426035617e+02
1.479360000000000070e+02
1.470731428571428694e+02
1.469485714285714266e+02
1.465639285714285620e+02
1.464537684537684470e+02
1.464670329670329636e+02
1.460411428571428587e+02
1.460431372549019500e+02
1.463829705994654375e+02
1.466053391053391124e+02
1.468544973544973686e+02
1.470839874411302901e+02
1.473990384615384528e+02
1.471580769230769192e+02
1.475393217893217752e+02
1.475619230769230796e+02
1.473911538461538555e+02
1.476725274725274630e+02
1.475464743589743648e+02
1.475693203883495244e+02
1.479274781341107996e+02
1.479387755102040956e+02
1.475155325443786865e+02
1.476662925551814567e+02
1.472274085138162718e+02
1.475408126573175025e+02
1.476460044809559236e+02
1.477267573696145178e+02
1.475765384615384619e+02
1.476911538461538385e+02
1.481409674981103421e+02
1.482279611650485549e+02
1.483441915227629408e+02
1.481475728155339766e+02
1.487366255144033005e+02
1.484860670194003660e+02
1.481696153846153834e+02
1.488136669156086498e+02
1.443279177718832784e+02
1.417604022191400759e+02
1.423676870748299450e+02
1.496778126088470913e+02
1.465525641025641050e+02
0.000000000000000000e+00
0.000000000000000000e+00
0.000000000000000000e+00
0.000000000000000000e+00
0.000000000000000000e+00
0.000000000000000000e+00
0.000000000000000000e+00
0.000000000000000000e+00
0.000000000000000000e+00
0.000000000000000000e+00
0.000000000000000000e+00
0.000000000000000000e+00
0.000000000000000000e+00
0.000000000000000000e+00
0.000000000000000000e+00
0.000000000000000000e+00
0.000000000000000000e+00
1.456005555555555588e+02
1.504113597246127370e+02
1.552874196510560125e+02
1.564817332200509838e+02
1.537069425901201498e+02
1.506232678053496556e+02
1.461512016021361831e+02
1.463462499999999977e+02
1.467441130298273038e+02
1.488499999999999943e+02
1.508312332951508097e+02
1.510115740740740762e+02
1.489111866969009839e+02
1.469947624392068803e+02
1.456153846153846132e+02
1.464078014184397034e+02
1.379541666666666799e+02
0.000000000000000000e+00
1.339195075757575637e+02
1.353528433654805383e+02
0.000000000000000000e+00
0.000000000000000000e+00
0.000000000000000000e+00
0.000000000000000000e+00
0.000000000000000000e+00
1.383614253393665194e+02
1.355002741228070136e+02
1.419787234042553052e+02
1.428953989935298239e+02
1.393319892473118387e+02
1.379927398989898961e+02
1.421178723404255209e+02
0.000000000000000000e+00
0.000000000000000000e+00
0.000000000000000000e+00
0.000000000000000000e+00
0.000000000000000000e+00
0.000000000000000000e+00
0.000000000000000000e+00
0.000000000000000000e+00
0.000000000000000000e+00
0.000000000000000000e+00
0.000000000000000000e+00
0.000000000000000000e+00
1.296207729468599155e+02
1.364190476190476318e+02
1.516380000000000052e+02
1.561236146632566033e+02
1.525143999999999949e+02
1.440757575757575637e+02
0.000000000000000000e+00
nan
0.000000000000000000e+00
0.000000000000000000e+00
0.000000000000000000e+00
0.000000000000000000e+00
0.000000000000000000e+00
0.000000000000000000e+00
0.000000000000000000e+00
0.000000000000000000e+00
0.000000000000000000e+00
0.000000000000000000e+00
0.000000000000000000e+00
0.000000000000000000e+00
0.000000000000000000e+00
0.000000000000000000e+00
0.000000000000000000e+00
nan
0.000000000000000000e+00
0.000000000000000000e+00
0.000000000000000000e+00
0.000000000000000000e+00
1.514703177257524942e+02
1.519126984126984041e+02
1.548362178134233886e+02
1.525897196261682325e+02
1.518955026455026314e+02
1.534236760124610726e+02
1.533077268643306468e+02
1.521180968564146099e+02
1.509151343705799206e+02
0.000000000000000000e+00
0.000000000000000000e+00
0.000000000000000000e+00
0.000000000000000000e+00
0.000000000000000000e+00
nan
0.000000000000000000e+00
0.000000000000000000e+00
nan
nan
nan
nan
0.000000000000000000e+00
0.000000000000000000e+00
nan
nan
nan
nan
0.000000000000000000e+00
0.000000000000000000e+00
nan
nan
nan
0.000000000000000000e+00
0.000000000000000000e+00
0.000000000000000000e+00
nan
nan
nan
nan
0.000000000000000000e+00
0.000000000000000000e+00
nan
nan
1.008148496240601446e+02
1.030149190110826964e+02
0.000000000000000000e+00
0.000000000000000000e+00
nan
9.776923076923077360e+01
nan
0.000000000000000000e+00
0.000000000000000000e+00
0.000000000000000000e+00
0.000000000000000000e+00
1.535164502164502096e+02
1.537192013593882791e+02
1.521217447916666572e+02
1.415132978723404165e+02
1.556479381443298848e+02
1.510054086538461604e+02
1.524236482471776526e+02
1.544621848739495817e+02
1.543508417508417381e+02
1.539411764705882320e+02
1.534945745288406727e+02
1.510099009900989984e+02
1.519879773691654918e+02
1.509589816124469621e+02
1.537436426116838390e+02
1.512673267326732685e+02
1.559657320872274227e+02
1.570695970695970800e+02
1.548691588785046633e+02
1.545122222222222206e+02
1.522527427874847490e+02
1.527106918238993671e+02
1.517847222222222285e+02
1.514630841121495450e+02
1.515797169811320657e+02
1.522726415094339529e+02
1.473844155844155921e+02
1.520947368421052772e+02
1.528942403177755693e+02
1.535141509433962312e+02
1.546123762376237494e+02
1.549876385336743283e+02
1.500518867924528195e+02
1.514687239366138556e+02
1.509920033670033774e+02
1.497805555555555657e+02
1.501549919484702116e+02
1.497271639409652835e+02
1.484922813036020557e+02
1.502941700044503648e+02
1.509275700934579447e+02
1.506707547169811221e+02
0.000000000000000000e+00
1.459452861952862008e+02
1.462706185567010380e+02
1.418990929705215365e+02
1.382672897196261772e+02
1.299886429819452474e+02
0.000000000000000000e+00
0.000000000000000000e+00
1.150465838509316825e+02
0.000000000000000000e+00
0.000000000000000000e+00
0.000000000000000000e+00
0.000000000000000000e+00
0.000000000000000000e+00
0.000000000000000000e+00
0.000000000000000000e+00
0.000000000000000000e+00
0.000000000000000000e+00
0.000000000000000000e+00
0.000000000000000000e+00
nan
nan
nan
nan
1.138521677327647410e+02
1.295354933726067657e+02
1.301183712121212182e+02
1.303834260977118049e+02
0.000000000000000000e+00
1.320740977323538914e+02
1.326572208945032401e+02
nan
1.191464912280701753e+02
0.000000000000000000e+00
1.334485144485144588e+02
0.000000000000000000e+00
1.362304687500000000e+02
1.376604166666666629e+02
1.371068671271840742e+02
1.388597770154374018e+02
1.398619528619528580e+02
1.394947089947089864e+02
1.357944521497919652e+02
1.412756232686980695e+02
0.000000000000000000e+00
0.000000000000000000e+00
nan
nan
0.000000000000000000e+00
0.000000000000000000e+00
0.000000000000000000e+00
0.000000000000000000e+00
0.000000000000000000e+00
0.000000000000000000e+00
0.000000000000000000e+00
0.000000000000000000e+00
0.000000000000000000e+00
0.000000000000000000e+00
0.000000000000000000e+00
0.000000000000000000e+00
0.000000000000000000e+00
0.000000000000000000e+00
0.000000000000000000e+00
0.000000000000000000e+00
0.000000000000000000e+00
0.000000000000000000e+00
0.000000000000000000e+00
0.000000000000000000e+00
0.000000000000000000e+00
nan
0.000000000000000000e+00
0.000000000000000000e+00
0.000000000000000000e+00
0.000000000000000000e+00
0.000000000000000000e+00
0.000000000000000000e+00
0.000000000000000000e+00
0.000000000000000000e+00
0.000000000000000000e+00
0.000000000000000000e+00
0.000000000000000000e+00
0.000000000000000000e+00
0.000000000000000000e+00
0.000000000000000000e+00
0.000000000000000000e+00
0.000000000000000000e+00
0.000000000000000000e+00
0.000000000000000000e+00
0.000000000000000000e+00
0.000000000000000000e+00
0.000000000000000000e+00
0.000000000000000000e+00
0.000000000000000000e+00
0.000000000000000000e+00
0.000000000000000000e+00
0.000000000000000000e+00
0.000000000000000000e+00
0.000000000000000000e+00
0.000000000000000000e+00
0.000000000000000000e+00
0.000000000000000000e+00
0.000000000000000000e+00
0.000000000000000000e+00
0.000000000000000000e+00
0.000000000000000000e+00
0.000000000000000000e+00
0.000000000000000000e+00
0.000000000000000000e+00
0.000000000000000000e+00
0.000000000000000000e+00
0.000000000000000000e+00
0.000000000000000000e+00
0.000000000000000000e+00
0.000000000000000000e+00
0.000000000000000000e+00
0.000000000000000000e+00
0.000000000000000000e+00
0.000000000000000000e+00
0.000000000000000000e+00
0.000000000000000000e+00
0.000000000000000000e+00
0.000000000000000000e+00
0.000000000000000000e+00
0.000000000000000000e+00
0.000000000000000000e+00
0.000000000000000000e+00
0.000000000000000000e+00
0.000000000000000000e+00
0.000000000000000000e+00
0.000000000000000000e+00
0.000000000000000000e+00
0.000000000000000000e+00
0.000000000000000000e+00
0.000000000000000000e+00
0.000000000000000000e+00
0.000000000000000000e+00
0.000000000000000000e+00
1.539207792207792238e+02
1.538458132045088576e+02
1.543135221380135533e+02
1.567803846153846052e+02
1.536997354497354422e+02
1.544772961816305497e+02
1.539441176470588175e+02
1.531765734265734125e+02
1.536392380952380847e+02
1.495405504587155860e+02
1.509232736572890019e+02
1.508161764705882320e+02
1.464943365695792750e+02
0.000000000000000000e+00
0.000000000000000000e+00
0.000000000000000000e+00
0.000000000000000000e+00
0.000000000000000000e+00
0.000000000000000000e+00
0.000000000000000000e+00
0.000000000000000000e+00
0.000000000000000000e+00
0.000000000000000000e+00
0.000000000000000000e+00
0.000000000000000000e+00
0.000000000000000000e+00
0.000000000000000000e+00
0.000000000000000000e+00
0.000000000000000000e+00
0.000000000000000000e+00
0.000000000000000000e+00
0.000000000000000000e+00
0.000000000000000000e+00
0.000000000000000000e+00
0.000000000000000000e+00
0.000000000000000000e+00
0.000000000000000000e+00
0.000000000000000000e+00
0.000000000000000000e+00
0.000000000000000000e+00
0.000000000000000000e+00
0.000000000000000000e+00
0.000000000000000000e+00
0.000000000000000000e+00
0.000000000000000000e+00
0.000000000000000000e+00
0.000000000000000000e+00
0.000000000000000000e+00
0.000000000000000000e+00
1.245066361556064010e+02
1.196535087719298218e+02
1.220363984674329458e+02
0.000000000000000000e+00
0.000000000000000000e+00
0.000000000000000000e+00
0.000000000000000000e+00
0.000000000000000000e+00
0.000000000000000000e+00
0.000000000000000000e+00
0.000000000000000000e+00
0.000000000000000000e+00
0.000000000000000000e+00
0.000000000000000000e+00
0.000000000000000000e+00
0.000000000000000000e+00
0.000000000000000000e+00
0.000000000000000000e+00
0.000000000000000000e+00
0.000000000000000000e+00
0.000000000000000000e+00
0.000000000000000000e+00
0.000000000000000000e+00
0.000000000000000000e+00
0.000000000000000000e+00
0.000000000000000000e+00
1.160786259541984720e+02
0.000000000000000000e+00
0.000000000000000000e+00
1.419008487654321016e+02
1.408753698224851973e+02
1.421849688473520246e+02
1.411050596197228515e+02
1.402565011820331051e+02
1.368319230769230899e+02
1.345338541666666572e+02
1.307269818698897836e+02
1.295733194009056035e+02
1.280528146742568083e+02
1.281558908045977034e+02
1.286616379310344769e+02
1.284076479076479131e+02
1.292336757153338169e+02
nan
nan
nan
nan
1.297465805471124725e+02
1.315193065405831305e+02
1.345198380566801575e+02
1.370310280373831802e+02
1.374544444444444480e+02
1.378594392523364434e+02
1.384792660550458834e+02
1.383539094650205641e+02
1.382381308411214889e+02
1.383581308411214934e+02
1.385509259259259238e+02
1.387020129403306896e+02
1.384726080246913682e+02
1.387349532710280471e+02
1.383634259259259238e+02
1.387494758909853374e+02
1.379047619047618980e+02
1.376515463917525892e+02
1.375885714285714414e+02
1.376689795918367452e+02
1.376123711340206057e+02
1.376050753370340942e+02
1.374089795918367258e+02
1.373742857142857190e+02
1.374589898989898984e+02
1.375022222222222297e+02
1.377121212121212182e+02
1.374812244897959204e+02
1.373483333333333292e+02
1.372436868686868650e+02
1.372904040404040416e+02
1.375403911564625901e+02
1.368981132075471692e+02
1.377125420875420900e+02
1.369915865384615472e+02
1.373417821782178123e+02
1.366540880503144706e+02
1.366156190476190488e+02
1.367547619047618923e+02
1.371009900990098913e+02
1.374875679875679850e+02
1.365226190476190595e+02
1.367669459253617674e+02
1.371974074074074110e+02
1.373673774784885779e+02
1.369911538461538498e+02
1.358707692307692412e+02
1.372832167832167727e+02
1.377373393801965165e+02
1.367800597460791607e+02
1.361879905808477247e+02
1.353542835765057930e+02
1.354422799422799528e+02
1.355240870240870379e+02
1.311809764309764432e+02
1.312491071428571558e+02
1.367741935483871032e+02
1.368947368421052602e+02
1.348890086206896513e+02
0.000000000000000000e+00
1.337979797979797922e+02
1.231778332145402715e+02
1.262957182873149264e+02
1.330137815126050498e+02
1.308182471264367734e+02
1.325418803418803293e+02
1.309243149195302180e+02
1.356899999999999977e+02
1.365719954648526198e+02
1.365738968633705497e+02
1.373483318028772544e+02
1.370223446587083060e+02
1.370988571428571561e+02
1.361149614961496184e+02
1.365512443136205434e+02
1.375556202679091484e+02
1.369585714285714175e+02
1.373102941176470608e+02
1.364118918918918837e+02
1.372159459459459470e+02
1.357228786251342569e+02
1.289333333333333371e+02
1.305405701754386030e+02
1.297449718423169713e+02
1.303688197767145027e+02
1.318578571428571422e+02
1.315476106194690260e+02
1.315673363095237960e+02
1.306991459627329277e+02
1.330232142857142890e+02
1.315398230088495666e+02
1.430349999999999966e+02
0.000000000000000000e+00
1.369149408284023650e+02
1.353735849056603797e+02
1.303336283185840614e+02
1.310369369369369394e+02
1.304473451327433509e+02
1.302722292456805633e+02
1.296676991150442575e+02
1.299092920353982379e+02
1.354205370101596486e+02
1.309436674436674366e+02
1.411043643263757019e+02
1.432563809523809653e+02
1.397920634920635052e+02
1.359081632653061149e+02
nan
0.000000000000000000e+00
0.000000000000000000e+00
0.000000000000000000e+00
0.000000000000000000e+00
0.000000000000000000e+00
0.000000000000000000e+00
0.000000000000000000e+00
1.325755775577557642e+02
1.309722527472527531e+02
1.370411352040816269e+02
1.379029243292131355e+02
1.394924528301886824e+02
1.432033179012345556e+02
1.436793981481481524e+02
1.439168556311413454e+02
1.437955404383975804e+02
1.428140589569161136e+02
1.425696830851470054e+02
1.426122448979591866e+02
1.419437321937321883e+02
1.424509379509379414e+02
1.436014109347442798e+02
1.435589622641509493e+02
1.351418064136510679e+02
1.304556706238949175e+02
1.295526785714285722e+02
1.383963775687913653e+02
1.468313164649798352e+02
1.517925295857988033e+02
1.527361005331302408e+02
1.526093514328808567e+02
1.509482758620689538e+02
1.500434615384615427e+02
1.487685439560439420e+02
1.479090255303847528e+02
1.479557713052858787e+02
1.481499287749287816e+02
1.481673881673881681e+02
1.475835644937586721e+02
1.472692307692307736e+02
1.476442577030812231e+02
1.473797195253505947e+02
1.474361740381157801e+02
1.468550295857988033e+02
1.468169378698224818e+02
1.471441374159820725e+02
1.469861111111111143e+02
1.473757142857142810e+02
1.471414835164835040e+02
1.471344839985616773e+02
1.474966666666666697e+02
1.471564185544768009e+02
1.475096428571428646e+02
1.466915608663181558e+02
1.471359223300970882e+02
1.467659023668639122e+02
1.470056011949215815e+02
1.469728395061728463e+02
1.468332100591715914e+02
1.463794378698224818e+02
1.466882001493652012e+02
1.471229773462783044e+02
1.468383121732636312e+02
1.466666666666666572e+02
1.465992307692307577e+02
1.468030612244897952e+02
1.464678254437869782e+02
1.469672364672364608e+02
1.465526923076922969e+02
1.471898597626752974e+02
1.470735294117646959e+02
1.467175925925925810e+02
1.468852578068264449e+02
1.470338319088318997e+02
1.468811287477954011e+02
1.470239858906525683e+02
1.470555555555555429e+02
1.470849514563106766e+02
1.469283047050037396e+02
1.471034858387799602e+02
1.472360482654600276e+02
1.474440559440559468e+02
1.471292592592592712e+02
1.471896153846153936e+02
1.472838461538461559e+02
1.472564285714285575e+02
1.472811111111111018e+02
1.470627865961199348e+02
1.472362962962963024e+02
1.469429629629629517e+02
1.475062962962962843e+02
1.469866666666666788e+02
1.470555555555555429e+02
1.468900226757369580e+02
1.471235790245691248e+02
1.468892630003741147e+02
1.467122926093514366e+02
1.469951851851851927e+02
1.467702265372168426e+02
1.465351456310679623e+02
1.467135922330097060e+02
1.465156418554476829e+02
1.467996296296296350e+02
1.468932142857142935e+02
1.462543689320388296e+02
1.464937130177514746e+02
1.463476474981329432e+02
1.470841750841750866e+02
1.463095776772247234e+02
