1.107131445170660839e+02
1.145954692556634313e+02
1.269708737864077648e+02
1.291957417582417520e+02
1.367532086541987439e+02
1.431342307692307827e+02
1.494242193450114371e+02
1.523251748251748268e+02
1.536191926884996235e+02
1.548811881188118775e+02
1.558933739527798821e+02
1.568415841584158557e+02
1.579357692307692389e+02
1.592551408987052639e+02
1.601565118050266676e+02
1.620107407407407436e+02
1.619344444444444377e+02
1.616507692307692423e+02
1.615618518518518556e+02
1.608777777777777658e+02
1.599366336633663366e+02
1.599405940594059530e+02
1.591996428571428623e+02
1.584474074074074110e+02
1.581740289413556866e+02
1.578712871287128792e+02
1.576096725057120977e+02
1.573851851851851791e+02
1.567184466019417357e+02
1.574837340876944722e+02
1.569646324549237306e+02
1.571492592592592530e+02
1.570937037037037101e+02
1.571822222222222081e+02
1.567985185185185060e+02
1.569356435643564396e+02
1.567058612010068259e+02
1.571110325318246055e+02
1.569816612729234180e+02
1.571566478076379099e+02
1.568469887955182003e+02
1.569392857142857167e+02
1.562816951566951502e+02
1.563146314631463270e+02
1.564620462046204636e+02
1.564418775210854449e+02
1.561620828749541658e+02
1.558521923620933478e+02
1.558353502016868219e+02
1.558655555555555452e+02
1.551389805647231412e+02
1.551942628903413208e+02
1.553237990465713096e+02
1.554029629629629596e+02
1.550402732829917340e+02
1.554940740740740637e+02
1.548841886269070756e+02
1.554668133480014660e+02
1.553861920172599866e+02
1.554149586479683478e+02
1.558869002284843930e+02
1.555350593311758303e+02
1.560162962962963036e+02
1.556192017259978400e+02
1.555027472527472412e+02
1.561341036414565906e+02
1.563098643197652962e+02
1.560542717086834728e+02
1.566496428571428510e+02
1.564334433443344210e+02
1.565355172413793241e+02
1.569282142857142901e+02
1.568774509803921546e+02
1.574686976899899662e+02
1.571905270655270783e+02
1.580265205091937730e+02
1.576628151260504183e+02
1.574036061026352229e+02
1.573660553757641196e+02
1.571692857142857065e+02
1.568475954738331097e+02
1.566647018030513152e+02
1.568965896589658939e+02
1.568088888888889016e+02
1.567737440410707848e+02
1.560355555555555611e+02
1.559707407407407516e+02
1.555134370579915242e+02
1.548609203296703356e+02
1.555511538461538521e+02
1.550548090523338089e+02
1.549905462184873954e+02
1.552325925925925958e+02
1.548264342774146769e+02
1.551330532212885203e+02
1.550102676934360204e+02
1.553056118999323871e+02
1.554415395787944760e+02
1.553342579750346601e+02
1.553594771241830017e+02
1.557884121745507855e+02
1.555105301379811067e+02
1.559451909476661911e+02
1.563017857142857281e+02
1.556899999999999977e+02
1.513052738336714071e+02
nan
0.000000000000000000e+00
0.000000000000000000e+00
0.000000000000000000e+00
0.000000000000000000e+00
0.000000000000000000e+00
0.000000000000000000e+00
0.000000000000000000e+00
0.000000000000000000e+00
0.000000000000000000e+00
0.000000000000000000e+00
nan
1.493199999999999932e+02
1.474259576901086461e+02
nan
1.499432330827067688e+02
1.492550505050504910e+02
1.519915151515151592e+02
1.534540816326530717e+02
1.564609479305740933e+02
1.558274074074074065e+02
1.564692000000000007e+02
1.564238215488215360e+02
1.577667326732673132e+02
1.583120833333333337e+02
1.596459405940593967e+02
1.601391666666666538e+02
1.601717647058823388e+02
1.609172277227722816e+02
1.606438461538461411e+02
1.613473267326732810e+02
1.641283333333333303e+02
1.643771471247199543e+02
1.655733333333333235e+02
1.647549019607843093e+02
1.653951734539969891e+02
1.649567999999999870e+02
1.647504000000000133e+02
1.651960784313725412e+02
1.656764000000000010e+02
1.652030228758169983e+02
1.653812000000000069e+02
1.641469916222391419e+02
1.644376000000000033e+02
1.630807311500380763e+02
1.623786407766990294e+02
1.618088235294117680e+02
1.615272331154684196e+02
1.612505446623093803e+02
1.616011111111111234e+02
1.616106442577030862e+02
1.610874811463046683e+02
1.616404171161452723e+02
1.615375764113628065e+02
1.619818445896877392e+02
1.629108910891089010e+02
1.635181481481481569e+02
1.625075414781297241e+02
1.630718954248366117e+02
1.631056758775205253e+02
1.631206123973114188e+02
1.634270152505446561e+02
1.630090497737556632e+02
1.624386347131445234e+02
1.631518518518518590e+02
1.580034013605442169e+02
nan
nan
nan
1.383653333333333251e+02
nan
1.478440393518518476e+02
1.558010610079575713e+02
1.619000850340136139e+02
1.638937254901960898e+02
1.640177993527508136e+02
1.638620550161812162e+02
1.645473076923076974e+02
1.641621732026143832e+02
1.647340740740740728e+02
1.642431229773462746e+02
1.647147753236862116e+02
1.646241584158415776e+02
1.647196153846153948e+02
1.646007920792079346e+02
1.650205635948210272e+02
1.646119909502262431e+02
1.644738610903659435e+02
1.638318250377074037e+02
1.642895710059171677e+02
1.645392011834319419e+02
1.647814166031987781e+02
1.643227450980392064e+02
1.650837776085300845e+02
1.638133333333333326e+02
1.646237623762376359e+02
1.644455445544554379e+02
1.639091251885369616e+02
1.643076000000000079e+02
1.640511999999999944e+02
1.644788461538461490e+02
1.647812000000000126e+02
1.652350000000000136e+02
1.647446369636963652e+02
1.648919141914191471e+02
1.652677075399847695e+02
1.659274074074074008e+02
1.651568047337278244e+02
1.653095145631068021e+02
1.655923831070889776e+02
1.647791317593297720e+02
1.644788235294117555e+02
1.656112785191562580e+02
1.688019801980198054e+02
1.704277824978759668e+02
1.698952762923351258e+02
1.688119429590017830e+02
1.680236734693877452e+02
1.635714285714285836e+02
1.613599419448476056e+02
1.604084656084656046e+02
1.611996336996336936e+02
1.618384615384615302e+02
1.616714285714285779e+02
1.605145137880986965e+02
1.590632638389647866e+02
1.577965976331360878e+02
1.571513019000703650e+02
1.572954851752021455e+02
1.563227065712426906e+02
1.559707221860767845e+02
1.554241913746630814e+02
1.549892648015614895e+02
1.548320979697067230e+02
1.549780857234933933e+02
1.543554624556880412e+02
1.546349110642146627e+02
1.539599056603773590e+02
1.537339786381842544e+02
1.542260536398467536e+02
1.542182098765431988e+02
1.545039755351681947e+02
1.537440476190476204e+02
1.538546567837576617e+02
1.536051647978253527e+02
1.537827380952381020e+02
1.538553459119496836e+02
1.539214559386973065e+02
1.543578104138851756e+02
1.541047254150702486e+02
1.544639519359145652e+02
1.540527369826435233e+02
1.542937420178799357e+02
1.540578930718127140e+02
1.543944569771189208e+02
1.543260582010582027e+02
1.539993141289437517e+02
1.541424010217113789e+02
1.544660493827160508e+02
1.548366666666666731e+02
1.552530844669408339e+02
1.551717692555591270e+02
1.556112149532710305e+02
1.557025089605734820e+02
1.556762452107279557e+02
1.557033844189016634e+02
1.559811621966794348e+02
1.561410493827160622e+02
1.558463541666666572e+02
1.554346330275229491e+02
1.548767361111111143e+02
1.541243273860096394e+02
1.543638344226579591e+02
1.556463890696161343e+02
1.562912087912087884e+02
1.573123342175066455e+02
1.562380952380952408e+02
1.558832417582417520e+02
1.561048005409060124e+02
1.555807905686546349e+02
1.544555322128851458e+02
1.546994590939824263e+02
1.551892857142857167e+02
1.554451909476661911e+02
1.561685714285714255e+02
1.558113730929264875e+02
1.556661140583554470e+02
1.563398058252427063e+02
1.568974540311174053e+02
1.573799019607843093e+02
1.584024137931034488e+02
1.584019607843137294e+02
1.583730551626591136e+02
1.581485148514851460e+02
1.577528419508617503e+02
1.580678925035360578e+02
1.589246428571428567e+02
1.585426105717367875e+02
1.389673939103332430e+02
0.000000000000000000e+00
0.000000000000000000e+00
0.000000000000000000e+00
nan
nan
nan
1.467917329093799594e+02
1.476297729618163146e+02
nan
1.528208905256109915e+02
1.532738603988603927e+02
1.541116504854368827e+02
1.536081830790568574e+02
1.539457417582417520e+02
1.541883753501400633e+02
1.548050397877984210e+02
1.544434812760055422e+02
1.545618251480320566e+02
1.543942857142857008e+02
1.545227272727272805e+02
1.545010822510822379e+02
1.549492296918767522e+02
1.553297623033143680e+02
1.556896671289875087e+02
1.559541620828749444e+02
1.564032593619972147e+02
1.557692577030812231e+02
1.557242390905757361e+02
1.555416088765603320e+02
1.555312500000000000e+02
1.556771570014144288e+02
1.557139355742296800e+02
1.553148404993065128e+02
1.555084033613445342e+02
1.555110957004160923e+02
1.555700280112044709e+02
1.553832417582417520e+02
1.550686803308162496e+02
1.554700854700854791e+02
1.558418367346938851e+02
1.557774725274725256e+02
1.557137720244516288e+02
1.560585991678224786e+02
1.557741496598639515e+02
1.563612479474548422e+02
1.565472413793103499e+02
1.560993197278911566e+02
1.558358516483516496e+02
1.554800824175824232e+02
nan
nan
nan
0.000000000000000000e+00
0.000000000000000000e+00
1.386425730994152161e+02
1.385350177304964632e+02
nan
1.460111764705882251e+02
nan
nan
nan
1.565811688311688386e+02
1.572338156892612346e+02
1.573427931292008850e+02
1.577872117400419256e+02
1.582300569800569860e+02
1.583155136268343881e+02
1.584169312169312036e+02
1.578479511143062552e+02
1.583262786596120009e+02
1.579277939042090111e+02
1.580094339622641542e+02
1.576531135531135419e+02
1.581826530612244994e+02
1.582652557319223945e+02
1.574542124542124668e+02
1.577647928994082918e+02
1.578409763313609346e+02
1.583104056437389886e+02
1.585345441595441685e+02
1.583438155136268222e+02
1.579479853479853375e+02
1.578978885427483476e+02
1.583661548731642199e+02
1.582769970414201168e+02
1.578515057113187936e+02
1.582323549965059328e+02
1.580562543675751215e+02
1.586647877984084971e+02
1.585661375661375700e+02
1.587209876543209930e+02
1.589152421652421765e+02
1.585406804733727881e+02
1.583476589797344616e+02
1.586572327044025030e+02
1.586204585537918774e+02
1.587106918238993671e+02
1.586860670194003546e+02
1.586825396825396695e+02
1.587029982363315810e+02
1.590529100529100504e+02
1.593431972789115605e+02
1.595149572649572747e+02
1.592432614555256123e+02
1.590241874527588948e+02
1.586285714285714334e+02
1.586799440950384223e+02
1.584730409777138789e+02
1.584585537918871125e+02
1.581260073260073398e+02
1.576814814814814838e+02
1.576567901234568012e+02
1.575358024691358025e+02
1.574685650887574013e+02
1.571834381551362583e+02
1.573599419448476056e+02
1.576049382716049365e+02
1.574752509518864656e+02
1.572990476190476272e+02
1.572837735849056742e+02
1.572948717948717956e+02
1.576033653846153868e+02
1.569268707482993079e+02
1.422192362093352074e+02
0.000000000000000000e+00
0.000000000000000000e+00
0.000000000000000000e+00
0.000000000000000000e+00
0.000000000000000000e+00
0.000000000000000000e+00
0.000000000000000000e+00
0.000000000000000000e+00
0.000000000000000000e+00
0.000000000000000000e+00
nan
nan
nan
1.499520737327189011e+02
1.514721485411140520e+02
1.526951724137931024e+02
1.526966053748232071e+02
1.524499999999999886e+02
1.517574999999999932e+02
1.504177170868347275e+02
1.500567857142857235e+02
1.500537525354969546e+02
1.501720822281167216e+02
1.505226504394861422e+02
1.505720853858784949e+02
1.512190476190476147e+02
1.519577609890109784e+02
1.522366071428571388e+02
1.523776525198938998e+02
1.529972413793103385e+02
1.525873408769448361e+02
1.522927170868347275e+02
1.517311126373626280e+02
1.522034824172072263e+02
1.520817857142857008e+02
1.523389655172413768e+02
1.516979889042995921e+02
1.524468965517241372e+02
1.530353571428571513e+02
1.533737931034482642e+02
1.534425170068027171e+02
1.530877551020408305e+02
1.531559829059829099e+02
1.531197478991596768e+02
1.533333333333333428e+02
1.532302721088435362e+02
1.536707559681697717e+02
1.533044871794871824e+02
1.540016578249336874e+02
1.538365384615384528e+02
1.537538141470180335e+02
1.535957671957671948e+02
1.540659524606628850e+02
1.542893333333333317e+02
1.539444444444444571e+02
1.536961524631427665e+02
1.540473646723646652e+02
1.543318307905686595e+02
1.536589065255732010e+02
1.538855038500167325e+02
1.538165742024965255e+02
1.537000366703337022e+02
1.538924847177274273e+02
1.538210818307905754e+02
1.543444792755137485e+02
1.541081730769230660e+02
1.542242445054945108e+02
1.536167108753315631e+02
1.538248831355627431e+02
1.537324270557029138e+02
1.536109203296703356e+02
1.537994643454971424e+02
1.537680690399137120e+02
1.536015821646889492e+02
1.534146520146520061e+02
1.538003571428571377e+02
1.535391941391941373e+02
1.534009971509971422e+02
1.536026352288488113e+02
1.537500000000000000e+02
1.536371082621082564e+02
1.540408163265306030e+02
1.533967032967032935e+02
1.541128917378917436e+02
1.543703703703703809e+02
1.538602071005917082e+02
1.539674063800277395e+02
1.538700142450142323e+02
1.543308162531463381e+02
1.537788461538461604e+02
1.537903631787126812e+02
1.535125739644970508e+02
1.536965986394557717e+02
1.535751424501424367e+02
1.533034879539733879e+02
1.534323129251700664e+02
1.534746494066882292e+02
1.530000000000000000e+02
1.537928802588996859e+02
1.540114424410541005e+02
1.543945868945868938e+02
1.544812760055478407e+02
1.544106125356125290e+02
1.547524271844660291e+02
1.556269592476488981e+02
1.547923669467787136e+02
1.543543689320388239e+02
1.542340499306518780e+02
1.541761074800290601e+02
1.540459297983569797e+02
1.542581632653061092e+02
nan
nan
0.000000000000000000e+00
0.000000000000000000e+00
0.000000000000000000e+00
0.000000000000000000e+00
0.000000000000000000e+00
nan
nan
nan
1.507286414565826362e+02
1.587231767850324502e+02
1.627961165048543819e+02
1.643845238095238130e+02
