5.099347360218195746e+01
5.254246440844379151e+01
5.253693570451436301e+01
5.297500000000000142e+01
5.421787276061503746e+01
5.300685574755822671e+01
5.395845888936720058e+01
5.315637979329662954e+01
5.277008012507328516e+01
5.323890951729529064e+01
5.301590909090909065e+01
5.406265984654731227e+01
5.321350574712644033e+01
5.404132231404958731e+01
5.353486590038313864e+01
5.393882397644153315e+01
5.357567049808429260e+01
5.329278074866309822e+01
5.299517045454545183e+01
5.308606201101130040e+01
5.317452107279693507e+01
5.093397713835238250e+01
4.912931034482758719e+01
4.949366342469790681e+01
4.862840817963111562e+01
4.891200951248513462e+01
4.895709703287890591e+01
4.896165279429251171e+01
4.828855569155446403e+01
4.854212893553223296e+01
4.825489009881024316e+01
4.830116959064327631e+01
4.829406364749082314e+01
4.791626794258372968e+01
4.791732204073402102e+01
4.894867682437850931e+01
4.855733063700707675e+01
4.932107056936647638e+01
4.943777249306381094e+01
4.918412537917087946e+01
4.930693664795509079e+01
4.972319347319347571e+01
4.939962346413000205e+01
4.928037289494787387e+01
4.926413392141138559e+01
4.921301122694466557e+01
4.930445033893309414e+01
4.917642341619887958e+01
4.970519246190858098e+01
4.942860057119543171e+01
4.955008944543828164e+01
4.935495188452285475e+01
4.923265953230281156e+01
4.920639534883721211e+01
4.983899821109123707e+01
4.848992094861660007e+01
4.832942366026288994e+01
4.904059743384122072e+01
4.933719778042013360e+01
4.909334126040428004e+01
4.982232280431433225e+01
4.920925434718537872e+01
4.942057176539935170e+01
4.883458038422649139e+01
4.853869286287088869e+01
4.878107457898957477e+01
4.875257629805786763e+01
4.882263178755449928e+01
4.886279069767441996e+01
4.837603640040445185e+01
4.787747035573122645e+01
4.837633769322235366e+01
4.965261813537675550e+01
4.926366816591703923e+01
4.990893015030945890e+01
4.912772493063813073e+01
4.927977145148356186e+01
4.963925729442971146e+01
4.958725899423573935e+01
4.991476152936539279e+01
4.987398131584178174e+01
5.056117280342879639e+01
4.968344025661588148e+01
4.954406130268198893e+01
5.004077021318400398e+01
4.954042636801257515e+01
4.928627566558601103e+01
4.970055654939375955e+01
4.973860483551327860e+01
4.908586762075134402e+01
4.924793062672447519e+01
4.942882404951370745e+01
4.982417689460354637e+01
4.952892069171139156e+01
4.825327687033676227e+01
4.760207509881423249e+01
4.832325581395348735e+01
4.874418604651162923e+01
5.018885827976737346e+01
4.877477209671026515e+01
4.909018567639257213e+01
4.972227134296100104e+01
4.967089105020139783e+01
4.978513218048102118e+01
