6.945600000000000307e+01
6.712997347480106214e+01
6.574068965517241736e+01
6.722533333333333871e+01
6.827866666666666617e+01
6.956799999999999784e+01
7.059999999999999432e+01
7.015600000000000591e+01
7.082266666666666310e+01
7.072533333333333871e+01
7.120533333333332848e+01
7.083599999999999852e+01
7.107448275862068954e+01
7.131172413793103715e+01
7.202344827586206577e+01
7.207733333333332837e+01
7.210201149425287781e+01
7.181733333333333746e+01
7.116810344827585766e+01
7.138888888888888573e+01
7.117672413793103203e+01
7.123333333333333428e+01
7.120402298850574141e+01
7.144683908045976750e+01
7.187787356321838672e+01
7.205655172413793252e+01
7.161111111111111427e+01
7.140660919540229656e+01
7.287212643678161328e+01
7.234770114942529062e+01
7.242672413793103203e+01
7.239655172413793593e+01
7.257614942528735469e+01
7.236137931034483017e+01
7.291071428571429180e+01
7.301041666666667140e+01
7.333931034482758093e+01
7.328137931034483188e+01
7.236827586206896967e+01
7.216428571428571104e+01
7.240229885057470938e+01
7.228125000000000000e+01
7.298000000000000398e+01
7.240285714285714391e+01
7.295386904761905100e+01
7.300595238095237960e+01
7.291172413793103146e+01
7.315476190476189799e+01
7.347310344827586448e+01
7.348994252873562516e+01
7.320238095238094900e+01
7.315660919540229656e+01
7.335488505747126453e+01
7.348132183908046500e+01
7.335999999999999943e+01
7.323850574712643891e+01
7.283908045977011625e+01
7.271695402298850297e+01
7.243821839080459313e+01
7.282638888888888573e+01
7.285655172413792968e+01
7.208045977011494188e+01
7.202344827586206577e+01
7.227599999999999625e+01
7.245833333333332860e+01
7.252551724137930478e+01
7.248571428571428044e+01
7.302068965517241850e+01
7.327172413793103090e+01
7.238505747126437484e+01
7.209482758620688969e+01
7.163310344827586107e+01
7.205655172413793252e+01
7.255890804597700594e+01
7.230952380952381020e+01
7.214942528735632266e+01
7.189367816091953500e+01
7.221408045977011625e+01
7.266220238095237960e+01
7.204885057471264531e+01
7.257902298850574141e+01
7.198419540229885172e+01
7.185201149425287781e+01
7.165373563218390984e+01
7.202758620689655800e+01
7.183310344827586391e+01
7.221120689655172953e+01
7.154310344827585766e+01
7.173563218390805218e+01
7.172413793103447688e+01
7.199172413793102976e+01
7.156178160919540687e+01
7.227448275862069238e+01
7.252689655172413552e+01
7.268821839080459313e+01
7.265931034482758832e+01
7.255172413793103203e+01
7.207586206896552028e+01
7.204285714285714448e+01
7.204597701149425859e+01
7.205459770114941875e+01
7.267097701149425859e+01
7.236428571428571388e+01
7.270000000000000284e+01
7.271733333333332894e+01
7.133466666666666356e+01
7.182068965517241566e+01
7.134206896551724242e+01
7.160775862068965125e+01
7.233793103448276440e+01
7.179571428571428271e+01
7.173600000000000421e+01
7.166533333333333644e+01
7.068413793103448484e+01
7.154597701149425859e+01
7.153879310344827047e+01
7.181857142857143117e+01
7.226436781609194782e+01
7.273958333333332860e+01
7.215586206896551857e+01
7.131321839080459313e+01
7.167528735632184578e+01
7.147222222222222854e+01
7.179310344827585766e+01
7.189942528735632266e+01
7.199137931034482563e+01
7.211866666666666958e+01
7.142620689655171873e+01
7.138362068965517437e+01
7.137356321839079953e+01
7.141235632183908422e+01
7.145545977011494188e+01
7.093103448275861922e+01
7.143103448275861922e+01
7.245517241379310747e+01
7.140660919540229656e+01
7.184051724137931672e+01
7.188649425287356109e+01
7.203591954022988375e+01
7.186068965517240770e+01
7.190896551724138419e+01
7.206896551724138078e+01
