7.783130434782609086e+01
7.788942307692308020e+01
7.743910256410256920e+01
7.640969899665552134e+01
7.662833333333333030e+01
7.833814102564102200e+01
7.867307692307691980e+01
7.784615384615383959e+01
7.906521739130434412e+01
7.852166666666666117e+01
7.953685897435897800e+01
7.904013377926420958e+01
7.911538461538461320e+01
7.910500000000000398e+01
7.918896321070234023e+01
8.032852564102563520e+01
7.917558528428094178e+01
7.984615384615383959e+01
7.926260869565217604e+01
8.006410256410256920e+01
7.984280936454850064e+01
8.037792642140468047e+01
7.956856187290969729e+01
7.971652173913042816e+01
7.982943143812708797e+01
7.904000000000000625e+01
7.890705128205128460e+01
7.899038461538461320e+01
7.942833333333332746e+01
7.823076923076922640e+01
7.876347826086956161e+01
7.881999999999999318e+01
7.960096153846153300e+01
7.881666666666666288e+01
7.894833333333333769e+01
7.923666666666666458e+01
8.030929487179487580e+01
7.982051282051281760e+01
7.989297658862875551e+01
7.925418060200668435e+01
7.942467948717948900e+01
7.907652173913044180e+01
7.929391304347825553e+01
7.859866220735786158e+01
8.050641025641026260e+01
8.052842809364548771e+01
7.965739130434782567e+01
7.928365384615383959e+01
8.033816425120772919e+01
7.954006410256410220e+01
7.984173913043478876e+01
8.048557692307691980e+01
8.078044871794871540e+01
8.071906354515050452e+01
