7.226654064272211997e+01
7.322117202268431413e+01
7.378993055555555713e+01
7.393402777777777146e+01
7.289930555555555713e+01
7.335507246376810997e+01
7.243371212121212466e+01
7.338768115942029624e+01
7.317333333333333201e+01
7.337999999999999545e+01
7.425166666666666515e+01
7.324131944444444287e+01
7.223611111111111427e+01
7.322956521739131119e+01
7.216635160680529282e+01
7.149905482041587845e+01
7.203804347826087451e+01
7.195138888888888573e+01
7.202457466918714601e+01
7.284688090737239463e+01
7.388586956521739069e+01
7.335869565217390686e+01
7.329528985507246830e+01
7.348188405797101552e+01
7.599112426035503631e+01
7.308695652173912549e+01
7.312137681159420310e+01
7.240942028985507761e+01
7.289673913043478137e+01
7.262608695652174617e+01
7.582441700960220032e+01
7.251630434782609314e+01
7.371006944444444287e+01
7.824592592592593121e+01
7.931730769230769340e+01
8.311772486772487412e+01
