5.810703456640388254e+01
5.755534941249226932e+01
5.764283338875956275e+01
5.790882731958762975e+01
5.803450520833333570e+01
5.786686197916666430e+01
5.796009311606252368e+01
5.796842105263157663e+01
5.713305412371133940e+01
5.740751262626262275e+01
5.727641752577319778e+01
5.731912878787878896e+01
5.754554521276595835e+01
5.814207275223061089e+01
5.834751773049645607e+01
5.774420103092783307e+01
5.789638157894736992e+01
5.802376910016977973e+01
5.867538200339558330e+01
5.826994906621392545e+01
5.821117424242424221e+01
5.800657894736841769e+01
5.782598684210526585e+01
5.859532828282828376e+01
5.893457031250000000e+01
5.871369949494949481e+01
5.913731060606060908e+01
5.926862373737373701e+01
6.010398098633393005e+01
5.986070175438596408e+01
5.908217317487266484e+01
5.898149920255183076e+01
5.875077399380804621e+01
5.858256578947368354e+01
5.810303030303030170e+01
5.831346649484535760e+01
5.893402777777777857e+01
5.831837477258945057e+01
5.847064393939393767e+01
5.880443548387096797e+01
5.866881443298969145e+01
5.939744816586922127e+01
6.071830550401978854e+01
5.875789141414141170e+01
5.873933209647495346e+01
5.925618489583333570e+01
5.884407552083333570e+01
5.881414473684210265e+01
5.900243055555555571e+01
5.870475260416666430e+01
5.854482323232323182e+01
5.953833762886598180e+01
5.836547619047618696e+01
5.896590909090909349e+01
5.935083762886598180e+01
5.936912280701754696e+01
5.923665364583333570e+01
5.886662371134020333e+01
5.774276315789473557e+01
5.826658163265306456e+01
5.768556701030927769e+01
5.771141581632652873e+01
5.815164615896242140e+01
5.766570972886762547e+01
5.811173927502494507e+01
5.828775015160703532e+01
5.861981566820276157e+01
5.886198869304955394e+01
5.835816428333887274e+01
5.875547680412370966e+01
5.935618279569892763e+01
5.949745331069609477e+01
5.981411764705882206e+01
5.880273321449791979e+01
5.922665229885057414e+01
5.873402777777777573e+01
5.826210559200249861e+01
5.867203947368420813e+01
5.884835526315789167e+01
5.876953125000000000e+01
5.864941406250000000e+01
5.873144531250000000e+01
5.828882575757575779e+01
5.865169270833333570e+01
5.791764322916666430e+01
5.704873477038425733e+01
5.737928921568627771e+01
5.881443298969072231e+01
5.869513888888889142e+01
5.842036290322580783e+01
5.768686224489795933e+01
5.833654805453940639e+01
5.768291159012808578e+01
5.742924086223055014e+01
5.765314266711007463e+01
5.774668930390492250e+01
5.736778309409888266e+01
5.733964646464646364e+01
5.756691919191919027e+01
5.876222148320585603e+01
5.840096038415366309e+01
5.925032216494845017e+01
5.870098948670377581e+01
5.988738077769625789e+01
5.840066026410563893e+01
5.860296846011132033e+01
5.861523437500000000e+01
5.850788356579745653e+01
5.805624999999999858e+01
5.790309597523219765e+01
5.834610215053763227e+01
5.860472074468085424e+01
5.812271366810774964e+01
5.771770334928229573e+01
5.774704944178628097e+01
5.791927083333333570e+01
5.811848958333333570e+01
5.790818298969072231e+01
5.783270202020202078e+01
5.766827852998066106e+01
5.761019736842105488e+01
5.740006510416666430e+01
5.684942205560762574e+01
5.785760309278350633e+01
5.851878949118722772e+01
5.763938879456706132e+01
5.767333333333333201e+01
5.810902777777777573e+01
5.777993421052631362e+01
5.783157894736842053e+01
5.780861244019138923e+01
5.766471354166666430e+01
5.842237903225806406e+01
5.934727272727272407e+01
5.910723684210526585e+01
5.901377688172043179e+01
5.780403645833333570e+01
5.820271646859082892e+01
5.783361629881154187e+01
5.752699144173798373e+01
5.821150648486864299e+01
5.844629198536747339e+01
5.852699490662138970e+01
5.827708333333333002e+01
5.791601562500000000e+01
5.781480263157894939e+01
5.775902061855670411e+01
5.747921516461589420e+01
5.922778143515470362e+01
5.809122149328334928e+01
5.813848684210526585e+01
5.780429292929292728e+01
5.766477272727272663e+01
5.760277061855670411e+01
5.856381578947368638e+01
5.825618489583333570e+01
5.841052631578947540e+01
5.848163659793814162e+01
5.776788503592626967e+01
5.783749999999999858e+01
5.806494845360824542e+01
5.837936827956989561e+01
5.789473684210526017e+01
5.812861842105262866e+01
5.747487113402061709e+01
5.789247311827956821e+01
5.778461021505376038e+01
5.752016129032258362e+01
5.860738031914893753e+01
5.824609245094779197e+01
5.859083191850594119e+01
5.853393817204300831e+01
5.817083607636602949e+01
5.882673761223811226e+01
5.886189516129032029e+01
5.909045560359162153e+01
5.922479838709677580e+01
5.864973958333333570e+01
5.890496134020618513e+01
5.861230865354576736e+01
5.962735215053763227e+01
5.965490591397849585e+01
5.922003395585738872e+01
5.960449218750000000e+01
5.803444976076554696e+01
5.946354933726068026e+01
5.800888742593811997e+01
5.818159722222222285e+01
5.838934707903779753e+01
5.888085714285714545e+01
5.866112404389757273e+01
5.891360544217687334e+01
5.982651072124756553e+01
5.783870967741935232e+01
5.792118390422347574e+01
5.795734091717027781e+01
5.806185567010309256e+01
5.768884408602150415e+01
5.747004608294930961e+01
5.852933673469387799e+01
5.826170598911070897e+01
5.770996563573883265e+01
5.806945358788676970e+01
5.834811827956989561e+01
5.834612794612794318e+01
5.814192439862542727e+01
5.870438218390804508e+01
5.863194444444444287e+01
5.921666666666666856e+01
5.884821731748726847e+01
5.912983247422680222e+01
5.906686827956989561e+01
5.934848484848485128e+01
5.891731770833333570e+01
5.824102393617021534e+01
5.883117816091954211e+01
5.811752287121745297e+01
5.835347222222222285e+01
5.764584040747028837e+01
5.753095238095237818e+01
5.855625217694183249e+01
5.842719072164948102e+01
5.858064516129032029e+01
5.827766323024054884e+01
5.810829493087557296e+01
5.801224226804123418e+01
5.803986254295532632e+01
5.890578231292516875e+01
5.883819444444444713e+01
5.876344086021505575e+01
5.936714333222480633e+01
5.944230129697373144e+01
5.919656249999999886e+01
5.849018955769870587e+01
5.788129251700680555e+01
6.035817307692308020e+01
6.035657051282051100e+01
5.797040239441303555e+01
5.891468183434056272e+01
5.858350515463917674e+01
5.877083333333333570e+01
5.850146627565982271e+01
5.868067774519387569e+01
5.906735395189003412e+01
5.921190476190476204e+01
5.920619282195637112e+01
5.891857973676155780e+01
5.938574218750000000e+01
5.968265306122449232e+01
5.962952101661779380e+01
5.946050032916392070e+01
5.888307315580043166e+01
5.855785007072135784e+01
6.055782312925170174e+01
6.087297734627831858e+01
5.913917963224893981e+01
5.893705882352941217e+01
5.897999999999999687e+01
5.880980036297640368e+01
5.759394745593614573e+01
5.775293281194454664e+01
5.783951890034364141e+01
5.778060606060606119e+01
5.868736842105263207e+01
5.812274484536082753e+01
5.825322164948453718e+01
5.770473996050032639e+01
5.799806451612903402e+01
5.827602261390089922e+01
5.834286664449617632e+01
5.797882046269143075e+01
5.849151978716328415e+01
5.870340136054421976e+01
5.867084639498432352e+01
5.821258503401360684e+01
5.857932850559578952e+01
5.812238111074159974e+01
5.904603494623655990e+01
5.863575268817204034e+01
5.822680412371133940e+01
5.843654336734693544e+01
5.901890034364261339e+01
5.866354166666666714e+01
5.894690860215053618e+01
5.841394557823129219e+01
5.818685567010309256e+01
5.778954081632652873e+01
5.832542955326460543e+01
5.839484536082473909e+01
5.847988027934818689e+01
5.886258503401360542e+01
5.852205398288347737e+01
5.850116395078151044e+01
5.799175257731958766e+01
5.990702160493827222e+01
5.934388807069219496e+01
6.008873456790123413e+01
5.982804232804232925e+01
5.807935020306154428e+01
5.873814432989690459e+01
5.855603591619554038e+01
5.825446428571428470e+01
5.817619493908154027e+01
5.961045655375552599e+01
5.945881924198251056e+01
5.780766852195423411e+01
5.843144132653061007e+01
5.785067166510465597e+01
