1.037618086956521779e+02
1.031841514726507683e+02
1.016440341880341833e+02
1.008343697003956976e+02
9.921826141338335958e+01
9.885775892541533949e+01
9.861204561653599399e+01
9.769607982893799658e+01
9.757405559515324001e+01
9.712453264308311418e+01
9.693082591768632028e+01
9.686212173913042989e+01
9.687152875175316069e+01
9.724746970776907062e+01
9.712195812110923043e+01
9.664802354920101379e+01
9.676255993329164085e+01
9.741893408134642129e+01
9.678587826086956625e+01
9.689445157609470982e+01
9.639971949509116200e+01
9.663624347826086591e+01
9.668716558960461782e+01
9.543229872594199037e+01
9.621236333052985401e+01
9.593551525258841650e+01
9.628231006447995810e+01
9.589543466375067737e+01
9.570274625192658391e+01
9.575206891873558845e+01
9.603525371460611382e+01
9.604910344827585789e+01
9.612868162692846852e+01
9.655599999999999739e+01
9.712115979566875978e+01
9.594244306418219992e+01
9.493922807017543164e+01
9.533487849417052473e+01
9.474985726520125695e+01
9.416641031275177909e+01
9.414126948608935663e+01
9.288421893147503283e+01
9.261741780045350936e+01
9.256481892091647978e+01
9.199003101462118082e+01
9.194711717759379610e+01
9.139034234234233622e+01
9.107746270861025550e+01
9.084508948714092469e+01
9.065075559430398755e+01
9.105432372505542560e+01
9.278878474466709747e+01
9.280236959025835120e+01
9.119638994555083400e+01
9.150536234104488642e+01
9.151032179720704107e+01
9.149384649809800862e+01
9.173237860818974809e+01
9.188724611708482826e+01
9.211862477231329649e+01
9.162614678899082321e+01
9.208249482095294525e+01
9.216292916795545409e+01
9.215888888888889596e+01
9.156631192660550767e+01
9.213903703703704196e+01
9.168419482359961137e+01
9.216640072942784911e+01
9.178606630824373269e+01
9.178415300546447497e+01
9.188469724770642699e+01
9.227314814814815236e+01
9.175476363636363430e+01
9.211889908256880233e+01
9.202573939732143060e+01
9.204278447494948523e+01
9.252049422906185328e+01
9.252154128440366776e+01
7.094513888888889142e+01
7.223601260835303606e+01
7.123363338788870180e+01
6.814577352472089444e+01
6.757352472089314688e+01
6.804492187500000000e+01
6.779521531100478171e+01
6.806418010752688019e+01
6.781842105263157805e+01
6.763803056027164473e+01
6.981871345029239251e+01
6.749949066213922322e+01
6.767048611111111711e+01
6.761323924731182444e+01
6.915169270833332860e+01
6.957607323232323893e+01
6.871516815374056364e+01
6.704630788485607695e+01
6.790394265232974647e+01
6.740192819148936110e+01
6.945546558704452877e+01
6.791182795698924224e+01
6.775992907801418141e+01
6.777589134125636861e+01
6.838802177858438824e+01
6.763263157894736821e+01
6.835499092558983136e+01
6.776245614035087783e+01
6.787754385964912274e+01
6.819018817204300831e+01
6.764144736842105488e+01
6.764247311827956821e+01
6.765822368421052602e+01
6.812971137521222431e+01
6.832758620689655515e+01
6.735954301075268802e+01
6.829238160603981100e+01
6.831317204301075208e+01
6.765964912280701071e+01
6.798913412563666725e+01
6.814314516129032029e+01
6.802666192676856838e+01
6.828760611205433406e+01
6.900762250453720981e+01
6.951784511784511267e+01
6.950202020202020492e+01
7.084783317041382134e+01
6.919845360824741931e+01
7.011915734035549974e+01
7.043745704467353619e+01
6.951745926172264944e+01
7.025641869651086324e+01
6.990560567010309967e+01
6.881137909709337919e+01
6.886050257731959334e+01
6.793976300197498119e+01
6.818390804597700594e+01
6.812336769759450306e+01
6.842516507703595607e+01
7.049379652605459512e+01
6.757526881720430367e+01
6.835380919698009450e+01
6.847302631578946830e+01
6.904982456140351132e+01
6.861491935483870463e+01
6.827697594501718470e+01
6.864751344086020879e+01
6.864236111111111427e+01
6.783806818181818699e+01
6.754942389326865282e+01
6.856507731958762975e+01
6.834027777777777146e+01
6.901578947368420813e+01
6.814127604166667140e+01
6.868261718750000000e+01
6.902526315789474154e+01
6.875314091680814954e+01
6.821147646679561660e+01
6.843460051546391298e+01
6.911015785861359007e+01
6.755965909090909349e+01
6.964650537634408067e+01
6.906142241379311031e+01
6.801483585858585457e+01
6.848121050881276517e+01
6.838541666666667140e+01
6.929618055555555145e+01
6.868453947368421098e+01
6.805403645833332860e+01
6.855577956989247923e+01
6.904652777777778283e+01
6.859334248455731142e+01
6.743010752688172715e+01
6.824837239583332860e+01
6.929719298245613857e+01
6.836256720430107237e+01
6.859964912280702265e+01
6.868573328899235264e+01
6.836189516129032029e+01
6.835690789473683537e+01
6.778629032258064058e+01
6.871595744680851681e+01
6.933321894303362853e+01
6.910807017543859843e+01
6.839049235993208242e+01
6.865694444444444855e+01
6.699153645833332860e+01
6.801441317776252049e+01
6.778191489361702793e+01
6.977113752122241408e+01
6.838269290846609749e+01
6.902428026361428692e+01
7.046385964912280997e+01
7.069677419354839287e+01
6.961567811307665465e+01
7.048017473118279952e+01
7.042308998302206646e+01
6.983007812500000000e+01
7.097254632807137398e+01
7.036012759170654363e+01
7.179929824561403962e+01
6.915727554179566994e+01
7.055061250805931650e+01
7.027081339712918862e+01
7.149878598681928565e+01
7.000090225563910451e+01
7.110845295055821680e+01
7.106507177033492439e+01
7.027596996245306116e+01
7.058750000000000568e+01
6.951369047619047592e+01
7.010845295055821680e+01
7.060690789473683537e+01
6.937990430622009796e+01
6.950607006590357173e+01
6.930285904255319451e+01
6.858105468750000000e+01
6.824069148936170848e+01
7.001459293394776751e+01
7.016165413533835249e+01
6.952669172932330355e+01
6.702998065764023750e+01
6.875715333822449793e+01
6.939323708206687513e+01
6.927107959022852413e+01
6.882948369565217206e+01
6.972411616161616621e+01
7.058070432868672128e+01
6.901531100478469227e+01
6.922207446808511122e+01
6.862500000000000000e+01
6.860542929292928704e+01
6.860416666666667140e+01
6.813756127450980671e+01
6.899638157894736423e+01
7.011584595959595845e+01
6.948102073365231490e+01
6.874126344086020879e+01
6.833684210526315894e+01
6.870662139219015785e+01
6.856586021505376038e+01
6.943629764065335053e+01
6.765799868334430300e+01
6.824564521862779998e+01
6.748409363745497558e+01
6.640169270833332860e+01
6.680210265924552004e+01
6.755986842105262724e+01
6.754904542462146821e+01
6.681733247422680222e+01
6.851145833333333712e+01
6.940726290516207087e+01
6.891945876288659178e+01
6.861949390815370009e+01
6.954707903780068534e+01
6.872039987503904968e+01
7.246343021398914175e+01
7.297704714640198631e+01
7.267259153928191040e+01
7.086247877758913205e+01
6.974581185567009811e+01
6.983971774193548754e+01
6.979793814432989052e+01
6.886426767676768179e+01
6.856933821084136582e+01
6.816043814432990189e+01
6.842920203735144469e+01
6.869489247311827285e+01
6.956754032258064058e+01
6.940173611111110574e+01
6.881277020285999413e+01
6.759481412058731564e+01
6.843391927083332860e+01
6.755295220243674237e+01
6.854456140350876581e+01
6.832125041569670998e+01
6.810442301296973255e+01
6.884274193548387188e+01
6.789677419354838150e+01
6.796808510638297207e+01
6.686814958091554217e+01
6.762937542896362686e+01
6.756982456140350735e+01
6.773991935483870463e+01
6.713310696095076935e+01
6.751684210526315155e+01
6.727856182795699169e+01
6.760271646859082750e+01
6.767606112054329515e+01
6.769403508771929978e+01
6.806657515442689999e+01
6.749513888888888857e+01
6.752563667232597311e+01
6.844057226705795927e+01
6.715157894736842081e+01
6.744174228675136362e+01
6.665991763898421141e+01
6.746305931321539617e+01
6.714001372683596003e+01
6.670207336523125718e+01
6.764386129334583586e+01
6.841372912801483608e+01
6.756738281250000000e+01
6.640630685263796806e+01
6.812765957446808329e+01
6.824137931034482563e+01
6.829999999999999716e+01
6.752402196293753889e+01
6.792479823917828696e+01
6.847706093189964349e+01
6.778826355525050928e+01
6.798526315789473529e+01
6.805806451612903629e+01
6.736135895676046914e+01
6.770899107755661817e+01
6.769503546099291214e+01
6.767501715854496069e+01
6.780501792114695547e+01
6.701578586135894966e+01
6.897432134996331854e+01
6.719649122807017250e+01
6.797792869269949279e+01
6.725901116427432669e+01
6.753093434343433898e+01
6.762410865874363708e+01
6.735279106858054377e+01
