8.526836340206185127e+01
8.458186779866585425e+01
8.671120689655172953e+01
8.443591331269350064e+01
8.443888070692194958e+01
8.555936148985699674e+01
8.368836524300441226e+01
8.371577380952381020e+01
8.335354760460884904e+01
8.272012383900928967e+01
8.219759398496240976e+01
0.000000000000000000e+00
0.000000000000000000e+00
0.000000000000000000e+00
8.187402343750000000e+01
8.036840509399635835e+01
8.103566919191919737e+01
8.061021671826625834e+01
8.091134751773049061e+01
8.038510101010101039e+01
8.001118421052630936e+01
7.965026595744680549e+01
7.841644736842104635e+01
7.933229166666666288e+01
7.825624999999999432e+01
7.947458229648061945e+01
0.000000000000000000e+00
0.000000000000000000e+00
0.000000000000000000e+00
0.000000000000000000e+00
0.000000000000000000e+00
7.838671875000000000e+01
7.758843085106383342e+01
7.939764359351988787e+01
7.738388157894736707e+01
7.940285487708167977e+01
7.971354166666667140e+01
7.938609022556390471e+01
7.794245614035087044e+01
7.769177631578946830e+01
7.923233082706767050e+01
7.936998456790124123e+01
7.712699490662139112e+01
7.674309210526315894e+01
7.902932330827067631e+01
7.868927875243664971e+01
7.929447115384616041e+01
7.960044642857143060e+01
7.675336021505376038e+01
7.694533106960950875e+01
7.836882716049382225e+01
7.882849702380951840e+01
7.835584784927124247e+01
7.741256648936170848e+01
7.833058419243985782e+01
7.772070175438597062e+01
7.719716919025674429e+01
7.714120587316463684e+01
7.806776315789473131e+01
7.878993666432090492e+01
7.787197580645161565e+01
7.834861111111111143e+01
7.832783505154638704e+01
7.734677419354838435e+01
7.948195876288659178e+01
7.750265957446808329e+01
7.932740471869328758e+01
7.939709618874772445e+01
7.942807017543859160e+01
7.684860681114551539e+01
7.686565349544072490e+01
7.826263297872340274e+01
7.822373670212765262e+01
7.841414473684210407e+01
7.838585526315789309e+01
7.882882011605416039e+01
7.862735562310029991e+01
7.996019736842104919e+01
7.936013767209011860e+01
7.987096774193548754e+01
7.969023779724655299e+01
8.052828947368421098e+01
8.050622009569377724e+01
7.860982478097622561e+01
8.018415178571429180e+01
8.013950892857143060e+01
7.979019963702359064e+01
8.002481863306606158e+01
7.919165154264972273e+01
8.005952813067150942e+01
7.986961206896552312e+01
7.962223858615611505e+01
7.955172413793103203e+01
8.019642857142856940e+01
7.906611842105263577e+01
7.946826156299840704e+01
8.047203947368420529e+01
8.009314194577352453e+01
7.942582742316784561e+01
8.074385964912281111e+01
8.014239690721649367e+01
7.839883040935671943e+01
7.963157894736842479e+01
7.963923444976076382e+01
7.852842105263158601e+01
7.874561952440551238e+01
7.840000000000000568e+01
7.834345238095238528e+01
7.768518518518519045e+01
7.880624620982413830e+01
7.909311868686869218e+01
7.875833838690115840e+01
7.878173374613002977e+01
7.824713631156930660e+01
7.937129186602871300e+01
7.815067669172931630e+01
7.847616099071207429e+01
7.889828431372548323e+01
7.888599151000606469e+01
7.839734904270986249e+01
7.843681885125184294e+01
7.843157894736842195e+01
7.855119047619047024e+01
7.840863095238094616e+01
7.828289872650090331e+01
7.848726500909641857e+01
7.873192401960784537e+01
7.794702380952381304e+01
7.767034313725490335e+01
7.832971137521222715e+01
7.921048632218844432e+01
7.841599413059427093e+01
7.682376910016978400e+01
7.610845295055821680e+01
7.869306540583136211e+01
7.822955246913579685e+01
7.840840602696272299e+01
7.715940656565656752e+01
7.805446428571428896e+01
7.846570972886762263e+01
7.852777777777777146e+01
7.854036295369211018e+01
7.975042444821731635e+01
7.782836257309941175e+01
7.835127819548871742e+01
7.826706766917293123e+01
7.907102628285356616e+01
7.740827546296296191e+01
7.872152690863579494e+01
7.789561403508771775e+01
7.811849624060150177e+01
7.948065764023210988e+01
7.901142857142856712e+01
8.001462765957447232e+01
7.835773809523809064e+01
7.959349845201238338e+01
7.813195876288659747e+01
7.760337915234822503e+01
7.971137521222411237e+01
7.897671568627451677e+01
7.858887218045113343e+01
7.771607142857142492e+01
7.866758578431372939e+01
7.822261904761904816e+01
7.772829861111111427e+01
8.079053558327218809e+01
7.828898809523809632e+01
7.922838915470494214e+01
7.849543446244477707e+01
7.889835858585858830e+01
7.954276315789473983e+01
7.850551470588234793e+01
7.912959381044487372e+01
7.817203647416413048e+01
7.793323308270676364e+01
7.949235993208829143e+01
7.858620689655172953e+01
7.671333333333333826e+01
7.858834876543210157e+01
7.844711538461538680e+01
7.827398889770023516e+01
7.828605769230769340e+01
7.572647849462364888e+01
7.817868589743589780e+01
7.820873397435897800e+01
7.585763454317897470e+01
7.796808510638297207e+01
7.639826388888889142e+01
7.837847222222222854e+01
7.815196639938908163e+01
7.831376518218623062e+01
7.858247422680412342e+01
7.750252525252524549e+01
7.703495440729483335e+01
7.720369211514392305e+01
7.859005376344086358e+01
7.719965277777777146e+01
7.847149787750151972e+01
7.806228070175438916e+01
7.737105855855855907e+01
7.860186976144423454e+01
8.012763157894737276e+01
8.009297912713472556e+01
8.060380399742102497e+01
8.124399450926561883e+01
8.181099290780142042e+01
8.070296052631579187e+01
8.063031914893616658e+01
8.044132817537072810e+01
8.095877659574468055e+01
8.085098684210525732e+01
8.035080183276059529e+01
8.142328548644337616e+01
8.073250773993808593e+01
8.026917293233083228e+01
