4.602251407129455885e+01
4.646390243902438755e+01
4.685125115848007482e+01
4.694242108914325229e+01
4.367113095238094900e+01
4.428188235294117447e+01
4.445238095238094900e+01
4.597312326227989132e+01
4.466729411764706015e+01
4.646987951807228967e+01
4.640037071362372245e+01
4.635512195121950896e+01
4.627414634146341399e+01
4.627807228915662563e+01
4.413600000000000279e+01
4.664551192145862757e+01
4.408141176470588363e+01
4.435670588235294076e+01
4.450872093023255616e+01
4.656975609756097612e+01
4.638368860055607001e+01
4.774468085106382631e+01
4.436143410852713487e+01
4.627525486561631141e+01
4.584803001876172601e+01
4.613021316033363917e+01
4.596617238183502963e+01
4.560626506024096471e+01
4.560636277302943853e+01
4.607275254865616176e+01
4.642439024390243674e+01
4.595614457831324984e+01
4.625562851782363794e+01
4.630908248378128178e+01
4.635495829471732776e+01
4.614828544949026679e+01
4.644780487804877822e+01
4.627392120075047188e+01
4.628869323447636930e+01
4.384093023255813648e+01
4.561679174484052623e+01
4.571084337349397941e+01
4.579549718574109107e+01
4.582602409638554519e+01
4.616218721037998307e+01
4.594987951807228654e+01
4.670650183150183210e+01
4.620536585365853455e+01
4.470418604651163008e+01
4.625187617260787931e+01
4.635027472527472270e+01
4.708804448563484613e+01
4.634756097560975263e+01
4.766450417052826793e+01
4.716331994645247505e+01
4.711172161172161310e+01
4.687905468025950029e+01
4.618952734012975014e+01
4.682783882783882490e+01
4.601688555347092091e+01
4.642776735459662518e+01
4.665940685820203981e+01
4.685542168674698615e+01
4.669090056285178036e+01
4.561777777777777487e+01
4.613977485928705136e+01
4.609615384615384670e+01
4.580300187617260832e+01
4.654731707317073131e+01
4.589249304911955818e+01
4.647045028142589018e+01
4.640268767377201442e+01
4.624390243902438868e+01
4.595212285456187828e+01
4.580246913580246826e+01
4.626746987951807455e+01
4.416046511627907023e+01
4.577728395061728150e+01
4.624530956848030172e+01
4.573349397590361320e+01
4.639855421686746695e+01
4.625999999999999801e+01
4.638414634146341342e+01
4.681097560975609895e+01
4.674884151992585402e+01
4.717994505494505830e+01
4.715216421240517519e+01
4.661492122335495480e+01
4.591885553470919490e+01
4.613206672845227274e+01
4.632879924953095951e+01
4.688739573679333006e+01
4.635032437442075803e+01
4.677062094531974168e+01
4.602224281742353895e+01
4.732313829787234027e+01
4.660066476733143048e+01
4.617260787992495352e+01
4.625281425891181897e+01
4.693651529193697769e+01
4.665853658536585158e+01
4.651500938086304160e+01
4.676506024096385516e+01
4.641902439024390503e+01
4.670528266913809290e+01
4.613883677298311170e+01
4.637898686679174176e+01
4.667284522706209771e+01
4.776413345690453838e+01
4.573982558139535115e+01
4.853364705882353292e+01
5.067152941176470904e+01
4.856658823529411961e+01
4.941734939759036394e+01
4.918681318681318970e+01
4.996107506950880150e+01
4.993658536585365937e+01
4.959024390243902758e+01
5.048076923076923350e+01
5.040243902439024737e+01
4.988346883468834392e+01
4.899249530956848275e+01
5.046107506950880150e+01
5.175000000000000000e+01
4.811816496756255646e+01
4.713775971093044603e+01
4.778625613565372277e+01
4.813431503792949684e+01
4.766532797858099002e+01
4.877380952380952550e+01
5.005643738977072132e+01
5.099477124183006538e+01
5.067346938775510523e+01
5.057671957671957585e+01
5.085565610859728736e+01
5.139564270152505543e+01
5.138300653594771461e+01
5.141786492374727402e+01
5.130762527233115122e+01
5.104270152505446845e+01
5.091982570806100483e+01
5.094312169312169658e+01
5.035381263616557845e+01
5.108976034858388005e+01
5.293464052287581723e+01
5.291198257080610290e+01
5.239389978213507959e+01
5.197574955908289240e+01
5.202564102564102910e+01
5.156255792400370552e+01
5.186309523809524080e+01
5.098076923076923350e+01
5.089915572232645502e+01
5.222266845158411286e+01
5.091508581752484019e+01
5.123123827392119978e+01
5.171575189647478510e+01
5.147034291010194806e+01
5.072613531047265667e+01
5.124185631414547260e+01
5.128692547969656346e+01
5.128659611992945599e+01
5.227645502645502518e+01
5.285098039215686327e+01
5.194114921223354742e+01
5.186422613531047432e+01
5.182159406858202289e+01
5.196978021978021900e+01
5.242548500881834173e+01
5.243956043956043800e+01
5.275158371040723893e+01
5.308553791887125328e+01
5.201968864468864240e+01
5.178174235403150760e+01
5.249185520361990598e+01
5.291546840958605458e+01
5.221604938271605079e+01
5.192019400352733527e+01
5.212200435729847214e+01
5.260449735449735442e+01
5.279869281045751706e+01
5.046869488536155046e+01
5.156760374832663985e+01
5.159656084656084829e+01
5.314727668845316089e+01
5.229150326797385873e+01
5.227625272331154349e+01
5.345822566752799077e+01
5.326848739495798668e+01
5.066079494128274519e+01
5.187581093605189864e+01
5.150959393128067632e+01
5.212743280815570301e+01
5.209013833110218883e+01
5.211309523809524080e+01
5.280026455026455068e+01
5.319400352733686077e+01
5.377385620915032405e+01
5.198168498168497820e+01
5.254188712522045535e+01
5.362698412698412653e+01
5.310361552028219023e+01
5.170816599732262375e+01
5.225429864253393930e+01
5.197603485838779847e+01
5.152609890109889790e+01
5.008299866131191180e+01
5.078747795414462018e+01
5.169909502262443368e+01
5.090705128205128460e+01
5.092078754578754740e+01
5.107417582417582480e+01
5.044856348470806040e+01
4.949665327978581075e+01
4.996200750469043328e+01
5.099267399267399270e+01
5.129763498438197189e+01
5.093466172381835122e+01
5.150959393128067632e+01
5.234391534391534151e+01
5.124250440917107596e+01
5.038821954484605214e+01
5.111331569664903185e+01
5.176974564926371869e+01
5.115521978021978100e+01
5.085626102292768991e+01
4.958188308790718679e+01
5.019991075412762171e+01
5.002502316960148221e+01
5.119642857142856940e+01
5.004328424810352516e+01
5.152854030501089255e+01
5.109744268077601248e+01
5.099816849816849640e+01
4.975203252032520140e+01
5.067202141900936851e+01
5.109950914770191588e+01
5.101251158480074110e+01
5.107010582010582311e+01
5.155565610859728309e+01
5.092902930402930650e+01
5.085315904139433485e+01
5.042817423540314792e+01
5.045783132530120696e+01
5.126088971269694383e+01
5.156525573192239875e+01
5.103659611992945599e+01
5.243529411764706083e+01
5.093959435626102561e+01
5.188668430335096815e+01
5.060393772893772990e+01
4.992632066728452145e+01
4.962696941612604462e+01
5.023957367933271456e+01
5.062169312169312008e+01
5.061728395061728492e+01
5.090740740740740478e+01
5.057319223985890488e+01
5.111900452488687563e+01
5.133974358974359120e+01
5.071733086190917561e+01
4.898007414272474591e+01
5.046809460062472397e+01
5.132980599647266473e+01
5.016620879120878840e+01
5.131459694989106879e+01
5.119462465245597826e+01
5.194139194139194160e+01
5.075837742504408823e+01
5.001899907321593730e+01
5.100961538461538680e+01
5.063623725671918407e+01
5.182396514161219869e+01
5.178562091503268050e+01
5.208104575163398664e+01
5.123412698412698063e+01
4.958150183150183210e+01
4.998424467099165724e+01
5.136601307189542354e+01
5.076923076923076650e+01
5.141583710407239494e+01
5.191154684095860716e+01
5.168687782805429975e+01
5.190226244343891437e+01
5.111155734047300570e+01
5.157627865961199376e+01
5.222891566265059993e+01
5.185210622710622630e+01
5.136051899907321427e+01
5.106822344322344520e+01
5.186217948717948900e+01
5.170787545787545980e+01
5.326832579185520444e+01
5.224587912087912400e+01
5.298474945533769187e+01
5.312271062271062050e+01
5.284488017429193718e+01
5.324911816578483581e+01
5.297023809523809490e+01
5.122847985347985400e+01
5.151190476190475920e+01
5.156525573192239875e+01
5.238910675381263360e+01
5.226322751322751259e+01
5.204402224281742662e+01
5.315696649029982268e+01
5.296649029982363288e+01
5.152922802320392748e+01
5.222242817423540373e+01
5.235449490268767647e+01
5.199679487179486870e+01
5.202292768959435421e+01
5.279477124183006254e+01
5.261428571428571388e+01
5.233257918552035903e+01
5.169001831501831390e+01
5.083076923076922782e+01
4.982619047619047592e+01
5.003720930232557862e+01
4.912423529411764633e+01
4.826729411764706157e+01
4.896000000000000085e+01
4.803529411764706225e+01
4.908689655172413779e+01
4.876308139534883423e+01
4.770445736434108852e+01
4.708093869731801107e+01
4.734206896551724242e+01
4.750160919540229543e+01
4.502681992337164729e+01
5.153385416666666430e+01
4.907318161535029333e+01
4.903336422613531198e+01
4.852177942539388056e+01
4.914583333333333570e+01
4.903791887125220228e+01
4.967782240071396416e+01
4.994912985274431350e+01
4.982641677822400794e+01
4.893507087334247529e+01
4.973351400180668236e+01
5.048063683304647498e+01
5.090791738382100107e+01
5.107314974182443734e+01
5.114190093708165818e+01
5.096612466124661012e+01
5.037260151717983092e+01
5.031012940651494603e+01
5.124587237840249543e+01
5.062827461607949431e+01
5.085320686540198665e+01
5.111743450767841068e+01
5.020750237416903872e+01
5.067809785093735542e+01
5.092363968907179128e+01
5.121409214092140871e+01
5.166260162601626149e+01
5.157136404697380527e+01
5.229155927835051898e+01
5.260207768744353984e+01
5.145450281425890893e+01
5.175817307692307878e+01
5.267603748326639845e+01
4.990196998123827399e+01
4.991012345679012441e+01
4.577348837209301990e+01
4.988649155722326611e+01
4.602729885057470938e+01
4.551717647058823246e+01
5.298669770535417456e+01
5.171650663008687587e+01
5.235341365461847118e+01
5.146251129177958461e+01
5.265870098039215463e+01
4.876547842401500787e+01
