6.514381270903010090e+01
6.480100334448160027e+01
6.767374005305039475e+01
6.707652173913044180e+01
6.968435013262599398e+01
6.944827586206896797e+01
6.945054945054944540e+01
7.017108753315649494e+01
7.097745358090185164e+01
7.058076923076923492e+01
7.112334217506631262e+01
7.173307790549169738e+01
7.107029177718833068e+01
6.702403846153846700e+01
7.204509283819628251e+01
7.077650063856960116e+01
7.252490421455938474e+01
7.309135802469135967e+01
7.347765006385695585e+01
7.209698996655518499e+01
6.901762820512820440e+01
6.919732441471572315e+01
7.012666666666666515e+01
7.265719063545149936e+01
7.460999999999999943e+01
7.543589743589743080e+01
7.476923076923077360e+01
7.491478260869564565e+01
7.471304347826087167e+01
7.397499999999999432e+01
7.396347826086956445e+01
7.400869565217391255e+01
7.510367892976589133e+01
7.560869565217390686e+01
7.390434782608696196e+01
7.434775641025640880e+01
7.334608695652174504e+01
7.379326923076922640e+01
7.394391025641026260e+01
7.361833333333333940e+01
7.403365384615383959e+01
7.429006410256410220e+01
7.310096153846153300e+01
7.353685897435897800e+01
7.278044871794871540e+01
7.245150501672240750e+01
7.251166666666667027e+01
7.391826923076922640e+01
7.314000000000000057e+01
7.339478260869564963e+01
7.340347826086956218e+01
7.245999999999999375e+01
7.280936454849498318e+01
7.218260869565217774e+01
7.341833333333333655e+01
7.332371794871794179e+01
7.451170568561873608e+01
7.363333333333333997e+01
7.391346153846153300e+01
7.350000000000000000e+01
7.304967948717948900e+01
7.341973244147156663e+01
7.330936454849498318e+01
7.384615384615383959e+01
7.400347826086957070e+01
7.349665551839464683e+01
7.358166666666666345e+01
7.300160256410256920e+01
7.314506172839506348e+01
7.388621794871794179e+01
7.340064102564102200e+01
7.232441471571905822e+01
7.293166666666667197e+01
7.180869565217390971e+01
7.256891025641026260e+01
7.339102564102563520e+01
7.285565217391304316e+01
7.254782608695651902e+01
7.204000000000000625e+01
7.356891025641026260e+01
7.269913043478260306e+01
7.348878205128205821e+01
7.338461538461538680e+01
7.216025641025640880e+01
7.298397435897436480e+01
7.178685897435897800e+01
7.248309178743961922e+01
7.201170568561873608e+01
7.121739130434782794e+01
7.110666666666666913e+01
7.082692307692308020e+01
7.144391025641026260e+01
7.138461538461538680e+01
7.136956521739129755e+01
7.117558528428094178e+01
7.130666666666667197e+01
7.076762820512820440e+01
7.278685897435897800e+01
7.423520710059172245e+01
7.162820512820512420e+01
7.393447293447293589e+01
7.159455128205128460e+01
7.181103678929765977e+01
7.184775641025640880e+01
7.129933110367892368e+01
7.105183946488294566e+01
7.045819397993311384e+01
7.093910256410256920e+01
7.078685897435897800e+01
7.136882716049382225e+01
7.041185897435897800e+01
7.162962962962963331e+01
7.180608974358973740e+01
7.087600644122383642e+01
7.086287625418060543e+01
7.039743589743589780e+01
6.998086956521738955e+01
7.050320512820512420e+01
7.121739130434782794e+01
7.124749163879599223e+01
7.141826923076922640e+01
7.195370370370370949e+01
7.078782608695652812e+01
7.222916666666667140e+01
7.102243589743589780e+01
7.086120401337792885e+01
7.125166666666666515e+01
7.389021164021164623e+01
7.415242165242165129e+01
7.140064102564102200e+01
7.225083612040133119e+01
7.161217948717948900e+01
7.208653846153846700e+01
