5.908837365591397628e+01
5.859375000000000000e+01
5.842642924086223388e+01
5.860921391752577136e+01
5.859816919191919027e+01
5.890221774193548043e+01
5.895395189003436087e+01
5.896744791666666430e+01
5.806379585326953929e+01
5.789400773195876582e+01
5.819694397283531373e+01
5.822819010416666430e+01
5.793266752577319778e+01
5.810164141414141170e+01
5.845026881720430367e+01
5.789835858585858830e+01
5.849539170506912455e+01
5.776529947916666430e+01
5.794042968750000000e+01
5.799283854166666430e+01
5.798582474226804351e+01
5.780644132653061007e+01
5.851615120274914261e+01
5.837563775510204067e+01
5.870715206185567325e+01
5.858472222222222570e+01
5.868026315789473557e+01
5.876868556701030855e+01
5.860325906218822922e+01
5.858486842105263293e+01
5.812693298969072231e+01
5.862233676975944974e+01
5.893814432989690744e+01
5.797873711340206171e+01
5.871770833333333428e+01
5.867043565014964912e+01
5.877826825127334587e+01
5.837308673469387799e+01
5.879101562500000000e+01
5.842018119337706850e+01
5.952535885167463903e+01
5.790782828282828376e+01
5.896162988115450077e+01
5.855644132653061007e+01
5.842010309278350633e+01
5.905772495755518037e+01
5.902416237113401820e+01
5.913576388888888857e+01
5.848169191919191690e+01
5.884802128367143581e+01
5.922950268817204034e+01
5.897358247422680222e+01
5.899210006583278698e+01
5.891020951114067117e+01
5.850149650814765323e+01
5.918159722222222285e+01
5.789440799750077815e+01
5.821590909090909349e+01
5.818465909090909349e+01
5.815816326530612201e+01
5.839257812500000000e+01
5.908440721649484573e+01
5.854882812500000000e+01
5.867603873789440883e+01
5.863411458333333570e+01
5.835751453933271904e+01
5.917499999999999716e+01
5.867405913978494425e+01
5.845747422680412342e+01
5.855541237113401820e+01
5.873169191919191690e+01
5.893276515151514872e+01
5.827158505154638846e+01
5.843142767885036193e+01
5.765635738831615242e+01
5.772885101010101039e+01
5.765529336734693544e+01
5.708493397358943611e+01
5.730078835657974423e+01
5.790592783505154983e+01
5.711575255102040671e+01
5.763948766010621938e+01
5.803630050505050519e+01
5.717965367965368273e+01
5.731377551020408134e+01
5.781842737094837759e+01
5.839615885416666430e+01
5.766556945358788511e+01
5.780052666227781089e+01
5.683035714285714590e+01
5.804479166666666856e+01
5.847222222222222143e+01
5.821461487820934622e+01
5.854947916666666430e+01
5.895021645021645185e+01
6.034059343434343248e+01
5.928624787775891036e+01
5.897317487266553826e+01
5.865361842105263435e+01
5.890692204301075208e+01
5.797928692699490938e+01
5.869926075268817556e+01
5.840848896434634696e+01
5.858298611111111143e+01
5.898070175438596152e+01
5.826546052631579187e+01
5.785807291666666430e+01
5.803221649484535760e+01
5.803320312500000000e+01
5.797576530612244738e+01
5.767145135566187975e+01
5.744886363636363313e+01
5.775708762886598180e+01
5.795559210526315752e+01
5.790721649484535760e+01
5.829639175257732120e+01
5.779123711340206171e+01
5.838709677419355160e+01
5.865793010752688019e+01
5.836887886597938291e+01
5.814999999999999858e+01
5.819318181818182012e+01
5.825553385416666430e+01
5.819866071428571530e+01
6.003649122807017591e+01
5.905387429331559446e+01
5.912222222222222001e+01
5.914146505376344010e+01
5.870084635416666430e+01
5.930986842105263435e+01
5.875571236559139976e+01
5.884244791666666430e+01
5.860383064516128826e+01
5.947697594501718044e+01
5.843213383838384090e+01
5.948862478777589047e+01
5.927365236523652214e+01
6.043090277777777430e+01
5.925255102040816269e+01
5.969964912280701697e+01
5.953874293315596589e+01
5.925154639175257643e+01
5.873358585858586167e+01
5.885833056202194769e+01
5.876694782880350232e+01
5.928304597701149703e+01
5.988388157894736707e+01
5.981933593750000000e+01
5.920032894736841911e+01
5.948099226804123418e+01
5.916517857142856940e+01
5.948165869218500745e+01
5.897938144329896915e+01
5.897079037800687473e+01
5.882442986566697840e+01
5.930509020618556804e+01
5.979113520408163396e+01
5.980533854166666430e+01
5.989158629863651129e+01
5.852611044417766806e+01
5.934863281250000000e+01
5.947070312500000000e+01
5.896748737373737725e+01
5.884627525252525260e+01
5.934619221815763268e+01
5.928320312500000000e+01
5.895696594427244719e+01
5.924516129032257794e+01
5.919108072916666430e+01
5.956989247311827995e+01
5.922647156634519661e+01
5.930712365591397628e+01
5.895361842105263150e+01
5.894440789473684106e+01
5.862043111527647454e+01
5.831032412965186040e+01
5.900962199312714773e+01
6.002249134948096554e+01
5.954482323232323182e+01
5.857235621521336100e+01
5.869522849462365599e+01
5.884270036581310137e+01
5.863602941176470296e+01
5.883333333333333570e+01
5.900475382003395453e+01
5.849715909090909349e+01
5.884570312500000000e+01
5.973310696095076366e+01
5.909793814432989478e+01
5.849166666666666714e+01
5.839767156862745168e+01
5.936827458256029644e+01
5.924523586379256557e+01
5.939362699156513514e+01
5.999876314162028734e+01
5.989290364583333570e+01
5.926619132501485154e+01
5.943588917525773496e+01
5.985590599876314144e+01
5.918939617083947269e+01
5.927160864345738389e+01
5.860117820324006033e+01
5.886618075801749228e+01
5.882032445668809117e+01
5.941125541125541076e+01
5.943486842105263435e+01
5.836722222222222456e+01
5.924461105904404690e+01
5.929962894248608762e+01
5.909536541889482919e+01
5.948453282828283051e+01
5.876763848396501544e+01
5.952250000000000085e+01
5.957081014223871307e+01
5.935497835497835695e+01
5.933024118738404695e+01
5.953220663265306456e+01
5.859708193041526414e+01
5.899609843937574993e+01
5.956901041666666430e+01
5.875120048019207530e+01
5.964432989690721598e+01
5.925354381443298735e+01
5.951562500000000000e+01
5.926725260416666430e+01
5.839734904270986959e+01
5.943032923179248428e+01
5.892364690721649367e+01
5.916498655913978411e+01
5.938148820326679100e+01
5.890270618556701265e+01
5.852100840336134269e+01
5.856862745098039369e+01
5.874000000000000199e+01
5.908259061200237738e+01
5.899609843937574993e+01
5.946338535414165705e+01
5.859241982507288782e+01
5.852329644729179137e+01
5.874786324786325054e+01
5.901472222222222541e+01
5.912977562158884126e+01
5.937144642299281827e+01
5.960512339893783462e+01
5.960192883272364384e+01
5.938682745825602893e+01
5.915719696969696884e+01
5.880503335354760708e+01
5.893498452012384092e+01
5.831111111111111001e+01
5.874810606060606233e+01
5.910164141414141170e+01
5.886982065553494436e+01
5.991020951114067117e+01
5.877634803921568363e+01
5.786027777777777459e+01
5.925200989486703662e+01
5.845858585858585599e+01
5.946077806122448806e+01
5.916013071895424957e+01
5.897061524334251459e+01
5.882644628099173900e+01
5.826182618261826462e+01
5.953076216712580049e+01
5.926804123711340111e+01
5.858685714285714141e+01
5.903525046382188890e+01
5.927829313543599454e+01
5.941580756013745912e+01
5.825165016501649973e+01
5.949774484536082753e+01
5.914772727272727337e+01
5.942077020202020066e+01
5.881412977562158773e+01
5.848921282798833943e+01
5.902184041933605130e+01
5.883228571428571740e+01
5.928571428571428470e+01
5.905428571428571161e+01
5.872102504368083942e+01
5.875969696969696798e+01
5.954396910279263011e+01
5.846742857142857019e+01
5.815763697581879654e+01
5.801394784718011266e+01
5.862340561224489477e+01
5.862136832239924900e+01
5.911559139784946382e+01
5.804608585858586167e+01
5.795721925133690178e+01
5.849350649350649434e+01
5.862910353535353636e+01
5.827897532021243165e+01
5.826104797979797922e+01
5.725750300120048308e+01
5.659863945578231181e+01
5.698815789473684390e+01
5.591565135895032768e+01
5.585272459499263675e+01
5.588997395833333570e+01
5.571985157699443647e+01
5.618795260039499340e+01
5.606400742115027924e+01
5.923325567850902473e+01
5.817441176470588005e+01
5.765715983363042341e+01
5.781755050505050519e+01
5.817630853994490536e+01
5.774064171122994793e+01
5.796444032158317583e+01
5.811264156718701912e+01
5.826662277814351398e+01
6.179207920792079278e+01
6.027983193277310647e+01
5.749646393210749551e+01
5.626279956427015350e+01
5.543534353435343576e+01
5.577983920841063536e+01
5.619515306122448806e+01
5.863421674101285674e+01
5.807117647058823451e+01
5.801675257731958624e+01
5.800726010101010388e+01
5.767346938775510523e+01
5.850211795373085977e+01
5.760809948979591866e+01
5.753077163386441839e+01
5.782844387755102389e+01
5.740220385674930981e+01
5.733828076685219344e+01
5.929914285714285427e+01
5.891434755720469951e+01
5.793487394957983128e+01
