0.000000000000000000e+00
0.000000000000000000e+00
0.000000000000000000e+00
0.000000000000000000e+00
0.000000000000000000e+00
0.000000000000000000e+00
0.000000000000000000e+00
0.000000000000000000e+00
0.000000000000000000e+00
0.000000000000000000e+00
0.000000000000000000e+00
0.000000000000000000e+00
0.000000000000000000e+00
0.000000000000000000e+00
0.000000000000000000e+00
0.000000000000000000e+00
0.000000000000000000e+00
5.544585020242914908e+01
5.784882533197139765e+01
4.838827160493827506e+01
4.727181641887523966e+01
4.336679174484052623e+01
4.655678763440860024e+01
4.218674698795180689e+01
4.258698795180723096e+01
4.117000000000000171e+01
4.009761904761904816e+01
3.887851405622490120e+01
3.834097560975610008e+01
3.750682926829268382e+01
4.010987951807229024e+01
4.108534136546185067e+01
4.221523809523809234e+01
4.109247967479674912e+01
4.161295180722891729e+01
4.242068273092369424e+01
4.268072289156626198e+01
4.086728395061728492e+01
4.023435843054082994e+01
4.000954400848356585e+01
4.534050179211469356e+01
3.924228395061728492e+01
4.552659574468085424e+01
4.544827586206896797e+01
4.564589665653495132e+01
4.548529945553539022e+01
4.512903225806451957e+01
3.879732510288065583e+01
4.513913043478260789e+01
4.009715512614063471e+01
4.013220164609053597e+01
4.546917562724014061e+01
4.035291164658634244e+01
3.961991869918698939e+01
3.948456790123456983e+01
4.546276595744680549e+01
4.357723577235772439e+01
3.935339506172839208e+01
4.578690159574468055e+01
4.519663692518874143e+01
3.985756097560975775e+01
3.979578189300411850e+01
4.614996568291008572e+01
4.575772849462365599e+01
4.587714481811942591e+01
4.011162551440329338e+01
4.350140712945591304e+01
4.342589118198874587e+01
4.172916666666666430e+01
4.327951219512195280e+01
3.950411522633744710e+01
4.604289636238846839e+01
4.580263157894736992e+01
4.570899830220712801e+01
4.567055593685655168e+01
4.589498970487302643e+01
3.967012345679012242e+01
3.951594650205761639e+01
4.028549382716049365e+01
4.606794783802333626e+01
4.604288563829787506e+01
4.611050102951269736e+01
4.239506172839506348e+01
4.190243902439024737e+01
4.049121951219512283e+01
4.001219512195122263e+01
4.627213452299245233e+01
4.645813315030885349e+01
4.644813829787234027e+01
4.633802333562113773e+01
4.654329371816638172e+01
4.645195607412491512e+01
4.628658743633276629e+01
4.657419354838709324e+01
4.660339558573853935e+01
4.016867469879517927e+01
3.975360082304526799e+01
3.981018518518518334e+01
4.631375212224108395e+01
4.619255319148935968e+01
4.656666666666666998e+01
4.606877192982456393e+01
4.213658536585365511e+01
4.005335365853658658e+01
4.021189024390243816e+01
4.172222222222222143e+01
4.645332875772134429e+01
4.612526315789473585e+01
4.662029569892472836e+01
4.450567901234568069e+01
4.673387096774193594e+01
4.647504244482173164e+01
4.681840277777777715e+01
4.677657045840407335e+01
0.000000000000000000e+00
4.652847222222222001e+01
4.623090277777777857e+01
4.004269547325102963e+01
4.636822237474262209e+01
4.614716312056737735e+01
4.641578947368421382e+01
4.621639784946236773e+01
4.655520833333333286e+01
0.000000000000000000e+00
0.000000000000000000e+00
4.624021962937543151e+01
4.015637860082304655e+01
4.654175438596491432e+01
4.668842105263157549e+01
4.630631578947368610e+01
0.000000000000000000e+00
4.673266986959505687e+01
4.650709219858156018e+01
4.701780913978494425e+01
4.718491228070175225e+01
4.671349963316214371e+01
4.691063829787233885e+01
4.286696787148594723e+01
4.672776769509982131e+01
4.260999999999999943e+01
4.638674228996809745e+01
4.644864269992662997e+01
4.679007092198581574e+01
4.667269503546098974e+01
4.659929078014184256e+01
4.675964912280701924e+01
4.634408602150537604e+01
4.260578313253012084e+01
4.006521739130435122e+01
4.693376801647220020e+01
4.645543859649122709e+01
4.685684210526315496e+01
4.661382978723404591e+01
4.691438596491227742e+01
4.672553191489361524e+01
4.261303939962476761e+01
4.691418439716311894e+01
4.339036144578313525e+01
4.076851851851851904e+01
4.282390243902438698e+01
4.269686746987952120e+01
4.060264227642276325e+01
4.280571428571428783e+01
4.272941767068272867e+01
4.241975903614457621e+01
4.290120481927711182e+01
4.248594377510040232e+01
4.093423694779116317e+01
0.000000000000000000e+00
4.694499151103565282e+01
4.697624113475177410e+01
0.000000000000000000e+00
0.000000000000000000e+00
4.710763888888888573e+01
4.727835051546392009e+01
4.736175438596491460e+01
4.701087719298245560e+01
4.298945783132530352e+01
4.679898132427843649e+01
4.284578313253012283e+01
4.266987951807229251e+01
4.224698795180722755e+01
4.660271646859083461e+01
4.166415662650602059e+01
4.292570281124498166e+01
4.295180722891566205e+01
4.237042682926828974e+01
0.000000000000000000e+00
0.000000000000000000e+00
4.318624497991967814e+01
4.230987951807228598e+01
0.000000000000000000e+00
4.249648594377509880e+01
4.629057971014492523e+01
0.000000000000000000e+00
4.283182730923694947e+01
4.257589285714285410e+01
4.198729674796747702e+01
4.262148594377509880e+01
0.000000000000000000e+00
0.000000000000000000e+00
0.000000000000000000e+00
0.000000000000000000e+00
0.000000000000000000e+00
0.000000000000000000e+00
0.000000000000000000e+00
0.000000000000000000e+00
0.000000000000000000e+00
0.000000000000000000e+00
0.000000000000000000e+00
0.000000000000000000e+00
0.000000000000000000e+00
4.874044795783926531e+01
4.792828947368420955e+01
4.776524822695035510e+01
4.768049645390070879e+01
0.000000000000000000e+00
4.879347826086956275e+01
4.886538461538461320e+01
4.848854166666666998e+01
0.000000000000000000e+00
4.678804347826086740e+01
0.000000000000000000e+00
4.641052631578947540e+01
0.000000000000000000e+00
4.640744680851064174e+01
4.710665760869564878e+01
4.630967741935484128e+01
4.380945121951219789e+01
4.668368055555555429e+01
0.000000000000000000e+00
0.000000000000000000e+00
4.649539007092198517e+01
4.408734939759035854e+01
4.375903614457831026e+01
4.375219512195121752e+01
4.706524725274725540e+01
4.712500000000000000e+01
4.746366536689117055e+01
4.712293906810035793e+01
4.407036144578313497e+01
4.426409638554216741e+01
4.400243902439024168e+01
4.440722891566264963e+01
4.734544836956521863e+01
4.479769076305220921e+01
4.354829268292682798e+01
4.660645161290322847e+01
4.645799361928393978e+01
4.647493131868132110e+01
4.633888691953207939e+01
4.296097560975609753e+01
4.621397849462365315e+01
4.280894308943089754e+01
4.296646341463414842e+01
4.308585365853658544e+01
4.310048780487804976e+01
4.649120879120879124e+01
4.624358974358974450e+01
4.357827160493827279e+01
4.363770325203252298e+01
4.357931726907630576e+01
4.413414634146341342e+01
4.395020325203252298e+01
4.384756097560975263e+01
4.400195121951219335e+01
4.386991869918698939e+01
4.261382113821138518e+01
4.318679549114331451e+01
4.453714859437751272e+01
4.422138554216867590e+01
4.732187167671038708e+01
4.364430894308942754e+01
4.501170731707316719e+01
4.369512195121951237e+01
4.412299196787148503e+01
4.465783132530120270e+01
4.429268292682926500e+01
4.458506024096385545e+01
4.453975903614458076e+01
4.397002032520325088e+01
4.467632113821138518e+01
4.461073170731707194e+01
4.347238955823293338e+01
4.361947791164658383e+01
4.384144578313252794e+01
4.319308943089431096e+01
4.313465447154471377e+01
4.277032520325203535e+01
4.322357723577236044e+01
4.311636178861788693e+01
4.683020205600850971e+01
4.354217479674796465e+01
4.328062248995983907e+01
4.336295180722891729e+01
4.337652439024390105e+01
4.381174698795180689e+01
4.344126506024096557e+01
0.000000000000000000e+00
0.000000000000000000e+00
0.000000000000000000e+00
0.000000000000000000e+00
0.000000000000000000e+00
0.000000000000000000e+00
0.000000000000000000e+00
0.000000000000000000e+00
0.000000000000000000e+00
0.000000000000000000e+00
0.000000000000000000e+00
0.000000000000000000e+00
0.000000000000000000e+00
0.000000000000000000e+00
0.000000000000000000e+00
0.000000000000000000e+00
4.606234015345268773e+01
0.000000000000000000e+00
0.000000000000000000e+00
0.000000000000000000e+00
0.000000000000000000e+00
0.000000000000000000e+00
0.000000000000000000e+00
0.000000000000000000e+00
0.000000000000000000e+00
0.000000000000000000e+00
0.000000000000000000e+00
0.000000000000000000e+00
0.000000000000000000e+00
0.000000000000000000e+00
0.000000000000000000e+00
0.000000000000000000e+00
0.000000000000000000e+00
0.000000000000000000e+00
0.000000000000000000e+00
0.000000000000000000e+00
0.000000000000000000e+00
0.000000000000000000e+00
0.000000000000000000e+00
0.000000000000000000e+00
0.000000000000000000e+00
0.000000000000000000e+00
0.000000000000000000e+00
0.000000000000000000e+00
0.000000000000000000e+00
0.000000000000000000e+00
0.000000000000000000e+00
0.000000000000000000e+00
0.000000000000000000e+00
0.000000000000000000e+00
0.000000000000000000e+00
0.000000000000000000e+00
0.000000000000000000e+00
0.000000000000000000e+00
0.000000000000000000e+00
0.000000000000000000e+00
0.000000000000000000e+00
0.000000000000000000e+00
0.000000000000000000e+00
0.000000000000000000e+00
0.000000000000000000e+00
0.000000000000000000e+00
0.000000000000000000e+00
0.000000000000000000e+00
0.000000000000000000e+00
0.000000000000000000e+00
4.535294117647058698e+01
4.882017844886753721e+01
4.728477280610475475e+01
4.027976190476190510e+01
3.986843373493975662e+01
4.114087117701575380e+01
4.530036630036629930e+01
4.192292682926829173e+01
4.124481927710843365e+01
4.335518072289156777e+01
4.370523809523809433e+01
4.525686746987951636e+01
4.651809523809523483e+01
4.637952380952381048e+01
4.619416126042631987e+01
4.606591865357643911e+01
4.692005610098176760e+01
4.252281746031746223e+01
4.785619955979456819e+01
4.302303921568627487e+01
4.308431372549019756e+01
4.235817805383022971e+01
4.367058823529411882e+01
5.094097222222222143e+01
4.799811764705882666e+01
4.487984496124030898e+01
4.939271907216495094e+01
0.000000000000000000e+00
0.000000000000000000e+00
0.000000000000000000e+00
0.000000000000000000e+00
0.000000000000000000e+00
0.000000000000000000e+00
0.000000000000000000e+00
0.000000000000000000e+00
0.000000000000000000e+00
0.000000000000000000e+00
0.000000000000000000e+00
0.000000000000000000e+00
0.000000000000000000e+00
0.000000000000000000e+00
0.000000000000000000e+00
0.000000000000000000e+00
3.744415584415584419e+01
4.599786704585851282e+01
3.928985507246376585e+01
4.156470588235293917e+01
4.281935817805383238e+01
5.398148148148148096e+01
4.544754901960784110e+01
4.387581093605189864e+01
4.269406150583245108e+01
0.000000000000000000e+00
0.000000000000000000e+00
0.000000000000000000e+00
0.000000000000000000e+00
0.000000000000000000e+00
0.000000000000000000e+00
0.000000000000000000e+00
0.000000000000000000e+00
0.000000000000000000e+00
0.000000000000000000e+00
0.000000000000000000e+00
0.000000000000000000e+00
0.000000000000000000e+00
0.000000000000000000e+00
0.000000000000000000e+00
0.000000000000000000e+00
0.000000000000000000e+00
0.000000000000000000e+00
0.000000000000000000e+00
0.000000000000000000e+00
0.000000000000000000e+00
0.000000000000000000e+00
0.000000000000000000e+00
0.000000000000000000e+00
0.000000000000000000e+00
4.832509689922480334e+01
4.898691860465116577e+01
5.043390804597701305e+01
4.829423660262892071e+01
4.783215369059656297e+01
4.857500000000000284e+01
4.887581395348837532e+01
4.754347826086956275e+01
4.822722868217054071e+01
4.702303921568627487e+01
4.695049019607843377e+01
0.000000000000000000e+00
5.733800904977375268e+01
4.707594235033259622e+01
4.779347826086956275e+01
5.580335365853658658e+01
0.000000000000000000e+00
5.595932539682539897e+01
5.545782520325203535e+01
0.000000000000000000e+00
0.000000000000000000e+00
0.000000000000000000e+00
0.000000000000000000e+00
0.000000000000000000e+00
4.507376623376623570e+01
0.000000000000000000e+00
0.000000000000000000e+00
0.000000000000000000e+00
0.000000000000000000e+00
0.000000000000000000e+00
0.000000000000000000e+00
0.000000000000000000e+00
0.000000000000000000e+00
0.000000000000000000e+00
4.622943722943723088e+01
0.000000000000000000e+00
0.000000000000000000e+00
0.000000000000000000e+00
0.000000000000000000e+00
0.000000000000000000e+00
5.495535714285714590e+01
4.845238095238094900e+01
5.002745098039216032e+01
4.983171355498721056e+01
5.659722222222222143e+01
5.820884602593947221e+01
5.600294117647058556e+01
4.925490196078431637e+01
5.629321266968325688e+01
5.246124031007752109e+01
5.226501937984495783e+01
5.483857142857142719e+01
5.582692307692308020e+01
4.986733716475095690e+01
5.482588235294117851e+01
5.539488372093023116e+01
5.496329411764705952e+01
5.080232558139535115e+01
5.175889328063241379e+01
5.289583333333333570e+01
6.090755208333333570e+01
