6.470672340425531388e+01
6.478621276595744405e+01
6.493506382978723934e+01
6.501714770797963183e+01
6.494829473684210086e+01
6.508485106382978813e+01
6.500813008130081982e+01
6.483212247016086849e+01
6.472375021622556801e+01
6.467463829787233465e+01
6.467545263157894908e+01
6.495275789473684824e+01
6.466846315789473465e+01
6.460969089390141562e+01
6.481531084656084829e+01
6.481953684210526490e+01
6.488134866163349557e+01
5.473933209647495346e+01
5.505873164636051342e+01
5.511193568336425130e+01
5.500618429189857750e+01
5.506580961126415730e+01
5.517316017316016996e+01
5.534534438775510523e+01
5.506336088154269959e+01
5.566115702479338978e+01
5.530024737167594395e+01
5.509554730983302306e+01
5.672694688823720810e+01
5.673900293255132254e+01
5.630250000000000199e+01
5.624747474747474740e+01
5.577406249999999943e+01
5.589151515151515071e+01
5.573947704081632537e+01
5.602782931354359874e+01
5.533184789067141907e+01
5.568380777471686827e+01
5.603401360544217624e+01
5.636500000000000199e+01
5.597431930693069546e+01
5.568508615567439080e+01
5.598267326732673155e+01
5.615435606060606233e+01
5.658294930875575801e+01
5.597312500000000313e+01
5.525430778371954688e+01
5.593908472479900951e+01
5.576799242424242209e+01
5.641709183673469141e+01
5.623309948979591866e+01
5.590845959595959869e+01
5.574526515151514872e+01
5.615656887755102389e+01
5.618367346938775597e+01
5.582039141414141170e+01
5.574400252525252597e+01
5.573232323232323182e+01
5.582638888888888573e+01
5.591603535353535648e+01
5.606250000000000000e+01
5.595549242424242209e+01
5.609375000000000000e+01
5.564524028160391822e+01
5.628890306122448806e+01
5.608187499999999659e+01
5.562437500000000057e+01
5.566499999999999915e+01
5.540744074407440678e+01
5.568616861686168562e+01
5.584128412841284472e+01
5.559315931593159377e+01
5.540719696969696884e+01
5.520972097209720886e+01
5.574939393939393995e+01
5.514993686868687206e+01
5.540144014401440131e+01
5.544419354838709779e+01
5.533554292929292728e+01
5.547869147659063316e+01
5.580991735537190124e+01
5.563355342136854631e+01
5.541477272727272663e+01
5.617171717171716949e+01
5.581250000000000000e+01
5.596778350515464240e+01
5.541262755102040671e+01
5.610574494949494806e+01
5.574563820018365590e+01
5.575988520408163396e+01
5.611142676767676818e+01
5.644593749999999943e+01
5.575063775510204067e+01
5.596124999999999972e+01
5.587687499999999829e+01
5.605555555555555713e+01
5.621636363636363853e+01
5.672999999999999687e+01
5.675187499999999829e+01
5.637653765376537507e+01
5.649504950495049371e+01
5.615151515151514872e+01
5.596309630963096282e+01
5.630878787878788216e+01
5.633500000000000085e+01
5.590459045904590596e+01
5.601380138013801258e+01
5.626090909090908809e+01
5.619507575757575779e+01
5.601939393939393597e+01
5.615501237623762165e+01
5.595018564356435320e+01
5.624806451612903402e+01
5.611030303030302946e+01
5.592687500000000256e+01
5.596936881188118917e+01
5.593424242424242721e+01
5.630754950495049371e+01
5.608775252525252597e+01
5.626606060606060566e+01
5.646333333333333115e+01
5.624060606060606204e+01
5.626121212121211812e+01
5.589558955895589776e+01
5.607374999999999687e+01
5.646903225806451587e+01
5.614515151515151814e+01
5.644161290322580982e+01
5.605540250994796736e+01
5.681336405529953737e+01
5.618904702970296938e+01
5.638699494949494806e+01
5.612937500000000313e+01
5.628312499999999829e+01
5.642218749999999972e+01
5.590418396678377633e+01
5.613468749999999829e+01
5.639328771586836098e+01
5.633656249999999943e+01
5.625593750000000171e+01
5.621281249999999829e+01
5.639258064516128854e+01
5.610499999999999687e+01
5.636689475399153082e+01
5.658518518518518192e+01
5.620290322580645181e+01
5.638593749999999716e+01
5.650114043662430419e+01
5.628248762376237835e+01
5.652750000000000341e+01
5.648624999999999829e+01
5.691178451178451070e+01
5.652619949494949481e+01
5.636129032258064342e+01
5.600878787878787790e+01
5.634343750000000028e+01
5.647906249999999773e+01
5.616333333333333400e+01
5.591406250000000000e+01
5.577225806451613010e+01
5.600424242424242749e+01
5.568046804680468398e+01
5.572235294117646731e+01
5.637151515151515468e+01
5.602468749999999886e+01
5.526685049019607732e+01
5.600999999999999801e+01
5.636793356755030260e+01
5.590156249999999716e+01
5.599666666666666970e+01
5.586906249999999829e+01
5.630484848484848470e+01
5.588787878787879038e+01
5.610700757575757791e+01
5.636193548387096541e+01
5.557457681251996462e+01
5.578824656659214298e+01
5.624499999999999744e+01
5.595687499999999659e+01
5.651836473969977703e+01
5.624354838709677296e+01
5.611029411764705799e+01
5.613572303921568363e+01
5.621937499999999943e+01
5.605729166666666430e+01
5.642607260726072838e+01
5.650654742893644311e+01
5.611593750000000114e+01
5.643271423916585405e+01
5.624781250000000199e+01
5.633096774193548129e+01
5.634718749999999687e+01
5.648008578431372229e+01
5.643774193548387075e+01
5.621419354838709381e+01
5.634406565656565391e+01
5.573932877158683397e+01
5.596148989898989612e+01
5.642718750000000227e+01
5.640530303030303116e+01
5.634532828282828376e+01
5.652419354838709609e+01
5.670339761248852284e+01
5.620193548387096882e+01
5.593849384938494040e+01
5.638687500000000341e+01
5.703096774193548413e+01
5.633213321332133461e+01
5.622988861386138382e+01
5.569647277227722526e+01
5.603188131313131493e+01
5.659531249999999858e+01
5.610621365166819885e+01
5.630125000000000313e+01
5.643468750000000256e+01
5.600247524752474959e+01
5.652250000000000085e+01
5.640903225806451360e+01
5.591333333333333400e+01
5.598843750000000341e+01
5.612252475247525041e+01
5.643906249999999858e+01
5.615781249999999858e+01
5.628374999999999773e+01
5.595781250000000284e+01
5.613812500000000227e+01
5.656187500000000057e+01
5.595770202020202078e+01
5.598212121212121417e+01
5.603333333333333144e+01
5.630031249999999687e+01
5.616861686168616785e+01
5.626874999999999716e+01
5.636656250000000057e+01
5.665299999999999869e+01
5.637218750000000256e+01
5.658260019550342435e+01
5.653437601824698788e+01
5.628548387096774519e+01
5.664646464646464352e+01
5.619281250000000227e+01
5.589812500000000028e+01
5.603367003367003463e+01
5.601452020202020066e+01
5.629815051020408134e+01
5.652218750000000114e+01
5.631218750000000028e+01
5.698199999999999932e+01
5.638968750000000085e+01
5.664292558288087065e+01
5.603217821782178021e+01
5.616635101010101039e+01
5.621833333333333371e+01
5.683468013468013424e+01
5.580421865715983643e+01
5.638273514851485402e+01
5.624290322580645096e+01
5.591906250000000256e+01
5.622968749999999716e+01
5.615343750000000256e+01
5.599652777777777857e+01
6.235373886090662410e+01
6.177046548956661098e+01
5.936195826645264617e+01
5.754552499031382951e+01
5.634831460674157455e+01
5.820264847512038386e+01
5.874660984114684226e+01
5.928438589693917038e+01
6.064819837272374770e+01
6.057854406130267932e+01
6.094808213870592795e+01
6.128611556982343700e+01
6.211918138041733783e+01
6.180085238279736615e+01
6.231731886865556191e+01
6.228864781092600111e+01
6.236944444444444713e+01
6.226763322884012553e+01
6.251542207792207506e+01
6.170833333333333570e+01
6.210228593568384525e+01
6.164165329052969611e+01
6.217515673981191071e+01
6.242573051948051699e+01
6.250649350649350566e+01
6.267978896103895892e+01
6.265178571428571530e+01
7.088933333333334019e+01
7.202068965517241850e+01
