5.624308300395257021e+01
5.707902788705306563e+01
5.622323032698526646e+01
5.670482989599859280e+01
5.742471489665003759e+01
5.680380883938196490e+01
5.681253305129560971e+01
5.682024793388429629e+01
5.744395937277263187e+01
5.736726758571933260e+01
5.844011544011544146e+01
5.716798871849109531e+01
5.674184782608695343e+01
5.732275691873788048e+01
5.694001599573446981e+01
5.691762196747534119e+01
5.716146659615723280e+01
5.701839509464142708e+01
5.680398850161696345e+01
5.710779734099892124e+01
5.711698146828225475e+01
5.716032081790939401e+01
5.730098713202890792e+01
5.749388010363620083e+01
5.700000000000000000e+01
5.710796756566190879e+01
5.671429840931307353e+01
5.723209194583036208e+01
5.644870643190801474e+01
5.667505222050676394e+01
5.752254098360656087e+01
5.741609773625583557e+01
5.742499559316058821e+01
5.746074380165289597e+01
5.707597391151066546e+01
5.768193157519601044e+01
5.737323380431885056e+01
5.733040078201368317e+01
5.733829294369208895e+01
5.734822845055526130e+01
5.733262823902696681e+01
5.765494447382337739e+01
5.702820377225454251e+01
5.744976203067160014e+01
5.779000356379187764e+01
5.741265644279922498e+01
5.750144243377917519e+01
0.000000000000000000e+00
0.000000000000000000e+00
5.655288207297726188e+01
5.693294384373910333e+01
5.694003920171061850e+01
5.701048827780715555e+01
5.721168923734853706e+01
5.756786532698748715e+01
5.753745667821914367e+01
5.742276422764227561e+01
5.768318908995541250e+01
5.737971613366870116e+01
5.734666311205900513e+01
5.754917387883556046e+01
5.773056073935839549e+01
5.719194881364969518e+01
5.791454765611485556e+01
5.664239623299616255e+01
5.689361702127659726e+01
5.723902696985722116e+01
5.707654385054488699e+01
5.738938833068922918e+01
5.778882425524413691e+01
5.782099418297197246e+01
5.732779374775422099e+01
5.737821025504310057e+01
5.764339855455666850e+01
5.778835788717211841e+01
5.804133998574483400e+01
5.733567786179004599e+01
5.742472152353575154e+01
5.782363828662083449e+01
5.767472152353575154e+01
5.787854750572888918e+01
5.785245901639343913e+01
5.777847713961010356e+01
5.792790410717433502e+01
5.825145425700687696e+01
5.798482734565747876e+01
5.824684310672893872e+01
5.805147563486616491e+01
5.772756918737881193e+01
5.736946941653446430e+01
5.680182873219623474e+01
5.722695035460992585e+01
5.787385260949383792e+01
5.751617724635132589e+01
5.752776308831305840e+01
5.761734648538167392e+01
5.743588376432951037e+01
5.795293495505023884e+01
5.774070156883482952e+01
5.789933180938983526e+01
5.754660979294410339e+01
5.774735626055274196e+01
5.756836917562723954e+01
