0.000000000000000000e+00
0.000000000000000000e+00
0.000000000000000000e+00
0.000000000000000000e+00
7.126656200941914676e+01
4.913668430335096815e+01
4.839202965708989979e+01
5.456834300451321695e+01
4.972467648371262783e+01
5.384543178973716948e+01
4.941809954751131073e+01
4.877701465201464970e+01
4.824967320261438175e+01
4.733551198257080728e+01
5.236592741935483986e+01
4.769586056644880045e+01
4.600000000000000000e+01
4.656000000000000227e+01
5.050806451612903203e+01
5.146318607764391118e+01
5.150231696014828486e+01
5.130075858991521898e+01
5.027571825764596980e+01
4.959052532833020877e+01
4.910881801125703561e+01
4.874390243902438868e+01
4.913911472448057793e+01
4.988130298973672438e+01
4.958202038924930832e+01
4.888442659526997147e+01
4.911382113821138518e+01
4.926078799249530960e+01
4.886866791744840555e+01
4.985185185185185475e+01
4.858583489681050338e+01
4.942307692307691980e+01
4.866334283000949767e+01
4.834896810506566567e+01
4.857786116322701986e+01
4.833965672990063212e+01
4.842776735459662518e+01
4.933271547729378881e+01
4.891512195121951123e+01
4.929127579737335907e+01
4.824501424501424651e+01
4.822032288698955682e+01
4.824108818011256972e+01
4.821228545618789241e+01
4.798264540337711281e+01
4.774616079494128229e+01
4.836144578313253106e+01
4.855962059620595994e+01
4.856848030018761619e+01
4.903794037940379269e+01
4.869647822057460473e+01
4.800093808630393966e+01
4.840500463392029928e+01
4.880397470641373303e+01
4.838572719060523752e+01
4.875903614457831026e+01
4.864046973803071694e+01
4.888696060037523239e+01
4.856660412757973688e+01
4.878205128205128460e+01
4.935118250780901406e+01
4.869324577861163306e+01
4.886022514071294864e+01
4.842140921409214371e+01
4.856613508442777061e+01
4.889114724480577934e+01
4.931548415885765024e+01
4.917213883677298014e+01
4.891418247515808559e+01
4.929361892012494195e+01
4.839656729900632115e+01
4.934259259259259522e+01
4.850496838301716451e+01
4.855357142857143060e+01
4.841734417344173380e+01
4.842436412315930738e+01
4.890920826161789847e+01
4.836803135888501970e+01
4.847442680776013901e+01
4.798125836680053879e+01
4.819642857142856940e+01
4.900387263339070643e+01
4.816153502900490935e+01
4.845775261324041594e+01
4.870013386880857098e+01
4.829004908522981054e+01
4.886540198735320928e+01
4.890548780487804947e+01
4.881750871080139120e+01
4.823401297497682805e+01
4.952204585537919002e+01
4.928146258503401356e+01
4.930867346938775597e+01
4.933801020408163396e+01
5.002004357298474702e+01
4.939021164021163912e+01
4.928527336860670260e+01
4.964197530864197461e+01
4.906657848324515214e+01
4.846199633699633580e+01
4.814689527340129871e+01
4.817001338688085355e+01
4.789110287303058300e+01
4.386682926829268325e+01
4.213374485596708041e+01
4.124184782608695343e+01
4.001195652173912976e+01
3.961739130434782652e+01
3.944886363636363313e+01
4.194716049382716250e+01
4.182767489711934417e+01
4.168312757201645979e+01
3.912065217391304373e+01
4.095799999999999841e+01
4.069791666666666430e+01
4.000815217391304657e+01
4.104938271604937938e+01
4.113155864197531031e+01
4.128047839506172778e+01
4.079610136452241420e+01
3.908409090909091077e+01
3.968921095008051481e+01
3.963177670424047250e+01
3.992807300053677011e+01
4.015673644659151620e+01
3.890227272727272378e+01
3.952334943639291254e+01
4.040752032520325088e+01
4.159147230320699862e+01
4.123971193415637515e+01
4.148296296296296504e+01
4.117499999999999716e+01
4.101080246913580396e+01
3.763409090909090793e+01
3.983043478260869819e+01
3.945227272727272805e+01
4.143724279835390689e+01
4.131561996779387869e+01
4.098658078368223556e+01
4.185530864197530576e+01
4.212088477366255290e+01
4.162962962962962621e+01
4.180298353909464737e+01
4.213168724279835686e+01
4.118586956521738784e+01
4.361467391304347530e+01
4.680390243902439096e+01
4.588197530864197660e+01
4.272540160642570584e+01
4.696559139784946524e+01
4.565707317073170657e+01
4.602485928705441154e+01
4.675486561631139892e+01
4.615708989805375495e+01
4.583958724202626911e+01
4.622474513438368859e+01
4.640361445783132410e+01
4.633271547729378881e+01
4.593151969981238381e+01
4.605073170731706966e+01
4.568902439024390105e+01
4.618303985171455395e+01
4.682066728452270610e+01
4.574906191369606034e+01
4.549073215940686055e+01
4.593999999999999773e+01
4.537148217636022451e+01
4.514292682926829059e+01
4.545366079703428852e+01
4.537898686679174176e+01
4.495268292682926869e+01
4.568761726078799512e+01
4.676953405017921028e+01
4.729007092198581574e+01
4.675913978494623535e+01
4.720531914893616943e+01
4.752318840579710013e+01
4.334226190476190510e+01
4.694301075268817414e+01
4.700179211469534124e+01
4.673514492753623273e+01
4.709557721139429987e+01
4.719495091164095157e+01
4.646146341463414586e+01
4.396666666666666856e+01
4.253670634920634797e+01
4.241021825396825307e+01
4.671756272401433563e+01
4.710537634408601804e+01
4.796773049645390330e+01
4.721737588652482032e+01
4.760432395332875899e+01
4.798855359001040455e+01
4.690036231884057827e+01
4.376862745098038943e+01
4.452976190476190510e+01
4.842695035460992870e+01
4.398795180722891729e+01
4.906174124176204998e+01
4.699286033020973008e+01
4.740454124189064089e+01
4.712945590994371514e+01
4.861641483516483220e+01
4.696011396011395789e+01
4.575951807228915413e+01
5.087720111214087382e+01
5.100714285714285978e+01
4.700511627906976742e+01
4.638186046511627580e+01
4.964793617759278277e+01
4.558914728682170647e+01
4.560894117647058721e+01
4.872796052631579045e+01
4.476137931034482875e+01
4.481255813953488598e+01
4.522883720930232698e+01
4.461627906976744384e+01
4.442117647058823593e+01
4.447200000000000131e+01
4.454352941176470893e+01
4.420857142857143174e+01
4.436517647058823854e+01
4.447152941176470620e+01
4.470465116279069662e+01
4.441929411764705549e+01
4.432800000000000296e+01
4.786160249739854322e+01
4.476470588235294201e+01
4.460941176470588232e+01
4.464752941176470813e+01
4.419209302325581490e+01
4.470009689922480334e+01
4.827079303675048294e+01
4.466823529411765037e+01
4.661726078799249251e+01
4.817187500000000000e+01
4.753561827956989561e+01
4.407341176470588096e+01
4.709186535764376202e+01
4.448517647058823599e+01
4.492598039215686612e+01
4.773151881720430367e+01
4.447105882352941109e+01
4.460564705882352854e+01
4.494494117647058573e+01
4.476329411764705668e+01
4.434883720930232442e+01
4.464341085271318121e+01
4.818583776595744439e+01
4.471302325581395110e+01
4.464752941176470813e+01
4.364705882352941302e+01
4.403666666666666885e+01
4.698403532608695343e+01
4.457627906976744470e+01
4.426258823529411757e+01
4.848980263157894655e+01
4.849867021276595835e+01
4.441521317829457161e+01
4.630393996247654798e+01
4.494776470588235640e+01
4.452651162790697725e+01
4.472837209302325334e+01
4.479247058823529670e+01
4.466070588235294281e+01
4.432752941176470785e+01
4.497411764705882575e+01
4.482139534883720700e+01
4.471858823529412064e+01
4.443670588235293906e+01
4.510418604651162866e+01
4.487918552036199316e+01
4.523674418604651493e+01
4.842386968085106247e+01
4.509788235294117698e+01
4.469552941176470284e+01
4.499670588235294133e+01
4.424799999999999756e+01
4.447152941176470620e+01
4.415388235294117436e+01
4.479388235294117493e+01
4.488921568627451109e+01
4.504697674418604691e+01
4.459932170542635532e+01
4.499767441860465311e+01
4.624439024390243702e+01
4.469961240310077244e+01
4.678127896200185631e+01
4.480093023255813733e+01
4.492604651162790930e+01
4.442781007751938205e+01
4.477023255813953284e+01
4.448691860465116577e+01
4.448823529411764355e+01
4.488465116279069633e+01
4.458964705882353030e+01
4.802759308510638192e+01
4.468511627906976713e+01
4.810065789473684106e+01
4.434051724137930961e+01
4.798651315789473415e+01
4.776733013040494313e+01
4.778997940974605285e+01
4.438896551724138106e+01
4.473371647509578253e+01
4.456056201550387641e+01
4.771037114117238787e+01
4.783905284831845961e+01
4.430964705882352916e+01
4.422141472868216994e+01
4.424046511627906852e+01
4.484883720930232442e+01
4.486325581395348649e+01
4.435949612403101128e+01
4.409975903614457593e+01
4.432025193798449436e+01
4.423578431372548891e+01
4.409509803921568505e+01
4.456837209302325675e+01
4.474651162790697612e+01
4.384376470588235009e+01
4.429142857142856826e+01
4.375245098039215463e+01
4.422635294117647220e+01
4.432047058823529539e+01
4.429129411764705537e+01
4.411488372093023003e+01
4.407892156862745026e+01
4.454408914728681879e+01
4.385367063492063266e+01
4.407990196078431211e+01
4.410523809523809291e+01
4.425270588235294156e+01
4.399047619047618696e+01
4.467199999999999704e+01
4.465882352941176237e+01
4.447095238095238301e+01
4.450285714285714533e+01
4.462870588235293923e+01
4.459019607843137578e+01
4.429116279069767614e+01
4.442781007751938205e+01
4.651078799249530960e+01
4.668963855421687015e+01
4.484011627906976827e+01
4.431904761904761614e+01
