0.000000000000000000e+00
0.000000000000000000e+00
0.000000000000000000e+00
0.000000000000000000e+00
0.000000000000000000e+00
0.000000000000000000e+00
0.000000000000000000e+00
0.000000000000000000e+00
0.000000000000000000e+00
0.000000000000000000e+00
0.000000000000000000e+00
0.000000000000000000e+00
0.000000000000000000e+00
0.000000000000000000e+00
0.000000000000000000e+00
0.000000000000000000e+00
0.000000000000000000e+00
0.000000000000000000e+00
0.000000000000000000e+00
0.000000000000000000e+00
0.000000000000000000e+00
0.000000000000000000e+00
0.000000000000000000e+00
0.000000000000000000e+00
0.000000000000000000e+00
0.000000000000000000e+00
0.000000000000000000e+00
0.000000000000000000e+00
0.000000000000000000e+00
0.000000000000000000e+00
0.000000000000000000e+00
0.000000000000000000e+00
0.000000000000000000e+00
0.000000000000000000e+00
0.000000000000000000e+00
0.000000000000000000e+00
0.000000000000000000e+00
0.000000000000000000e+00
0.000000000000000000e+00
0.000000000000000000e+00
0.000000000000000000e+00
0.000000000000000000e+00
0.000000000000000000e+00
0.000000000000000000e+00
0.000000000000000000e+00
0.000000000000000000e+00
0.000000000000000000e+00
0.000000000000000000e+00
0.000000000000000000e+00
0.000000000000000000e+00
7.231487179487179162e+01
7.308479532163742931e+01
4.899776386404293049e+01
4.994727668845315804e+01
5.071198257080610006e+01
5.098345259391771123e+01
5.154651162790697327e+01
5.047942754919498753e+01
4.917116279069767160e+01
4.839720930232557805e+01
4.892705570291776951e+01
5.040424570912375657e+01
5.034672021419009269e+01
5.048326639892904666e+01
5.032217759928603584e+01
5.138090824837812676e+01
5.172378402498884498e+01
5.174796747967479860e+01
5.150959393128067632e+01
5.141557223264540255e+01
5.171798304328424933e+01
5.132976349843819719e+01
5.140026773761713486e+01
5.141410084783579038e+01
4.969076305220883683e+01
4.947077197679607252e+01
4.947568049977688531e+01
4.915394912985274090e+01
4.949352967425256367e+01
4.940469738030713387e+01
5.018674698795180689e+01
4.980292598967297835e+01
4.998537005163511537e+01
4.966245644599302977e+01
4.979690189328743344e+01
4.985006693440428194e+01
4.994621342512908768e+01
4.979071842927264413e+01
4.997947344935296599e+01
4.989156626506024139e+01
5.002231146809459972e+01
4.994377510040160928e+01
4.985327022375215478e+01
5.027248677248677211e+01
4.994199018295403647e+01
4.994109772423025362e+01
5.061303939962476761e+01
5.096207050423917906e+01
5.095136099955377063e+01
5.032695578231292188e+01
5.078313253012048278e+01
5.091120035698349255e+01
5.082106202588130373e+01
5.096737213403880418e+01
4.988139329805996169e+01
4.926639892904952944e+01
5.043721770551039185e+01
5.063037865748709265e+01
5.100624721106648707e+01
5.092280232039268384e+01
5.071218206157965369e+01
5.073076923076923350e+01
5.103480589022757385e+01
5.107585899152164188e+01
5.113827838827838690e+01
