6.227525773195876013e+01
6.119770408163265074e+01
6.086462585034013273e+01
6.050797193877551194e+01
6.135057471264367734e+01
5.956728316326530859e+01
6.020917858330562211e+01
6.041465053763440807e+01
6.072648195876288924e+01
6.114511784511784498e+01
6.050859106529209441e+01
6.048632812500000000e+01
6.202191091954023250e+01
0.000000000000000000e+00
5.865535714285714164e+01
5.963476562500000000e+01
6.242834008097165821e+01
6.219874999999999687e+01
6.009842001316656024e+01
5.944683908045976750e+01
5.944791666666666430e+01
6.059078114004222471e+01
5.897411616161615910e+01
5.966836734693877276e+01
6.111651234567901270e+01
6.108620689655172242e+01
6.116876061120543540e+01
6.161755952380952550e+01
5.941666666666666430e+01
5.922314599268374025e+01
6.153053160919539977e+01
5.936489898989898961e+01
6.061889367816092289e+01
6.186453900709219766e+01
6.012563131313131493e+01
6.111408934707903740e+01
6.043481182795699169e+01
6.029098769537745284e+01
6.002714776632302573e+01
6.094432989690721314e+01
5.985129646985316754e+01
6.007860824742267880e+01
6.014362373737373701e+01
6.017840684660961159e+01
6.068419243986254230e+01
6.146562500000000284e+01
5.981701030927835205e+01
6.017159960093115956e+01
6.025444371296905643e+01
6.071168384879725011e+01
6.009922680412370966e+01
6.029265048220818102e+01
5.970790816326530859e+01
5.973645320197044128e+01
5.980013302294646138e+01
5.935034722222222570e+01
5.898689516129032029e+01
5.849273989898989612e+01
5.913650254668930728e+01
5.924116161616161946e+01
5.953574991686065943e+01
5.702408854166666430e+01
5.478436426116838476e+01
5.519880952380952266e+01
5.619988545246277312e+01
5.694526901669758701e+01
5.313487972508590929e+01
5.387932080048513939e+01
5.514338235294117396e+01
5.577083333333333570e+01
0.000000000000000000e+00
0.000000000000000000e+00
0.000000000000000000e+00
0.000000000000000000e+00
0.000000000000000000e+00
0.000000000000000000e+00
0.000000000000000000e+00
0.000000000000000000e+00
6.169457789979409768e+01
6.421578947368421098e+01
6.856076226179318667e+01
7.031776834445118141e+01
7.168027210884353906e+01
7.199634186897239374e+01
7.168411386593204782e+01
0.000000000000000000e+00
7.421535714285714391e+01
7.436537791710205170e+01
7.442218299499852208e+01
7.514265294453973354e+01
7.396998834498835151e+01
7.300330033003299945e+01
7.264103448275862718e+01
7.235399999999999920e+01
7.258620689655172953e+01
7.138888888888888573e+01
7.172587948450016881e+01
7.127721088435373531e+01
7.118246985988920983e+01
7.158164283338875578e+01
7.225862068965517437e+01
7.171132323897300864e+01
7.218934707903780179e+01
0.000000000000000000e+00
0.000000000000000000e+00
7.382651972982580446e+01
7.276741935483870805e+01
7.263791968400263954e+01
7.186035156250000000e+01
7.202770618556701265e+01
7.282743055555555145e+01
7.268590831918506012e+01
7.182538659793814873e+01
7.242955326460480592e+01
7.241569670768207345e+01
7.177113402061856107e+01
7.036462585034013273e+01
6.775557033588293621e+01
6.687228439763002541e+01
6.357543173672205938e+01
6.305892034233048093e+01
6.301296973727968265e+01
6.280612244897959329e+01
6.302926504822081455e+01
6.345554123711340111e+01
6.197682709447415306e+01
6.076612665684830716e+01
5.837376093294460588e+01
6.429437229437229462e+01
0.000000000000000000e+00
0.000000000000000000e+00
0.000000000000000000e+00
0.000000000000000000e+00
7.023711340206185127e+01
6.943298969072165505e+01
6.896306818181818699e+01
6.787471655328798192e+01
0.000000000000000000e+00
7.244303385416667140e+01
7.250820707070707272e+01
7.263855045298343782e+01
7.436506707946335837e+01
7.331152343750000000e+01
7.385286458333332860e+01
7.308435374149659935e+01
7.199581185567009811e+01
7.114081632653061149e+01
7.093058419243986634e+01
6.955764705882353383e+01
6.942485714285714948e+01
6.941484593837535044e+01
7.013865546218487168e+01
6.899773691654880281e+01
6.864639321074965039e+01
6.843554476806903608e+01
6.780808080808080263e+01
6.641089108910891525e+01
6.672794117647059409e+01
6.729977191267514058e+01
6.789033333333333076e+01
0.000000000000000000e+00
0.000000000000000000e+00
0.000000000000000000e+00
0.000000000000000000e+00
6.468839914294460414e+01
6.454444444444445139e+01
6.412083333333333712e+01
6.407147766323024030e+01
6.439637397795947038e+01
6.418105263157895024e+01
6.550739247311827285e+01
6.600897988505747094e+01
6.645150862068965125e+01
6.679665837184501243e+01
6.778741557056522993e+01
6.764273018130110415e+01
6.765588339850692989e+01
6.764308567365802105e+01
6.821168384879725011e+01
6.806808035714286120e+01
6.812755102040816269e+01
6.792927515833919472e+01
6.849459876543210157e+01
6.834020618556701265e+01
6.850274914089347078e+01
6.818280701754386541e+01
6.928385416666667140e+01
6.879132598649128738e+01
6.901234119782213838e+01
6.867820324005890598e+01
6.890295058656238325e+01
6.860456553755523146e+01
6.907328869047618980e+01
6.964398496240600878e+01
6.880910060433700437e+01
6.896464646464646364e+01
6.949788881069669344e+01
6.905442176870748483e+01
6.949520085318165741e+01
6.947712878254749569e+01
6.984180590117313159e+01
6.967415316642120615e+01
7.012755102040816269e+01
6.985567010309277691e+01
6.934523809523810201e+01
6.977577319587628324e+01
6.883220760753643219e+01
6.972805059523810201e+01
6.945043103448276156e+01
6.892250266619267052e+01
6.931141130465694289e+01
6.877221856484528928e+01
6.844089347079037111e+01
6.890238095238095184e+01
6.909157894736841854e+01
6.914985272459499299e+01
6.917010309278350633e+01
6.882997311827956821e+01
6.891168384879725295e+01
6.882260931389974701e+01
6.906007820831851518e+01
6.906718805545681050e+01
6.946803160919540687e+01
6.937037037037036669e+01
6.878465869106263142e+01
6.831984517945109303e+01
6.863770250368187931e+01
6.897805059523810201e+01
6.875662739322532957e+01
6.936224671169570399e+01
6.899964080459770344e+01
6.945538570920724908e+01
6.899461206896552312e+01
6.908173784977908838e+01
6.860076530612245449e+01
6.929790259509420025e+01
6.923961998592540112e+01
6.846938131313130782e+01
6.911313131313131919e+01
7.042916666666666003e+01
6.892783505154639556e+01
6.821488595438175651e+01
6.899260752688172715e+01
6.845738539898133013e+01
6.729342105263157237e+01
6.693331185567009811e+01
6.697754385964911705e+01
6.596538978494623962e+01
6.633472222222222570e+01
6.731610942249240281e+01
6.619205729166667140e+01
6.688747731397458551e+01
6.646404569892473546e+01
6.768771929824561084e+01
6.752921960072595198e+01
6.760842105263158430e+01
6.689648437500000000e+01
6.805480943738656663e+01
6.709012304622547163e+01
6.688306451612903913e+01
6.692936197916667140e+01
6.866134301270417950e+01
6.772495755517826410e+01
6.797211021505376038e+01
6.888936170212765830e+01
6.871180555555555713e+01
6.899157894736842422e+01
6.908566243194192680e+01
6.956370235934664947e+01
6.971337365591398338e+01
6.950149650814765323e+01
6.955541237113402531e+01
6.913834386431659595e+01
6.916633064516129537e+01
6.863462804476628776e+01
6.867039473684209838e+01
6.911155913978494425e+01
6.852367424242424931e+01
6.799187753826929281e+01
6.954596491228069510e+01
6.860857998004655656e+01
6.868945312500000000e+01
6.905650252525252597e+01
6.893502030615432830e+01
6.901893939393939092e+01
6.893595751327710275e+01
6.924715909090909349e+01
6.975694444444444287e+01
6.980460858585858830e+01
6.890534208059980870e+01
6.970494417862839498e+01
7.032771929824561141e+01
6.918717447916667140e+01
6.877222938144329589e+01
6.927178030303029743e+01
6.894158075601374946e+01
6.901212856276531227e+01
6.956510416666667140e+01
6.930176767676768179e+01
6.973209635416667140e+01
6.923832070707071296e+01
6.992894736842104919e+01
6.902374258044361000e+01
6.993402777777777146e+01
6.971821305841923788e+01
7.038166383701188522e+01
7.051578947368420813e+01
6.968686868686869218e+01
6.868931419457734933e+01
6.956215277777778283e+01
6.835221354166667140e+01
6.889824561403509051e+01
6.836263020833332860e+01
6.838541666666667140e+01
6.873850377487988794e+01
6.811480263157895365e+01
6.848194444444445139e+01
6.898641765704583406e+01
6.908350877192982864e+01
6.930347222222222570e+01
6.827788978494623962e+01
6.854868421052631788e+01
6.853718166383701771e+01
6.967872340425532229e+01
6.945478723404255561e+01
7.005187894911871638e+01
6.963981958762886393e+01
7.026447368421052886e+01
6.929441776710683598e+01
7.037983247422680222e+01
7.007175773535220742e+01
6.991533895657606479e+01
7.013237639553429403e+01
7.021618244298656464e+01
7.088071236559139265e+01
6.952213462704669666e+01
7.024484536082474051e+01
7.047519329896907436e+01
7.053360215053763227e+01
7.004623555139019686e+01
7.105924479166667140e+01
7.126941580756013650e+01
7.036082474226803640e+01
7.157079796264855531e+01
6.991656662665066335e+01
7.173219086021505575e+01
7.095457474226803640e+01
7.124023437500000000e+01
7.108514030612245449e+01
7.110138248847925979e+01
7.158545918367346417e+01
7.174126344086020879e+01
7.158365885416667140e+01
7.048763020833332860e+01
7.076013745704467794e+01
7.110662139219014932e+01
7.097083333333333144e+01
6.991731770833332860e+01
7.080561403508771434e+01
7.048730468750000000e+01
6.953246753246753542e+01
7.099684210526315553e+01
7.051209677419355160e+01
7.049934895833332860e+01
7.032474226804123418e+01
7.071777343750000000e+01
6.996813495782568282e+01
7.026897844423618267e+01
6.948499399759903383e+01
6.911935683364254146e+01
6.959690656565656752e+01
7.003350515463917247e+01
6.953701968134957667e+01
6.970265151515151558e+01
7.001020733652312344e+01
6.976224226804123418e+01
7.000846354166667140e+01
6.940136718750000000e+01
6.951113172541744234e+01
6.973945641986878741e+01
6.950612745098038658e+01
7.022173174872665413e+01
6.914673046251994037e+01
6.864493632504547804e+01
6.958666666666667311e+01
6.936525537634408067e+01
6.938715277777777146e+01
6.912683536394877137e+01
6.895094086021505575e+01
6.986736842105263179e+01
6.917419354838709467e+01
6.866477272727273373e+01
6.838606811145510278e+01
6.914615885416667140e+01
6.934341755319148604e+01
6.912907801418440101e+01
6.839741161616161946e+01
6.916776315789473983e+01
6.900683593750000000e+01
6.897352472089313835e+01
6.915614035087719458e+01
7.076626275510204778e+01
7.027708333333333712e+01
6.911243556701030855e+01
6.859472656250000000e+01
6.902755376344086358e+01
6.942512733446520201e+01
6.970912280701755037e+01
6.877654569892473546e+01
6.931649484536082184e+01
6.888254310344827047e+01
6.943263157894736537e+01
6.893971631205673134e+01
6.969405722670579451e+01
6.847876588021777877e+01
6.912733446519524705e+01
6.886816406250000000e+01
7.021935483870967687e+01
6.831928441479684011e+01
6.918784722222221717e+01
6.905131578947369064e+01
6.902967171717172334e+01
6.896488595438175651e+01
6.911825348696179105e+01
6.858975136446331078e+01
6.876578282828282340e+01
6.950140350877192930e+01
6.898902560691719543e+01
6.940364583333332860e+01
6.923256578947368212e+01
6.972782258064516725e+01
7.002291666666666003e+01
6.975907258064516725e+01
6.888952020202020776e+01
7.049097222222222570e+01
7.001243279569892763e+01
6.962059369202226833e+01
6.868617343844753975e+01
6.928645833333332860e+01
6.929066575154426744e+01
6.888313802083332860e+01
6.935181451612903913e+01
6.976468590831917993e+01
6.941494845360824684e+01
6.896813495782568282e+01
6.974771929824561312e+01
7.026350877192982125e+01
6.943764549384768259e+01
6.993264604810995877e+01
6.929638157894736139e+01
6.937264784946236773e+01
6.889192708333332860e+01
6.900604838709676869e+01
6.864605263157895365e+01
6.892381606039808162e+01
6.919791666666667140e+01
6.895119617224879960e+01
6.875886524822695378e+01
6.898289473684209838e+01
6.910599226804123418e+01
6.930493421052631220e+01
7.069619845360824684e+01
7.048422939068100845e+01
7.006382978723404165e+01
6.991241134751773245e+01
6.978370118845501224e+01
6.956767542401064475e+01
6.937960526315789878e+01
6.855437312936481931e+01
6.955144312393888129e+01
6.834890463917525949e+01
6.892069632495164910e+01
6.966868279569892763e+01
6.914919354838710319e+01
6.947395833333332860e+01
6.946994906621392829e+01
6.918682795698924792e+01
6.852006578947369064e+01
6.893036750483558706e+01
6.879787234042552768e+01
7.044947368421053113e+01
6.985290404040404155e+01
6.919690402476780378e+01
6.916905901116427913e+01
6.977291666666666003e+01
6.947916666666667140e+01
6.944020618556700697e+01
7.016099290780141473e+01
6.991701388888888857e+01
7.001824561403508085e+01
7.024414062500000000e+01
6.998353494623655990e+01
7.051627604166667140e+01
7.017785904255319451e+01
7.038879456706281701e+01
6.983971631205673702e+01
6.978678385416667140e+01
7.022431941923774446e+01
7.076116152450090624e+01
6.902757352941176805e+01
6.997849462365591933e+01
7.008149405772495300e+01
7.052733520774758347e+01
7.014835858585858830e+01
6.974702886247877132e+01
6.954941660947152116e+01
6.923190789473683537e+01
6.965127334465195474e+01
6.943453947368421098e+01
6.978982374459594951e+01
6.963520933424845794e+01
6.967087719298245929e+01
6.998790322580644840e+01
6.932828947368420813e+01
7.011239388794567162e+01
6.922748655913979121e+01
6.993508771929825230e+01
6.972325976230899869e+01
6.959117147707979711e+01
6.937346192218157626e+01
6.942978723404254993e+01
6.936842105263157521e+01
6.948680555555554861e+01
6.942241086587436882e+01
6.885188802083332860e+01
6.909574468085106957e+01
6.960685483870967971e+01
6.968194444444444002e+01
7.116194865042791662e+01
7.008923969072165505e+01
6.962564432989690033e+01
7.054787234042552768e+01
6.919388440860214473e+01
6.933984375000000000e+01
6.959879032258064058e+01
6.910319010416667140e+01
7.011119293078056103e+01
7.043731293648154690e+01
6.922711370262391029e+01
7.012021683673469852e+01
6.990659169009684604e+01
