6.788810483870967971e+01
6.741371610845294526e+01
6.750030321406913458e+01
6.741389627659575012e+01
6.748318462594372136e+01
6.714702886247877700e+01
6.793837123991195881e+01
6.841929824561402995e+01
6.890736842105263804e+01
6.891386410432394882e+01
6.911756272401433421e+01
6.919042553191489731e+01
6.935651881720430367e+01
7.007617187500000000e+01
7.004543877904960425e+01
6.953754385964911933e+01
6.933582342954159117e+01
6.928723404255319451e+01
6.898404074702885680e+01
6.825614035087718889e+01
6.874899193548387188e+01
6.899528130671505721e+01
6.849333333333333940e+01
6.831684210526316292e+01
6.799894736842105658e+01
6.783293718166383712e+01
6.766451612903226476e+01
6.749618055555555429e+01
6.637408088235294201e+01
6.733947368421053170e+01
6.775857385398981592e+01
6.753671928620453002e+01
6.786573734409391534e+01
6.778471986417656581e+01
6.781615691489361097e+01
6.684342105263158373e+01
6.851368421052632129e+01
6.710492359932088391e+01
6.807318765175165254e+01
6.724210186976144144e+01
6.711068580542264783e+01
6.714986559139785527e+01
6.766472203157172771e+01
6.692664473684210691e+01
6.789288334556125903e+01
6.795367192862045158e+01
6.695214843750000000e+01
6.748226950354609244e+01
6.735998627316403997e+01
6.799413059427732264e+01
6.770212765957447232e+01
6.773616298811545278e+01
6.776596491228070818e+01
6.732522686025407666e+01
6.699671052631579471e+01
6.764468085106382489e+01
6.769732326698695601e+01
6.873044123099739977e+01
6.803500343170898645e+01
6.773777315296565860e+01
6.846594982078852354e+01
6.838422939068099993e+01
6.857813620071684113e+01
7.008210526315789934e+01
6.908522920203735396e+01
6.825997340425531945e+01
6.880367672563302506e+01
6.871242278654770530e+01
6.812526315789473585e+01
6.732861842105263861e+01
7.001374113475176841e+01
6.751134751773049913e+01
6.792150537634408636e+01
6.786175438596491460e+01
6.812045298558682305e+01
6.983693910256410220e+01
6.762435803374908971e+01
6.838328130419701267e+01
6.828576669112251807e+01
6.898207885304660181e+01
6.820029347028612676e+01
6.878980190755686408e+01
7.004873294346978696e+01
7.059574468085106957e+01
6.883154121863799446e+01
6.812665534804753520e+01
6.830851063829787506e+01
6.954286858974359120e+01
6.771493055555555429e+01
6.975263157894737276e+01
6.950708333333332689e+01
6.640000000000000568e+01
6.878785425101214912e+01
6.733333333333332860e+01
6.763191850594228072e+01
6.819333333333332803e+01
6.838530585106383342e+01
6.823026767330129871e+01
6.849243421052631220e+01
6.886010186757215479e+01
6.863440860215054329e+01
6.753924812030075486e+01
6.811409168081493704e+01
6.815991763898421141e+01
6.901473684210526471e+01
6.861702898550724683e+01
6.788996010638297207e+01
6.774506578947368496e+01
6.878971631205673987e+01
6.815141843971630919e+01
6.803468609087755681e+01
6.813041970169962269e+01
6.756524822695035937e+01
6.693326885880077270e+01
6.810424448217317206e+01
6.788430851063829152e+01
6.751973684210526017e+01
6.866879432624114088e+01
6.841770833333333712e+01
6.833786078098472672e+01
6.865921985815603534e+01
6.784807017543859331e+01
6.840082361015785750e+01
6.846053534660261164e+01
6.828414550446122178e+01
6.815427631578947398e+01
6.776468590831917993e+01
6.793174872665534281e+01
6.872482269503545638e+01
6.798790322580644840e+01
6.714258373205741748e+01
6.738762626262625588e+01
6.721516927083332860e+01
6.726940789473684390e+01
6.696243351063829152e+01
6.693685655456417294e+01
6.626276881720430367e+01
6.718229166666667140e+01
6.660230263157895081e+01
6.676027164685908133e+01
6.656979166666666003e+01
6.635687606112054482e+01
6.690427631578947398e+01
6.669440789473684106e+01
6.623089983022070726e+01
6.676027164685908133e+01
6.591578947368421382e+01
6.648867536032943804e+01
6.788263888888889142e+01
6.711511035653650481e+01
6.688960573476703075e+01
6.749894736842105658e+01
6.688944892473118387e+01
6.626315789473683537e+01
6.655361842105263293e+01
6.655789473684210122e+01
6.660569663692518816e+01
6.754040929587235098e+01
6.732669869595058287e+01
6.747406914893616658e+01
6.752549427679500127e+01
6.866630824372759889e+01
6.787101063829787506e+01
6.795802983003815712e+01
6.837371310912834588e+01
6.789095052083332860e+01
6.828256578947367927e+01
6.775559210526316178e+01
6.877568058076225554e+01
6.741156914893616658e+01
6.834229390681004190e+01
6.837624113475177978e+01
6.744802631578947683e+01
6.762207130730051574e+01
6.780174731182795256e+01
6.788944892473118387e+01
6.817793964620187808e+01
6.872196007259528017e+01
6.858620689655172953e+01
6.895340501792114196e+01
6.840658244680851396e+01
6.868716397849462396e+01
6.834350877192981955e+01
6.887611530542210403e+01
6.870274020117932423e+01
6.833976063829787506e+01
6.808870967741935942e+01
6.907562724014337618e+01
6.851475634866163489e+01
6.844989704873026426e+01
6.778519736842105203e+01
6.855309139784945671e+01
6.908602150537635112e+01
6.922150537634408352e+01
6.874468085106383342e+01
6.837063172043011150e+01
6.875604838709676869e+01
6.885851063829787222e+01
6.908750857927248035e+01
6.863262411347517400e+01
6.868317819148936110e+01
6.868771448181193762e+01
6.930919698009608965e+01
6.850559210526316178e+01
6.878804347826087451e+01
6.788047559449312018e+01
6.881170212765957217e+01
6.818661116892126017e+01
6.840296052631579471e+01
6.824957555178268365e+01
6.918840082361015220e+01
6.924623655913978837e+01
6.755386996904024954e+01
6.870031217481789554e+01
6.899474053295932663e+01
6.898336162988115916e+01
6.867278063096111396e+01
6.919641577060932036e+01
6.853620071684588311e+01
6.857812500000000000e+01
6.839670555936856999e+01
6.857859649122806900e+01
6.902446808510637766e+01
6.858111702127659726e+01
6.892020373514431242e+01
6.810405585106383342e+01
6.916129032258064058e+01
6.853655913978494141e+01
6.819086021505376038e+01
6.889929078014183972e+01
6.856070175438595982e+01
6.826513157894736139e+01
6.807470288624787713e+01
6.774874843554442805e+01
6.877670250896056814e+01
6.854495538778311925e+01
6.830789473684210122e+01
6.869869595058338518e+01
6.885937500000000000e+01
6.830230263157895365e+01
6.832733446519524989e+01
6.789276315789473415e+01
6.871619766643789262e+01
6.878842105263157691e+01
6.796775265957447232e+01
6.817097288676235678e+01
6.840848896434634696e+01
6.877052631578946773e+01
6.908581560283687395e+01
6.818912280701754014e+01
6.915177304964538507e+01
6.880376344086020879e+01
6.857657045840407761e+01
6.868865248226950371e+01
6.846723259762309510e+01
6.822065888812628032e+01
6.915744680851064174e+01
6.838675721561969567e+01
6.832733446519524989e+01
6.797801418439716770e+01
6.861666666666666003e+01
6.870909757887014280e+01
6.791866849691146513e+01
6.804097222222222285e+01
6.718368055555555429e+01
6.755040322580644840e+01
6.736395534290271314e+01
6.845500848896435286e+01
6.823884694577900234e+01
6.839021852237253540e+01
6.836594982078852922e+01
6.840807017543859558e+01
6.799135638297872219e+01
6.801982526881720048e+01
6.817634408602150131e+01
6.781347656250000000e+01
6.830140350877192645e+01
6.875234131113423075e+01
6.767137096774193594e+01
6.761402925531915287e+01
6.794131777625257484e+01
6.691511035653650197e+01
6.688459058671824664e+01
6.649739583333332860e+01
6.688057652711050594e+01
6.670131578947368212e+01
6.706247877758913489e+01
6.682459677419355160e+01
6.706682180851063890e+01
6.620312500000000000e+01
6.687508771929825002e+01
6.705065789473684390e+01
6.779049601109954892e+01
6.720035460992907872e+01
6.719694397283531373e+01
6.661018675721561522e+01
6.685037748798902157e+01
6.616217105263157805e+01
6.650865874363327634e+01
6.638811544991510516e+01
6.578539898132427766e+01
6.596682615629984525e+01
6.662457103637611056e+01
6.633568548387096087e+01
6.698845500848896961e+01
6.621295103092784018e+01
6.731423611111111427e+01
6.680937500000000284e+01
6.696666666666666856e+01
6.666842105263157237e+01
6.669949066213922606e+01
6.739305555555554861e+01
6.718811544991511653e+01
6.760947368421052772e+01
6.737395833333333428e+01
6.700672043010752077e+01
6.764350877192983091e+01
6.792241379310344485e+01
6.689711375212223743e+01
6.756210526315788911e+01
6.738280701754385404e+01
6.700679117147707586e+01
6.758923611111110574e+01
6.737029569892473546e+01
6.782258064516129537e+01
6.761221688400823382e+01
6.805628002745366700e+01
6.744040747028861915e+01
6.800099734042552768e+01
6.810968451944241053e+01
6.765888812628689664e+01
6.776105263157894854e+01
6.800496453900709071e+01
6.788912280701754298e+01
6.821597096188747855e+01
6.812978723404255277e+01
6.776807017543859502e+01
6.751677631578947114e+01
6.769711375212223459e+01
6.704244482173174902e+01
6.728345916266300719e+01
6.815192982456140669e+01
6.811377037807838519e+01
6.768050789293067737e+01
6.787824561403509449e+01
6.840027748872701352e+01
6.751052631578947683e+01
6.797780090183836421e+01
6.840253946465340107e+01
6.845750953867499788e+01
6.851304049416609132e+01
6.838936170212765830e+01
6.830176899063475560e+01
6.780373514431239812e+01
6.799347975291695434e+01
6.811964912280701867e+01
6.828002745367193427e+01
6.809206989247311981e+01
6.740860215053763227e+01
6.774057724957555138e+01
6.795483870967741780e+01
6.729473684210526585e+01
6.791626630061770697e+01
6.799017543859649493e+01
6.818546099290780660e+01
6.828652482269502855e+01
6.830526315789474268e+01
6.718918010752688019e+01
6.723151881720430367e+01
6.800456140350877376e+01
6.705383623468729581e+01
6.862251201098146680e+01
6.796293754289635558e+01
6.817759278529310052e+01
6.803091755319148604e+01
6.791832532601235073e+01
6.731355661881977426e+01
6.761089619600258516e+01
6.709276315789473699e+01
6.866415770609319225e+01
6.770953947368421666e+01
6.789677419354838150e+01
6.805985663082437043e+01
6.832695035460993438e+01
6.788435140700069326e+01
6.783758865248226755e+01
6.725463280713795200e+01
6.684520123839008932e+01
6.750398890045092060e+01
6.837059891107078613e+01
6.789704873026767018e+01
6.794645390070921565e+01
6.728014184397163433e+01
6.816129032258064058e+01
6.817412417620533915e+01
6.851063829787234738e+01
6.807526881720430367e+01
6.823173896922506287e+01
6.748017473118279952e+01
6.820907441016333905e+01
6.822580645161289681e+01
6.755328947368421666e+01
6.811028368794326582e+01
6.772008324661810263e+01
6.879050797182054566e+01
6.826035087719297678e+01
6.755382003395585855e+01
6.765187087307410252e+01
6.785317018909900355e+01
6.728662634408601662e+01
6.780390070921986023e+01
6.778680555555555998e+01
6.781297185998627697e+01
6.785709219858155450e+01
6.751429521276595835e+01
6.815340501792114480e+01
6.850635208711433677e+01
6.725496453900709071e+01
6.775345622119816369e+01
6.707640067911714254e+01
6.717317487266554110e+01
6.760947368421052772e+01
6.769263157894737049e+01
6.740665751544268858e+01
6.736043557168784446e+01
6.730131578947369064e+01
6.717375886524823159e+01
6.728865248226949802e+01
6.697555178268251552e+01
6.688368794326241584e+01
6.654279891304348382e+01
6.645230263157894512e+01
6.666522606382979177e+01
6.642993421052631220e+01
6.644855687606111871e+01
6.630220713073005356e+01
6.623017408123790517e+01
6.796940104166667140e+01
6.650944010416667140e+01
6.703059210526315326e+01
6.706074124914206891e+01
6.623533204384268913e+01
6.719928315412185782e+01
6.712631578947367927e+01
6.764175438596491574e+01
6.697406914893616658e+01
6.725017158544955009e+01
6.717758913412563970e+01
6.711502659574468055e+01
6.696225120109814100e+01
6.647330729166667140e+01
6.639173967459323933e+01
6.694648613797549785e+01
6.693960192175703128e+01
6.678405103668261233e+01
6.720203735144312418e+01
6.717652925531915287e+01
6.730917553191488878e+01
6.732708983697537519e+01
6.714694148936170848e+01
6.707719298245613970e+01
6.742733263961152090e+01
6.744710371141172800e+01
6.671708776595744439e+01
6.698098471986418190e+01
6.783975026014567788e+01
6.711050102951269025e+01
6.761496225120109216e+01
6.733459162663005770e+01
6.764278438030559926e+01
6.754495538778311925e+01
6.749691146190802726e+01
6.718857758620688969e+01
6.761564859299930674e+01
6.711037234042552768e+01
6.719647606382979177e+01
6.729587765957447232e+01
6.785992907801418994e+01
6.791816638370119108e+01
6.776240027748872308e+01
6.731117627891821087e+01
6.775246179966043769e+01
6.821595744680851681e+01
6.931610219845514109e+01
6.773695720087472694e+01
6.816489361702127781e+01
6.858268251273344163e+01
6.801130319148936110e+01
6.791921542553191671e+01
6.727968074492849837e+01
6.792597623089983472e+01
6.756854838709676869e+01
6.806078098471986948e+01
6.714494680851063890e+01
6.829203843514069661e+01
6.710771276595744439e+01
6.733198924731182444e+01
6.906983704689058357e+01
6.838015955601804308e+01
6.774078014184397034e+01
6.732795698924731198e+01
6.661118421052631788e+01
6.666015625000000000e+01
6.729013157894736707e+01
6.685248655913979121e+01
6.662730263157894228e+01
6.636837121212121815e+01
6.650015948963317669e+01
6.667944587628865349e+01
