6.160890151515151558e+01
5.906162587412587328e+01
5.767173524150268094e+01
5.770999115826702308e+01
5.733954545454545126e+01
5.501989389920424145e+01
5.465915119363395291e+01
5.367285587975243288e+01
5.161793103448275843e+01
5.047908045977011682e+01
5.230229591836734926e+01
5.193865546218487594e+01
0.000000000000000000e+00
4.788845315904139710e+01
4.729728506787330389e+01
4.502910052910053196e+01
4.428571428571428470e+01
4.481547619047618980e+01
4.322298534798535030e+01
4.398672161172161310e+01
4.366557223264540255e+01
4.349765478424014731e+01
4.537534754402224024e+01
4.942140151515151558e+01
5.020199742268041376e+01
5.115369897959183731e+01
5.122274289284598581e+01
5.021818181818181870e+01
5.077018229166666430e+01
5.006250000000000000e+01
5.020540364583333570e+01
3.978591288229842604e+01
4.985221354166666430e+01
4.748937074829932214e+01
4.720987654320987303e+01
4.484305923961096596e+01
4.500465116279070088e+01
4.462760180995475423e+01
4.606648817492190773e+01
4.501204819277108271e+01
4.504931836407377688e+01
0.000000000000000000e+00
0.000000000000000000e+00
5.262169059011164052e+01
5.279671052631579187e+01
5.179720744680851396e+01
5.244255050505050519e+01
4.582729411764705674e+01
5.355139019056544925e+01
5.046251993620414567e+01
5.108040364583333570e+01
5.048028673835125346e+01
4.989190051020408134e+01
5.009938090583251835e+01
4.618190476190476090e+01
5.021239220696263317e+01
0.000000000000000000e+00
0.000000000000000000e+00
0.000000000000000000e+00
0.000000000000000000e+00
0.000000000000000000e+00
0.000000000000000000e+00
0.000000000000000000e+00
0.000000000000000000e+00
0.000000000000000000e+00
0.000000000000000000e+00
0.000000000000000000e+00
0.000000000000000000e+00
0.000000000000000000e+00
5.384235294117647186e+01
5.710869565217391397e+01
5.530942528735631925e+01
5.361379310344827331e+01
5.201744186046511942e+01
5.446714285714286063e+01
5.377365853658536565e+01
5.508745421245421170e+01
5.503078982597055102e+01
5.498007414272474591e+01
0.000000000000000000e+00
5.524029982363315838e+01
5.500440917107583516e+01
5.418681318681318970e+01
5.518605664488017482e+01
5.692380952380952408e+01
5.484749552772808556e+01
5.535420393559928698e+01
0.000000000000000000e+00
0.000000000000000000e+00
5.546535947712418135e+01
0.000000000000000000e+00
5.390546802594995057e+01
5.438416289592760222e+01
5.447089947089946804e+01
5.341428571428571104e+01
5.665568760611205334e+01
5.608828522920203596e+01
5.411710843373494129e+01
5.368315018315018250e+01
5.402518315018315320e+01
5.439468864468864240e+01
5.424954212454212410e+01
5.470751341681574331e+01
5.561135957066189661e+01
5.496108597285067532e+01
5.485851648351648180e+01
5.646546052631578760e+01
5.716282894736841769e+01
0.000000000000000000e+00
0.000000000000000000e+00
4.809953488372092778e+01
4.915473032714412227e+01
5.829886148007589952e+01
5.726897689768976818e+01
5.462978927203064927e+01
5.489302325581395081e+01
5.407441860465116434e+01
5.348371647509578253e+01
5.415627906976744299e+01
5.383908045977011625e+01
5.402538314176245393e+01
5.368643678160919563e+01
5.444873563218391155e+01
5.339545454545454817e+01
5.318850574712643464e+01
5.296965517241379473e+01
5.394429708222811826e+01
5.448231653404067032e+01
5.505287356321839098e+01
5.525110521662245588e+01
5.444886363636363313e+01
5.244643678160919364e+01
5.313767441860465368e+01
5.335720930232557890e+01
5.488590889740314793e+01
5.372689655172413836e+01
5.419586206896551772e+01
5.330571705426356743e+01
5.393647058823529505e+01
5.111670588235293877e+01
5.228941176470588204e+01
5.219551282051281760e+01
5.270546737213403787e+01
5.121703296703296360e+01
4.949281045751634167e+01
4.931023965141611853e+01
4.941975308641975317e+01
4.993899782135076038e+01
4.968518518518518334e+01
4.771611721611721890e+01
4.587058823529411455e+01
5.108138020833333570e+01
4.995753785385122114e+01
4.869049773755656219e+01
4.838959276018099587e+01
4.896511627906976827e+01
4.788325791855203306e+01
4.856440071556350802e+01
4.883899821109123707e+01
4.779624542124542330e+01
4.740934065934065700e+01
4.775152941176470733e+01
4.786380090497737427e+01
5.010199999999999676e+01
4.773183447376995758e+01
4.852336769759450164e+01
4.972949218750000000e+01
4.444941176470588573e+01
4.491811764705882126e+01
4.561428571428571388e+01
5.010405827263267753e+01
4.964818840579710013e+01
4.901509951956074218e+01
4.773507206588881502e+01
5.012771929824561568e+01
4.973298611111111001e+01
5.067010309278350633e+01
5.057938144329897057e+01
5.052395833333333286e+01
5.156239817530140357e+01
5.092891156462584945e+01
5.042891156462584945e+01
4.978197278911564894e+01
4.756321839080460023e+01
4.955532646048109768e+01
5.102356902356902424e+01
5.082380952380952266e+01
4.994217687074829826e+01
4.968367346938775597e+01
5.032517006802721227e+01
4.984529295589203457e+01
5.062047399605003051e+01
5.039507815098104260e+01
4.990391952826916366e+01
4.667853658536585471e+01
4.708333333333333570e+01
5.084848484848485128e+01
5.047891156462585371e+01
4.761734939759035967e+01
5.078419243986254372e+01
4.998969072164948102e+01
5.032027491408934594e+01
5.092396313364055516e+01
5.056102427668773203e+01
5.047640067911714823e+01
5.098521505376344010e+01
5.059007092198581290e+01
4.637303921568627629e+01
5.249587912087912400e+01
5.005631868131867890e+01
5.107670588235293962e+01
5.165490196078431495e+01
5.068280542986425274e+01
5.625205566097406518e+01
5.420169436298468213e+01
5.306608072916666430e+01
5.185438829787234027e+01
4.892235294117647015e+01
4.742476190476190823e+01
4.727156862745098209e+01
5.202027925531914576e+01
5.244901315789473983e+01
4.772235294117646731e+01
5.240361842105263435e+01
5.129872311827956821e+01
5.140120967741935232e+01
4.628658823529411848e+01
4.583333333333333570e+01
4.432688492063491736e+01
4.358333333333333570e+01
0.000000000000000000e+00
0.000000000000000000e+00
0.000000000000000000e+00
0.000000000000000000e+00
4.366319444444444287e+01
4.343211267605633452e+01
4.309944444444444400e+01
0.000000000000000000e+00
0.000000000000000000e+00
0.000000000000000000e+00
0.000000000000000000e+00
0.000000000000000000e+00
0.000000000000000000e+00
0.000000000000000000e+00
0.000000000000000000e+00
0.000000000000000000e+00
0.000000000000000000e+00
0.000000000000000000e+00
0.000000000000000000e+00
0.000000000000000000e+00
0.000000000000000000e+00
0.000000000000000000e+00
0.000000000000000000e+00
5.514980158730158877e+01
5.391858237547892685e+01
5.595299145299145493e+01
5.935288367546431942e+01
5.464317602040816269e+01
5.252018229166666430e+01
5.246069587628866060e+01
4.854115646258503602e+01
4.891855670103092990e+01
4.955859117840685002e+01
4.955723905723905887e+01
5.027370478983382185e+01
4.988934707903779753e+01
4.959489795918367605e+01
4.901848560255954368e+01
4.937021276595744723e+01
4.909175257731958908e+01
4.883938172043010439e+01
4.868472906403940925e+01
4.983740632127729242e+01
5.043021398914085296e+01
4.908150470219435846e+01
4.875257731958762975e+01
4.942053872053872254e+01
5.012186379928315461e+01
4.991599999999999682e+01
4.901612903225806406e+01
4.768576388888888573e+01
4.969670768207515721e+01
4.934236111111111001e+01
4.952278911564626185e+01
5.018564845292955567e+01
4.695590277777777999e+01
4.839409722222222143e+01
4.940204081632653299e+01
4.910841370136348871e+01
4.652517006802720800e+01
4.732933333333333081e+01
4.863440860215053618e+01
4.804201388888888857e+01
4.867908214166943992e+01
4.707268292682926614e+01
4.813208828522920157e+01
4.853552631578947540e+01
4.851243279569892763e+01
4.907778532608695343e+01
4.989903846153845990e+01
4.995770895770895947e+01
5.003820816864295296e+01
5.010782967032967150e+01
5.091886608015640547e+01
5.066842105263157947e+01
5.048014322916666430e+01
5.304370015948963157e+01
5.591104594330401056e+01
5.291447963800904830e+01
4.992283950617284205e+01
5.061236702127659726e+01
4.085560975609756440e+01
4.445731707317073500e+01
4.481472795497185757e+01
4.499603174603174693e+01
4.485989010989010950e+01
4.450066934404284069e+01
4.032432432432432279e+01
4.415245597775718522e+01
4.420342910101945932e+01
4.602885292047853483e+01
4.445294540229885172e+01
4.494557823129251517e+01
3.923146666666666960e+01
4.540033670033670177e+01
3.939135135135135357e+01
4.486733333333333462e+01
4.443188137164040796e+01
4.391844300278035007e+01
4.305738831615120432e+01
4.431742354031510445e+01
4.368005354752342839e+01
4.437304774654172235e+01
4.478350970017636712e+01
4.406070435588507905e+01
4.389540337711069640e+01
4.361133422579205643e+01
4.412583668005354554e+01
4.476984126984127244e+01
4.390778498609824254e+01
3.782305194805194759e+01
4.439550264550264558e+01
4.469449225473321974e+01
4.489500860585197728e+01
4.538137755102040671e+01
4.479302925989672701e+01
