4.395993031358884906e+01
4.400137174211248237e+01
4.397858099062918313e+01
4.413183421516755089e+01
4.383177153056671216e+01
4.390447504302925807e+01
4.410441767068272867e+01
4.382113821138211307e+01
4.369555749128920041e+01
4.417626059794734772e+01
4.337579042457091560e+01
4.391011743450767568e+01
4.349799196787148503e+01
4.410263275323516297e+01
4.404016064257027807e+01
4.341975308641975317e+01
4.441578483245150011e+01
4.459948979591836604e+01
4.391878625613565390e+01
4.395091477019187920e+01
4.400087145969499147e+01
4.393209876543210157e+01
4.383043284248103788e+01
4.282344763670064935e+01
4.281378986866791791e+01
4.344308943089431096e+01
4.331707317073171026e+01
4.288742964352720577e+01
4.355534709193246101e+01
4.369968763944667245e+01
4.397161172161172260e+01
4.297822057460611944e+01
4.319105691056910246e+01
4.320437304774654308e+01
4.324319500223114687e+01
4.328048780487804947e+01
4.353726015171798025e+01
4.348995983935743226e+01
4.371680216802167962e+01
4.392547969656403239e+01
4.405808950086058218e+01
4.443418116912092586e+01
4.315619136960600599e+01
4.399683830171635179e+01
4.296763602251407121e+01
4.316440831074977069e+01
4.375680499776885313e+01
4.365015618027666022e+01
4.362070504239179058e+01
4.359705488621150948e+01
4.387684069611780302e+01
4.391655510932619677e+01
4.397010263275323183e+01
4.318261718750000000e+01
4.370872420262664093e+01
4.343327154772937604e+01
4.376874435411021125e+01
4.421642124051762579e+01
4.408950617283950635e+01
4.358287545787545980e+01
4.393708165997322368e+01
4.410714285714285410e+01
4.572884114583333570e+01
4.543001302083333570e+01
4.496509308510638192e+01
4.663651315789473983e+01
4.543178763440860024e+01
4.556459330143540853e+01
4.590921052631578902e+01
4.618826563507414562e+01
4.648703457446808329e+01
4.462873641304347672e+01
4.527819293478260931e+01
4.617674731182795966e+01
4.538929521276595835e+01
4.573353494623655990e+01
4.641688829787234027e+01
4.465135223199739301e+01
4.523756720430107237e+01
4.587096774193548043e+01
4.538642473118279241e+01
4.569314194577352595e+01
4.541688829787234027e+01
4.555029013539651572e+01
4.524046052631578618e+01
4.523936170212765973e+01
4.552192134107027499e+01
4.537362991618310559e+01
4.525886524822695378e+01
4.598038563829787506e+01
4.494162679425837581e+01
4.519581117021276384e+01
4.531204739960500660e+01
4.606411082474226504e+01
4.565347522447622453e+01
4.686263020833333570e+01
4.382146248812915701e+01
4.350137362637362770e+01
4.779820179820179504e+01
4.703330003330002995e+01
4.789503105590062404e+01
4.309844322344322620e+01
4.741367980884110267e+01
4.533964686998395166e+01
