0.000000000000000000e+00
0.000000000000000000e+00
0.000000000000000000e+00
0.000000000000000000e+00
0.000000000000000000e+00
0.000000000000000000e+00
0.000000000000000000e+00
0.000000000000000000e+00
0.000000000000000000e+00
0.000000000000000000e+00
0.000000000000000000e+00
0.000000000000000000e+00
0.000000000000000000e+00
0.000000000000000000e+00
0.000000000000000000e+00
0.000000000000000000e+00
0.000000000000000000e+00
0.000000000000000000e+00
0.000000000000000000e+00
0.000000000000000000e+00
0.000000000000000000e+00
0.000000000000000000e+00
0.000000000000000000e+00
0.000000000000000000e+00
0.000000000000000000e+00
0.000000000000000000e+00
4.990590111642742954e+01
5.009912536443148667e+01
5.020598118279569633e+01
5.015745692216280105e+01
4.994062499999999716e+01
4.995408163265306456e+01
4.992238713667285310e+01
4.900086580086580312e+01
4.894227405247813323e+01
4.808950617283950635e+01
4.784139941690962416e+01
4.753323529411764525e+01
4.880372148859543557e+01
4.935504201680672054e+01
4.972582972582972616e+01
4.957571428571428385e+01
4.964001122334455829e+01
4.962685714285714056e+01
4.957322929171668591e+01
4.970352941176470551e+01
5.014555822328931356e+01
5.006464646464646506e+01
4.990612002376708034e+01
5.006268568033274136e+01
5.001269841269841265e+01
5.007813428401663458e+01
5.001544860368390033e+01
4.991705882352940904e+01
4.997900874635568158e+01
4.989264069264068979e+01
4.999399759903961638e+01
5.005194805194805241e+01
5.019327731092437261e+01
5.022828282828282909e+01
5.038116458704693912e+01
5.065800865800866148e+01
5.053984287317620527e+01
5.044417767106843087e+01
5.051230492196878430e+01
5.043997599039615665e+01
5.053654188948306825e+01
5.058313325330131960e+01
5.054591836734693544e+01
5.048039215686274161e+01
5.051370262390670263e+01
5.057142857142856940e+01
5.063874034462269691e+01
5.061443001443001322e+01
5.060721500721500377e+01
5.047478991596638309e+01
5.054010695187165680e+01
5.051140456182473315e+01
5.051752822341057936e+01
5.044794117647058584e+01
5.044382352941176606e+01
5.067371428571428282e+01
5.071568627450980671e+01
5.084050939963614013e+01
5.069147659063625611e+01
5.047742857142856820e+01
5.059273709483793624e+01
5.056752701080431933e+01
5.042008318478906403e+01
5.050870348139255839e+01
5.054664289958407863e+01
5.057201166180757923e+01
5.060160427807486627e+01
5.051901366607248889e+01
5.063220439691028218e+01
5.064319667260843971e+01
5.068007202881152296e+01
5.071218487394958174e+01
5.069271137026239415e+01
5.083823529411764497e+01
5.061378490790255569e+01
5.069737609329445860e+01
5.075000000000000000e+01
5.064555822328931356e+01
5.082389322916666430e+01
5.061705288175876660e+01
5.051515151515151558e+01
5.082798833819241935e+01
4.886592970521542156e+01
4.732262731481481666e+01
4.700289351851851904e+01
4.697719298245613828e+01
4.697695590327169413e+01
4.686603009259259522e+01
4.682380952380952266e+01
4.674017857142857224e+01
4.669353383458646789e+01
4.686994047619047876e+01
4.682616541353383610e+01
4.679590643274853790e+01
4.681547619047618980e+01
4.687586805555555713e+01
4.678035714285714164e+01
4.673596792668957534e+01
4.693757159221076591e+01
4.699181286549707437e+01
4.689824561403509051e+01
4.689780405405405617e+01
4.697514619883040865e+01
4.703351800554016648e+01
4.711258865248226613e+01
4.702424073558093909e+01
4.704444444444444429e+01
4.691948198198198128e+01
4.691174768518518334e+01
4.684684684684684441e+01
4.687172619047618838e+01
4.682674253200568870e+01
4.676858108108108070e+01
4.703849624060150347e+01
4.695789473684210691e+01
4.692574679943101046e+01
4.678586466165413782e+01
4.674941520467836398e+01
4.681146572104018588e+01
4.665906432748538180e+01
4.698273809523809774e+01
4.685654761904761756e+01
4.689756944444444287e+01
4.673697916666666430e+01
4.713185024416711855e+01
4.717285318559557084e+01
4.694097222222222143e+01
4.715761772853185363e+01
4.695078236130867566e+01
4.696907216494845017e+01
4.666646616541353154e+01
4.732003494467093674e+01
4.695618776671408057e+01
4.694517543859649322e+01
4.672640382317801766e+01
4.699210526315789593e+01
4.688831018518518334e+01
4.678015037593984715e+01
4.705029239766081872e+01
4.697563909774436297e+01
4.701507675438596578e+01
4.693684210526316036e+01
4.705349099099099419e+01
4.698466165413533702e+01
4.680535714285714022e+01
4.685754504504504325e+01
4.680815972222222143e+01
4.766608996539792287e+01
4.732839912280702066e+01
4.737698523265533623e+01
4.738264580369843770e+01
4.767666195190947320e+01
4.708668730650154544e+01
4.719397522522522337e+01
4.762038073908174596e+01
4.729181286549707863e+01
4.702045112781954828e+01
4.696785714285714164e+01
4.696696428571428328e+01
4.724812030075187863e+01
4.806128293241695104e+01
4.804037800687284943e+01
4.784403153153153454e+01
4.829869044302034098e+01
4.747591145833333570e+01
4.832085932085932001e+01
4.838142414860681129e+01
