5.297215909090908781e+01
5.283934108527131457e+01
5.098305588585017745e+01
5.161106083459024774e+01
5.175359799092050395e+01
5.206898573382841278e+01
5.137656529516994652e+01
5.183090264091446642e+01
5.177847851793456613e+01
5.186884115096570724e+01
5.242025193798449578e+01
5.250421455938697335e+01
5.293609456083029130e+01
5.225455426356589328e+01
5.261321839080459739e+01
5.257963875205254567e+01
5.230590167101323118e+01
5.313745606535574950e+01
5.292452107279693507e+01
5.241727035641842747e+01
5.309204980842911681e+01
5.301284651791750946e+01
5.270494837327099447e+01
5.228330705557745262e+01
5.098486367281475395e+01
5.099488773055333013e+01
4.935130434782608688e+01
4.887867007672634401e+01
4.880900167084377728e+01
4.835201238390092726e+01
4.819191102123357240e+01
4.820639834881320951e+01
4.875055611729019489e+01
4.825913043478260533e+01
4.833616368286445208e+01
4.823877237851662159e+01
4.816946410515672738e+01
4.869513184584178589e+01
4.784944920440636196e+01
4.943322578106555198e+01
4.799049544994944227e+01
4.924709302325581461e+01
5.231059654631083333e+01
5.372764963063470844e+01
5.589007724301841762e+01
5.615635036496350097e+01
5.326457111436950242e+01
5.332699999999999818e+01
5.555133423790140057e+01
