0.000000000000000000e+00
0.000000000000000000e+00
0.000000000000000000e+00
0.000000000000000000e+00
0.000000000000000000e+00
0.000000000000000000e+00
0.000000000000000000e+00
0.000000000000000000e+00
0.000000000000000000e+00
0.000000000000000000e+00
0.000000000000000000e+00
0.000000000000000000e+00
0.000000000000000000e+00
0.000000000000000000e+00
0.000000000000000000e+00
0.000000000000000000e+00
0.000000000000000000e+00
0.000000000000000000e+00
0.000000000000000000e+00
0.000000000000000000e+00
0.000000000000000000e+00
0.000000000000000000e+00
0.000000000000000000e+00
0.000000000000000000e+00
0.000000000000000000e+00
0.000000000000000000e+00
0.000000000000000000e+00
0.000000000000000000e+00
0.000000000000000000e+00
0.000000000000000000e+00
0.000000000000000000e+00
0.000000000000000000e+00
0.000000000000000000e+00
0.000000000000000000e+00
0.000000000000000000e+00
0.000000000000000000e+00
0.000000000000000000e+00
4.669966996699670148e+01
4.641121212121212380e+01
4.709250000000000114e+01
4.703767876787679114e+01
4.639878987898789831e+01
4.610529411764705543e+01
4.561867043847242087e+01
4.482322929171668591e+01
4.467313523347483084e+01
4.428686868686868650e+01
4.416559766763848671e+01
4.424386724386724268e+01
4.519087785067166863e+01
4.626713159490600447e+01
4.790633284241531697e+01
4.827757352941176805e+01
4.851845238095238244e+01
4.858914493632504872e+01
4.898514251061249070e+01
4.897291666666666998e+01
4.901121892055791562e+01
4.897062461348175333e+01
4.937204366282595203e+01
4.935744297719087825e+01
4.932427366447984696e+01
4.927040816326530859e+01
4.957944208611279890e+01
4.970044191919191690e+01
4.958394607843137436e+01
4.944570707070707272e+01
4.935644531250000000e+01
4.922032828282828376e+01
4.935263796240145240e+01
4.944699754901960631e+01
4.934712009803921262e+01
4.951440576230492496e+01
4.950526315789473841e+01
4.954987373737373701e+01
4.934117647058823763e+01
4.946245306633291960e+01
4.952631578947368496e+01
4.972351190476190652e+01
4.966911764705882604e+01
4.971309523809523512e+01
5.038293650793650613e+01
5.014223314223314532e+01
4.894883578431372229e+01
4.718862612612612395e+01
4.699103009259259522e+01
4.686941580756013792e+01
4.679581901489117968e+01
4.677709668431317880e+01
4.672479954180985118e+01
4.672569444444444287e+01
4.670982142857143060e+01
4.665565476190476346e+01
4.676421052631579300e+01
4.678225563909774110e+01
4.664421052631578846e+01
4.698363095238094900e+01
4.694824561403508767e+01
4.665984405458089412e+01
4.676063829787234027e+01
4.669894736842105232e+01
4.684608819345661601e+01
4.700781954887217751e+01
4.700511278195488529e+01
4.686948529411764497e+01
4.666977443609022203e+01
4.681624060150375755e+01
4.688604766633564935e+01
4.704365325077399262e+01
4.697732843137254832e+01
4.698154761904761756e+01
4.681489361702127638e+01
4.689473684210526017e+01
4.688691729323308266e+01
4.694285714285714306e+01
4.685775075987842087e+01
4.708358662613981949e+01
4.724042553191489446e+01
4.695866261398176533e+01
4.711519756838905693e+01
4.726096491228069851e+01
4.717112462006078744e+01
4.711199763593380396e+01
4.673245614035087669e+01
4.701632553606237508e+01
4.700025025025025371e+01
4.682734874569601402e+01
4.707316513761468002e+01
4.708214461387112948e+01
4.681338481338481472e+01
4.678828828828828534e+01
4.700844091360476540e+01
4.665016418287446243e+01
4.675905150433452206e+01
4.655817610062893408e+01
4.663499582056282833e+01
4.665625000000000000e+01
4.675143184421534670e+01
4.674348253812100040e+01
4.688847117794486508e+01
4.667957648370019541e+01
4.706216739235607349e+01
4.680154639175258069e+01
4.665795918367346928e+01
4.726023166023166056e+01
4.831926514399205530e+01
4.833066239316239177e+01
4.856660997732426210e+01
4.870274914089347362e+01
4.905476190476190368e+01
4.915978835978835804e+01
4.885022909507445377e+01
4.892727779325717563e+01
4.891223181944831566e+01
4.909306213429924526e+01
4.933645890788747579e+01
4.930961331901181666e+01
4.949755832881172068e+01
4.944385622736137975e+01
4.933023648648648418e+01
4.946773303916160813e+01
4.924462217319360491e+01
4.913599537037037379e+01
4.923668981481481666e+01
4.913660714285714448e+01
4.938599537037037379e+01
4.933825231481481666e+01
4.928327546296296191e+01
4.940010741138560491e+01
4.916156462585033893e+01
4.928722794959908526e+01
4.911941580756013792e+01
4.910910652920961894e+01
4.915034364261168065e+01
4.935681557846505996e+01
4.943004418262150068e+01
4.943215664644235829e+01
4.933480419194705036e+01
4.948204264870931723e+01
4.927027027027027373e+01
4.945606575963719109e+01
4.944472789115646094e+01
4.935774410774411081e+01
4.938030888030888121e+01
5.014432989690721598e+01
5.023052691867124508e+01
4.993785796105383668e+01
5.013578792341679247e+01
5.018041237113401820e+01
5.004810996563573866e+01
5.015178571428571530e+01
5.061521315129562737e+01
5.034278350515464240e+01
5.042396942396942450e+01
5.023222222222221944e+01
5.034997242140099161e+01
5.018645918645918869e+01
5.007198014340871595e+01
5.032502863688430494e+01
5.033460972017672930e+01
5.035509736540664250e+01
5.014702380952380878e+01
5.024270986745213463e+01
4.999729891956782524e+01
5.034475439660400298e+01
5.053656462585033893e+01
5.065213549337260446e+01
5.061531664212076720e+01
5.058018327605956443e+01
5.033854166666666430e+01
5.044644902634593109e+01
5.034268707482993221e+01
5.048286430760657595e+01
5.040901360544217624e+01
5.046031746031746223e+01
5.041184807256235700e+01
5.054988662131519561e+01
5.024198250728863258e+01
5.050177450177449856e+01
