4.997596899224806322e+01
4.902764107611548638e+01
5.016883720930232471e+01
5.255162790697674069e+01
5.339906660338554190e+01
5.335084956485702179e+01
5.347326978864484204e+01
5.336530008790857238e+01
5.345892307692307810e+01
5.378445723684210833e+01
5.327039473684210691e+01
5.353750000000000142e+01
5.371603812681309620e+01
5.356282894736842337e+01
5.360145997375327909e+01
5.357340494791666430e+01
5.387418546365914551e+01
5.363429276315789451e+01
5.354983552631578902e+01
5.394627906976744214e+01
5.391376923076923333e+01
5.403421815049721744e+01
5.397103223174214293e+01
5.402802002583979402e+01
5.435117894056847376e+01
5.426507692307692565e+01
5.413233901515151558e+01
5.412457521757148982e+01
5.421305361305361004e+01
5.427117327117326795e+01
5.447995337995337906e+01
5.448246153846153561e+01
5.457307221542227893e+01
5.481717557251908346e+01
5.532948224219084210e+01
5.535113393239195290e+01
5.554123711340206171e+01
5.687081939799330854e+01
6.063128076530138344e+01
5.968771498771499040e+01
6.007199163449163137e+01
6.068176020408163396e+01
6.117758298839380160e+01
6.131218671679197740e+01
6.328916857360793102e+01
6.488436308161708155e+01
6.566423872180450871e+01
6.616397976924292834e+01
6.683605295566502491e+01
6.715892207997471530e+01
6.753493788819875476e+01
6.775185712027817431e+01
6.679485907926274990e+01
6.413233376792699403e+01
6.413219241443108842e+01
6.426324417601379935e+01
6.503573643410852867e+01
6.489446153846154175e+01
6.425032894736841627e+01
6.499332013854527190e+01
6.416957364341085679e+01
6.401550823623945519e+01
6.386687022900763111e+01
6.379755201958383992e+01
6.397709923664122300e+01
6.392845117845117642e+01
6.372154605263158089e+01
6.378595419847328429e+01
6.381313131313131493e+01
6.423206854345164629e+01
6.429696969696969688e+01
6.427343941248470571e+01
6.414217936945209431e+01
6.385434543454345402e+01
6.376888020833333570e+01
6.382468927420592308e+01
6.396536796536796743e+01
6.397191959490562851e+01
6.386754765702134051e+01
6.396190995482162123e+01
6.382048143614851199e+01
6.380253664464191132e+01
6.366398836853382193e+01
6.360307621671258005e+01
6.389498549523414539e+01
6.394888059701492722e+01
6.419478216818642125e+01
6.388904193449648261e+01
6.386751879699247780e+01
6.380571428571428783e+01
6.368427480916030703e+01
6.388624560227843574e+01
6.408308004052685192e+01
6.379075757575757422e+01
6.375939393939393796e+01
5.360518648018648236e+01
5.366565533980582359e+01
5.464882425742574412e+01
5.339502427184466171e+01
5.360700992555831590e+01
5.333413461538461320e+01
5.318990384615384670e+01
5.321454326923076650e+01
5.279116586538461320e+01
5.327956030897207285e+01
5.290114182692308020e+01
5.304356971153845990e+01
5.320763221153845990e+01
5.291887019230769340e+01
5.356163577522800523e+01
5.317277644230769340e+01
5.487407178217821979e+01
5.351923076923076650e+01
5.358623798076923350e+01
5.334803921568627771e+01
5.344178921568627771e+01
5.297146219476316276e+01
5.376351752822341012e+01
5.350767303476354186e+01
5.362329174093879658e+01
5.433839342188488075e+01
5.459566250742721394e+01
5.334957107843137436e+01
5.308161407766990436e+01
5.336468446601941906e+01
5.324150485436893376e+01
5.494749474947494861e+01
5.423422330097087496e+01
5.386274509803921262e+01
5.463757575757576035e+01
5.415991599159915637e+01
5.433290322580645437e+01
5.471121212121212096e+01
5.462939393939394250e+01
5.445544554455445763e+01
5.465818181818181642e+01
5.464603960396039639e+01
5.413811995386389953e+01
5.494730118173107769e+01
5.558143939393939092e+01
5.497221335036729783e+01
5.564483870967742263e+01
5.565464895635673770e+01
5.477322580645161310e+01
5.526290322580645409e+01
5.541797385620915151e+01
5.483954248366013218e+01
5.443706514864010160e+01
5.440354035403540678e+01
5.445730198019801804e+01
5.430043316831682887e+01
5.457383578431372229e+01
5.436687500000000028e+01
5.479733910891089010e+01
5.394791666666666430e+01
5.384012813046010137e+01
5.418108419838523560e+01
5.337283415841584144e+01
5.349089805825242649e+01
5.331815306767868634e+01
5.296007665282657229e+01
5.258250825082508584e+01
5.235983910891089010e+01
5.180175383651738485e+01
5.203864580006387541e+01
5.192003676470588402e+01
5.115412621359223522e+01
5.211625874125873992e+01
5.205558894230769340e+01
5.103683897801544589e+01
5.188051948051948159e+01
5.184313725490196134e+01
5.065925461948011588e+01
5.084747886000626238e+01
5.157342657342657333e+01
5.310861650485436769e+01
5.408707524271844846e+01
5.402154126213591923e+01
5.268526852685268835e+01
5.304620462046204921e+01
5.342244224422442045e+01
5.582626262626262559e+01
5.667709677419355074e+01
5.655718749999999773e+01
5.531204088150750664e+01
5.458044554455445763e+01
5.475216584158415856e+01
5.479619726678550506e+01
5.495955882352941302e+01
5.444652406417112189e+01
5.582848930054295522e+01
5.609591584158415856e+01
5.604663046949855953e+01
5.510324754901960631e+01
5.422532253225322307e+01
5.414521452145214653e+01
5.395989304812834320e+01
5.370792079207920722e+01
5.481770833333333570e+01
5.412806372549019329e+01
5.369337871287128650e+01
5.351608009708737512e+01
5.365533088235294201e+01
5.358787878787878611e+01
5.335024752475247567e+01
5.348607673267326845e+01
5.373406862745098067e+01
5.498806451612902890e+01
5.427784653465346310e+01
5.430916640051101751e+01
5.449504950495049371e+01
5.454755475547554511e+01
5.441104110411041006e+01
5.397812499999999858e+01
5.391830065359476976e+01
5.266390931372549034e+01
5.326670792079207928e+01
5.391149114911490869e+01
5.408354838709677637e+01
5.294730392156862564e+01
5.368666666666666742e+01
5.404625000000000057e+01
5.409358032577451070e+01
5.342251739405439537e+01
5.428999999999999915e+01
5.489325495049504866e+01
5.407230392156862564e+01
5.346624662466246747e+01
5.382536764705882604e+01
5.369243053337591931e+01
5.347339108910890815e+01
5.417191719171917441e+01
5.424593749999999659e+01
5.407939393939393824e+01
5.451133823059725358e+01
5.425625000000000142e+01
5.469332107843137436e+01
5.516738861386138382e+01
5.520251225490196134e+01
5.460456045604560416e+01
5.431372549019607732e+01
5.464656465646564953e+01
5.382026143790849915e+01
5.401620162016201476e+01
5.456875000000000142e+01
5.450838709677419303e+01
5.435858585858586167e+01
5.392562499999999659e+01
5.338829471182412334e+01
5.340017825311942801e+01
5.370373774509803866e+01
5.401264705882353212e+01
5.427787990196078738e+01
5.469090346534653690e+01
5.399233471734270040e+01
5.403217821782178021e+01
5.434499999999999886e+01
5.440176470588234992e+01
5.484531249999999858e+01
5.488499999999999801e+01
5.541030867792661496e+01
5.609957107843137436e+01
5.523093750000000313e+01
5.489225589225588919e+01
5.388235294117647101e+01
5.431683168316831711e+01
5.443419354838709978e+01
5.492843750000000114e+01
5.453969696969696912e+01
5.370807080708070913e+01
5.403281249999999858e+01
5.433168316831682887e+01
5.411397058823529704e+01
5.386242424242423965e+01
5.409090909090909349e+01
5.456906250000000114e+01
5.367800245098039369e+01
5.359477124183006680e+01
5.443719362745098067e+01
5.444074407440744068e+01
5.443719059405940897e+01
5.497437500000000199e+01
5.536540841584158557e+01
5.497796231236026898e+01
5.478454545454545155e+01
5.485125000000000028e+01
5.415894236482471769e+01
5.431215063253898023e+01
5.477753712871287206e+01
5.465748762376237835e+01
5.408106435643564680e+01
5.421538918597742196e+01
5.472493811881188464e+01
5.569059405940593876e+01
5.426794554455445763e+01
5.369459298871063879e+01
5.444344434443444669e+01
5.436138613861385949e+01
5.412596553773024510e+01
5.448886138613861618e+01
5.333571004159239237e+01
5.450405040504050191e+01
5.444832920792079278e+01
5.399699969996999727e+01
5.386768676867686878e+01
5.402011138613861618e+01
5.391479147914791525e+01
5.568732034493771721e+01
5.480677099968061583e+01
5.423700495049504866e+01
5.396256188118811536e+01
5.368504901960784537e+01
5.387408088235294201e+01
5.389152435167615351e+01
5.405693069306930454e+01
5.409558823529411598e+01
5.462933168316831711e+01
5.407545454545454788e+01
5.367922794117647101e+01
5.371537990196078738e+01
5.442151515151515184e+01
5.426732673267326845e+01
5.362224264705882604e+01
5.338357843137254832e+01
5.363006300630063095e+01
5.375337533753375396e+01
5.390377475247525041e+01
5.393069306930693330e+01
5.378223410576351426e+01
5.486999999999999744e+01
5.487488748874887534e+01
5.451641414141413833e+01
5.469436298468556856e+01
5.348276886512180539e+01
5.423906250000000284e+01
5.458985898589858721e+01
5.450255025502550410e+01
5.411090909090908951e+01
5.370707070707070585e+01
5.377875000000000227e+01
5.322524752475247567e+01
5.423267326732673155e+01
5.400091911764705799e+01
5.372877287728773155e+01
5.406570657065706342e+01
5.412391239123912356e+01
5.409600960096009459e+01
5.413541666666666430e+01
5.431451612903225623e+01
5.457642326732673155e+01
5.503125000000000000e+01
5.485088508850885347e+01
5.475212121212121019e+01
5.458415841584158557e+01
5.440242424242424590e+01
5.407575757575757791e+01
5.377760922330097060e+01
5.370710784313725839e+01
5.432070153460695394e+01
5.404022277227722526e+01
5.432650029708852912e+01
5.386172403648131990e+01
5.432267275842375653e+01
5.462556255625562329e+01
5.500711633663366484e+01
5.455505550555055549e+01
5.493780637254901933e+01
5.519756387403446496e+01
5.460519801980198196e+01
5.455941770647653044e+01
5.455139631610219908e+01
5.430946601941747787e+01
5.526409313725490335e+01
5.519616336633663423e+01
5.498139813981398305e+01
5.471767176717671788e+01
5.575666666666666771e+01
5.500937499999999858e+01
5.564612903225806662e+01
5.582468750000000313e+01
5.586774193548387046e+01
5.521242124212421487e+01
5.482479443390259632e+01
5.548909090909091191e+01
5.544464446444644778e+01
5.598212121212121417e+01
5.563126312631263204e+01
5.508615567439096594e+01
5.495741421568627771e+01
5.543660172468860026e+01
5.588937500000000114e+01
5.467585784313725839e+01
5.446727272727272862e+01
5.492450495049504866e+01
5.522222222222222143e+01
5.495741935483871288e+01
5.505781249999999716e+01
5.407409773235387718e+01
5.459982174688057199e+01
5.484998499849984910e+01
5.606064356435643248e+01
5.541032258064516469e+01
5.464522058823529704e+01
5.498452970297029907e+01
5.640792079207921006e+01
5.747684445863941249e+01
5.504105392156862564e+01
5.454615138933247920e+01
5.580357713190674218e+01
5.472937499999999744e+01
5.452718749999999659e+01
5.479537953795379224e+01
5.435055693069306670e+01
