0.000000000000000000e+00
0.000000000000000000e+00
5.658828417116743026e+01
4.398089430894309260e+01
4.435261044176706946e+01
4.544162858329870858e+01
4.694578313253011714e+01
4.613511187607573305e+01
4.869671790610718887e+01
4.990518707482993221e+01
5.049308344489067224e+01
5.203697478991596626e+01
5.321512605042016730e+01
5.287899159663865589e+01
5.200740740740740620e+01
5.142533936651583559e+01
5.093086080586080300e+01
5.217706093189963923e+01
4.913297634984382256e+01
5.013873626373626280e+01
5.103382761816497037e+01
5.073717090584560196e+01
5.115009380863039468e+01
5.103799814643188171e+01
5.108389112003570176e+01
5.080442637759711033e+01
5.162433862433862686e+01
5.136728395061728492e+01
5.148058902275769810e+01
5.114182475158084884e+01
5.081074977416440674e+01
5.109078590785907892e+01
5.010185185185185475e+01
4.899814643188137353e+01
5.006492912665752471e+01
4.945134383688600366e+01
4.925422138836773200e+01
4.976135310472660223e+01
5.119918699186991518e+01
5.126242095754290773e+01
5.058717253839205341e+01
4.947126969416125775e+01
5.073351400180668236e+01
5.044805781391147548e+01
5.071951219512195053e+01
5.131593038821954167e+01
5.060569105691057246e+01
5.060840108401084336e+01
5.051490514905149354e+01
5.043179765130984293e+01
5.106865401987353437e+01
5.037262872628726029e+01
5.057407407407407618e+01
5.042231255645889831e+01
5.034567901234567699e+01
4.983173296753543724e+01
5.014543812104787435e+01
5.029442508710801718e+01
5.038663053297199923e+01
5.031369924141008454e+01
5.088066202090592327e+01
5.049593495934959009e+01
5.061445783132530352e+01
5.042411924119241462e+01
5.072944896115627955e+01
5.058130081300812719e+01
5.057518964747880119e+01
5.070370370370370239e+01
5.084595524956970536e+01
5.068011257035647077e+01
5.112306368330465034e+01
5.052664859981933176e+01
5.080313588850174256e+01
5.109595524956970536e+01
5.089927732610659206e+01
5.142340791738381967e+01
5.078268630075859136e+01
5.124854975457385109e+01
5.077308362369338113e+01
5.084712543554007169e+01
5.106368563685636985e+01
5.089468987059348848e+01
5.103884372177055440e+01
5.061933797909407673e+01
5.051785714285714590e+01
5.044425087108013628e+01
5.081481481481481666e+01
5.107496653279785903e+01
5.100045167118337730e+01
5.108046471600688676e+01
5.101942186088527365e+01
5.107139669790272052e+01
5.120149911816578481e+01
5.146973803071364273e+01
5.147442680776013901e+01
5.132495590828924037e+01
5.156672845227062396e+01
5.131369924141008454e+01
5.062231367169638929e+01
5.089285714285714590e+01
5.094556001784917498e+01
5.136055332440874821e+01
5.121273712737127681e+01
5.122045028142589018e+01
5.165729585006693725e+01
5.111562782294489438e+01
5.182791327913279389e+01
5.161111111111111427e+01
5.189295392953929564e+01
5.182249322493225208e+01
5.154823959762231311e+01
5.193430335097001915e+01
5.158893461362597321e+01
5.158847736625514102e+01
5.159427767354596739e+01
5.126566072245084627e+01
5.074256973022404793e+01
5.140424570912375657e+01
5.165718157181571968e+01
5.148915989159891637e+01
