5.908318521151795011e+01
5.950385802469136109e+01
5.760721649484536044e+01
5.790089790488859478e+01
5.835979381443299019e+01
5.833264604810996445e+01
5.855570335882939759e+01
5.850201612903225623e+01
5.917508417508417295e+01
5.876015473887814267e+01
5.945173611111111001e+01
5.890721649484535760e+01
6.021875000000000000e+01
5.877894736842105061e+01
5.923891129032258362e+01
5.800562324273664672e+01
5.748241358399029366e+01
5.791228070175438347e+01
5.802217741935483986e+01
5.726662277814351398e+01
5.723238973008558617e+01
5.715114795918367463e+01
5.796701030927835063e+01
5.721538978494623962e+01
5.882962275819418352e+01
5.835120274914089578e+01
5.774160292650482518e+01
5.852008531816566261e+01
5.795809777186564560e+01
5.834139784946236773e+01
5.838512179065174479e+01
5.822068298969072231e+01
5.855601374570446893e+01
5.883923611111111285e+01
5.862936827956989561e+01
5.846301020408163396e+01
5.861656135683405466e+01
5.925312499999999716e+01
5.865374149659864145e+01
5.924031283327408204e+01
5.997322083639031831e+01
5.942264647794601728e+01
5.973420698924731198e+01
5.962886247877759160e+01
5.962454273362155277e+01
5.930220713073005356e+01
5.924842035251080574e+01
5.934115646258503318e+01
5.853911564625850161e+01
5.901063144329896915e+01
5.879215164615896327e+01
5.871865646824077345e+01
5.897106750914532824e+01
5.867291666666666572e+01
5.820540364583333570e+01
5.853009644163618219e+01
5.877255154639175316e+01
5.846810567010309256e+01
5.819201388888888715e+01
5.854574742268041376e+01
5.871433322248087450e+01
5.843230240549828380e+01
5.893648154306617926e+01
5.885729166666666856e+01
5.887861656135683575e+01
5.893298245614035125e+01
5.837011884550084773e+01
5.837279680744928356e+01
5.850739247311827995e+01
5.937113402061855538e+01
5.968819444444444144e+01
5.872336769759450448e+01
5.802797893350889069e+01
5.808165322580644840e+01
5.828737113402061709e+01
5.769271699368140816e+01
5.798536747588958917e+01
5.815207373271889679e+01
5.820306122448979380e+01
5.798295454545454675e+01
5.844604810996563771e+01
5.916284722222222570e+01
5.903673469387754835e+01
5.848118622448979664e+01
5.871099407504937773e+01
5.840433673469387799e+01
5.885072065888812887e+01
5.803611876339149234e+01
5.852146464646464352e+01
5.796300287356321945e+01
5.661881510416666430e+01
5.707409793814432675e+01
5.670315398886827296e+01
5.699355670103092564e+01
5.731998697916666430e+01
5.709307359307359064e+01
5.793245967741935232e+01
5.746774193548387188e+01
5.727894736842105061e+01
5.752943132690388950e+01
5.778217492517459419e+01
5.751325757575757791e+01
5.749934167215273106e+01
5.740051020408163396e+01
0.000000000000000000e+00
5.760326678765880359e+01
5.740833333333333144e+01
5.748854166666666998e+01
5.682796717171716949e+01
5.633209647495361594e+01
5.699767209843697913e+01
5.708030913978494425e+01
5.717335526315789451e+01
5.622454896907216693e+01
5.716129032258064768e+01
5.714299966744263060e+01
5.684052835051546282e+01
5.720735677083333570e+01
5.675255102040816269e+01
5.744501718213058439e+01
5.705745967741935232e+01
5.736109282422646771e+01
5.683163265306122724e+01
5.670902906617192230e+01
5.776907216494845443e+01
5.709725765306122724e+01
5.675841924398625338e+01
5.656963575145393008e+01
5.681354359925788344e+01
5.865384615384615330e+01
5.708276311502118006e+01
5.668335459183673208e+01
5.659543892533583431e+01
5.746399478657543369e+01
5.720013166556945094e+01
5.675279789335088765e+01
5.685778061224489477e+01
0.000000000000000000e+00
5.707484848484848783e+01
5.717525773195876582e+01
5.654826616682287010e+01
5.648501275510204067e+01
5.620119720651812401e+01
5.667332474226804351e+01
5.612014483212639959e+01
5.657033588293980841e+01
5.652544063851014045e+01
5.585062748699112234e+01
5.573314780457637596e+01
5.646158962421017691e+01
5.813436426116838618e+01
5.752295918367347127e+01
5.727619047619047876e+01
5.699021464646464352e+01
5.704344963791968581e+01
5.721362738643844636e+01
5.641218305504019526e+01
5.643158861340679522e+01
5.626498724489795933e+01
5.681354359925788344e+01
5.634279336734693544e+01
5.655341291704927897e+01
5.746552835051546282e+01
5.832302405498281672e+01
5.872656250000000000e+01
5.805935645110902499e+01
5.845427336215497149e+01
0.000000000000000000e+00
0.000000000000000000e+00
5.867608912537412635e+01
5.894305464121132587e+01
5.826945153061224403e+01
5.851267779839208316e+01
