0.000000000000000000e+00
0.000000000000000000e+00
0.000000000000000000e+00
0.000000000000000000e+00
0.000000000000000000e+00
0.000000000000000000e+00
0.000000000000000000e+00
0.000000000000000000e+00
0.000000000000000000e+00
0.000000000000000000e+00
0.000000000000000000e+00
0.000000000000000000e+00
0.000000000000000000e+00
0.000000000000000000e+00
0.000000000000000000e+00
0.000000000000000000e+00
0.000000000000000000e+00
0.000000000000000000e+00
0.000000000000000000e+00
0.000000000000000000e+00
0.000000000000000000e+00
0.000000000000000000e+00
0.000000000000000000e+00
0.000000000000000000e+00
0.000000000000000000e+00
5.010381593714927106e+01
4.970407040704070312e+01
5.081382656155245314e+01
5.096334776334776251e+01
5.200784313725490193e+01
5.210264810264810365e+01
5.171318447634237003e+01
5.193386243386243706e+01
5.089225422045679892e+01
5.052159880834160788e+01
4.979591836734693544e+01
4.934405940594059103e+01
4.959815789473684333e+01
4.958289473684210691e+01
4.958405405405405730e+01
4.964100464100464194e+01
4.934621621621621301e+01
4.930134680134680281e+01
4.940294840294840384e+01
4.936909636909636845e+01
4.937611111111110773e+01
4.938847938847938934e+01
4.956647556647556740e+01
4.936531986531986860e+01
4.943424036281179212e+01
4.927055555555555344e+01
4.926984126984127244e+01
4.926757369614512783e+01
4.940702947845804971e+01
4.933416666666666828e+01
4.936117936117936011e+01
4.925841750841750866e+01
4.926027027027026861e+01
4.916219336219336355e+01
4.932837837837838180e+01
4.932967621086432786e+01
4.992343966712898862e+01
4.994727080021197452e+01
4.987281399046104724e+01
5.035588558855885566e+01
5.080869104398516356e+01
5.029180695847362159e+01
4.923870281765018575e+01
4.914108082257293120e+01
4.917040816326530717e+01
4.989789789789789864e+01
4.999693540782649848e+01
5.010865410865410752e+01
4.958019801980198338e+01
4.941141141141141446e+01
4.926999726999726903e+01
4.906671982987772651e+01
4.893405405405405162e+01
4.917936893203883386e+01
4.999622926093514508e+01
4.979351351351351695e+01
4.971868836291913141e+01
4.835930171964565005e+01
4.829921968787515141e+01
4.825684210526316065e+01
4.849499389499389679e+01
4.820479416362688596e+01
4.832927138867732708e+01
4.841205128205128005e+01
4.841076923076923322e+01
4.839967239967239720e+01
4.853748006379585433e+01
4.854948717948717984e+01
4.854974358974359205e+01
4.838526315789473387e+01
4.848210526315789792e+01
4.874048983845752758e+01
4.885224676313784897e+01
4.882250435648494147e+01
4.880864864864864927e+01
4.887621621621621415e+01
4.878843147472642272e+01
4.878184210526315923e+01
4.899056094929881056e+01
4.892499999999999716e+01
4.892185007974481437e+01
4.889810810810811148e+01
4.901243970550900997e+01
4.912187500000000284e+01
4.914347165991902955e+01
4.892921052631579215e+01
4.898410630536737642e+01
4.897552631578947313e+01
4.898289473684210549e+01
4.896025641025641306e+01
4.915263157894737134e+01
4.922973684210526102e+01
4.913605263157894854e+01
4.921842105263157663e+01
4.911842105263158231e+01
