9.844824218750000000e+01
9.985161290322581351e+01
9.932817869415806911e+01
9.740112464854732366e+01
9.882119845360824684e+01
9.776587961423345519e+01
9.747537878787878185e+01
9.816978092783504906e+01
9.920182291666667140e+01
9.857324218750000000e+01
9.893170103092784018e+01
1.001809027777777743e+02
9.882828608247422153e+01
9.801780693533271460e+01
9.786694587628865349e+01
9.682827067669173005e+01
9.918531928900593186e+01
9.842108585858585457e+01
9.918421052631579471e+01
1.031116536458333286e+02
1.008485331632653015e+02
9.967525773195876582e+01
9.996262886597938291e+01
9.999021464646465063e+01
9.939934210526315894e+01
9.997604166666666003e+01
9.824742268041237025e+01
1.027877155172413808e+02
9.939940139674094155e+01
9.903125000000000000e+01
9.903225806451612812e+01
9.980347222222222570e+01
9.886632653061224119e+01
9.758481724461105955e+01
9.932680412371134082e+01
1.021375718390804650e+02
9.882796717171717660e+01
9.947888260724974430e+01
9.804974489795918657e+01
9.992083333333333428e+01
9.921907552083332860e+01
9.937938144329896772e+01
9.857323232323231821e+01
9.900390625000000000e+01
1.003769759450171790e+02
1.047904647435897374e+02
9.940838044562687514e+01
1.001354166666666714e+02
9.958696375124708311e+01
9.999059139784945671e+01
1.016090744101633447e+02
1.003103448275862064e+02
9.958929165281010398e+01
9.865689432989690033e+01
9.887878787878787534e+01
9.874001288659793829e+01
1.000814432989690772e+02
1.005920138888888857e+02
9.842580443611370811e+01
9.979284793814433385e+01
9.947719298245614539e+01
9.882119845360824684e+01
9.743402777777777146e+01
9.999871134020618513e+01
9.829526003949966650e+01
1.004173387096774235e+02
1.002447916666666714e+02
9.859690656565656752e+01
9.979915364583332860e+01
9.911207183239108076e+01
1.008199869791666714e+02
1.005888888888888886e+02
1.011020618556701010e+02
1.012674164323648824e+02
1.031865530303030312e+02
1.036179123711340253e+02
1.002329896907216522e+02
1.016868556701030997e+02
1.016481854838709609e+02
1.020282673761223862e+02
1.006194078947368382e+02
1.013642361111111114e+02
1.005492912371134082e+02
1.016098790322580641e+02
1.006793619791666714e+02
1.009788411458333286e+02
1.005573453608247405e+02
1.004861469072164937e+02
1.004072164948453576e+02
9.991992187500000000e+01
1.006985887096774235e+02
1.005386597938144320e+02
1.021698729582577130e+02
9.941720360824741931e+01
1.008334430546412079e+02
1.004661726804123703e+02
1.012173174872665555e+02
1.001902228134353123e+02
1.003078947368421012e+02
9.951512096774193594e+01
1.005510752688172005e+02
9.951041666666667140e+01
9.870160791589363214e+01
9.977560137457044220e+01
9.987928167608912133e+01
9.951269531250000000e+01
9.986863984037246667e+01
9.917525773195876582e+01
1.011096115865701108e+02
1.033096005154639130e+02
1.012449494949494948e+02
1.002355973317161926e+02
1.035463709677419359e+02
1.016830808080808026e+02
1.031832391087462639e+02
1.024845430107526880e+02
1.029089983022071237e+02
1.047843920145190566e+02
1.019796938456732249e+02
1.016035539215686327e+02
1.016218305504019810e+02
1.030947164948453576e+02
1.022609250398724043e+02
1.026085858585858546e+02
1.020571696344892274e+02
9.982798833819242645e+01
1.032610677083333286e+02
1.033770161290322562e+02
1.024134868421052573e+02
1.008317550505050519e+02
1.028533106960950789e+02
1.032645161290322591e+02
1.014529671717171766e+02
1.007447672602311712e+02
1.027888157894736878e+02
1.023108723958333286e+02
1.004365335051546424e+02
1.011119047619047677e+02
1.007197164948453576e+02
1.012438151041666714e+02
1.029562499999999972e+02
1.009570312500000000e+02
1.016088285229202057e+02
1.015130208333333286e+02
9.997904888593282635e+01
1.009760558696375057e+02
1.025898437500000000e+02
1.031149193548387046e+02
1.027468085106383029e+02
9.953645833333332860e+01
9.895782567947516384e+01
1.008502604166666714e+02
9.886160714285713880e+01
9.888807397959183731e+01
9.863434278350516138e+01
9.993186306780776818e+01
9.942954159592530061e+01
9.909247448979591866e+01
9.875096649484535760e+01
9.859627535749916660e+01
9.898711340206185127e+01
9.819108072916667140e+01
1.011509810442301358e+02
1.018990940331146504e+02
9.980476804123711076e+01
9.852241161616161946e+01
9.854229797979797922e+01
9.744240196078430927e+01
9.887836021505376038e+01
9.985567010309277691e+01
1.007587365591397912e+02
1.008111979166666714e+02
1.014875290987695422e+02
1.018178763440860166e+02
1.025769489247311839e+02
1.031327674023769134e+02
1.024648437500000000e+02
1.018323567708333286e+02
1.026682942708333286e+02
1.041789473684210492e+02
1.011799437675726381e+02
1.028914650537634401e+02
1.013436426116838476e+02
1.033235887096774235e+02
1.019709728867623539e+02
1.030981044230129697e+02
1.019803056027164700e+02
1.041329531812725122e+02
1.051096774193548384e+02
1.025580312603924114e+02
1.022000000000000028e+02
1.020621710526315837e+02
1.016602822580645125e+02
1.018427835051546424e+02
1.010398026315789508e+02
1.015849609375000000e+02
1.023974060525440706e+02
1.007937500000000028e+02
1.022473118279569917e+02
1.007212121212121190e+02
1.023188844086021447e+02
1.019200268817204318e+02
1.019283854166666714e+02
1.002815789473684163e+02
1.006532333645735662e+02
1.011297348484848442e+02
1.018528645833333286e+02
1.013286082474226788e+02
1.011849226804123703e+02
1.013878289473684191e+02
1.017187500000000000e+02
1.009938788659793829e+02
1.017207031250000000e+02
1.014954861111111057e+02
1.018673096109078813e+02
1.011688311688311757e+02
1.024411764705882320e+02
1.007738206810371793e+02
1.006941580756013792e+02
1.022140350877192958e+02
1.009903558363817808e+02
1.022177419354838719e+02
1.018138888888888829e+02
1.007318548387096797e+02
1.006330645161290391e+02
1.001330229464582686e+02
1.011191850594227475e+02
1.006528101097439247e+02
1.006418010752688161e+02
1.010850134408602088e+02
9.884082031250000000e+01
1.010149305555555515e+02
9.952474226804123703e+01
9.953613281250000000e+01
9.817432052483599136e+01
9.823046225473893855e+01
9.758290816326530148e+01
1.033024691358024683e+02
1.029075049374588531e+02
1.029840425531914860e+02
1.015714770797962672e+02
1.001843174008122475e+02
1.015234452943132624e+02
1.024838709677419359e+02
9.996842783505154273e+01
1.015345052083333286e+02
9.972623697916667140e+01
1.023084677419354875e+02
1.051604810996563515e+02
1.029824982841455068e+02
1.028543859649122822e+02
1.018162988115449963e+02
1.007136994949494948e+02
1.014031897926634826e+02
1.020903225806451644e+02
1.018261718750000000e+02
1.017721354166666714e+02
1.031891447368421098e+02
1.006445312500000000e+02
9.976985677083332860e+01
9.974774484536082753e+01
1.007439308280678461e+02
9.967385192127460414e+01
1.012002688172043037e+02
1.011303763440860166e+02
1.005577956989247355e+02
9.860006313131313505e+01
9.968322368421053170e+01
1.003371816638370149e+02
9.855342902711323916e+01
1.024355670103092848e+02
1.013089457931493200e+02
1.004114046391752595e+02
1.010006510416666714e+02
9.999869791666667140e+01
1.005799342105263179e+02
1.002805779569892479e+02
1.008894489247311839e+02
1.012580645161290391e+02
1.002601018675721605e+02
9.925547680412371676e+01
1.009552631578947341e+02
1.011555921052631533e+02
1.012842105263157890e+02
1.001626794258373252e+02
1.004980867346938709e+02
1.024129704301075208e+02
1.022458333333333371e+02
1.017220052083333286e+02
1.018398026315789480e+02
1.021576321915530485e+02
1.009438131313131350e+02
1.023033189033189103e+02
1.013058223289315691e+02
1.001905743740795316e+02
1.005325478645066255e+02
1.008428308823529420e+02
1.020426136363636402e+02
1.000203321878579601e+02
1.029119025304592299e+02
1.024152752009894840e+02
1.036717105263157919e+02
1.050164705882352933e+02
1.017264537264537267e+02
1.029524658348187813e+02
1.036437847866419304e+02
1.022605042016806749e+02
1.061890109890109954e+02
1.073491758241758305e+02
1.070676567656765741e+02
1.044766226622662231e+02
1.046434202546998193e+02
1.038378631677600765e+02
1.066696914700544454e+02
1.048905886265380758e+02
1.031440266828380885e+02
1.031903994845360870e+02
1.011784256559766817e+02
1.035360824742268022e+02
1.013060567010309256e+02
1.012656250000000000e+02
1.003904671717171766e+02
1.003977272727272663e+02
1.018457236842105260e+02
9.970038659793814873e+01
1.000781250000000000e+02
1.012607421875000000e+02
1.002967139175257785e+02
1.030860180412371108e+02
1.014883207070707130e+02
1.006796875000000000e+02
1.024413036248752888e+02
1.009273989898989896e+02
1.009882812500000000e+02
1.010146484375000000e+02
1.016154605263157862e+02
1.007880859375000000e+02
1.007899865591397912e+02
9.895578231292516591e+01
9.948848684210526017e+01
1.001377990430622020e+02
1.017257107154014335e+02
1.022779947916666714e+02
1.000625000000000000e+02
1.004462519936204217e+02
1.008218427835051614e+02
1.016971137521222346e+02
1.007336215497173271e+02
1.004043367346938709e+02
1.009453125000000000e+02
1.016313844086021447e+02
1.013518862090290611e+02
1.019007352941176521e+02
1.000597238895558263e+02
1.034371929824561391e+02
1.027808446957100159e+02
1.025526315789473699e+02
1.003079044117647101e+02
1.017111742424242493e+02
1.015232739768822228e+02
1.033969439728353166e+02
1.013412917049280679e+02
1.023160438144329873e+02
1.030970297029703033e+02
1.028056320783593520e+02
1.029534505208333286e+02
1.012076822916666714e+02
1.007818943298969003e+02
1.009151315789473671e+02
1.008960127591706595e+02
9.952875695732838324e+01
1.015013157894736793e+02
1.031804123711340253e+02
1.020037488284910978e+02
1.021060857998004678e+02
1.013953947368421069e+02
9.985606060606060908e+01
9.974632927210247146e+01
1.009354838709677438e+02
9.984199134199134562e+01
1.004378221649484573e+02
1.008047485160887220e+02
1.000272108843537353e+02
1.011498655913978553e+02
1.015980263157894683e+02
1.036859056122448948e+02
1.045807291666666714e+02
1.023203125000000000e+02
1.012315789473684191e+02
1.014397321428571388e+02
1.016978092783505190e+02
1.002517963136519796e+02
1.026728515625000000e+02
1.018512027491408958e+02
1.010109536082474193e+02
1.019843803056027127e+02
1.016145833333333286e+02
1.010431115276476106e+02
1.019068839374792219e+02
1.017587628865979354e+02
1.006938456732271163e+02
1.011234217171717233e+02
1.003330241187384075e+02
1.019680744928500218e+02
1.010509215870040549e+02
1.014042763157894740e+02
1.002784688995215276e+02
1.027083333333333286e+02
1.012905927835051614e+02
1.017679036458333286e+02
1.018053385416666714e+02
1.006073365231259942e+02
1.022908771929824496e+02
1.022721649484536073e+02
1.026628472222222257e+02
1.000359848484848442e+02
9.983658854166667140e+01
1.043963647959183731e+02
1.034195563886285498e+02
1.008112244897959187e+02
1.030615231127369498e+02
1.017470703125000000e+02
1.031100169779286944e+02
1.025240829346092539e+02
1.023416821273964104e+02
1.014595959595959584e+02
1.022141927083333286e+02
1.010140350877192930e+02
1.029210526315789451e+02
1.006556122448979522e+02
1.036048611111111057e+02
1.035006944444444485e+02
1.025774305555555515e+02
1.006126893939393909e+02
1.014889322916666714e+02
1.014952651515151558e+02
1.017937438905180869e+02
1.027253076155636791e+02
1.025003508771929859e+02
1.023161184210526358e+02
1.022302405498281814e+02
1.018652553763440807e+02
1.010739795918367321e+02
1.004309374999999989e+02
1.018802631578947313e+02
1.008914304123711361e+02
1.011135204081632679e+02
1.011018041237113465e+02
1.020450367647058840e+02
1.058061155913978553e+02
1.012637600494743282e+02
1.030690104166666714e+02
1.015818298969072231e+02
1.021352040816326507e+02
1.012161824429865646e+02
1.016957720588235361e+02
1.010456107466416711e+02
1.024371744791666714e+02
1.021424731182795682e+02
1.012047526041666714e+02
1.012537878787878753e+02
9.985900545785324312e+01
1.022669270833333286e+02
1.016807345360824684e+02
1.022523521505376323e+02
1.017698703026271971e+02
1.014614898989898961e+02
1.032118055555555571e+02
1.011194663432383294e+02
1.026209677419354875e+02
1.016095328282828234e+02
1.006351010101010104e+02
1.003820465686274446e+02
1.015371900826446279e+02
1.025905283505154699e+02
1.019365823180256143e+02
1.022867838541666714e+02
1.002560296846011170e+02
1.024472656250000000e+02
1.018224871134020617e+02
1.010333639424548551e+02
1.024067176587961399e+02
1.018392396907216551e+02
1.017278225806451672e+02
1.022016752577319636e+02
9.980882352941176805e+01
1.024108552631578988e+02
1.031715789473684168e+02
1.026090494791666714e+02
1.023687606112054311e+02
1.017818181818181813e+02
1.005254607935020346e+02
1.015270228053733206e+02
