1.304346005154639272e+02
1.300579896907216551e+02
1.308475765306122582e+02
1.318447580645161281e+02
1.304558634020618513e+02
1.308876953125000000e+02
1.295210871602624252e+02
1.300102040816326507e+02
1.290847247990105018e+02
1.313209178583305743e+02
1.294133083411433915e+02
1.293923773820681049e+02
1.303144329896907152e+02
1.284581564584596833e+02
1.285275924802910765e+02
1.290306122448979522e+02
1.299761424731182728e+02
1.298431056701030855e+02
1.284357186173438379e+02
1.279447779111644650e+02
1.303105670103092848e+02
1.312970430107527022e+02
1.292727272727272805e+02
1.291573902288187981e+02
1.291030927835051614e+02
1.274635568513119495e+02
1.290525664811379158e+02
1.292083333333333428e+02
1.295656887755102105e+02
1.295337752525252597e+02
1.286007497656982252e+02
1.291497395833333428e+02
1.289553264604811034e+02
1.300895182291666572e+02
1.296166822867853909e+02
1.300744928500166395e+02
1.309000651041666572e+02
1.317288659793814531e+02
1.296353092783505190e+02
1.300125644329896772e+02
1.294867912371134082e+02
1.282941536577900195e+02
1.279354741896758725e+02
1.292280537332083838e+02
1.296167929292929273e+02
1.291830808080808026e+02
1.283550636749545220e+02
1.298411458333333428e+02
1.297337372448979522e+02
1.280450180072028843e+02
1.289400123685838082e+02
1.292637117346938851e+02
1.292483598875351447e+02
1.297197066326530717e+02
1.292333645735707535e+02
1.284069627851140467e+02
1.283217101273499168e+02
1.285393157262905106e+02
1.301345715216683061e+02
1.275154639175257785e+02
1.289946338383838338e+02
1.279240058910161935e+02
1.291518275538894045e+02
1.290465561224489761e+02
1.285276476101218464e+02
1.288620902906617118e+02
1.275830806549423926e+02
1.285739022881880089e+02
1.278978168587022424e+02
1.269419734904271024e+02
1.300442301296973824e+02
1.304113402061855709e+02
1.272592939706341753e+02
1.282993016295311008e+02
1.277766447368421012e+02
1.290109536082474335e+02
1.293358585858585741e+02
1.296401417525773070e+02
1.301747448979591866e+02
1.307455936148985813e+02
1.307139175257731836e+02
1.312026209677419217e+02
1.313114919354838719e+02
1.301340206185566899e+02
1.302652994791666572e+02
1.301253188775510239e+02
1.285858585858585741e+02
