1.214009022556390960e+02
1.237777061855670127e+02
1.242669519420671520e+02
1.226288265306122440e+02
0.000000000000000000e+00
0.000000000000000000e+00
0.000000000000000000e+00
1.224079037800687217e+02
1.242396199859254011e+02
1.281616347569955678e+02
1.263108843537414998e+02
1.242912280701754355e+02
1.248506817426005995e+02
1.223699708454810491e+02
1.243352077475788775e+02
1.233238095238095298e+02
1.259925023430178044e+02
1.304202749140893332e+02
1.273505582137161127e+02
1.271502525252525260e+02
1.288348684210526187e+02
0.000000000000000000e+00
1.299537745261057466e+02
1.295817057291666572e+02
1.314239583333333314e+02
1.300709635416666572e+02
1.352573501336387949e+02
1.319604166666666742e+02
1.292802835051546424e+02
1.330408816210451448e+02
1.346573660714285836e+02
1.298138265615524460e+02
1.276850161117078386e+02
1.312521087160262425e+02
1.312306220095693732e+02
1.326651315789473813e+02
1.324436315264383097e+02
1.359360902255639019e+02
1.306423611111111143e+02
1.311103668261563087e+02
1.293209022556391119e+02
1.321628787878787818e+02
1.331170138888888914e+02
1.319257812500000000e+02
1.313378289473684220e+02
1.312744140625000000e+02
