0.000000000000000000e+00
0.000000000000000000e+00
0.000000000000000000e+00
0.000000000000000000e+00
0.000000000000000000e+00
0.000000000000000000e+00
0.000000000000000000e+00
0.000000000000000000e+00
0.000000000000000000e+00
0.000000000000000000e+00
0.000000000000000000e+00
0.000000000000000000e+00
0.000000000000000000e+00
0.000000000000000000e+00
0.000000000000000000e+00
0.000000000000000000e+00
0.000000000000000000e+00
7.346305668016194090e+01
7.422267620020429035e+01
6.889753086419753458e+01
6.908791208791208760e+01
6.687711069418386955e+01
6.984240591397849585e+01
6.622196478220574534e+01
6.643566265060240994e+01
6.528714285714285381e+01
6.478571428571429180e+01
6.362650602409638623e+01
6.218975609756097356e+01
6.104390243902439295e+01
6.467228915662650479e+01
6.609638554216867590e+01
6.677047619047618809e+01
6.533180894308942754e+01
6.568122489959839072e+01
6.649196787148594012e+01
6.633333333333332860e+01
6.421399176954732013e+01
6.381283138918345799e+01
6.397030752916224827e+01
6.875376344086021163e+01
6.221759259259259522e+01
6.856773049645390472e+01
6.842323049001814184e+01
6.915235562310030559e+01
6.876043557168783593e+01
6.798867536032943804e+01
6.118775720164609311e+01
6.845579710144927787e+01
6.321309715512614247e+01
6.279732510288065583e+01
6.876057347670250408e+01
6.395582329317269199e+01
6.262398373983739930e+01
6.236008230452674894e+01
6.886418439716311468e+01
6.821493902439024737e+01
6.269341563786008464e+01
6.898371010638297207e+01
6.836410432395332748e+01
6.299024390243902616e+01
6.336111111111111427e+01
6.962010981468770865e+01
6.893817204301075208e+01
6.931056966369251882e+01
6.356841563786008464e+01
6.774155722326453599e+01
6.774812382739212069e+01
6.562347560975609895e+01
6.763024390243901962e+01
6.256378600823045133e+01
6.923472889498970062e+01
6.897861842105263008e+01
6.896638370118844819e+01
6.879409746053534036e+01
6.909814687714481352e+01
6.269777777777778027e+01
6.281327160493827222e+01
6.358487654320987303e+01
6.953671928620453002e+01
6.916855053191488878e+01
6.954873026767330657e+01
6.563817663817663117e+01
6.531073170731707478e+01
6.352195121951219647e+01
6.319918699186991518e+01
6.946396705559368456e+01
6.985518188057652367e+01
6.957912234042552768e+01
6.975875085792725372e+01
6.992801358234295606e+01
6.977316403568977421e+01
6.936230899830221119e+01
6.996706281833616003e+01
7.019966044142614692e+01
6.376656626506024139e+01
6.326491769547325106e+01
6.329578189300411850e+01
6.986179966044142020e+01
6.979999999999999716e+01
7.019583333333333997e+01
6.981789473684210634e+01
6.598195121951219733e+01
6.340091463414633921e+01
6.373170731707317316e+01
6.599691358024691112e+01
6.990665751544268858e+01
6.961403508771930149e+01
6.986895161290323131e+01
6.954271604938271878e+01
7.001176075268817556e+01
6.992597623089983472e+01
7.028298611111111427e+01
6.998879456706281132e+01
0.000000000000000000e+00
7.016631944444444002e+01
6.975590277777777715e+01
6.346244855967078280e+01
6.996808510638297207e+01
6.992730496453900457e+01
7.010421052631579641e+01
6.970026881720430367e+01
7.041909722222222001e+01
0.000000000000000000e+00
0.000000000000000000e+00
7.004426904598490466e+01
6.313786008230452751e+01
7.029578947368420927e+01
7.070105263157894626e+01
7.048105263157894740e+01
0.000000000000000000e+00
7.026630061770761415e+01
7.025957446808510554e+01
7.056014784946236773e+01
7.064491228070176021e+01
7.050366837857666269e+01
7.066737588652482316e+01
6.716114457831325524e+01
7.079564428312160373e+01
6.703000000000000114e+01
6.999468273661821627e+01
7.049706529713866132e+01
7.098191489361701656e+01
7.082659574468084429e+01
7.092056737588652027e+01
7.085087719298245190e+01
7.054731182795698885e+01
6.677783132530120724e+01
6.345326086956522005e+01
7.049794097460535625e+01
7.034842105263157919e+01
7.099438596491228282e+01
7.065638297872339990e+01
7.102105263157895365e+01
7.047730496453900173e+01
6.604127579737335907e+01
7.083652482269503992e+01
6.731132530120481761e+01
6.443827160493826511e+01
6.710536585365854023e+01
6.690024096385542407e+01
6.454725609756097526e+01
6.742190476190475579e+01
6.840763052208835404e+01
6.678795180722892155e+01
6.762602409638553524e+01
6.725803212851405988e+01
6.495933734939758608e+01
0.000000000000000000e+00
7.088047538200339659e+01
7.094716312056738161e+01
0.000000000000000000e+00
0.000000000000000000e+00
7.090798611111111427e+01
7.103691386764216986e+01
7.129859649122806786e+01
7.125298245614034442e+01
6.821234939759035854e+01
7.039932088285229383e+01
6.721204819277107845e+01
6.703277108433735521e+01
6.692469879518071707e+01
7.063701188455009117e+01
6.613654618473896107e+01
6.765311244979919536e+01
6.757279116465863922e+01
6.685060975609755474e+01
0.000000000000000000e+00
0.000000000000000000e+00
6.767821285140561827e+01
6.653879518072288590e+01
0.000000000000000000e+00
6.706526104417670808e+01
7.035108695652174049e+01
0.000000000000000000e+00
6.784136546184738847e+01
6.727976190476189799e+01
6.638770325203252298e+01
6.767168674698795883e+01
0.000000000000000000e+00
0.000000000000000000e+00
0.000000000000000000e+00
0.000000000000000000e+00
0.000000000000000000e+00
0.000000000000000000e+00
0.000000000000000000e+00
0.000000000000000000e+00
0.000000000000000000e+00
0.000000000000000000e+00
0.000000000000000000e+00
0.000000000000000000e+00
0.000000000000000000e+00
7.288570487483531224e+01
7.218125000000000568e+01
7.264432624113474901e+01
7.274042553191489446e+01
0.000000000000000000e+00
7.363429172510518583e+01
7.348901098901099260e+01
7.326076388888888857e+01
0.000000000000000000e+00
7.186175271739129755e+01
0.000000000000000000e+00
7.127877758913412265e+01
0.000000000000000000e+00
7.189645390070921849e+01
7.213586956521739069e+01
7.168794567062818146e+01
7.072713414634147000e+01
7.238576388888888857e+01
0.000000000000000000e+00
0.000000000000000000e+00
7.235177304964538791e+01
7.107028112449799551e+01
7.073242971887550823e+01
7.062000000000000455e+01
7.291826923076922640e+01
7.309718406593407281e+01
7.345941155618575635e+01
7.310286738351254598e+01
7.121927710843372950e+01
7.131421686746988087e+01
7.109609756097560762e+01
7.115566265060240880e+01
7.332336956521739069e+01
7.077811244979919536e+01
6.846878048780487802e+01
7.055698924731183297e+01
7.071357674583481412e+01
7.061263736263735780e+01
7.071747607231478128e+01
6.779024390243903042e+01
7.057025089605734536e+01
6.857063008130081982e+01
6.849237804878049474e+01
6.854439024390244128e+01
6.831902439024389651e+01
7.157619047619047592e+01
7.159377289377289344e+01
6.891308641975308547e+01
6.956554878048780211e+01
6.975000000000000000e+01
7.027560975609756611e+01
7.017733739837397877e+01
7.050711382113820491e+01
7.029658536585365880e+01
7.040904471544715193e+01
6.876067073170732158e+01
6.980032206119162197e+01
7.097339357429719087e+01
7.097690763052209206e+01
7.263381779510811498e+01
7.000558943089430386e+01
7.126146341463415013e+01
7.021697154471544877e+01
7.081124497991967814e+01
7.125975903614457252e+01
7.121900406504065018e+01
7.141542168674698132e+01
7.121590361445782946e+01
7.066006097560975263e+01
7.170579268292682684e+01
7.117317073170731589e+01
7.111094377510039521e+01
6.983935742971887350e+01
6.902554216867470416e+01
6.873018292682927211e+01
6.904674796747967491e+01
6.827743902439024737e+01
6.893343495934959719e+01
6.889329268292682684e+01
7.099326479971641390e+01
6.927439024390244526e+01
6.879718875502007336e+01
6.873343373493976571e+01
6.892530487804877737e+01
6.941716867469880015e+01
6.914708835341365045e+01
0.000000000000000000e+00
0.000000000000000000e+00
0.000000000000000000e+00
0.000000000000000000e+00
0.000000000000000000e+00
0.000000000000000000e+00
0.000000000000000000e+00
0.000000000000000000e+00
0.000000000000000000e+00
0.000000000000000000e+00
0.000000000000000000e+00
0.000000000000000000e+00
0.000000000000000000e+00
0.000000000000000000e+00
0.000000000000000000e+00
0.000000000000000000e+00
6.889194373401534222e+01
0.000000000000000000e+00
0.000000000000000000e+00
0.000000000000000000e+00
0.000000000000000000e+00
0.000000000000000000e+00
0.000000000000000000e+00
0.000000000000000000e+00
0.000000000000000000e+00
0.000000000000000000e+00
0.000000000000000000e+00
0.000000000000000000e+00
0.000000000000000000e+00
0.000000000000000000e+00
0.000000000000000000e+00
0.000000000000000000e+00
0.000000000000000000e+00
0.000000000000000000e+00
0.000000000000000000e+00
0.000000000000000000e+00
0.000000000000000000e+00
0.000000000000000000e+00
0.000000000000000000e+00
0.000000000000000000e+00
0.000000000000000000e+00
0.000000000000000000e+00
0.000000000000000000e+00
0.000000000000000000e+00
0.000000000000000000e+00
0.000000000000000000e+00
0.000000000000000000e+00
0.000000000000000000e+00
0.000000000000000000e+00
0.000000000000000000e+00
0.000000000000000000e+00
0.000000000000000000e+00
0.000000000000000000e+00
0.000000000000000000e+00
0.000000000000000000e+00
0.000000000000000000e+00
0.000000000000000000e+00
0.000000000000000000e+00
0.000000000000000000e+00
0.000000000000000000e+00
0.000000000000000000e+00
0.000000000000000000e+00
0.000000000000000000e+00
0.000000000000000000e+00
0.000000000000000000e+00
0.000000000000000000e+00
7.124751131221719902e+01
7.403225806451612812e+01
7.214290669441554371e+01
6.498534798534798540e+01
6.495180722891566916e+01
6.692168674698795883e+01
6.973406593406593856e+01
6.737365853658536707e+01
6.716771084337349862e+01
6.903566265060240426e+01
6.939714285714285325e+01
7.166554216867470473e+01
7.329809523809524308e+01
7.320190476190475692e+01
7.258109360518999154e+01
7.144249649368863686e+01
7.237587657784011697e+01
6.881498015873016527e+01
7.347322083639031121e+01
6.918284313725490620e+01
6.854264705882353326e+01
6.840476190476189799e+01
6.967745098039215179e+01
7.646979166666666572e+01
7.451105882352941023e+01
7.108139534883720501e+01
7.520779639175258069e+01
0.000000000000000000e+00
0.000000000000000000e+00
0.000000000000000000e+00
0.000000000000000000e+00
0.000000000000000000e+00
0.000000000000000000e+00
0.000000000000000000e+00
0.000000000000000000e+00
0.000000000000000000e+00
0.000000000000000000e+00
0.000000000000000000e+00
0.000000000000000000e+00
0.000000000000000000e+00
0.000000000000000000e+00
0.000000000000000000e+00
0.000000000000000000e+00
6.141506493506493314e+01
7.166690366157128267e+01
6.636801242236025189e+01
6.763734015345268347e+01
6.921428571428570820e+01
7.985723905723905602e+01
7.314019607843137294e+01
7.157089898053753529e+01
7.000477200424178648e+01
0.000000000000000000e+00
0.000000000000000000e+00
0.000000000000000000e+00
0.000000000000000000e+00
0.000000000000000000e+00
0.000000000000000000e+00
0.000000000000000000e+00
0.000000000000000000e+00
0.000000000000000000e+00
0.000000000000000000e+00
0.000000000000000000e+00
0.000000000000000000e+00
0.000000000000000000e+00
0.000000000000000000e+00
0.000000000000000000e+00
0.000000000000000000e+00
0.000000000000000000e+00
0.000000000000000000e+00
0.000000000000000000e+00
0.000000000000000000e+00
0.000000000000000000e+00
0.000000000000000000e+00
0.000000000000000000e+00
0.000000000000000000e+00
0.000000000000000000e+00
7.539147286821705052e+01
7.508236434108526680e+01
7.677777777777777146e+01
7.500556117290192049e+01
7.460060667340748353e+01
7.611274509803921262e+01
7.580186046511627751e+01
7.509605662285136418e+01
7.565406976744185386e+01
7.319558823529412450e+01
7.350343137254901649e+01
0.000000000000000000e+00
8.151538461538461888e+01
7.151718403547671699e+01
7.114836956521739353e+01
8.151880081300812719e+01
0.000000000000000000e+00
8.223759920634920206e+01
8.184756097560975263e+01
0.000000000000000000e+00
0.000000000000000000e+00
0.000000000000000000e+00
0.000000000000000000e+00
0.000000000000000000e+00
5.957142857142856940e+01
0.000000000000000000e+00
0.000000000000000000e+00
0.000000000000000000e+00
0.000000000000000000e+00
0.000000000000000000e+00
0.000000000000000000e+00
0.000000000000000000e+00
0.000000000000000000e+00
0.000000000000000000e+00
5.948484848484848442e+01
0.000000000000000000e+00
0.000000000000000000e+00
0.000000000000000000e+00
0.000000000000000000e+00
0.000000000000000000e+00
8.179117063492063266e+01
7.298602484472050378e+01
7.353627450980391700e+01
7.475498721227621957e+01
8.194593253968254487e+01
8.229797140006651546e+01
8.235931372549019613e+01
7.382892156862745026e+01
8.188687782805429549e+01
7.802810077519379206e+01
7.796511627906976116e+01
8.065095238095237562e+01
8.138598901098900740e+01
7.485105363984673943e+01
8.051576470588234713e+01
8.135255813953487802e+01
8.064517647058823968e+01
7.548255813953488769e+01
7.745701581027668681e+01
7.804403409090909349e+01
8.496289062500000000e+01
