0.000000000000000000e+00
0.000000000000000000e+00
0.000000000000000000e+00
0.000000000000000000e+00
0.000000000000000000e+00
0.000000000000000000e+00
0.000000000000000000e+00
0.000000000000000000e+00
0.000000000000000000e+00
0.000000000000000000e+00
0.000000000000000000e+00
0.000000000000000000e+00
0.000000000000000000e+00
0.000000000000000000e+00
0.000000000000000000e+00
0.000000000000000000e+00
0.000000000000000000e+00
0.000000000000000000e+00
0.000000000000000000e+00
0.000000000000000000e+00
0.000000000000000000e+00
0.000000000000000000e+00
0.000000000000000000e+00
0.000000000000000000e+00
0.000000000000000000e+00
0.000000000000000000e+00
0.000000000000000000e+00
0.000000000000000000e+00
0.000000000000000000e+00
0.000000000000000000e+00
0.000000000000000000e+00
0.000000000000000000e+00
0.000000000000000000e+00
0.000000000000000000e+00
0.000000000000000000e+00
0.000000000000000000e+00
0.000000000000000000e+00
0.000000000000000000e+00
0.000000000000000000e+00
0.000000000000000000e+00
0.000000000000000000e+00
0.000000000000000000e+00
0.000000000000000000e+00
0.000000000000000000e+00
0.000000000000000000e+00
0.000000000000000000e+00
0.000000000000000000e+00
0.000000000000000000e+00
0.000000000000000000e+00
0.000000000000000000e+00
0.000000000000000000e+00
0.000000000000000000e+00
0.000000000000000000e+00
0.000000000000000000e+00
0.000000000000000000e+00
0.000000000000000000e+00
0.000000000000000000e+00
0.000000000000000000e+00
0.000000000000000000e+00
0.000000000000000000e+00
0.000000000000000000e+00
0.000000000000000000e+00
0.000000000000000000e+00
0.000000000000000000e+00
0.000000000000000000e+00
0.000000000000000000e+00
0.000000000000000000e+00
0.000000000000000000e+00
0.000000000000000000e+00
0.000000000000000000e+00
0.000000000000000000e+00
0.000000000000000000e+00
0.000000000000000000e+00
0.000000000000000000e+00
0.000000000000000000e+00
0.000000000000000000e+00
0.000000000000000000e+00
0.000000000000000000e+00
0.000000000000000000e+00
0.000000000000000000e+00
0.000000000000000000e+00
0.000000000000000000e+00
0.000000000000000000e+00
0.000000000000000000e+00
0.000000000000000000e+00
0.000000000000000000e+00
0.000000000000000000e+00
0.000000000000000000e+00
0.000000000000000000e+00
0.000000000000000000e+00
0.000000000000000000e+00
0.000000000000000000e+00
0.000000000000000000e+00
0.000000000000000000e+00
0.000000000000000000e+00
0.000000000000000000e+00
0.000000000000000000e+00
0.000000000000000000e+00
0.000000000000000000e+00
0.000000000000000000e+00
0.000000000000000000e+00
0.000000000000000000e+00
0.000000000000000000e+00
0.000000000000000000e+00
0.000000000000000000e+00
0.000000000000000000e+00
0.000000000000000000e+00
0.000000000000000000e+00
0.000000000000000000e+00
0.000000000000000000e+00
0.000000000000000000e+00
0.000000000000000000e+00
0.000000000000000000e+00
0.000000000000000000e+00
0.000000000000000000e+00
0.000000000000000000e+00
0.000000000000000000e+00
0.000000000000000000e+00
0.000000000000000000e+00
0.000000000000000000e+00
0.000000000000000000e+00
0.000000000000000000e+00
0.000000000000000000e+00
0.000000000000000000e+00
0.000000000000000000e+00
0.000000000000000000e+00
0.000000000000000000e+00
0.000000000000000000e+00
0.000000000000000000e+00
0.000000000000000000e+00
0.000000000000000000e+00
0.000000000000000000e+00
0.000000000000000000e+00
0.000000000000000000e+00
0.000000000000000000e+00
0.000000000000000000e+00
0.000000000000000000e+00
0.000000000000000000e+00
0.000000000000000000e+00
0.000000000000000000e+00
0.000000000000000000e+00
0.000000000000000000e+00
0.000000000000000000e+00
0.000000000000000000e+00
0.000000000000000000e+00
0.000000000000000000e+00
0.000000000000000000e+00
0.000000000000000000e+00
0.000000000000000000e+00
0.000000000000000000e+00
0.000000000000000000e+00
0.000000000000000000e+00
0.000000000000000000e+00
0.000000000000000000e+00
0.000000000000000000e+00
0.000000000000000000e+00
0.000000000000000000e+00
0.000000000000000000e+00
0.000000000000000000e+00
0.000000000000000000e+00
0.000000000000000000e+00
0.000000000000000000e+00
0.000000000000000000e+00
0.000000000000000000e+00
0.000000000000000000e+00
0.000000000000000000e+00
0.000000000000000000e+00
0.000000000000000000e+00
0.000000000000000000e+00
0.000000000000000000e+00
0.000000000000000000e+00
0.000000000000000000e+00
0.000000000000000000e+00
0.000000000000000000e+00
0.000000000000000000e+00
0.000000000000000000e+00
0.000000000000000000e+00
0.000000000000000000e+00
0.000000000000000000e+00
0.000000000000000000e+00
0.000000000000000000e+00
7.036241938635919269e+01
6.655709992486852400e+01
6.913880540946657050e+01
6.957869318181818130e+01
6.945361400894188364e+01
6.795737765809266762e+01
6.788445692883895788e+01
6.853596919609316274e+01
6.801745751694679143e+01
6.765785595874010028e+01
6.726855774544114297e+01
6.765625285466337857e+01
6.765973762010347059e+01
6.857587976539589647e+01
6.945468778780622188e+01
7.338428571428570990e+01
7.378114378602039380e+01
7.377253438688907750e+01
7.118108504398827563e+01
7.074046920821113815e+01
7.014465937762825831e+01
7.375018155410312204e+01
7.405285381479323803e+01
7.400660066006601312e+01
7.371325318448546682e+01
6.930791514811700438e+01
7.289412878787878469e+01
6.928925619834710403e+01
7.326268939393939661e+01
7.358616504854369111e+01
7.348435814455231707e+01
7.355708812260536433e+01
6.948270228714203256e+01
7.365786460569628957e+01
7.276537433155080237e+01
7.310906385089646164e+01
7.291113381001021310e+01
7.299718256949661566e+01
7.252771535580524187e+01
7.245624999999999716e+01
7.305919540229885456e+01
7.194229390681003622e+01
7.153473945409429291e+01
7.178830769230769704e+01
7.113468834688346476e+01
7.223238636363636545e+01
7.119718185040765945e+01
7.141684303350970708e+01
7.251657642253253755e+01
7.231581439393939092e+01
7.112800000000000011e+01
7.102840501792114480e+01
7.007982964842334184e+01
7.313029850746268323e+01
0.000000000000000000e+00
7.174381453341126758e+01
7.151919111816019381e+01
7.026250194734382148e+01
6.813834227787715747e+01
6.628204385202356264e+01
6.875673299768240554e+01
6.607746212121212182e+01
6.834701849489795222e+01
6.806100795755968136e+01
6.821890943877551194e+01
6.554559925093633410e+01
6.870967248239975333e+01
6.495435285053929420e+01
6.798338870431894065e+01
6.814795918367346417e+01
6.842436516591369866e+01
6.739905688181549692e+01
6.767241379310344485e+01
6.800243328100471274e+01
6.777723387723388271e+01
6.736978021978022468e+01
6.798126301179736686e+01
6.686020237744375549e+01
6.753613655939237503e+01
6.818160190325139070e+01
6.513120995449902750e+01
6.666892622065036278e+01
6.783963893249607224e+01
6.594172913543228276e+01
6.627110582639714664e+01
6.644386755485894014e+01
6.600100826779592467e+01
6.574287878787879436e+01
6.562678755712811096e+01
6.620218045112781624e+01
6.599377437743774522e+01
6.582023255813953710e+01
6.745775357935067973e+01
6.814075418431134779e+01
6.827870813397129268e+01
6.880020222446916023e+01
6.889302325581395792e+01
6.909407138535995330e+01
6.890350877192982182e+01
6.882627545876184172e+01
6.888749490004080656e+01
6.925085702762653739e+01
6.925597201399300218e+01
6.942441860465116577e+01
6.941688574317493021e+01
6.920316205533596587e+01
6.992123824451410030e+01
7.012084980237153786e+01
7.013283358320839511e+01
7.081632053291535556e+01
7.086627906976744384e+01
7.039110444777611519e+01
7.033585400282315447e+01
7.201831896551723844e+01
7.088877654196157607e+01
7.050794602698650237e+01
7.334366925064598774e+01
7.555075823432821380e+01
7.525945399393326340e+01
7.614075589323982740e+01
7.474437567541015426e+01
7.392848020434227863e+01
7.346863432690435047e+01
7.332527753217408417e+01
7.417825500770416625e+01
7.347155909224875359e+01
7.773434403487911482e+01
7.782555780933063261e+01
7.618498870223008623e+01
7.523902151488358925e+01
7.492820962400155338e+01
7.501441065394553220e+01
7.458640171439704147e+01
7.383625560101305041e+01
7.405061115355232459e+01
7.373936536005501807e+01
7.426565295169946523e+01
7.394774669774669462e+01
7.427360251498183175e+01
7.413223220322612406e+01
7.410472541507024857e+01
7.408745776187636523e+01
7.445957529709721712e+01
7.413802844340541753e+01
7.391973840665873752e+01
7.403651903651903865e+01
7.440677966101695517e+01
7.239168877099911015e+01
7.015595675234598616e+01
6.970174912543727430e+01
6.897021489255372728e+01
6.892583708145926380e+01
6.836872009569377440e+01
6.837569776714514092e+01
6.850635208711433677e+01
6.946204914783987761e+01
6.873956442831216407e+01
6.878761755485894014e+01
6.946254458977408319e+01
6.948127229488703449e+01
6.938920454545454675e+01
6.958967499009115443e+01
6.955697582243361410e+01
6.968915973047958801e+01
6.945637181409294669e+01
7.006054300435988580e+01
6.946966516741629505e+01
6.915820158102766868e+01
6.973795648795648106e+01
6.935090125391849369e+01
6.935511363636364024e+01
6.913343328335831472e+01
6.967462082912032884e+01
6.877142569066343469e+01
6.951214733542319379e+01
6.914236741278483578e+01
6.959494438827097440e+01
6.927016491754122285e+01
6.896017786561264984e+01
6.943271898533491537e+01
6.957151424287856400e+01
6.970489174017642142e+01
6.962703131193023864e+01
6.909282103134479769e+01
6.963644470868014480e+01
6.948805597201399564e+01
6.905907046476761479e+01
6.898340829585207246e+01
6.957157177225340661e+01
6.870474308300394739e+01
6.923748125937031261e+01
6.909059656218401813e+01
6.887886056971514392e+01
6.943718140929534854e+01
6.906629013079667345e+01
6.916831584207895389e+01
6.863288969550312402e+01
6.858943335349869130e+01
6.843708676635134225e+01
6.957981009495252067e+01
6.864982859447469821e+01
6.895712143928035687e+01
6.837944664031620334e+01
6.844517741129435251e+01
6.840439780109944934e+01
6.874307381193123945e+01
6.866374269005848419e+01
6.914665196471531772e+01
6.954474899302485369e+01
6.929049719326383183e+01
6.879777553083923181e+01
6.904754887513507811e+01
6.904760971786834034e+01
6.856856221012300523e+01
6.876811594202898448e+01
6.896240978348035355e+01
6.933490519697416232e+01
6.889945870088212132e+01
6.892493753123437727e+01
6.908614996114995677e+01
6.915873959571938201e+01
6.855852073963018256e+01
6.908501783590962475e+01
6.855394232708206914e+01
6.885217476489027888e+01
6.880697582243361410e+01
6.850968992248061795e+01
6.849122807017543835e+01
6.932718985334918216e+01
6.908855572213893481e+01
6.866965709728867751e+01
6.862361363178060003e+01
6.842048975512243203e+01
6.889071146245059651e+01
6.861413476874002981e+01
6.835793506755393878e+01
6.823983253588517073e+01
6.833921451355661247e+01
6.896006738010305526e+01
6.875502248875562827e+01
6.891764117941029610e+01
6.912911442006269169e+01
6.922325626959248268e+01
6.891254940711462496e+01
6.961897824397824763e+01
6.972872960372960449e+01
6.906116941529235476e+01
6.858700649675162708e+01
6.921363456202932696e+01
6.851914042978511077e+01
6.811101028433151328e+01
6.839743338557994434e+01
6.838347205707491128e+01
6.785486443381179811e+01
6.786008719778041609e+01
6.779830084957521308e+01
6.709605197401299392e+01
6.667443032869530839e+01
6.671561520376175736e+01
6.650509404388714074e+01
6.612598814229248489e+01
6.611374312843578593e+01
6.604737631184407576e+01
6.605927036481759274e+01
6.626216891554223309e+01
6.629623824451410030e+01
6.608875391849529990e+01
6.615992003998000826e+01
6.587509881422924707e+01
6.615997257053291492e+01
6.604385964912280826e+01
6.587457148618672420e+01
6.790754622688655218e+01
6.847314704716606570e+01
6.842915180340864367e+01
6.879634541703507011e+01
6.818896155370590861e+01
6.851320901320900703e+01
6.818717796274276566e+01
6.764447776111944677e+01
6.756571714142928897e+01
6.770934532733633660e+01
6.850004912073877961e+01
6.840878278809313429e+01
