1.005268396729470339e+02
1.023850308641975317e+02
9.798144329896906868e+01
9.815098104423013581e+01
9.924329896907217119e+01
9.930171821305842172e+01
9.922015297638843379e+01
9.956619623655913642e+01
9.982216100397918979e+01
9.906769825918762251e+01
1.012031250000000000e+02
9.998303957432656830e+01
1.028277529761904816e+02
9.933779904306220487e+01
1.007110215053763511e+02
9.810434239300218451e+01
9.711006670709521416e+01
9.951999999999999602e+01
9.936458333333332860e+01
9.767215273206056736e+01
9.787425938117182511e+01
9.712818877551021046e+01
9.892371134020618229e+01
9.735450268817204744e+01
9.957884972170685955e+01
9.992336769759450021e+01
9.857831725972729942e+01
1.002779950231070103e+02
9.863418689723977195e+01
9.901848118279569633e+01
9.881731402238314388e+01
9.842074742268040666e+01
9.936048109965635433e+01
9.988680555555555429e+01
9.899764784946236773e+01
9.861989795918367463e+01
9.935251080811440261e+01
1.009107638888888943e+02
9.966020408163265643e+01
1.009925346605048020e+02
1.026280264123257524e+02
1.007314022383146863e+02
1.011475134408602088e+02
1.010166383701188408e+02
1.007386099102095045e+02
1.008787775891341312e+02
1.007765214499501099e+02
1.006091836734693885e+02
9.962687074829932499e+01
9.991945876288659178e+01
9.961456601263718369e+01
9.977918190887928063e+01
1.001286997006983768e+02
1.001090277777777828e+02
9.855143229166667140e+01
9.912537412703692041e+01
9.941881443298969145e+01
9.893041237113402531e+01
9.962604166666666572e+01
9.939368556701030855e+01
9.982374459594279870e+01
9.969106529209622636e+01
9.981709344861988598e+01
1.002090277777777771e+02
9.984137013634851598e+01
1.001912280701754412e+02
9.931375212224108395e+01
9.908513468573329419e+01
9.950504032258064058e+01
1.008286082474226788e+02
1.013784722222222285e+02
1.000130584192439898e+02
9.818762343647136959e+01
9.832560483870967971e+01
9.848453608247422153e+01
9.814832058530096504e+01
9.850714998337213046e+01
9.857834101382488257e+01
9.932278911564625901e+01
9.820359848484848442e+01
9.993024054982818427e+01
1.011256944444444485e+02
1.005785714285714221e+02
9.893080357142856940e+01
9.976925608953258973e+01
9.897704081632653583e+01
1.003901853122855243e+02
9.786868686868686495e+01
9.928030303030303116e+01
9.923886494252873547e+01
9.634309895833332860e+01
9.671552835051546992e+01
9.563388991960420071e+01
9.622970360824741931e+01
9.726627604166667140e+01
9.613388991960420071e+01
9.890456989247311981e+01
9.859811827956988850e+01
9.760690789473683537e+01
9.840804788826072524e+01
9.950149650814765323e+01
9.838794191919191690e+01
9.926761026991441383e+01
9.863297193877551194e+01
0.000000000000000000e+00
9.980435571687840479e+01
9.922777777777777430e+01
9.920902777777777715e+01
9.773358585858585457e+01
9.669449598021026304e+01
9.831094113734619100e+01
9.846606182795699169e+01
9.847631578947368780e+01
9.627480670103092564e+01
9.819354838709676869e+01
9.801330229464582544e+01
9.729510309278350633e+01
9.764615885416667140e+01
9.644164540816326792e+01
9.802955326460481444e+01
9.729502688172043179e+01
9.756155365371955668e+01
9.606186224489795222e+01
9.544124922696350666e+01
9.798453608247422153e+01
9.652104591836734926e+01
9.657113402061855822e+01
9.530333639424549119e+01
9.582065553494125254e+01
1.012874702616970666e+02
9.690355164548712708e+01
9.601817602040816269e+01
9.554639175257732120e+01
9.745617464972303878e+01
9.698650427913101169e+01
9.627715602369980274e+01
9.621428571428570820e+01
0.000000000000000000e+00
9.626727272727272577e+01
9.734552710342533999e+01
9.567385192127460414e+01
9.555293367346938282e+01
9.573129364815430620e+01
9.608762886597938291e+01
9.546379196840025827e+01
9.616361822414366145e+01
9.621483205853009224e+01
9.455249464340373322e+01
9.423067408781695065e+01
9.647522447622215225e+01
9.892611683848797099e+01
9.745758928571429180e+01
9.759659863945577740e+01
9.666161616161616621e+01
9.736175115207373665e+01
9.728110599078341636e+01
9.527829313543598744e+01
9.501775329048057017e+01
9.518622448979591866e+01
9.523995052566480979e+01
9.462914540816326792e+01
9.396082032445669086e+01
9.547809278350516138e+01
9.800240549828178871e+01
9.863932291666667140e+01
9.724336144954700956e+01
9.874692384436315251e+01
0.000000000000000000e+00
0.000000000000000000e+00
9.910009976720984071e+01
9.980645161290323131e+01
9.857971938775510523e+01
9.891125541125541076e+01
