1.170000000000000000e+02
1.157828282828282767e+02
1.172001836547291163e+02
1.174471243042671631e+02
1.188666444961755957e+02
1.175285848172446066e+02
1.178524640342822210e+02
1.193182573994014035e+02
1.176125714285714281e+02
1.174433593750000000e+02
1.174577249575551718e+02
1.174315602836879435e+02
1.161461588541666714e+02
1.156263020833333286e+02
1.184003472222222229e+02
1.173927083333333314e+02
1.155141336880611931e+02
1.149865591397849443e+02
1.177744252873563227e+02
1.160641521598968353e+02
1.172750877192982415e+02
1.161757392473118244e+02
1.165249575551782613e+02
1.173694736842105328e+02
1.159588815789473699e+02
1.184460748349229675e+02
1.156503906250000000e+02
1.154300451321727934e+02
1.158962199312714745e+02
1.157213169271699371e+02
1.146582236842105260e+02
1.150664062500000000e+02
1.149381720430107521e+02
1.154515789473684180e+02
1.153806451612903174e+02
1.163484210526315792e+02
1.151128289473684276e+02
1.157849122807017608e+02
1.163628070175438580e+02
1.156101440576230459e+02
1.155093037214885925e+02
1.144557284299858537e+02
1.154953245324532389e+02
1.144104667609618105e+02
1.151209150326797328e+02
1.152399416909620982e+02
1.154904931669637591e+02
1.157324218750000000e+02
1.127524009603841506e+02
1.148085937500000000e+02
1.160947916666666657e+02
1.167628689087165412e+02
1.164502546689303841e+02
1.182646276595744723e+02
1.167299719887955121e+02
1.196190476190476204e+02
1.199923477196204402e+02
1.190979411764705844e+02
1.199060606060606062e+02
1.204233333333333320e+02
1.179282913165266109e+02
1.176820349761526217e+02
1.192805714285714345e+02
1.205894236482471769e+02
1.188113154172560115e+02
1.192268750000000068e+02
1.178913759052007890e+02
1.184855670103092820e+02
1.177406321277289010e+02
1.176802562609202027e+02
1.183355335533553330e+02
1.217759952465834772e+02
1.182586691658856637e+02
1.196237656352863752e+02
1.194767025089605710e+02
1.195572390572390589e+02
1.198246985988921409e+02
1.198507657217334668e+02
1.184519387422613192e+02
1.188980782429649992e+02
1.182922807017543789e+02
1.184534115920763071e+02
1.166600694444444457e+02
1.171076400679117171e+02
1.172127016129032313e+02
1.156161244695898205e+02
1.174055989583333286e+02
1.181549059139784958e+02
1.170874625872963151e+02
1.181959005376344152e+02
1.188404255319148888e+02
1.175952461799660398e+02
1.169017006802721141e+02
1.168653142667110103e+02
1.177838606469960894e+02
1.177680412371134082e+02
1.174556451612903203e+02
1.152301296973728029e+02
1.174663157894736827e+02
1.166038596491228105e+02
1.163929306794783827e+02
1.153164893617021249e+02
1.154977928692699436e+02
1.171138297872340388e+02
1.151991356382978751e+02
1.153825657894736878e+02
1.169798850574712645e+02
1.158643617021276526e+02
1.155017543859649152e+02
1.150716145833333286e+02
1.151035653650254602e+02
1.149757894736842161e+02
1.168588021778584363e+02
1.170842105263157862e+02
1.167042763157894711e+02
1.172244015957446805e+02
1.173958333333333286e+02
1.187357047872340416e+02
1.196011099549080825e+02
1.189494680851063890e+02
1.167731539424280385e+02
1.176717703349282260e+02
1.177303856382978751e+02
