9.613887204366282901e+01
9.550494743351886484e+01
9.632723644828732290e+01
9.641043814432990189e+01
9.662076822916667140e+01
9.661621093750000000e+01
9.698170934486198291e+01
9.693548387096774377e+01
9.594748711340206171e+01
9.607607323232323893e+01
9.649742268041237025e+01
9.633238636363635976e+01
9.742386968085106957e+01
9.882292381606039555e+01
9.914113475177305190e+01
9.736984536082474051e+01
9.806907894736842479e+01
9.827198641765704679e+01
9.896604414261460647e+01
9.813310696095076935e+01
9.783333333333332860e+01
9.789440789473684390e+01
9.746447368421053170e+01
9.761426767676768179e+01
9.904687500000000000e+01
9.831976010101010388e+01
9.929040404040404155e+01
9.929356060606060908e+01
1.003027332144979198e+02
1.010968421052631641e+02
9.940305602716468059e+01
9.840829346092503727e+01
9.769814241486068340e+01
9.805131578947369064e+01
9.719840510366826436e+01
9.760083762886597469e+01
9.858522727272726627e+01
9.726591873862946613e+01
9.802493686868686495e+01
9.935383064516129537e+01
9.880509020618556804e+01
9.963381180223285583e+01
1.019044526901669769e+02
9.841698232323231821e+01
9.822820037105751112e+01
1.001035156250000000e+02
9.936490885416667140e+01
9.955756578947368496e+01
1.002663194444444485e+02
9.914746093750000000e+01
9.863005050505050519e+01
1.004603737113402104e+02
9.758333333333332860e+01
9.929608585858585457e+01
1.003827319587628892e+02
1.012740350877192981e+02
9.988411458333332860e+01
9.930927835051546992e+01
9.788717105263157237e+01
9.818335459183673208e+01
9.671406913280776507e+01
9.741645408163265074e+01
9.868772863318922361e+01
9.731228070175438916e+01
9.843797805121383249e+01
9.810794420861128629e+01
9.920078999341671988e+01
9.971067509145328245e+01
9.879547721982041253e+01
9.908891752577319778e+01
1.004210349462365599e+02
1.007925297113752094e+02
1.004585294117647010e+02
9.869607843137255543e+01
1.011426005747126453e+02
9.980694444444444002e+01
9.798156825991877383e+01
9.910361842105263008e+01
9.920690789473684390e+01
9.925716145833332860e+01
9.916569010416667140e+01
9.913248697916667140e+01
9.780934343434343248e+01
9.918001302083332860e+01
9.778776041666667140e+01
9.578350515463917247e+01
9.592708333333332860e+01
9.881765463917525949e+01
9.980173611111111143e+01
9.890826612903225623e+01
9.710172193877551194e+01
9.848287329564350046e+01
9.675507653858169022e+01
9.676101218369259982e+01
9.772564017292982896e+01
9.765365025466893201e+01
9.676140350877193441e+01
9.633996212121212466e+01
9.674337121212121815e+01
9.961290322580644840e+01
9.772028811524609182e+01
9.964110824742267880e+01
9.852813852813852691e+01
1.020818048422597144e+02
9.789105642256902229e+01
9.866512059369202348e+01
9.880208333333332860e+01
9.837113402061855538e+01
9.826940789473684390e+01
9.741795665634674606e+01
9.876545698924731198e+01
9.882912234042552768e+01
9.827502494180245662e+01
9.737288676236045148e+01
9.727623604465709661e+01
9.766601562500000000e+01
9.817122395833332860e+01
9.764980670103092564e+01
9.706881313131313505e+01
9.707479045776918269e+01
9.754835526315790162e+01
9.694140625000000000e+01
9.574757888159949459e+01
9.764594072164948102e+01
9.892517459261722479e+01
9.771069609507640052e+01
9.808982456140350337e+01
9.843784722222221717e+01
9.744407894736842479e+01
9.778607809847198951e+01
9.726188197767145027e+01
9.759309895833332860e+01
9.894220430107526454e+01
9.973363636363636431e+01
1.002305921052631561e+02
1.001323924731182728e+02
9.795703125000000000e+01
9.873174872665535418e+01
9.854023769100169261e+01
9.731698485845950586e+01
9.840771533089457535e+01
9.898570003325573907e+01
9.908760611205433122e+01
9.904756944444444855e+01
9.818815104166667140e+01
9.798486842105263861e+01
9.759697164948453008e+01
9.774359827070169615e+01
1.006603028308097407e+02
9.808309903155263498e+01
9.880098684210526017e+01
9.743813131313130782e+01
9.735353535353534937e+01
9.721423969072165505e+01
9.884276315789473699e+01
9.832226562500000000e+01
9.886249999999999716e+01
9.877673969072165505e+01
9.675132771009059240e+01
9.782631578947368212e+01
9.845498281786942130e+01
9.863608870967742348e+01
9.740296052631579471e+01
9.825789473684210407e+01
9.721842783505154273e+01
9.844287634408601662e+01
9.780309139784945671e+01
9.711391129032257652e+01
9.956482712765956933e+01
9.851513136015962857e+01
9.918370118845500372e+01
9.877788978494623962e+01
9.813364055299538791e+01
9.941602926504822335e+01
1.000964381720430083e+02
1.002068506817425941e+02
1.003299731182795682e+02
9.904264322916667140e+01
9.924226804123711076e+01
9.842924086223055724e+01
1.008424059139784958e+02
1.008783602150537604e+02
1.004061120543293697e+02
1.006432291666666714e+02
9.771706539074959608e+01
1.012360088365243058e+02
9.797169190256748550e+01
9.890694444444444855e+01
9.923986254295532206e+01
9.856914285714285029e+01
9.955404057199866941e+01
1.002397959183673493e+02
1.025571150097465818e+02
9.831632653061224403e+01
9.804023944130362622e+01
9.884393885531460455e+01
9.900962199312715484e+01
9.758971774193548754e+01
9.750921658986175089e+01
9.930516581632653583e+01
9.966751361161524869e+01
9.805773195876288639e+01
9.801514154048716421e+01
9.868951612903225623e+01
9.880909090909091219e+01
9.881065292096219821e+01
1.000531609195402325e+02
9.951944444444444571e+01
1.005218749999999943e+02
9.921799660441426738e+01
9.928930412371134651e+01
9.971975806451612812e+01
9.908575757575756882e+01
9.907519531250000000e+01
9.798404255319148604e+01
9.980423850574712219e+01
9.859852216748768683e+01
9.878472222222222854e+01
9.761867572156197070e+01
9.705816326530612059e+01
9.906652734238940639e+01
9.783408505154639556e+01
9.830480579328505542e+01
9.859312714776632447e+01
9.839104674127715100e+01
9.807313144329896204e+01
9.881683848797250391e+01
9.992482993197279484e+01
1.000270833333333371e+02
9.964180107526881613e+01
1.006697705354173564e+02
1.006321915530429010e+02
1.000884374999999977e+02
9.928666444961756099e+01
9.805374149659863292e+01
1.039615384615384670e+02
1.039567307692307736e+02
9.820951114067176491e+01
9.995520796302879774e+01
9.935429553264604863e+01
9.996408045977011625e+01
9.867383512544802215e+01
9.867774519387423027e+01
9.951580756013746054e+01
9.981598639455782518e+01
1.002121745249824016e+02
9.858249158249158484e+01
9.987890625000000000e+01
1.006731292517006864e+02
1.002427500814597607e+02
9.996741277156023386e+01
9.835261707988981073e+01
9.712531824611032505e+01
1.019030612244897895e+02
1.013033980582524265e+02
9.804978783592645186e+01
9.807117647058824161e+01
9.845999999999999375e+01
9.983520871143375075e+01
9.704156967076821161e+01
9.783611802346248965e+01
9.824914089347079482e+01
9.731303030303030255e+01
1.001522807017543926e+02
9.811404639175258069e+01
9.828769329896907436e+01
9.786833443054641180e+01
9.814322580645161054e+01
9.874659128699700261e+01
9.874891918856002349e+01
9.829553600521342105e+01
9.909344861988692799e+01
9.950034013605441885e+01
1.002354580285614816e+02
9.921972789115646663e+01
9.955134957208690594e+01
9.874127036913867528e+01
1.003407258064516157e+02
9.942842741935483275e+01
9.870489690721649367e+01
9.857110969387754551e+01
1.003274914089347050e+02
9.975694444444444287e+01
9.994388440860214473e+01
9.892312925170068638e+01
9.782925257731959334e+01
9.729751275510204778e+01
9.893642611683848997e+01
9.901683848797250675e+01
9.816361822414366145e+01
9.921258503401359974e+01
9.838742593811717541e+01
9.881576321915530059e+01
9.854536082474227499e+01
1.023337191358024683e+02
1.010493372606774614e+02
1.025941358024691397e+02
1.017709750566893376e+02
9.745329584504841591e+01
9.975979381443299587e+01
9.923046225473893855e+01
9.801498724489795222e+01
9.755670103092784018e+01
1.016874079528718653e+02
1.011763848396501402e+02
9.722758194186765479e+01
9.883769132653061718e+01
9.738425492033739772e+01
