9.981518817204300831e+01
9.909635416666667140e+01
9.820524835988753409e+01
9.918492268041237025e+01
9.896180555555555713e+01
9.969254032258064058e+01
1.001408934707903740e+02
9.983007812500000000e+01
9.825135566188197345e+01
9.795425257731959334e+01
9.912529711375212571e+01
9.835221354166667140e+01
9.772197164948453008e+01
9.755650252525252597e+01
9.922614247311827285e+01
9.752872474747475451e+01
9.920144832126399592e+01
9.824902343750000000e+01
9.833007812500000000e+01
9.842675781250000000e+01
9.816237113402061709e+01
9.744866071428570820e+01
9.976082474226804209e+01
9.826403061224489477e+01
9.889497422680412342e+01
9.936180555555554861e+01
9.884572368421052602e+01
9.875676546391753163e+01
9.864948453608246837e+01
9.871644736842105772e+01
9.769845360824741931e+01
9.888865979381442628e+01
9.900133022946458539e+01
9.758505154639175316e+01
9.949201388888889142e+01
9.919720651812437495e+01
9.935653650254668889e+01
9.766581632653061718e+01
9.890722656250000000e+01
9.834114339268978711e+01
1.000054226475279080e+02
9.737279040404040131e+01
9.945365025466892916e+01
9.825733418367346417e+01
9.778737113402061709e+01
9.949643463497453411e+01
9.910695876288659178e+01
1.000482638888888829e+02
9.828219696969696884e+01
9.927469238443632094e+01
9.997681451612903913e+01
9.934729381443298735e+01
9.959743252139566039e+01
9.958496840705021214e+01
9.904256734286664710e+01
1.005163194444444485e+02
9.761761949390815118e+01
9.816066919191919737e+01
9.820959595959595845e+01
9.852710459183673208e+01
9.895117187500000000e+01
9.953286082474227214e+01
9.898697916666667140e+01
9.887753826929085221e+01
9.884733072916667140e+01
9.796847260483623643e+01
1.000286184210526272e+02
9.948622311827956821e+01
9.856346649484535760e+01
9.872229381443298735e+01
9.898295454545454675e+01
9.899842171717172334e+01
9.770586340206185127e+01
9.779787566385505215e+01
9.633676975945017773e+01
9.644949494949494806e+01
9.661989795918367463e+01
9.521068427370948939e+01
9.567252880533656878e+01
9.710921391752577847e+01
9.570184948979591866e+01
9.645798188066228818e+01
9.664678030303029743e+01
9.487167594310452046e+01
9.574330357142856940e+01
9.622689075630252376e+01
9.762630208333332860e+01
9.635220539828834774e+01
9.635648452929558516e+01
9.478571428571429180e+01
9.776076388888888857e+01
9.834564393939393767e+01
9.813857801184990137e+01
9.836328125000000000e+01
9.870346320346320113e+01
1.019400252525252455e+02
1.006662139219015302e+02
9.978166383701189091e+01
9.913750000000000284e+01
9.948118279569892763e+01
9.811069609507640621e+01
9.951310483870967971e+01
9.901561969439728728e+01
9.949305555555555713e+01
1.002129824561403524e+02
9.840723684210526301e+01
9.799348958333332860e+01
9.835277061855670411e+01
9.831640625000000000e+01
9.842442602040816269e+01
9.810781499202552425e+01
9.763825757575757791e+01
9.806990979381443196e+01
9.842105263157894512e+01
9.844230129697372433e+01
9.902222938144329589e+01
9.776224226804123418e+01
9.936895161290323131e+01
9.972715053763441517e+01
9.846552835051546992e+01
9.857467105263157237e+01
9.802493686868686495e+01
9.826888020833332860e+01
9.784630102040816269e+01
1.014764912280701736e+02
9.947821749251745871e+01
9.960104166666666003e+01
9.944959677419355160e+01
9.832161458333332860e+01
9.944802631578947683e+01
9.860517473118279952e+01
9.843522135416667140e+01
9.859946236559139265e+01
9.994948453608247974e+01
9.729040404040404155e+01
9.993887945670628881e+01
9.812541254125412138e+01
1.017770833333333371e+02
9.914381377551021046e+01
1.010880701754386024e+02
1.000425673428666471e+02
1.003766323024054969e+02
9.891414141414141170e+01
9.962088460259394651e+01
9.898219306466728540e+01
1.011443965517241423e+02
1.011430921052631646e+02
1.003404947916666714e+02
9.970230263157894512e+01
9.982731958762886393e+01
9.943176020408162685e+01
1.000583732057416313e+02
9.924065721649483862e+01
9.997560137457044505e+01
9.893783192752265165e+01
9.974645618556701265e+01
1.001674107142857082e+02
1.002932942708333286e+02
1.005177918190887993e+02
9.722629051620648966e+01
9.939355468750000000e+01
9.953352864583332860e+01
9.863478535353534937e+01
9.862184343434343248e+01
9.963219155304290098e+01
9.940657552083332860e+01
9.836656346749225577e+01
9.986485568760610931e+01
9.922916666666667140e+01
1.001256720430107521e+02
9.937379447954772616e+01
1.001243279569892479e+02
9.944342105263157805e+01
9.954440789473683537e+01
9.841955638862854983e+01
9.681212484993997691e+01
9.997457044673539883e+01
1.002280853517877688e+02
1.000599747474747545e+02
9.814811379097093891e+01
9.902587365591398338e+01
9.970801463252411168e+01
9.888572303921569073e+01
9.957486979166667140e+01
9.998641765704583406e+01
9.868718434343433898e+01
9.967578125000000000e+01
1.012560271646859036e+02
9.951192010309277691e+01
9.798244047619047592e+01
9.802879901960784537e+01
9.978478664192950021e+01
9.970415495157763530e+01
9.991752577319587658e+01
1.007371675943104492e+02
1.010914713541666714e+02
9.902881758764111453e+01
9.985824742268040666e+01
1.002303648732220154e+02
9.873402061855669842e+01
9.922539015606243140e+01
9.801944035346097905e+01
9.853586005830904071e+01
9.883348637894091837e+01
9.982405689548546945e+01
1.003644736842105232e+02
9.739361111111111313e+01
9.982661668228678309e+01
9.971552257266543506e+01
9.890017825311943511e+01
1.001505681818181870e+02
9.815218658892128190e+01
1.000821875000000034e+02
9.987909709338281061e+01
9.882683982683983004e+01
9.921614100185529139e+01
9.993750000000000000e+01
9.777272727272726627e+01
9.863565426170468697e+01
1.001858723958333286e+02
9.837605042016807033e+01
1.002883376288659747e+02
9.950708762886597469e+01
1.006123046875000000e+02
9.976009114583332860e+01
9.760235640648011213e+01
1.002830063185899547e+02
9.890367268041237025e+01
9.979301075268817556e+01
1.006722323049001773e+02
9.895328608247422153e+01
9.779831932773109315e+01
9.769994058229352163e+01
9.805617647058824105e+01
9.841087344028520079e+01
9.834993997599039517e+01
9.915816326530612912e+01
9.772857142857142776e+01
9.758852649970879156e+01
9.701080945198592076e+01
9.835972222222221717e+01
9.899484536082474051e+01
9.965198375507654305e+01
9.960106216807247392e+01
1.003142667110076474e+02
9.937538651824365843e+01
9.921969696969696884e+01
9.851243177683444685e+01
9.908792569659442506e+01
9.706262626262626725e+01
9.873137626262625588e+01
9.928030303030303116e+01
9.850896722325293808e+01
1.008965746591287029e+02
9.867279411764705799e+01
9.633361111111111086e+01
9.948670377241805340e+01
9.731948051948052125e+01
9.993526785714286120e+01
9.892394533571004445e+01
9.874533210896846924e+01
9.833608815426997296e+01
9.684543454345434554e+01
9.942516069788797495e+01
9.974645618556701265e+01
9.782200000000000273e+01
9.892486085343227842e+01
9.925881261595547755e+01
9.965948141205873867e+01
9.667271727172716567e+01
9.983762886597938291e+01
9.867361111111111427e+01
9.958364898989898961e+01
9.819890842935112119e+01
9.758163265306122014e+01
9.798456610366919506e+01
9.774514285714285222e+01
9.896683673469387088e+01
9.819171428571428351e+01
9.761648223645893552e+01
9.782999999999999829e+01
9.913398692810457646e+01
9.689428571428571502e+01
9.723385368839913667e+01
9.673135233474833683e+01
9.790656887755102389e+01
9.815557638238050231e+01
9.966330645161289681e+01
9.726452020202020776e+01
9.631966726084372965e+01
9.777272727272726627e+01
9.807638888888888573e+01
9.741237113402061709e+01
9.754166666666667140e+01
9.485834333733492940e+01
9.440754483611625858e+01
9.568421052631579471e+01
9.315588878475476520e+01
9.231075110456554000e+01
9.362109375000000000e+01
9.292857142857143060e+01
9.386932192231731165e+01
9.313358070500927965e+01
9.933576004659289538e+01
9.648441176470588232e+01
9.590077243018419040e+01
9.667171717171717660e+01
9.713223140495867369e+01
9.585650623885918264e+01
9.674953617810760420e+01
9.680685644322008443e+01
9.762179065174457548e+01
1.040878313637815324e+02
1.010439775910364091e+02
9.619801980198019464e+01
9.452559912854030699e+01
9.339723972397239038e+01
9.378478664192950021e+01
9.411830357142856940e+01
9.754762529519811665e+01
9.649735294117647300e+01
9.694619845360824684e+01
9.670296717171717660e+01
9.570006184291898421e+01
9.791072010426849204e+01
9.582206632653061718e+01
9.529084661043424376e+01
9.564349489795918657e+01
9.522497704315885869e+01
9.531045145330860180e+01
9.855800000000000693e+01
9.783735312306740184e+01
9.560024009603841932e+01
