0.000000000000000000e+00
0.000000000000000000e+00
0.000000000000000000e+00
0.000000000000000000e+00
0.000000000000000000e+00
0.000000000000000000e+00
0.000000000000000000e+00
0.000000000000000000e+00
0.000000000000000000e+00
0.000000000000000000e+00
0.000000000000000000e+00
0.000000000000000000e+00
0.000000000000000000e+00
0.000000000000000000e+00
0.000000000000000000e+00
0.000000000000000000e+00
0.000000000000000000e+00
0.000000000000000000e+00
0.000000000000000000e+00
0.000000000000000000e+00
0.000000000000000000e+00
0.000000000000000000e+00
0.000000000000000000e+00
0.000000000000000000e+00
0.000000000000000000e+00
0.000000000000000000e+00
0.000000000000000000e+00
0.000000000000000000e+00
0.000000000000000000e+00
0.000000000000000000e+00
0.000000000000000000e+00
0.000000000000000000e+00
0.000000000000000000e+00
0.000000000000000000e+00
0.000000000000000000e+00
0.000000000000000000e+00
0.000000000000000000e+00
0.000000000000000000e+00
0.000000000000000000e+00
0.000000000000000000e+00
0.000000000000000000e+00
0.000000000000000000e+00
0.000000000000000000e+00
0.000000000000000000e+00
0.000000000000000000e+00
6.169505354411014508e+01
6.142035742035741919e+01
6.172274143302180960e+01
6.125682261208577017e+01
6.223453947368420813e+01
6.125183823529411598e+01
6.067334315169366477e+01
6.017586416009702788e+01
5.987780473013948068e+01
5.931309523809523654e+01
5.889547537227949903e+01
5.910191458026509537e+01
5.861583011583011427e+01
5.854026475455047063e+01
5.811602511602511356e+01
5.828004535147392318e+01
5.832617411225658799e+01
5.792995035852178631e+01
5.783155883155883004e+01
5.802692743764172434e+01
5.805527210884353906e+01
5.802834467120181472e+01
5.795011337868480439e+01
5.763403199117485087e+01
5.786252834467120465e+01
5.769332597904026727e+01
5.808476517754868240e+01
5.783397683397683409e+01
5.827930029154519076e+01
5.810858585858586167e+01
5.786404586404586325e+01
5.807879818594104648e+01
5.805892255892256060e+01
5.812121212121212466e+01
5.787223587223586918e+01
5.837260677466863257e+01
5.780016380016380140e+01
5.811756453423119950e+01
5.803888582460010781e+01
5.809118967452300808e+01
