7.875950617283950805e+01
7.763342830009496254e+01
7.736444444444444457e+01
7.771699905033239020e+01
7.779268292682927211e+01
7.723555555555554974e+01
7.785178236397749174e+01
7.812155745489079095e+01
7.838962962962962422e+01
7.769559099437148575e+01
7.765859449192782904e+01
7.807223264540337482e+01
7.803358024691358708e+01
7.774500000000000455e+01
7.731407407407407106e+01
7.712859195402299406e+01
7.803600000000000136e+01
7.846048780487804208e+01
7.836793327154772726e+01
7.922607879924953522e+01
7.864040778498609541e+01
7.845489078822411955e+01
7.794444444444444287e+01
7.823311444652908619e+01
7.864821763602250826e+01
7.903290083410564648e+01
7.972161172161172260e+01
7.887382739212007721e+01
7.849715099715099598e+01
7.991322701688555696e+01
7.923203926818383991e+01
7.943953592146363007e+01
7.934990619136961243e+01
7.930769230769230660e+01
7.884372177055104203e+01
7.959453197405004232e+01
7.982186948853615149e+01
7.869421860885275066e+01
7.973679332715477130e+01
7.971918443002780919e+01
8.022668451584114280e+01
7.875061728395061778e+01
7.859401709401709013e+01
7.931407407407407106e+01
7.944746716697936506e+01
7.920439024390243787e+01
7.931752484191508756e+01
7.930713640469737413e+01
7.910778727445394054e+01
7.976638176638176958e+01
7.973931623931623847e+01
7.938437217705509852e+01
7.863133208255159445e+01
7.943224932249322023e+01
7.929409005628518514e+01
7.932249322493224497e+01
7.962070504239179058e+01
7.948264540337710571e+01
7.983665716999050233e+01
7.972420262664165591e+01
7.971200750469043328e+01
7.965356820234869417e+01
7.959846431797650723e+01
7.979677113010446021e+01
7.965432692307692264e+01
7.900721153846153300e+01
7.909361702127660010e+01
7.918172839506172522e+01
7.915811965811965933e+01
7.969699812382739879e+01
8.006425891181989130e+01
7.999343339587241530e+01
7.968480300187617615e+01
7.998405253283301874e+01
7.982836495031617119e+01
8.030675422138837405e+01
7.916049382716049365e+01
8.021106941838648652e+01
0.000000000000000000e+00
0.000000000000000000e+00
0.000000000000000000e+00
0.000000000000000000e+00
0.000000000000000000e+00
0.000000000000000000e+00
0.000000000000000000e+00
0.000000000000000000e+00
0.000000000000000000e+00
0.000000000000000000e+00
0.000000000000000000e+00
0.000000000000000000e+00
0.000000000000000000e+00
0.000000000000000000e+00
0.000000000000000000e+00
0.000000000000000000e+00
0.000000000000000000e+00
0.000000000000000000e+00
0.000000000000000000e+00
0.000000000000000000e+00
0.000000000000000000e+00
0.000000000000000000e+00
0.000000000000000000e+00
0.000000000000000000e+00
0.000000000000000000e+00
0.000000000000000000e+00
0.000000000000000000e+00
0.000000000000000000e+00
0.000000000000000000e+00
0.000000000000000000e+00
0.000000000000000000e+00
0.000000000000000000e+00
0.000000000000000000e+00
0.000000000000000000e+00
0.000000000000000000e+00
0.000000000000000000e+00
0.000000000000000000e+00
0.000000000000000000e+00
0.000000000000000000e+00
0.000000000000000000e+00
0.000000000000000000e+00
0.000000000000000000e+00
0.000000000000000000e+00
0.000000000000000000e+00
0.000000000000000000e+00
0.000000000000000000e+00
0.000000000000000000e+00
0.000000000000000000e+00
0.000000000000000000e+00
0.000000000000000000e+00
0.000000000000000000e+00
0.000000000000000000e+00
0.000000000000000000e+00
0.000000000000000000e+00
0.000000000000000000e+00
0.000000000000000000e+00
0.000000000000000000e+00
0.000000000000000000e+00
0.000000000000000000e+00
0.000000000000000000e+00
0.000000000000000000e+00
0.000000000000000000e+00
0.000000000000000000e+00
0.000000000000000000e+00
0.000000000000000000e+00
0.000000000000000000e+00
0.000000000000000000e+00
0.000000000000000000e+00
0.000000000000000000e+00
0.000000000000000000e+00
0.000000000000000000e+00
0.000000000000000000e+00
0.000000000000000000e+00
0.000000000000000000e+00
0.000000000000000000e+00
0.000000000000000000e+00
0.000000000000000000e+00
0.000000000000000000e+00
0.000000000000000000e+00
0.000000000000000000e+00
0.000000000000000000e+00
0.000000000000000000e+00
0.000000000000000000e+00
0.000000000000000000e+00
0.000000000000000000e+00
0.000000000000000000e+00
0.000000000000000000e+00
0.000000000000000000e+00
0.000000000000000000e+00
0.000000000000000000e+00
0.000000000000000000e+00
0.000000000000000000e+00
0.000000000000000000e+00
0.000000000000000000e+00
0.000000000000000000e+00
0.000000000000000000e+00
0.000000000000000000e+00
0.000000000000000000e+00
0.000000000000000000e+00
0.000000000000000000e+00
0.000000000000000000e+00
0.000000000000000000e+00
0.000000000000000000e+00
0.000000000000000000e+00
0.000000000000000000e+00
0.000000000000000000e+00
0.000000000000000000e+00
0.000000000000000000e+00
0.000000000000000000e+00
0.000000000000000000e+00
0.000000000000000000e+00
0.000000000000000000e+00
0.000000000000000000e+00
0.000000000000000000e+00
0.000000000000000000e+00
0.000000000000000000e+00
0.000000000000000000e+00
0.000000000000000000e+00
0.000000000000000000e+00
0.000000000000000000e+00
0.000000000000000000e+00
0.000000000000000000e+00
0.000000000000000000e+00
0.000000000000000000e+00
0.000000000000000000e+00
0.000000000000000000e+00
0.000000000000000000e+00
0.000000000000000000e+00
0.000000000000000000e+00
0.000000000000000000e+00
0.000000000000000000e+00
0.000000000000000000e+00
0.000000000000000000e+00
0.000000000000000000e+00
0.000000000000000000e+00
0.000000000000000000e+00
0.000000000000000000e+00
0.000000000000000000e+00
0.000000000000000000e+00
0.000000000000000000e+00
0.000000000000000000e+00
0.000000000000000000e+00
0.000000000000000000e+00
0.000000000000000000e+00
0.000000000000000000e+00
0.000000000000000000e+00
0.000000000000000000e+00
