0.000000000000000000e+00
0.000000000000000000e+00
7.489239717490652026e+01
6.896707317073170884e+01
7.001084337349396947e+01
7.166306605733278445e+01
7.387521514629948172e+01
7.474956970740103657e+01
7.482883257166596991e+01
7.658971088435373531e+01
7.720660419455600731e+01
7.817857142857143060e+01
7.841806722689075571e+01
7.789663865546218346e+01
7.793028322440086697e+01
7.732352941176471006e+01
7.684386446886446720e+01
7.714265232974909736e+01
7.524721106648817681e+01
7.654120879120878840e+01
7.788229842446709483e+01
7.672735385988397638e+01
7.762007504690431858e+01
7.777108433734939297e+01
7.777331548415885720e+01
7.705149051490515433e+01
7.796649029982363288e+01
7.751719576719577276e+01
7.740785363676930331e+01
7.773486901535682136e+01
7.727145438121047505e+01
7.790966576332429838e+01
7.676940035273368323e+01
7.597729379054679555e+01
7.656881572930956281e+01
7.669230769230769340e+01
7.641838649155722862e+01
7.662465245597775265e+01
7.795844625112917470e+01
7.837398373983739930e+01
7.737895212285455671e+01
7.697405004633920100e+01
7.789837398373983035e+01
7.713279132791328152e+01
7.798733583489681109e+01
7.830968317715306171e+01
7.777597109304426226e+01
7.777551942186089207e+01
7.767208672086721322e+01
7.749367660343270359e+01
7.804516711833784370e+01
7.739656729900632115e+01
7.749206349206349387e+01
7.778635953026197569e+01
7.782213077274805357e+01
7.728623685413808175e+01
7.722177055103884413e+01
7.758449477351916812e+01
7.779945799457993871e+01
7.767023650156180281e+01
7.820296167247386165e+01
7.814408310749773534e+01
7.837483266398929516e+01
7.805374887082204793e+01
7.815130984643180057e+01
7.811201445347786887e+01
7.806336456938866775e+01
7.816982836495031961e+01
7.818932874354561591e+01
7.856425891181989130e+01
7.837779690189329074e+01
7.801671183378500984e+01
7.796646341463414842e+01
7.798623063683304224e+01
7.815176151761517076e+01
7.827667814113597444e+01
7.838063364569389080e+01
7.904640785363676514e+01
7.800871080139373248e+01
7.809973867595819286e+01
7.894986449864498468e+01
7.858634538152610105e+01
7.902032520325202825e+01
7.835409407665505910e+01
7.825217770034842601e+01
7.827264808362369308e+01
7.911562782294490148e+01
7.942748772869255447e+01
7.914363143631436515e+01
7.913511187607572595e+01
7.954336043360433450e+01
7.943730477465416584e+01
7.938271604938272219e+01
7.960749774164408166e+01
7.935185185185184764e+01
7.940828924162256897e+01
8.011445783132529641e+01
7.994154395359214504e+01
7.921399176954732013e+01
7.909233449477352451e+01
7.981169120928157668e+01
7.994243641231592790e+01
7.964046973803071694e+01
8.001688555347091381e+01
8.036813922356091666e+01
7.955329719963866353e+01
8.025383920505871060e+01
8.025022583559169220e+01
8.053748870822042250e+01
8.053387533875338988e+01
8.005075445816186175e+01
7.981305114638448117e+01
8.003292181069959099e+01
7.996890717878372357e+01
8.060225140712945802e+01
8.005166895290352613e+01
7.912665752171925249e+01
8.010207768744353984e+01
8.031210478771454575e+01
8.006865401987353437e+01
