1.142869565217391283e+02
1.137980769230769198e+02
1.125512820512820582e+02
1.106939799331103700e+02
1.107983333333333320e+02
1.113525641025641022e+02
1.113060897435897374e+02
1.101538461538461604e+02
1.113227424749163816e+02
1.108883333333333354e+02
1.113269230769230802e+02
1.111354515050167180e+02
1.109903846153846132e+02
1.118816666666666606e+02
1.118060200668896300e+02
1.122948717948717956e+02
1.118578595317725757e+02
1.125652173913043441e+02
1.124330434782608705e+02
1.125016025641025692e+02
1.127658862876254204e+02
1.131053511705685679e+02
1.122491638795986688e+02
1.125199999999999960e+02
1.125033444816053532e+02
1.120226086956521669e+02
1.112195512820512846e+02
1.112179487179487154e+02
1.122483333333333348e+02
1.109519230769230802e+02
1.119130434782608745e+02
1.115116666666666703e+02
1.116314102564102626e+02
1.111200000000000045e+02
1.115649999999999977e+02
1.119416666666666629e+02
1.124727564102564088e+02
1.121506410256410220e+02
1.128177257525083661e+02
1.124381270903010090e+02
1.118060897435897374e+02
1.122086956521739154e+02
1.122469565217391363e+02
1.111237458193979961e+02
1.128429487179487154e+02
1.130986622073578616e+02
1.123982608695652203e+02
1.114006410256410220e+02
1.120595813204508886e+02
1.111939102564102626e+02
1.124973913043478291e+02
1.125448717948717956e+02
1.128589743589743648e+02
1.130869565217391255e+02
