1.074177693761814680e+02
1.073818525519848777e+02
1.077500000000000000e+02
1.076909722222222285e+02
1.072534722222222285e+02
1.074710144927536248e+02
1.076022727272727337e+02
1.082228260869565162e+02
1.073983333333333263e+02
1.076166666666666600e+02
1.081766666666666623e+02
1.079791666666666714e+02
1.066024305555555571e+02
1.078539130434782578e+02
1.079735349716446109e+02
1.077296786389413938e+02
1.076576086956521721e+02
1.068350694444444429e+02
1.077807183364839290e+02
1.085085066162570939e+02
1.085543478260869534e+02
1.087771739130434838e+02
1.084402173913043441e+02
1.087318840579710155e+02
1.086523668639053284e+02
1.084547101449275317e+02
1.085634057971014528e+02
1.080942028985507193e+02
1.086068840579710155e+02
1.083669565217391266e+02
1.084938271604938222e+02
1.083949275362318900e+02
1.085572916666666714e+02
1.110829629629629665e+02
1.116263736263736206e+02
1.146111111111111143e+02
