1.091344401041666714e+02
1.083854166666666714e+02
1.087322913202527417e+02
1.086121134020618513e+02
1.072414772727272663e+02
1.075828125000000028e+02
1.077866709183673493e+02
1.080321774445485801e+02
1.091998669770535457e+02
1.083775510204081627e+02
1.084670836076366101e+02
1.094403059527768534e+02
1.095332455562870280e+02
1.089143475572047066e+02
1.079794117647058869e+02
1.077476470588235316e+02
1.073657159833630459e+02
1.103051546391752566e+02
1.092646477946017143e+02
1.087846203975236250e+02
1.072760606060606108e+02
1.077649219467401309e+02
1.082174744897959187e+02
1.071297826752372231e+02
1.089560546875000000e+02
1.075722446236559193e+02
1.060753676470588260e+02
1.064645423305217093e+02
1.059243259803921546e+02
