5.779797979797979934e+01
5.795521541950113686e+01
5.755555555555555713e+01
5.789002267573695804e+01
5.748496240601503615e+01
5.806172839506172778e+01
5.811251402918069431e+01
5.791594594594594270e+01
5.797952497952498163e+01
5.821598639455782376e+01
5.794266994266994431e+01
5.780853920515574629e+01
5.817620650953984551e+01
5.825785634118967238e+01
5.782394736842105232e+01
5.859300291545189765e+01
5.813240513240513252e+01
5.806579306579306632e+01
5.860466472303207297e+01
5.858906071019472961e+01
5.868163265306122156e+01
5.832435465768799077e+01
5.835969387755102389e+01
5.836394557823129503e+01
5.801675675675675592e+01
5.845748299319728147e+01
5.848356009070294448e+01
5.814432432432432307e+01
5.816270270270270260e+01
5.849234693877551194e+01
5.818482118482118182e+01
5.820065520065519848e+01
5.845875420875420758e+01
5.822358722358722360e+01
5.852522675736961588e+01
5.808984582668793450e+01
5.802286018075491825e+01
5.837896825396825307e+01
5.819801434087148095e+01
5.819601419601419678e+01
5.824542724542724415e+01
5.852862811791383280e+01
5.876588921282798594e+01
5.851907968574635532e+01
5.842704826038159638e+01
5.862077922077921954e+01
5.854495990836196739e+01
5.823607280750137960e+01
5.801421052631579300e+01
5.823641823641823834e+01
5.806671982987772651e+01
5.824958632101489542e+01
5.873477633477633475e+01
5.804093567251462105e+01
5.870000000000000284e+01
5.846222222222222342e+01
5.818618618618618399e+01
5.817594594594594781e+01
5.827327327327327566e+01
5.809000000000000341e+01
5.868209876543210157e+01
5.822753854332801637e+01
5.853180453180453213e+01
5.850413678985107424e+01
5.853750689464975210e+01
5.895451895043731838e+01
5.838775510204081343e+01
5.846956046956047004e+01
5.821717171717171624e+01
5.876785714285714590e+01
5.901303854875283150e+01
5.853293241695303806e+01
5.625991949396204461e+01
5.525900900900900581e+01
5.473519736842105488e+01
5.450274122807017818e+01
5.476707175925925952e+01
5.480447680690399181e+01
5.444325657894736992e+01
5.496824980320126031e+01
5.455729166666666430e+01
5.487268518518518334e+01
5.512857961053837386e+01
5.499211711711711814e+01
5.470559210526315752e+01
5.473848684210526017e+01
5.484915897992403444e+01
5.721844524937308307e+01
5.838659793814432675e+01
5.823460573976037580e+01
5.828420172750069383e+01
5.835824600110314719e+01
