1.045525773195876269e+02
1.020982142857142918e+02
1.019500000000000028e+02
1.005446428571428612e+02
1.030176005747126453e+02
9.902806122448978954e+01
1.002577319587628892e+02
1.006411290322580641e+02
1.008972293814432959e+02
1.017538720538720582e+02
1.002274289284598581e+02
1.006233723958333286e+02
1.041749281609195350e+02
0.000000000000000000e+00
9.741071428571429180e+01
9.999576822916667140e+01
1.066360323886639634e+02
1.067412499999999937e+02
1.010358788676761037e+02
1.009127155172413808e+02
1.005555555555555571e+02
1.023486980999296208e+02
9.869917929292928704e+01
1.003901360544217738e+02
1.037156635802469111e+02
1.031925287356321803e+02
1.027942275042444891e+02
1.043221726190476204e+02
1.001182795698924792e+02
9.971300299301628911e+01
1.040373563218390842e+02
9.944917929292928704e+01
1.026946839080459739e+02
1.044109929078014147e+02
1.004696969696969688e+02
1.027951890034364197e+02
1.014610215053763511e+02
1.011809112071832431e+02
1.011601374570446694e+02
1.023855670103092734e+02
1.001071540143705079e+02
1.005628221649484573e+02
1.006344696969697026e+02
1.009558920342330453e+02
1.023151202749140936e+02
1.036232638888888857e+02
1.001240335051546424e+02
1.008819421350182921e+02
1.008976300197498404e+02
1.020793814432989706e+02
1.004777706185567041e+02
1.010206185567010380e+02
9.964827806122448806e+01
1.004989444053483396e+02
1.001932158297306330e+02
9.982881944444444855e+01
9.888743279569892763e+01
9.768055555555555713e+01
9.863157894736842479e+01
9.755618686868686495e+01
9.818689723977385597e+01
9.555078125000000000e+01
9.260595647193585478e+01
9.299166666666666003e+01
9.282416953035509266e+01
9.454483611626469042e+01
9.149828178694157543e+01
9.275288053365676433e+01
9.396231617647059409e+01
9.498991935483870463e+01
0.000000000000000000e+00
0.000000000000000000e+00
0.000000000000000000e+00
0.000000000000000000e+00
0.000000000000000000e+00
0.000000000000000000e+00
0.000000000000000000e+00
0.000000000000000000e+00
1.056722717913520881e+02
1.092055921052631646e+02
1.144864104967197704e+02
1.158414190418435368e+02
1.162940630797773593e+02
1.172091785833056150e+02
1.145515763697581946e+02
0.000000000000000000e+00
1.154878571428571377e+02
1.137425983977708057e+02
1.129087967049132146e+02
1.124819897084047966e+02
1.108074009324009381e+02
1.111976897689769004e+02
1.116758620689655146e+02
1.120516666666666623e+02
1.129801462904911205e+02
1.116985479797979792e+02
1.140665273423894064e+02
1.148836734693877588e+02
1.146992505702183109e+02
1.164190222813435298e+02
1.184163074712643748e+02
1.176481237656352903e+02
1.188295532646048116e+02
0.000000000000000000e+00
0.000000000000000000e+00
1.211386420191965811e+02
1.189183870967741967e+02
1.190125082290980885e+02
1.180179036458333286e+02
1.181797680412371108e+02
1.204833333333333343e+02
1.200624787775891349e+02
1.186333762886597896e+02
1.199783505154639158e+02
1.198267376122381052e+02
1.193941580756013678e+02
1.175462585034013614e+02
1.127861656135683432e+02
1.123729427254772872e+02
1.060707070707070727e+02
1.050013166556945379e+02
1.059946790821416727e+02
1.047095025510204067e+02
1.056182241436647757e+02
1.049587628865979383e+02
1.038003565062388560e+02
1.029622974963181150e+02
9.975451895043731554e+01
1.052245310245310179e+02
0.000000000000000000e+00
0.000000000000000000e+00
0.000000000000000000e+00
0.000000000000000000e+00
1.138100593564511058e+02
1.137063518456933764e+02
1.135148358585858546e+02
1.093605442176870781e+02
0.000000000000000000e+00
1.152027994791666714e+02
1.142758838383838338e+02
1.142058731646360457e+02
1.150327657378741009e+02
1.143613281250000000e+02
1.144674479166666714e+02
1.146962585034013671e+02
1.121697809278350491e+02
1.116027210884353735e+02
1.116268041237113380e+02
1.083517647058823599e+02
1.081431428571428626e+02
1.080971988795518257e+02
1.097789915966386616e+02
1.088314002828854257e+02
1.086636492220650609e+02
1.080652642934196308e+02
1.071779560308972066e+02
1.042159653465346594e+02
1.040517769607843093e+02
1.044125122189638262e+02
1.048153333333333279e+02
0.000000000000000000e+00
0.000000000000000000e+00
0.000000000000000000e+00
0.000000000000000000e+00
1.039850015304560742e+02
1.059905723905723960e+02
1.060885416666666714e+02
1.064268041237113351e+02
1.080778528261642322e+02
1.077705263157894677e+02
1.096253360215053760e+02
1.114827586206896513e+02
1.123904454022988517e+02
1.130700319943121173e+02
1.146939210806967679e+02
1.145748311411304599e+02
1.145961606825453316e+02
1.146409527195165339e+02
1.152835051546391725e+02
1.159363839285714306e+02
1.146119047619047677e+02
1.147368050668543304e+02
1.167800925925925952e+02
1.164925544100801886e+02
1.159037800687285227e+02
1.155715789473684225e+02
1.177154017857142918e+02
1.162104514752932829e+02
1.167814882032667896e+02
1.164826951399116410e+02
1.165719872022751531e+02
1.164193667157584713e+02
1.170308779761904816e+02
1.180511278195488671e+02
1.161336651261997872e+02
1.161075036075036024e+02
1.167959183673469425e+02
1.159428571428571360e+02
1.169146818343405556e+02
1.165911330049261068e+02
1.170408816210451448e+02
1.171907216494845301e+02
1.176960641399416971e+02
1.170814077497333869e+02
1.159153061224489818e+02
1.171399116347569986e+02
1.152811944543192340e+02
1.168988095238095184e+02
1.160172413793103487e+02
1.154596516174902234e+02
1.157077852826164275e+02
1.142050691244239573e+02
1.140000000000000000e+02
1.143418367346938709e+02
1.150024561403508727e+02
1.158030191458026508e+02
1.157989690721649509e+02
1.142029569892473120e+02
1.146237113402061851e+02
1.146658371845005320e+02
1.148268752221827214e+02
1.150391041592605745e+02
1.156749281609195350e+02
1.160630011454753685e+02
1.145777621393384891e+02
1.139356087262491144e+02
1.147956553755522862e+02
1.152700892857142918e+02
1.148214285714285694e+02
1.155055101315321764e+02
1.148516522988505812e+02
1.153697120511909020e+02
1.147668821839080522e+02
1.153313696612665638e+02
1.133042091836734642e+02
1.153963739779594704e+02
1.150957072484166019e+02
1.126875000000000000e+02
1.140319865319865329e+02
1.157131944444444400e+02
1.114993935718617308e+02
1.102415966386554658e+02
1.115829973118279526e+02
1.116230899830220693e+02
1.098398026315789480e+02
1.094052835051546424e+02
1.103814035087719247e+02
1.088397177419354875e+02
1.100010416666666657e+02
1.129297112462006112e+02
1.096432291666666714e+02
1.120667876588021841e+02
1.100473790322580641e+02
1.126442105263157885e+02
1.128424682395644254e+02
1.127322807017543909e+02
1.108063151041666714e+02
1.138929219600725986e+02
1.114359827070169615e+02
1.112671370967741922e+02
1.108981119791666714e+02
1.147005444646098056e+02
1.126808149405772497e+02
1.130252016129032313e+02
1.147414893617021221e+02
1.144055555555555515e+02
1.151368421052631561e+02
1.154007259528130618e+02
1.164751361161524557e+02
1.159754704301075208e+02
1.155300964416361893e+02
1.152725515463917532e+02
1.148210841370136279e+02
1.149445564516128968e+02
1.137504937458854499e+02
1.140052631578947313e+02
1.147852822580645125e+02
1.132297979797979792e+02
1.122617931896282357e+02
1.162235087719298292e+02
1.141177253076155580e+02
1.136953125000000000e+02
1.138974116161616195e+02
1.133817557013433373e+02
1.139876893939393909e+02
1.135648234926585474e+02
1.141044823232323182e+02
1.149018308080808026e+02
1.149283459595959584e+02
1.133523898781630805e+02
1.146028708133971321e+02
1.164915789473684242e+02
1.140641276041666714e+02
1.135202963917525807e+02
1.141000631313131350e+02
1.133708216182442925e+02
1.133635536688902334e+02
1.147988281250000000e+02
1.144422348484848442e+02
1.154684244791666714e+02
1.143058712121212182e+02
1.155835526315789537e+02
1.138716026241799426e+02
1.154936868686868650e+02
1.146860356138706720e+02
1.162339558573853964e+02
1.162717105263157862e+02
1.148345959595959584e+02
1.133151515151515127e+02
1.157267361111111086e+02
1.129628906250000000e+02
1.137240829346092568e+02
1.133776041666666714e+02
1.133938802083333286e+02
1.143606726149622546e+02
1.128480263157894683e+02
1.141093750000000000e+02
1.146404074702886220e+02
1.148407017543859610e+02
1.151784722222222257e+02
1.133726478494623677e+02
1.137983552631579016e+02
1.137623089983022027e+02
1.163634751773049629e+02
1.154694148936170279e+02
1.163551712670435592e+02
1.155567010309278402e+02
1.169562499999999972e+02
1.144780912364945920e+02
1.168981958762886535e+02
1.163637261356155364e+02
1.159209621993127115e+02
1.165451355661881934e+02
1.165385816932208627e+02
1.183256048387096797e+02
1.151640388114008431e+02
1.166446520618556661e+02
1.168572809278350491e+02
1.175490591397849443e+02
1.161299593876913434e+02
1.180107421875000000e+02
1.188518900343642599e+02
1.161946634323832654e+02
1.191103565365025503e+02
1.156497599039615807e+02
1.194879032258064484e+02
1.176755798969072231e+02
1.183147786458333286e+02
1.179244260204081627e+02
1.180997366688610981e+02
1.182356505102040813e+02
1.191575940860215042e+02
1.185221354166666714e+02
1.164485677083333286e+02
1.178443298969072117e+02
1.182689303904923577e+02
1.179225694444444485e+02
1.158492838541666714e+02
1.181849122807017523e+02
1.170302734375000000e+02
1.149684601113172562e+02
1.183329824561403569e+02
1.169875672043010724e+02
1.167226562500000000e+02
1.164107603092783449e+02
1.170218098958333286e+02
1.155492033739456446e+02
1.158275538894095575e+02
1.141869747899159648e+02
1.138119975262832355e+02
1.149008838383838338e+02
1.154835695876288639e+02
1.143345829428303659e+02
1.149946338383838338e+02
1.156264752791068560e+02
1.153601804123711361e+02
1.161464843750000000e+02
1.151813151041666714e+02
1.146614100185528713e+02
1.152433614495470096e+02
1.149825367647058840e+02
1.169595925297113723e+02
1.146456140350877178e+02
1.132507580351728365e+02
1.162024561403508756e+02
1.153954973118279526e+02
1.157618055555555543e+02
1.141761949390815403e+02
1.149062500000000000e+02
1.165673684210526346e+02
1.154370118845500883e+02
1.137739898989898961e+02
1.130547987616099022e+02
1.148541666666666714e+02
1.154478058510638334e+02
1.156212765957446749e+02
1.133472222222222285e+02
1.149483552631578931e+02
1.144820963541666714e+02
1.142679425837320508e+02
1.159203508771929876e+02
1.174626913265306172e+02
1.173100694444444514e+02
1.147812500000000000e+02
1.141800130208333286e+02
1.152778897849462396e+02
1.158879456706281843e+02
1.163185964912280639e+02
1.146475134408602088e+02
1.159034364261168406e+02
1.155265804597701162e+02
1.160533333333333275e+02
1.155148936170212721e+02
1.170542920029347016e+02
1.156232304900181447e+02
1.158268251273344589e+02
1.148922526041666714e+02
1.172699490662139254e+02
1.131409945421467569e+02
1.157888888888888914e+02
1.152151315789473642e+02
1.147594696969697026e+02
1.144435774309723826e+02
1.145624620982413546e+02
1.135009096422074037e+02
1.139024621212121247e+02
1.159947368421052687e+02
1.149527768540073112e+02
1.154459635416666714e+02
1.150358552631578988e+02
1.158051075268817272e+02
1.167072916666666629e+02
1.157510080645161281e+02
1.136998106060606091e+02
1.171527777777777715e+02
1.163158602150537604e+02
1.153064316635745143e+02
1.134812007277137695e+02
1.151848958333333286e+02
1.156811942347288920e+02
1.146269531250000000e+02
1.155772849462365599e+02
1.162210526315789423e+02
1.150470360824742215e+02
1.140193689472040006e+02
1.162049122807017483e+02
1.170912280701754327e+02
1.155570335882939759e+02
1.166611683848797298e+02
1.149753289473684248e+02
1.152718413978494567e+02
1.146315104166666714e+02
1.150769489247311839e+02
1.140930921052631533e+02
1.152124227865477053e+02
1.149622395833333286e+02
1.146188197767145169e+02
1.141408768536428084e+02
1.145269736842105317e+02
1.144210695876288639e+02
1.147384868421052602e+02
1.173408505154639130e+02
1.178211469534050195e+02
1.168723404255319167e+02
1.168755319148936138e+02
1.162624787775891377e+02
1.156029265048220793e+02
1.154703947368421098e+02
1.142254738942467611e+02
1.161826825127334502e+02
1.138195876288659747e+02
1.147675693101224965e+02
1.165288978494623677e+02
1.156364247311827995e+02
1.161982638888888886e+02
1.161775891341256397e+02
1.156394489247311839e+02
1.145667763157894683e+02
1.144471308833010994e+02
1.145771276595744723e+02
1.177157894736842110e+02
1.160050505050505052e+02
1.147260061919504608e+02
1.148236044657097352e+02
1.166475694444444429e+02
1.156598307291666714e+02
1.160797250859106526e+02
1.173358156028368739e+02
1.167826388888888829e+02
1.167680701754385950e+02
1.162464192708333286e+02
1.162570564516128968e+02
1.167320963541666714e+02
1.163108377659574444e+02
1.170210526315789537e+02
1.165865248226950399e+02
1.153043619791666714e+02
1.174573502722323042e+02
1.185074410163339422e+02
1.136617647058823479e+02
1.159475806451612954e+02
1.166325976230899784e+02
1.165851296469853224e+02
1.156862373737373701e+02
1.159443123938879410e+02
1.154629375428963556e+02
1.149003289473684220e+02
1.160465195246179917e+02
1.151759868421052602e+02
1.158170934486198860e+02
1.158445435827041905e+02
1.159859649122807070e+02
1.157933467741935516e+02
1.145279605263157947e+02
1.164033955857385365e+02
1.148387096774193594e+02
1.162719298245613970e+02
1.157361629881154528e+02
1.156132427843803043e+02
1.151370136348520106e+02
1.157507092198581518e+02
1.151354838709677466e+02
1.157479166666666686e+02
1.154509337860780960e+02
1.144208984375000000e+02
1.148447473404255277e+02
1.156737231182795682e+02
1.161503472222222229e+02
1.181942067149440447e+02
1.163576030927835063e+02
1.154375000000000000e+02
1.179833333333333343e+02
1.151179435483871032e+02
1.152096354166666714e+02
1.159472446236559193e+02
1.150182291666666714e+02
1.174142120765832118e+02
1.173355503824409709e+02
1.143504373177842552e+02
1.163698979591836746e+02
1.161262105592002456e+02
