8.473655913978494425e+01
8.475102718769123555e+01
8.464117894736841663e+01
8.464464653397391203e+01
8.464730610844200953e+01
8.469711122643141721e+01
8.477019546791213145e+01
8.484968186638387522e+01
8.475601014074656803e+01
8.476877349418656138e+01
8.494775223061084546e+01
8.492613246396705051e+01
8.493951612903225623e+01
8.492561702127659373e+01
8.488792726636943087e+01
8.500244776641314104e+01
8.485206382240721723e+01
8.497517265495235961e+01
8.483229275060701013e+01
8.484050526315789398e+01
8.495926217326689311e+01
8.491249235072996271e+01
8.492149965682909851e+01
8.489970830473575347e+01
8.476832151300236262e+01
8.487319148936170166e+01
8.485327659574467418e+01
8.488320657400122116e+01
8.491205524958475337e+01
8.479162330905306533e+01
8.492184631523734595e+01
8.492604667124227547e+01
8.489514893617021585e+01
8.478650711064862833e+01
8.490614275909402409e+01
8.493102264927934186e+01
8.486110157858612979e+01
8.488093364804615248e+01
8.490646035492612498e+01
8.475722193392147119e+01
8.476621691748832177e+01
8.466256842105262592e+01
8.493539573417945121e+01
8.477611679342599871e+01
8.482891861176676684e+01
8.472876664936862312e+01
8.503974969152123720e+01
8.492376956027624146e+01
8.490255319148936053e+01
8.487906382978722775e+01
8.485268085106382330e+01
8.484629787234042908e+01
8.490416952642415538e+01
8.488880146865984955e+01
8.483710638297871753e+01
8.494052668787557536e+01
8.504665279223031860e+01
8.499347975291695434e+01
8.494303363074811841e+01
8.480323404255318565e+01
8.491182795698924224e+01
8.483553534660261164e+01
8.497642105263157930e+01
8.506408308004053254e+01
8.502774887270204829e+01
8.495319148936169995e+01
8.505870620881026412e+01
8.497880919698009450e+01
8.489277271192165131e+01
8.497367741935484275e+01
8.493840860215053112e+01
8.489004255319149195e+01
8.499843912591050810e+01
8.496972043010752884e+01
8.486757446808510963e+01
8.485964310226492557e+01
8.486085106382978438e+01
8.488040494166094163e+01
8.497069025320845981e+01
8.491249235072996271e+01
8.487079615648592323e+01
8.490622855181879913e+01
8.497031571722718013e+01
8.498644474948524419e+01
8.509703433922996396e+01
8.498306382978722695e+01
8.497923816060398394e+01
8.499845573095402074e+01
8.496491077556623850e+01
8.497975291695264843e+01
8.487455197132617002e+01
8.486432380452836810e+01
8.499622512010981268e+01
8.486406154384124534e+01
8.497861724875266987e+01
8.488126286890872052e+01
8.484900480439259240e+01
8.494935830731876081e+01
8.491304347826087451e+01
8.481344523122650969e+01
8.496902882635552601e+01
8.496680851063830175e+01
8.473266986959505687e+01
8.485012371862849534e+01
8.493442912689997115e+01
8.484144680851063924e+01
8.484723404255319679e+01
8.479531914893617284e+01
8.488186341798216006e+01
8.479744337680165245e+01
8.481327039076842311e+01
8.480764573603183010e+01
8.481230876824896825e+01
8.483162863886703065e+01
8.489804255319148751e+01
8.484791489361701622e+01
8.481991489361702463e+01
8.486467348544452705e+01
8.487372426915759149e+01
8.476641314800244231e+01
8.486810613943808335e+01
8.484386747093277847e+01
8.498738846945778391e+01
8.478905498732406443e+01
8.486221688400823382e+01
8.485758407687028182e+01
8.483346446367688998e+01
8.482061369000787465e+01
8.482587234042553348e+01
8.485855406941166734e+01
8.484161702127659055e+01
8.483685106382978347e+01
8.482655319148936712e+01
8.492192862045298796e+01
8.488451787743683497e+01
8.488953191489362382e+01
8.487096774193548754e+01
8.487063829787234681e+01
8.493761702127659419e+01
8.490902127659575171e+01
8.493076317859953406e+01
8.492639216714748329e+01
8.490348806713873842e+01
8.499414284465424885e+01
8.495880851063829198e+01
8.506468085106382659e+01
8.499455319148935928e+01
8.509557309540150527e+01
8.506297872340425670e+01
8.500384649007780524e+01
8.499825159541917685e+01
8.503706617711338822e+01
8.500886862826357060e+01
8.489894221522860107e+01
8.488765957446808841e+01
8.496348936170213051e+01
8.498068085106382341e+01
8.495642553191488844e+01
8.494234728894990383e+01
8.498459574468084554e+01
8.485475199445022554e+01
8.496323404255319645e+01
8.488085327783558398e+01
8.491157446808510656e+01
8.503776553894570611e+01
8.505907282477079434e+01
8.501733013040494313e+01
8.489804753820034477e+01
