9.415110456553755114e+01
9.542517680339462061e+01
9.676654298082868877e+01
9.595157456922163419e+01
9.385138888888889142e+01
9.566493506493506516e+01
9.485396825396824738e+01
9.525970588235294656e+01
9.616716686674669745e+01
9.725378787878787534e+01
9.682622139764997371e+01
9.589661319073083234e+01
9.729500000000000171e+01
9.841155115511551799e+01
9.761416824794433467e+01
9.950973028337315895e+01
9.942475728155339709e+01
9.797421116504854410e+01
1.000770308123249350e+02
9.773322580645161395e+01
9.862033333333333474e+01
9.940285714285714391e+01
9.795699257425742701e+01
9.456222222222221774e+01
9.819343750000000171e+01
9.548871063576946483e+01
9.828812499999999375e+01
9.533199999999999363e+01
9.810500000000000398e+01
9.582193362193362418e+01
9.651336898395722130e+01
9.601633986928104036e+01
9.554852941176470438e+01
9.596019013666072794e+01
9.643151515151515696e+01
9.783743686868686495e+01
9.689929599020507567e+01
9.691735537190082539e+01
9.521342857142856531e+01
9.607134536983110706e+01
9.664885954381752242e+01
9.917971797179717441e+01
9.959017671517671033e+01
9.916620752984388787e+01
9.815151515151515582e+01
9.734771428571428942e+01
9.911093750000000568e+01
9.748274827482748606e+01
9.748668503213957592e+01
9.919774193548387586e+01
9.755953474135291970e+01
9.762840346534653690e+01
9.678372524752475670e+01
1.003089999999999975e+02
9.771335807050093081e+01
9.779251700680272563e+01
9.695484254307783090e+01
1.012621359223301027e+02
1.010472370766488410e+02
1.008811848958333286e+02
9.885067166510465597e+01
9.857825679475163838e+01
9.809184629803186795e+01
9.761043423930021845e+01
9.711467617349970283e+01
9.897794601711652263e+01
1.007548275862069005e+02
1.009372413793103505e+02
1.004369999999999976e+02
9.868782552083332860e+01
1.008525252525252540e+02
9.897821969696970257e+01
9.938208762886597469e+01
9.965056818181818699e+01
9.984635416666667140e+01
1.011383333333333354e+02
9.887253983130271706e+01
1.007249348958333286e+02
1.001088709677419359e+02
1.044738586156111921e+02
1.021443123938879438e+02
1.024343434343434325e+02
1.035529084158415856e+02
1.006215151515151547e+02
1.008487940630797794e+02
9.999079025549613675e+01
1.022876275510204067e+02
1.025187357445421981e+02
1.012400240024002471e+02
1.025946562398175246e+02
1.022875631313131350e+02
1.030520000000000067e+02
1.010839393939393887e+02
1.018187499999999943e+02
1.018315625000000040e+02
1.025197132616487465e+02
1.019196774193548407e+02
1.015540625000000006e+02
1.025312903225806451e+02
1.017860422405876903e+02
1.017626262626262559e+02
1.023825806451612834e+02
1.013843750000000057e+02
1.021341935483871026e+02
1.023074494949494948e+02
1.019196774193548407e+02
1.027290322580645210e+02
1.033318681318681342e+02
1.013463735008566573e+02
1.022963909294155229e+02
1.028667318344737680e+02
1.027722772277227676e+02
1.026192909613541957e+02
1.025233585858585883e+02
1.017667584940312224e+02
1.022247474747474740e+02
1.014584458445844604e+02
1.018523284313725554e+02
1.027626956244011467e+02
1.023434374999999932e+02
1.016231623162316282e+02
1.025795454545454533e+02
1.022118750000000063e+02
1.022143750000000040e+02
1.021478787878787813e+02
1.021145454545454498e+02
1.021795343137254832e+02
1.043933823529411740e+02
1.038471947194719434e+02
1.029865857553497221e+02
1.038554838709677455e+02
1.037807103290974311e+02
1.032800000000000011e+02
1.031664540816326507e+02
1.026902846534653406e+02
1.012417006406522972e+02
1.027321874999999949e+02
1.037699144173798516e+02
1.032436868686868650e+02
1.026392107735671715e+02
1.034561746497230388e+02
1.032106249999999932e+02
1.039106451612903186e+02
1.033169191919191974e+02
1.039892473118279526e+02
1.053548821548821479e+02
1.030742424242424278e+02
1.031172727272727343e+02
1.035566212871287064e+02
1.041331842861705468e+02
1.042656250000000000e+02
1.039649232696523597e+02
1.034783415841584144e+02
1.040081250000000068e+02
1.038626893939393909e+02
1.042206249999999983e+02
1.041470588235294059e+02
1.037367358708189187e+02
1.040718181818181876e+02
1.042878125000000011e+02
1.065962962962963019e+02
1.054117840684660905e+02
1.048314393939393909e+02
1.054258207070707130e+02
1.053133640552995445e+02
1.038266666666666680e+02
1.046666666666666714e+02
1.031238235294117658e+02
1.041744719926538068e+02
1.044779040404040416e+02
1.041533516988062473e+02
1.038253124999999955e+02
1.043999368686868650e+02
1.048620803159973605e+02
1.039309374999999989e+02
1.053959842001316645e+02
1.043538510101010104e+02
1.050200789993416777e+02
1.037869318181818130e+02
1.029727891156462647e+02
1.030199999999999960e+02
1.040622119815668185e+02
1.033336275375110347e+02
1.031322101656196395e+02
1.039697169190256716e+02
1.042475312705727504e+02
1.047164983164983170e+02
1.018463422099785731e+02
1.042044217687074763e+02
1.018500153045607561e+02
1.026540404040404013e+02
1.034907135874877753e+02
1.038709677419354875e+02
1.039276666666666671e+02
1.037298794395568535e+02
1.018279767370676439e+02
1.019464340373431241e+02
1.023223852040816269e+02
1.037274914089347106e+02
1.023376913265306172e+02
1.016205357142857082e+02
1.030871300299301652e+02
1.051846055573299310e+02
1.038778801843318007e+02
1.016060606060606091e+02
1.029125374127036849e+02
1.024996811224489761e+02
1.027837393021724779e+02
1.027534722222222285e+02
1.028838051349572140e+02
1.031599326599326645e+02
1.032463343108504432e+02
1.032737047898338290e+02
1.020821212121212085e+02
1.022271196816651297e+02
1.032215705441511915e+02
1.040093406593406655e+02
1.043926767676767611e+02
1.051352231997393289e+02
1.045253456221198149e+02
1.032803030303030312e+02
1.031068258340985579e+02
1.026985001530456145e+02
1.037174975562072348e+02
1.032391581632653015e+02
1.027297214569941843e+02
1.040433365917236870e+02
1.027658402203856696e+02
1.045124579124579185e+02
1.030849999999999937e+02
1.039263392857142918e+02
1.038538510101010104e+02
1.038712121212121247e+02
1.035736149372513069e+02
1.051394591072010485e+02
1.064674127715602339e+02
1.059426666666666677e+02
1.073482200647249130e+02
1.045950175662727588e+02
1.037662627551020478e+02
1.044134482758620663e+02
1.041738095238095241e+02
1.046418010752688161e+02
1.034464285714285694e+02
1.049607582307948093e+02
1.047948121050881269e+02
1.047822265625000000e+02
1.037082270408163254e+02
1.030445269016697551e+02
1.037880154639175316e+02
1.025551083591331292e+02
1.053137755102040813e+02
1.043171821305841860e+02
1.060173048600883590e+02
1.038216045038705175e+02
1.013173324742268022e+02
1.041971574344023281e+02
1.051775446775446738e+02
1.021384868421052659e+02
1.010743517650734162e+02
1.024560271646859064e+02
1.020221354166666714e+02
1.043454810495626788e+02
1.019819587628865918e+02
1.012913411458333286e+02
1.022193943298969003e+02
1.035921901528013649e+02
1.037819444444444485e+02
1.017297719462667942e+02
1.030300030003000273e+02
1.040967628430682623e+02
1.017484217171717233e+02
1.007474226804123703e+02
1.047736880466472371e+02
1.010615432677288368e+02
1.033459649122807065e+02
1.024932345360824684e+02
1.024164323648859778e+02
1.039216494845360756e+02
1.024288041707396530e+02
1.028740335051546424e+02
1.026226475279106864e+02
1.024993489583333286e+02
1.028766212171599648e+02
1.027369980250164616e+02
1.015213358070500931e+02
1.030016108247422721e+02
1.039122048553375492e+02
1.061605603448275872e+02
1.043466494845360870e+02
1.042848307291666714e+02
1.046684922680412342e+02
1.044052933673469425e+02
1.033139255702280934e+02
1.044135101010101039e+02
1.036584022038567525e+02
1.062189003436426162e+02
1.035295378022650681e+02
1.052883675464320561e+02
1.049543712991988826e+02
1.020574820368634761e+02
1.028019770408163254e+02
1.027369980250164616e+02
1.026562500000000000e+02
1.058959183673469369e+02
1.053903061224489761e+02
1.017585129646985251e+02
1.033428666444961692e+02
1.040788177339901495e+02
1.042985022640195041e+02
1.027477448453608275e+02
1.034768041237113465e+02
1.038106529209621982e+02
1.041494949494949509e+02
1.053075299085151357e+02
1.038806119055537067e+02
1.047998004655803186e+02
1.030265924551638790e+02
1.032127525252525260e+02
1.050247422680412370e+02
1.036572945954389269e+02
1.019035812672176320e+02
1.046388530927835063e+02
1.048262117346938709e+02
1.035094696969697026e+02
1.030726654298082821e+02
1.038119975262832355e+02
1.038574429771908711e+02
1.060177190721649509e+02
1.047554112554112606e+02
1.051478125000000006e+02
1.051787572696663631e+02
1.051802877257422750e+02
1.059932659932659931e+02
1.037502295684113847e+02
1.031239950525664852e+02
1.044939081537019661e+02
1.048582702020202078e+02
1.050899621212121247e+02
1.041299519807923133e+02
1.043526170798898107e+02
1.049677510608203619e+02
1.041437240498243426e+02
1.028995052566481121e+02
1.054920014219694337e+02
1.027130681818181870e+02
1.026486742424242493e+02
1.013063973063973009e+02
1.037491770901909121e+02
1.023133395813808164e+02
1.030772108843537467e+02
1.040019749835417997e+02
1.026382087628865918e+02
1.024161352040816269e+02
1.044684778822709887e+02
1.031173469387755119e+02
1.033397306397306465e+02
1.063909889270714046e+02
1.028763333333333350e+02
1.039319727891156475e+02
1.030276963180188972e+02
1.042820689655172401e+02
1.043587600139324252e+02
1.046346938775510154e+02
1.043723905723905716e+02
1.033145161290322562e+02
1.048292020373514362e+02
1.035158064516129031e+02
1.026273039675101586e+02
1.028509585652442837e+02
1.026572945954389269e+02
1.036205591147350020e+02
1.053035483870967681e+02
1.037702963917525807e+02
