1.075079999999999956e+02
1.079854111405835511e+02
1.084786206896551732e+02
1.080013333333333350e+02
1.077159999999999940e+02
1.077733333333333263e+02
1.077034482758620726e+02
1.072813333333333361e+02
1.074146666666666619e+02
1.075533333333333275e+02
1.074039999999999964e+02
1.073880000000000052e+02
1.075600000000000023e+02
1.075227586206896575e+02
1.073779310344827564e+02
1.071026666666666642e+02
1.075977011494252906e+02
1.071533333333333360e+02
1.076336206896551744e+02
1.075583333333333371e+02
1.078002873563218458e+02
1.076916666666666629e+02
1.078362068965517295e+02
1.079195402298850581e+02
1.082500000000000000e+02
1.080937931034482773e+02
1.082291666666666714e+02
1.087428160919540261e+02
1.093448275862068897e+02
1.094152298850574709e+02
1.095416666666666714e+02
1.095215517241379359e+02
1.095402298850574709e+02
1.092868965517241406e+02
1.100238095238095184e+02
1.100952380952381020e+02
1.097724137931034534e+02
1.098468965517241429e+02
1.096868965517241321e+02
1.099742857142857133e+02
1.101551724137931103e+02
1.103318452380952408e+02
1.097800000000000011e+02
1.096899999999999977e+02
1.100133928571428612e+02
1.101309523809523796e+02
1.095448275862068925e+02
1.101041666666666714e+02
1.096275862068965523e+02
1.099238505747126453e+02
1.101250000000000000e+02
1.097385057471264389e+02
1.098333333333333286e+02
1.099267241379310320e+02
1.095379310344827530e+02
1.097500000000000000e+02
1.098261494252873547e+02
1.097787356321839098e+02
1.097054597701149419e+02
1.096152777777777771e+02
1.095765517241379285e+02
1.096954022988505812e+02
1.093406896551724117e+02
1.091159999999999997e+02
1.095114942528735611e+02
1.093931034482758662e+02
1.093857142857142861e+02
1.093406896551724117e+02
1.092841379310344792e+02
1.093074712643678197e+02
1.094238505747126453e+02
1.087889655172413796e+02
1.088924137931034437e+02
1.094267241379310320e+02
1.096770833333333286e+02
1.094683908045977034e+02
1.091379310344827616e+02
1.090316091954022966e+02
1.094300595238095184e+02
1.091221264367816133e+02
1.092183908045977034e+02
1.091336206896551744e+02
1.091623563218390842e+02
1.092112068965517295e+02
1.086400000000000006e+02
1.086289655172413831e+02
1.090589080459770059e+02
1.092313218390804650e+02
1.091034482758620641e+02
1.091235632183907995e+02
1.086344827586206918e+02
1.087830459770114970e+02
1.088703448275862087e+02
1.088041379310344894e+02
1.088793103448275872e+02
1.087034482758620726e+02
1.086758620689655146e+02
1.085048275862069005e+02
1.087485714285714238e+02
1.090043103448275872e+02
1.088232758620689680e+02
1.087600574712643748e+02
1.088385714285714272e+02
1.082626666666666608e+02
1.082373333333333392e+02
1.080546666666666624e+02
1.084124137931034539e+02
1.080717241379310281e+02
1.081910919540229941e+02
1.080993103448275861e+02
1.083542857142857088e+02
1.080426666666666620e+02
1.077213333333333338e+02
1.079475862068965455e+02
1.085431034482758577e+02
1.086206896551724128e+02
1.084057142857142821e+02
1.082327586206896513e+02
1.086086309523809490e+02
1.082772413793103397e+02
1.085962643678160902e+02
1.084899425287356252e+02
1.084888888888888943e+02
1.085158045977011483e+02
1.084683908045977034e+02
1.084137931034482705e+02
1.080480000000000018e+02
1.082951724137930967e+02
1.086580459770114970e+02
1.087413793103448256e+02
1.087356321839080522e+02
1.087586206896551744e+02
1.087873563218390842e+02
1.087126436781609158e+02
1.084606896551724162e+02
1.087887931034482705e+02
1.089655172413793167e+02
1.089755747126436773e+02
1.088994252873563227e+02
1.085034482758620697e+02
1.085268965517241355e+02
1.085241379310344882e+02
