8.512784090909090651e+01
8.448951048951049358e+01
8.408452593917709805e+01
8.444164456233421845e+01
8.343090909090909690e+01
8.112511052166225056e+01
8.112687886825817429e+01
8.019584438549955507e+01
7.818022988505747151e+01
7.761977011494252565e+01
7.898724489795918657e+01
7.868487394957983838e+01
0.000000000000000000e+00
7.377952069716775441e+01
7.296787330316742270e+01
7.024823633156967162e+01
6.999587912087912400e+01
7.027243589743589780e+01
6.892078754578754740e+01
6.979304029304029200e+01
6.980065666041275563e+01
6.945075046904315741e+01
7.175857275254865897e+01
7.356502525252524549e+01
7.434761597938144462e+01
7.544228316326530148e+01
7.545610746641673927e+01
7.480382775119616667e+01
7.490397135416667140e+01
7.396158854166667140e+01
7.385384114583332860e+01
6.418721037998146528e+01
7.383203125000000000e+01
7.307142857142856940e+01
7.307671957671958296e+01
7.017860300618920633e+01
7.105395348837208758e+01
7.009954751131222395e+01
7.212271307452030555e+01
7.112449799196787126e+01
7.036046511627907307e+01
0.000000000000000000e+00
0.000000000000000000e+00
7.747240829346092994e+01
7.796315789473683822e+01
7.685904255319148604e+01
7.768529040404040131e+01
7.121035294117646686e+01
7.797219618869102931e+01
7.421754385964912615e+01
7.401790364583332860e+01
7.444868035190616240e+01
7.407079081632653583e+01
7.472694688823720810e+01
7.222571428571428953e+01
7.513733631427659532e+01
0.000000000000000000e+00
0.000000000000000000e+00
0.000000000000000000e+00
0.000000000000000000e+00
0.000000000000000000e+00
0.000000000000000000e+00
0.000000000000000000e+00
0.000000000000000000e+00
0.000000000000000000e+00
0.000000000000000000e+00
0.000000000000000000e+00
0.000000000000000000e+00
0.000000000000000000e+00
7.803764705882352359e+01
8.098007246376810997e+01
8.044183908045977205e+01
7.962988505747127022e+01
7.876598837209301962e+01
8.152666666666667084e+01
8.028975609756098208e+01
8.142399267399267160e+01
8.146809460062472397e+01
8.186932344763670244e+01
0.000000000000000000e+00
8.171825396825396126e+01
8.181569664902998795e+01
8.134798534798534320e+01
8.204139433551198124e+01
8.246428571428570820e+01
8.181976744186046346e+01
8.223881932021467378e+01
0.000000000000000000e+00
0.000000000000000000e+00
8.159520697167755543e+01
0.000000000000000000e+00
8.030074142724744490e+01
8.101266968325792561e+01
8.029585537918870841e+01
8.007666666666666799e+01
8.131986417657046218e+01
8.056502546689303301e+01
8.069638554216867021e+01
7.949587912087912400e+01
8.034386446886446720e+01
8.048214285714286120e+01
8.057371794871794179e+01
8.053443649373882351e+01
8.172942754919499464e+01
8.103981900452488674e+01
8.107234432234432120e+01
8.052269736842104919e+01
8.134013157894736423e+01
0.000000000000000000e+00
0.000000000000000000e+00
7.476604651162790560e+01
7.502652519893899807e+01
8.252941176470588402e+01
8.118547854785478535e+01
8.177298850574712219e+01
8.123581395348837475e+01
8.068697674418604038e+01
8.071886973180076552e+01
8.071023255813953767e+01
8.064798850574712219e+01
8.148946360153256308e+01
8.057425287356322485e+01
8.120919540229884603e+01
7.945999999999999375e+01
8.004459770114942785e+01
7.958482758620689879e+01
7.993368700265251903e+01
8.058178603006189178e+01
8.123310344827585538e+01
8.108178603006189178e+01
8.022202797202797342e+01
7.878068965517240940e+01
7.938558139534883651e+01
7.962837209302325903e+01
8.058322690506598462e+01
7.991540229885058011e+01
8.015862068965516585e+01
7.986191860465116577e+01
7.953929411764706003e+01
7.604658823529412359e+01
7.661458823529412143e+01
7.649221611721611680e+01
7.700485008818341726e+01
7.543269230769230660e+01
7.454291938997820921e+01
7.370239651416122229e+01
7.396604938271605079e+01
7.459477124183005969e+01
7.454608096468561484e+01
7.245192307692308020e+01
7.018588235294117794e+01
7.485156250000000000e+01
7.342034233048057956e+01
7.395429864253394214e+01
7.343484162895927625e+01
7.451744186046511231e+01
7.302533936651583701e+01
7.388998211091234225e+01
7.410375670840787166e+01
7.284386446886446720e+01
7.218315018315018960e+01
7.264517647058823968e+01
7.257511312217194188e+01
7.352100000000000080e+01
7.063962202671879709e+01
7.205876288659793261e+01
7.264062500000000000e+01
6.821223529411764730e+01
6.856094117647059250e+01
6.959999999999999432e+01
7.331321540062434394e+01
7.157862318840579974e+01
7.173129718599862770e+01
7.084076870281400318e+01
7.418526315789473813e+01
7.384687499999999716e+01
7.423012969737280287e+01
7.390446735395188682e+01
7.432708333333333428e+01
7.512284131638971019e+01
7.426632653061224687e+01
7.396700680272108741e+01
7.282414965986394861e+01
7.099425287356321235e+01
7.334639175257731836e+01
7.451346801346801385e+01
7.430272108843537637e+01
7.308299319727890975e+01
7.299761904761905384e+01
7.375986394557823189e+01
7.308130348913759633e+01
7.411981566820276157e+01
7.329730628533421566e+01
7.324002774887270562e+01
7.121317073170732215e+01
7.246341463414634632e+01
7.422457912457912244e+01
7.388503401360544842e+01
7.197638554216867135e+01
7.410515463917525381e+01
7.302959760558695734e+01
7.365360824742268164e+01
7.373864384463462329e+01
7.337312936481542636e+01
7.349915110356536729e+01
7.429233870967742348e+01
7.397517730496453225e+01
7.042598039215685901e+01
7.588415750915750380e+01
7.361996336996337220e+01
7.543576470588234884e+01
7.508801742919389710e+01
7.464162895927601937e+01
7.839310562934851134e+01
7.665917236884979502e+01
7.573697916666667140e+01
7.442752659574468055e+01
7.188705882352941501e+01
7.070380952380952522e+01
7.142647058823528994e+01
7.501263297872340274e+01
7.522927631578947683e+01
7.127764705882353269e+01
7.544703947368421382e+01
7.442674731182795256e+01
7.430409946236558483e+01
7.014023529411764457e+01
6.894619047619048047e+01
6.851140873015873467e+01
6.823263888888888573e+01
0.000000000000000000e+00
0.000000000000000000e+00
0.000000000000000000e+00
0.000000000000000000e+00
6.162500000000000000e+01
6.098704225352112474e+01
6.101166666666666316e+01
0.000000000000000000e+00
0.000000000000000000e+00
0.000000000000000000e+00
0.000000000000000000e+00
0.000000000000000000e+00
0.000000000000000000e+00
0.000000000000000000e+00
0.000000000000000000e+00
0.000000000000000000e+00
0.000000000000000000e+00
0.000000000000000000e+00
0.000000000000000000e+00
0.000000000000000000e+00
0.000000000000000000e+00
0.000000000000000000e+00
0.000000000000000000e+00
8.210714285714286120e+01
7.912691570881226255e+01
8.079154795821462187e+01
8.371098077549690686e+01
8.056823979591837315e+01
7.668587239583332860e+01
7.627416237113402531e+01
7.260816326530611775e+01
7.347079037800686763e+01
7.355793285055958108e+01
7.380235690235690527e+01
7.448419680677744736e+01
7.393676975945017205e+01
7.357074829931973170e+01
7.336615712762176145e+01
7.357411347517729894e+01
7.303505154639175601e+01
7.300302419354838435e+01
7.285221674876846976e+01
7.387324861518409591e+01
7.400798466943469123e+01
7.324799721351445214e+01
7.326838487972509029e+01
7.340437710437710450e+01
7.379081133919844149e+01
7.378666666666666174e+01
7.321296905859118453e+01
7.164131944444444855e+01
7.352211506484869119e+01
7.359756944444444571e+01
7.361496598639455158e+01
7.410895325872284900e+01
7.108993055555555429e+01
7.257395833333333712e+01
7.355068027210884907e+01
7.298137678749584722e+01
7.054285714285714448e+01
7.101333333333333542e+01
7.261779081133920499e+01
7.288750000000000284e+01
7.280179580977718956e+01
7.269414634146340859e+01
7.244855687606111871e+01
7.218322368421053170e+01
7.222580645161289681e+01
7.300135869565217206e+01
7.379670329670329920e+01
7.341591741591741993e+01
7.378886693017128096e+01
7.383276098901099260e+01
7.430303030303029743e+01
7.429999999999999716e+01
7.425195312500000000e+01
7.636874003189792859e+01
7.886282176604757410e+01
7.812895927601809376e+01
7.549867724867725371e+01
7.452526595744680549e+01
6.500975609756098095e+01
6.983583489681051049e+01
7.004127579737335907e+01
7.014153439153439251e+01
7.010027472527472980e+01
6.888665774207943571e+01
6.370864864864864785e+01
6.891288229842446356e+01
6.925486561631140603e+01
6.967276565798732690e+01
6.826616379310344485e+01
6.848061224489795507e+01
6.187253333333333671e+01
6.862087542087542147e+01
6.172972972972972627e+01
6.774833333333333485e+01
6.929564411492121678e+01
6.845551436515292210e+01
6.610618556701031423e+01
6.897497683039851779e+01
6.781302989736724385e+01
6.856314145470771848e+01
6.901940035273368323e+01
6.876830398517145682e+01
6.855534709193246101e+01
6.831280678268629458e+01
6.859437751004016093e+01
6.924294532627865806e+01
6.908202038924930832e+01
6.012391774891774787e+01
6.909611992945326620e+01
6.869621342512908768e+01
6.888123924268502662e+01
6.935034013605442738e+01
6.853958691910499113e+01
