7.318339587242026312e+01
7.403560975609755701e+01
7.418860055607044046e+01
7.314360041623308462e+01
7.133035714285713880e+01
7.159764705882352587e+01
7.175809523809523682e+01
7.315569972196477977e+01
7.170823529411764241e+01
7.361399443929563802e+01
7.351436515291936757e+01
7.392390243902438840e+01
7.376878048780487518e+01
7.393349397590361605e+01
7.147576470588235509e+01
7.282363253856942720e+01
7.142070588235294792e+01
7.158023529411764230e+01
7.190358527131782296e+01
7.415024390243902985e+01
7.367052826691380574e+01
7.332326698695950995e+01
7.152034883720929770e+01
7.370620945319740258e+01
7.335975609756097526e+01
7.360518999073215696e+01
7.369230769230769340e+01
7.385975903614458105e+01
7.311965811965812634e+01
7.370574606116774419e+01
7.408682926829268922e+01
7.364915662650602712e+01
7.328424015009380810e+01
7.351390176088970918e+01
7.350278035217793615e+01
7.320203892493049125e+01
7.394536585365854364e+01
7.360084427767354498e+01
7.365291936978684362e+01
7.098325581395349104e+01
7.278846153846153300e+01
7.344192771084337323e+01
7.314868667917448875e+01
7.335903614457831168e+01
7.359777571825765108e+01
7.373734939759036422e+01
7.428846153846153300e+01
7.400780487804877339e+01
7.173023255813953369e+01
7.368198874296435008e+01
7.364560439560439420e+01
7.429888785912882554e+01
7.371200750469043328e+01
7.455514365152919254e+01
7.373003123605533915e+01
7.391071428571429180e+01
7.438646895273400617e+01
7.334847080630213156e+01
7.373672161172160600e+01
7.298264540337710571e+01
7.391463414634147000e+01
7.404633920296571148e+01
7.413253012048193114e+01
7.401782363977486057e+01
7.329086419753086545e+01
7.349624765478424138e+01
7.334474671669794077e+01
7.323874296435272413e+01
7.433804878048781006e+01
7.331974050046339642e+01
7.356519699812382385e+01
7.362094531974049971e+01
7.329690431519699700e+01
7.301806684733513464e+01
7.291168091168091792e+01
7.350072289156626937e+01
7.071209302325581803e+01
7.282814814814814497e+01
7.306566604127580433e+01
7.351614457831325922e+01
7.384337349397590344e+01
7.357999999999999829e+01
7.347748592870543405e+01
7.401407129455910194e+01
7.368952734012974304e+01
7.414835164835164960e+01
7.380008924587238539e+01
7.375532900834105021e+01
7.316979362101312745e+01
7.369091751621871822e+01
7.344887429643527810e+01
7.435959221501390459e+01
7.365662650602409656e+01
7.422103799814642855e+01
7.332715477293790229e+01
7.323470744680851396e+01
7.390313390313390585e+01
7.318949343339586733e+01
7.354831144465291004e+01
7.394949026876737719e+01
7.422097560975609554e+01
7.378236397748592879e+01
7.393512511584800961e+01
7.384341463414634177e+01
7.348146431881372109e+01
7.288461538461538680e+01
7.383208255159475186e+01
7.393558850787766801e+01
7.493697868396662898e+01
7.280717054263566013e+01
7.560376470588235520e+01
7.713882352941176634e+01
7.452894117647058181e+01
7.574506024096385204e+01
7.536446886446886140e+01
7.616172381835032468e+01
7.634780487804877680e+01
7.612048780487805288e+01
7.658771106941838980e+01
7.693667917448405547e+01
7.580849141824751314e+01
7.505487804878049474e+01
7.621872103799815079e+01
7.784020146520146000e+01
7.471316033364226428e+01
7.362827461607949431e+01
7.471307452030343654e+01
7.489513609995537990e+01
7.515216421240518230e+01
7.644139194139194160e+01
7.756966490299824102e+01
7.833638344226579875e+01
7.809906462585034603e+01
7.815961199294532946e+01
7.882624434389140333e+01
7.891851851851852473e+01
7.888758169934639852e+01
7.876819172113289369e+01
7.859607843137254690e+01
7.824705882352941444e+01
7.809106753812636725e+01
7.829894179894179729e+01
7.760174291938997726e+01
7.815511982570805571e+01
7.978300653594770608e+01
7.979651416122004548e+01
7.943747276688452530e+01
7.891666666666667140e+01
7.947481684981684680e+01
7.901946246524559569e+01
7.934844322344322620e+01
7.842964352720450449e+01
7.848780487804877737e+01
7.955912539045068854e+01
7.833197831978320380e+01
7.877954971857410271e+01
7.904060687193216950e+01
7.919416126042632698e+01
7.829610750695087518e+01
7.882820169567158075e+01
7.870816599732262375e+01
7.889417989417989929e+01
7.972134038800705014e+01
8.014727668845316089e+01
7.946200185356812540e+01
7.946200185356812540e+01
7.933271547729378881e+01
7.937500000000000000e+01
7.956437389770722746e+01
7.969047619047618980e+01
8.007466063348415730e+01
8.006084656084655649e+01
7.934432234432235020e+01
7.939156626506023429e+01
8.014660633484163554e+01
8.026274509803921831e+01
7.946781305114637917e+01
7.890255731922398752e+01
7.923442265795206652e+01
7.933950617283950635e+01
8.014989106753812109e+01
7.793606701940035464e+01
7.870281124497992664e+01
7.871869488536155757e+01
8.029803921568627345e+01
7.933115468409586413e+01
7.938605664488017055e+01
8.059043927648578176e+01
8.036890756302520344e+01
7.799322493224931918e+01
7.911677479147358838e+01
7.866041945560017723e+01
7.938739573679332295e+01
7.928469433288709922e+01
7.935943223443223360e+01
7.992680776014108801e+01
7.979982363315696148e+01
8.058779956427015634e+01
7.925595238095237960e+01
7.952160493827160792e+01
8.051058201058201291e+01
7.970811287477954465e+01
7.886479250334672031e+01
7.966063348416290069e+01
7.943093681917211768e+01
7.880402930402929940e+01
7.718384649709950907e+01
7.774603174603174693e+01
7.924841628959275397e+01
7.849496336996337220e+01
7.842445054945055460e+01
7.837728937728937240e+01
7.808711770157553644e+01
7.631637661758144020e+01
7.744465290806753899e+01
7.850045787545786879e+01
7.844132083891119578e+01
7.828869323447636930e+01
7.869210174029451821e+01
7.942283950617283494e+01
7.834567901234568410e+01
7.748906738063364230e+01
7.827336860670193630e+01
7.846586345381525973e+01
7.845009157509157660e+01
7.784523809523810201e+01
7.695671575189646774e+01
7.736189201249442249e+01
7.796478220574606155e+01
7.879899267399267160e+01
7.709638554216867590e+01
7.905882352941176805e+01
7.849338624338624015e+01
7.836446886446886140e+01
7.654697380307136712e+01
7.743284248103525158e+01
7.818072289156626198e+01
7.852826691380907675e+01
7.791137566137565784e+01
7.883936651583709931e+01
7.819642857142856940e+01
7.771938997821351336e+01
7.798331788693234046e+01
7.765684962070504582e+01
7.897034291010194806e+01
7.872574955908289951e+01
7.824162257495591177e+01
7.955860566448801308e+01
7.807804232804232925e+01
7.872619047619048160e+01
7.797527472527472980e+01
7.733364226135310560e+01
7.735542168674699326e+01
7.788507877664504520e+01
7.771472663139330450e+01
7.771296296296296191e+01
7.794135802469135399e+01
7.766534391534391091e+01
7.867420814479638125e+01
7.861767399267398559e+01
7.823262279888785997e+01
7.658850787766449741e+01
7.720883534136545734e+01
7.821296296296296191e+01
7.738003663003662780e+01
7.860305010893246447e+01
7.812140871177015811e+01
7.923305860805861300e+01
7.774118165784832968e+01
7.736561631139944950e+01
7.806135531135531380e+01
7.807043558850787690e+01
7.847581699346405060e+01
7.823050108932461910e+01
7.854248366013071347e+01
7.819047619047618980e+01
7.695741758241757680e+01
7.745319740500463013e+01
7.877864923747276293e+01
7.840842490842490520e+01
7.864298642533937311e+01
7.856819172113289085e+01
7.912307692307692264e+01
7.915067873303166834e+01
7.769567157518964962e+01
7.816005291005291156e+01
7.899907321594068321e+01
7.910668498168497820e+01
7.887395736793327217e+01
7.810439560439560580e+01
7.892994505494505120e+01
7.897802197802197099e+01
8.020995475113122097e+01
7.953846153846153300e+01
7.990065359477124218e+01
8.017078754578754740e+01
7.928583877995642126e+01
7.947795414462080998e+01
8.037820512820512420e+01
7.841620879120878840e+01
7.825412087912087600e+01
7.849118165784832968e+01
7.911111111111111427e+01
7.863800705467372154e+01
7.908248378127896672e+01
7.976278659611992339e+01
7.991534391534391091e+01
7.816242748772869220e+01
7.923864689527340488e+01
7.912001853568118293e+01
7.844871794871794179e+01
7.845502645502645578e+01
7.913681917211329164e+01
7.892016806722689637e+01
7.976968325791855818e+01
7.878021978021978100e+01
7.808868778280543665e+01
7.731428571428571672e+01
7.751767441860465624e+01
7.654823529411764582e+01
7.550117647058823422e+01
7.600873563218391382e+01
7.507341176470588096e+01
7.647034482758620300e+01
7.646608527131782296e+01
7.482364341085271064e+01
7.451293103448276156e+01
7.412689655172414405e+01
7.480091954022988432e+01
7.206417624521073151e+01
7.706282552083332860e+01
7.645961624274877977e+01
7.689295644114920947e+01
7.667562557924003386e+01
7.678698979591837315e+01
7.718298059964726576e+01
7.787416331994644736e+01
7.870816599732262375e+01
7.882240071396698511e+01
7.818061271147691116e+01
7.868879855465220885e+01
7.919578313253012425e+01
7.942943201376935747e+01
7.945998278829604544e+01
7.976706827309236303e+01
8.008672086720866901e+01
7.917045961624275208e+01
7.914591700133868812e+01
7.993842034805889796e+01
7.978997289972899409e+01
7.929584462511292031e+01
7.948644986449863836e+01
7.898575498575497988e+01
7.940329218106995768e+01
7.948331047096479551e+01
7.980713640469737413e+01
8.024435411020776598e+01
8.019015356820234786e+01
7.913563144329896204e+01
8.124435411020776598e+01
8.055300187617260121e+01
8.035625000000000284e+01
8.122623828647924427e+01
7.901266416510318891e+01
7.891654320987653648e+01
7.361534883720929656e+01
7.864305816135085081e+01
7.421599616858237880e+01
7.288235294117646390e+01
7.972331227136680809e+01
8.013671696387746124e+01
8.082195448460508658e+01
7.993992773261065565e+01
7.956954656862744457e+01
7.783630393996247676e+01
