0.000000000000000000e+00
0.000000000000000000e+00
0.000000000000000000e+00
0.000000000000000000e+00
0.000000000000000000e+00
0.000000000000000000e+00
0.000000000000000000e+00
0.000000000000000000e+00
0.000000000000000000e+00
0.000000000000000000e+00
0.000000000000000000e+00
0.000000000000000000e+00
0.000000000000000000e+00
0.000000000000000000e+00
0.000000000000000000e+00
0.000000000000000000e+00
0.000000000000000000e+00
0.000000000000000000e+00
0.000000000000000000e+00
0.000000000000000000e+00
0.000000000000000000e+00
0.000000000000000000e+00
0.000000000000000000e+00
0.000000000000000000e+00
0.000000000000000000e+00
0.000000000000000000e+00
6.409250398724083198e+01
6.309825072886297193e+01
6.438004032258064058e+01
6.330481283422459882e+01
6.383031249999999801e+01
6.373979591836734926e+01
6.349196042053184641e+01
6.254545454545454675e+01
6.237259475218658622e+01
6.137177328843995383e+01
6.161049562682215708e+01
6.173205882352941387e+01
6.291566626650660510e+01
6.369477791116446497e+01
6.356219336219336213e+01
6.345114285714285529e+01
6.312710437710437361e+01
6.334371428571428453e+01
6.385084033613445342e+01
6.361294117647058499e+01
6.432442977190876832e+01
6.400981240981241172e+01
6.400326797385621092e+01
6.405317884729649336e+01
6.383549783549783285e+01
6.417260843731432374e+01
6.410576351752821722e+01
6.399205882352941188e+01
6.398717201166180502e+01
6.394776334776334892e+01
6.438115246098439570e+01
6.401904761904762609e+01
6.444987995198079034e+01
6.427474747474747119e+01
6.463636363636364024e+01
6.449004329004328895e+01
6.426711560044893190e+01
6.492346938775510523e+01
6.496368547418967410e+01
6.506482593037215167e+01
6.508764111705288258e+01
6.495528211284513986e+01
6.493757503001199893e+01
6.483392751039809809e+01
6.470291545189503779e+01
6.492887154861945476e+01
6.494979203802732570e+01
6.459047619047619548e+01
6.457200577200576674e+01
6.486404561824730308e+01
6.491176470588234793e+01
6.502160864345738389e+01
6.494652406417112900e+01
6.484176470588235475e+01
6.470735294117646674e+01
6.442828571428572104e+01
6.474183006535947982e+01
6.520648878107944313e+01
6.516086434573828967e+01
6.448428571428571843e+01
6.494717887154861558e+01
6.495078031212484859e+01
6.480124777183600315e+01
6.497238895558223248e+01
6.484818775995246654e+01
6.485364431486880221e+01
6.496583481877598842e+01
6.478163992869875187e+01
6.497653000594176831e+01
6.479708853238264510e+01
6.488235294117646390e+01
6.471908763505402362e+01
6.448950437317783724e+01
6.483463385354141906e+01
6.470974450386215437e+01
6.452769679300291727e+01
6.481662665066026818e+01
6.482442977190876832e+01
6.544238281250000000e+01
6.470528817587640447e+01
6.439336219336219358e+01
6.474723032069971396e+01
6.160402494331065526e+01
5.943692129629629761e+01
5.870486111111111427e+01
5.857777777777777573e+01
5.830526315789473557e+01
5.818518518518518334e+01
5.820595238095238244e+01
5.810773809523809774e+01
5.811398496240601474e+01
5.801011904761904958e+01
5.810676691729323551e+01
5.785058479532163744e+01
5.797946428571428612e+01
5.771440972222222143e+01
5.785416666666666430e+01
5.758848797250858809e+01
5.764977090492554623e+01
5.783684210526315894e+01
5.772222222222222143e+01
5.737668918918918592e+01
5.771432748538011737e+01
5.728642659279778115e+01
5.781087470449172372e+01
5.755586514349401028e+01
5.776081871345029128e+01
5.735670045045045384e+01
5.764322916666666430e+01
5.727646396396396256e+01
5.774940476190476346e+01
5.736472261735419664e+01
5.734206081081081408e+01
5.809533834586466128e+01
5.750384068278805216e+01
5.730839260312944816e+01
5.777323308270676705e+01
5.760555555555555429e+01
5.759604018912529710e+01
5.762748538011695842e+01
5.795089285714285410e+01
5.792767857142857224e+01
5.771267361111111427e+01
5.767824074074074048e+01
5.763320672816060863e+01
5.755734072022160319e+01
5.766174768518518334e+01
5.759113573407201869e+01
5.729473684210526585e+01
5.767893961708394812e+01
5.764060150375939884e+01
5.831683168316831711e+01
5.762190611664296114e+01
5.737801535087719174e+01
5.804778972520907843e+01
5.776491228070175765e+01
5.778616898148148096e+01
5.806375939849623791e+01
5.792280701754386030e+01
5.808511278195489069e+01
5.750411184210526017e+01
5.785443609022556188e+01
5.745439189189189477e+01
5.785894736842105601e+01
5.763095238095237960e+01
5.763147522522522337e+01
5.763512731481481666e+01
5.867185697808535139e+01
5.765405701754386314e+01
5.797269434382836550e+01
5.809530583214793609e+01
5.836181046676096429e+01
5.822507739938080817e+01
5.781700450450450290e+01
5.809966405375139686e+01
5.789473684210526017e+01
5.794255639097744393e+01
5.794613095238095468e+01
5.797351190476190652e+01
5.819278195488721650e+01
5.904667812142039196e+01
5.911540664375716148e+01
5.892117117117117431e+01
5.904430203399275712e+01
5.950488281250000000e+01
5.859782859782859532e+01
5.994798761609906990e+01
