6.924526515151515582e+01
6.916996124031007298e+01
6.754369797859691005e+01
6.822403217697335265e+01
6.839891818796483847e+01
6.864275942935313424e+01
6.795766249254621982e+01
6.835258178951517039e+01
6.836687031927473868e+01
6.856178557351202585e+01
6.902151162790697470e+01
6.900593869731800112e+01
6.952133384585815179e+01
6.889689922480620510e+01
6.910967432950191380e+01
6.905080652950834974e+01
6.877243311117550206e+01
6.943459675121117414e+01
6.921264367816091578e+01
6.880517724331112106e+01
6.951829501915709386e+01
6.946218487394958174e+01
6.921975452951490126e+01
6.888726842727631094e+01
6.760575380914194454e+01
6.769867682437850931e+01
6.439406649616368838e+01
6.341974424552429923e+01
6.304166666666666430e+01
6.235603715170278605e+01
6.194752275025278010e+01
6.190423116615067300e+01
6.241820020222446885e+01
6.199038363171355570e+01
6.201248081841432480e+01
6.198905370843989715e+01
6.195631951466127418e+01
6.243052738336714214e+01
6.152947776417788361e+01
6.275887306209175875e+01
6.182072800808897739e+01
6.291890537289494745e+01
6.530156985871271047e+01
6.784381124679632080e+01
7.162804515745692413e+01
7.208394160583941357e+01
6.977905058651026593e+01
6.978281818181818608e+01
7.161849841700588115e+01
