9.621070234113712161e+01
9.593478260869565588e+01
9.689124668435013632e+01
9.855478260869564622e+01
9.874005305039787572e+01
9.869628647214854311e+01
9.869093406593407281e+01
9.928116710875332274e+01
1.000172413793103487e+02
9.916025641025640880e+01
1.001578249336869959e+02
1.001647509578544089e+02
1.002148541114058418e+02
9.785256410256410220e+01
1.008488063660477394e+02
9.894891443167304601e+01
1.012337164750957896e+02
1.012839506172839492e+02
1.017151979565772706e+02
1.009214046822742432e+02
9.896955128205128460e+01
9.934782608695651618e+01
1.002199999999999989e+02
1.032558528428093609e+02
1.037950000000000017e+02
1.045096153846153868e+02
1.043333333333333286e+02
1.051321739130434736e+02
1.048852173913043515e+02
1.041133333333333297e+02
1.047634782608695616e+02
1.045391304347826065e+02
1.051923076923076934e+02
1.055200668896321048e+02
1.045095652173912981e+02
1.042019230769230802e+02
1.039913043478260875e+02
1.038141025641025692e+02
1.038782051282051242e+02
1.039516666666666680e+02
1.041746794871794890e+02
1.041714743589743648e+02
1.030336538461538396e+02
1.039407051282051242e+02
1.030977564102564088e+02
1.032491638795986688e+02
1.029966666666666697e+02
1.039439102564102626e+02
1.036166666666666600e+02
1.042521739130434781e+02
1.042156521739130426e+02
1.031350000000000051e+02
1.034615384615384670e+02
1.031339130434782589e+02
1.037283333333333388e+02
1.030336538461538396e+02
1.049063545150501682e+02
1.036066666666666691e+02
1.036217948717948758e+02
1.034033333333333360e+02
1.029262820512820582e+02
1.033795986622073571e+02
1.034080267558528448e+02
1.037932692307692264e+02
1.047669565217391323e+02
1.041371237458193946e+02
1.037999999999999972e+02
1.029551282051282044e+02
1.029043209876543159e+02
1.036955128205128176e+02
1.036634615384615330e+02
1.031337792642140414e+02
1.035883333333333383e+02
1.031982608695652175e+02
1.026266025641025692e+02
1.032868589743589780e+02
1.032139130434782572e+02
1.032086956521739154e+02
1.026533333333333360e+02
1.035528846153846132e+02
1.036765217391304361e+02
1.034262820512820582e+02
1.033349358974358978e+02
1.022532051282051242e+02
1.032564102564102626e+02
1.021185897435897374e+02
1.026280193236714950e+02
1.022892976588628784e+02
1.021739130434782652e+02
1.018116666666666674e+02
1.013333333333333286e+02
1.011858974358974308e+02
1.012596153846153868e+02
1.017525083612040078e+02
1.013227424749163816e+02
1.016066666666666691e+02
1.007115384615384670e+02
1.025641025641025692e+02
1.032115384615384670e+02
1.016105769230769198e+02
1.026467236467236432e+02
1.017179487179487154e+02
1.020836120401337723e+02
1.019214743589743648e+02
1.017324414715719030e+02
1.016872909698996637e+02
1.015250836120401345e+02
1.017163461538461604e+02
1.016105769230769198e+02
1.015432098765432158e+02
1.009727564102564088e+02
1.019935587761674753e+02
1.015608974358974308e+02
1.013896940418679549e+02
1.018812709030100336e+02
1.007387820512820582e+02
1.011913043478260903e+02
1.009326923076923066e+02
1.020284280936454877e+02
1.018344481605351177e+02
1.014102564102564088e+02
1.021141975308642031e+02
1.017582608695652198e+02
1.022163461538461604e+02
1.017227564102564088e+02
1.018779264214046805e+02
1.024849999999999994e+02
1.025132275132275197e+02
1.039202279202279158e+02
1.022548076923076934e+02
1.027190635451505045e+02
1.019310897435897374e+02
1.021121794871794890e+02
