1.117214381720430083e+02
1.097671568627450966e+02
1.114319661458333286e+02
1.105003156565656610e+02
1.108759469696969688e+02
1.102793560606060623e+02
1.109091796875000000e+02
1.103716397849462396e+02
1.135539251650770325e+02
1.109158607350096730e+02
1.097988027934818689e+02
1.113623604465709747e+02
1.120550877192982426e+02
1.116493421052631589e+02
1.116594227504244543e+02
1.097799873737373701e+02
1.118085106382978751e+02
1.100421743205248362e+02
1.114815188172043037e+02
1.106039473684210463e+02
1.119079301075268802e+02
1.104684244791666714e+02
1.111670138888888886e+02
1.093184974747474740e+02
1.116814100432324608e+02
1.113500848896434690e+02
1.107365591397849443e+02
1.117671370967741922e+02
1.152888888888888914e+02
1.151038151137197332e+02
1.129404920212765973e+02
1.127638157894736821e+02
1.136757894736842047e+02
1.158179458657767924e+02
1.150531914893617085e+02
1.149911958914159982e+02
1.133828070175438540e+02
1.134656140350877251e+02
1.131738539898132387e+02
1.138953947368421069e+02
1.128551818805765237e+02
1.122597656250000000e+02
1.146500000000000057e+02
1.140856140350877155e+02
1.137786547700754909e+02
1.149563462949376316e+02
1.146555392516507652e+02
1.147487160674981652e+02
1.143333333333333286e+02
1.134403508771929836e+02
1.134607017543859655e+02
1.134705263157894706e+02
1.143898366606170640e+02
1.148216312056737536e+02
1.150124113475177268e+02
1.140062499999999943e+02
1.126434634974533111e+02
1.129835526315789451e+02
1.130329861111111143e+02
1.140177083333333314e+02
1.135063157894736889e+02
1.139298611111111086e+02
1.127052631578947341e+02
1.136354385964912268e+02
1.126838430851063890e+02
1.112089843750000000e+02
1.111513671875000000e+02
1.105181451612903203e+02
1.107828776041666714e+02
1.108509114583333286e+02
1.113326612903225765e+02
1.110527553763440807e+02
1.113111111111111171e+02
1.105210526315789537e+02
1.118540350877192964e+02
1.107597446236559193e+02
1.090179924242424221e+02
1.107902777777777743e+02
1.095224489795918430e+02
1.106386718750000000e+02
1.111348047538200348e+02
1.114314013206162883e+02
1.132021948786165666e+02
1.113150252525252455e+02
1.142273065476190510e+02
1.140915948275862064e+02
1.142219827586206833e+02
1.128880701754385996e+02
1.137916515426497313e+02
1.134329787234042612e+02
1.105274621212121247e+02
1.112814745392064992e+02
1.115128865979381487e+02
1.143096264367816133e+02
1.106747891283973786e+02
1.105242111840049972e+02
1.125402061855670155e+02
1.129249575551782669e+02
1.133184027777777771e+02
1.102971497877501577e+02
1.132525773195876297e+02
1.122673539518900299e+02
1.139776938915579905e+02
1.123631526438310573e+02
1.137931034482758577e+02
1.134856140350877212e+02
1.127274305555555571e+02
1.108841540404040416e+02
1.112953109411373447e+02
1.117297564186965104e+02
1.106586921850079790e+02
1.118212890625000000e+02
1.127958333333333343e+02
1.121098146877144757e+02
1.123898245614035147e+02
1.120974462365591364e+02
1.134694736842105272e+02
1.129947368421052687e+02
1.104304904717275804e+02
1.109509868421052659e+02
1.123447916666666657e+02
1.108115449915110418e+02
1.117343859649122777e+02
1.119220430107526880e+02
1.121725085910652950e+02
1.113028070175438557e+02
1.121983022071307232e+02
1.124403508771929836e+02
1.109158909574468055e+02
1.123504244482173107e+02
1.117295026881720474e+02
1.108662109375000000e+02
1.114866666666666646e+02
1.118711805555555543e+02
1.123134020618556690e+02
1.123649122807017591e+02
1.103627577319587658e+02
1.118400537634408636e+02
1.124247877758913461e+02
1.124224561403508744e+02
1.114811544991511028e+02
1.108905066977285969e+02
1.129690721649484573e+02
1.134831178160919478e+02
1.106916881443299019e+02
1.124529209621993147e+02
1.121961805555555571e+02
1.130645833333333314e+02
1.119881944444444457e+02
1.104577963917525807e+02
1.097925257731958766e+02
1.103203125000000000e+02
1.100637755102040813e+02
1.107516447368421098e+02
1.109371816638370092e+02
1.115959252971137516e+02
1.105453310696095031e+02
1.110806451612903203e+02
1.117333333333333343e+02
1.094392344497607610e+02
1.096236979166666714e+02
1.104781586021505433e+02
1.111511035653650197e+02
1.129368421052631533e+02
1.086014223871366795e+02
1.103484848484848442e+02
1.112947916666666686e+02
1.109874999999999972e+02
1.114411962365591364e+02
1.112505942275042514e+02
1.113423611111111171e+02
1.112339558573853964e+02
1.106088709677419359e+02
1.120919298245614044e+02
1.120481099656357458e+02
1.108134765625000000e+02
1.106237113402061851e+02
1.107487266553480509e+02
1.115835087719298286e+02
1.120594227504244458e+02
1.103744816586921900e+02
1.097872474747474740e+02
1.123038596491228134e+02
1.107533602150537604e+02
1.131625744047618980e+02
1.123099856321839098e+02
1.120108771929824627e+02
1.120133333333333354e+02
1.125809027777777800e+02
1.113091397849462396e+02
1.117645833333333343e+02
1.098528645833333286e+02
1.109193548387096797e+02
1.109435483870967687e+02
1.110604838709677438e+02
1.129416727806309666e+02
1.122044107965766955e+02
1.131688762626262559e+02
1.111085858585858546e+02
1.120200339558573859e+02
1.111472293814432959e+02
1.126451612903225765e+02
1.119263888888888943e+02
1.108803763440860166e+02
1.100356138706654150e+02
1.100706029365823184e+02
1.133044754218635433e+02
1.123565365025466889e+02
1.106743951612903203e+02
1.121439728353140879e+02
1.115406586021505433e+02
1.110043232457598918e+02
1.117039650537634401e+02
1.107224462365591364e+02
1.101436237373737441e+02
1.134051724137931103e+02
1.124350694444444514e+02
1.121870175438596533e+02
1.106008064516128968e+02
1.112156196943972901e+02
1.116140350877193015e+02
1.112814940577249558e+02
1.114642500831393477e+02
1.096507341455795057e+02
1.117019489247311839e+02
1.117038596491228049e+02
1.120719298245614084e+02
1.094123711340206171e+02
1.118970487302676702e+02
1.121195246179966034e+02
1.133477079796264917e+02
1.132597656250000000e+02
1.131322368421052573e+02
1.142210526315789423e+02
1.149835277968428215e+02
1.156283687943262350e+02
1.179178283198826165e+02
1.144993351063829721e+02
1.119020618556700981e+02
1.143043062200956967e+02
1.134154951577632033e+02
1.174134262655906156e+02
1.161927083333333286e+02
1.164872665534804810e+02
1.154010186757215592e+02
1.159159231297186068e+02
1.157433081674674042e+02
1.158372340425531917e+02
1.162835087719298315e+02
1.154424448217317547e+02
1.168528368794326298e+02
1.134220394736842081e+02
1.138525390625000000e+02
1.139881977671451381e+02
1.159840407470288568e+02
1.152407470288624722e+02
1.150580645161290363e+02
1.157526315789473728e+02
1.134857954545454533e+02
1.164885662431941853e+02
1.143463541666666714e+02
1.166643433602347812e+02
1.142042432814710082e+02
1.146301546391752595e+02
1.150475260416666714e+02
1.170561403508771861e+02
1.154969114619080273e+02
1.163237588652482231e+02
1.146054982817869359e+02
1.164078014184397176e+02
1.158687719298245611e+02
1.157824561403508739e+02
1.149368421052631533e+02
1.159362007168458746e+02
1.151440972222222285e+02
1.152937542896362402e+02
1.166882032667876530e+02
1.144471516815374059e+02
1.133455834945196585e+02
1.143466026080988343e+02
1.120012894906511889e+02
1.116404605263157919e+02
1.106947368421052573e+02
1.153348765432098730e+02
1.137582846003898567e+02
1.109607712765957501e+02
1.096047846889952098e+02
1.101518308080808026e+02
1.102519946808510696e+02
1.112383701188454950e+02
1.097617666021921394e+02
1.099842105263157919e+02
1.099398026315789423e+02
1.088186848958333286e+02
1.110667876588021841e+02
1.092952473958333286e+02
1.103327674023769163e+02
1.104824218750000000e+02
1.111928620452985541e+02
1.103665994623655848e+02
1.101348047538200348e+02
1.142760233918128705e+02
1.094023026315789480e+02
1.107679500520291356e+02
1.091442819148936110e+02
1.098847446236559193e+02
1.140072188449848056e+02
1.145084134615384670e+02
1.101533203125000000e+02
1.115403508771929779e+02
1.111456706281833675e+02
1.110373514431239386e+02
1.107496639784946240e+02
1.113236111111111057e+02
1.109188560026604620e+02
1.119439728353140850e+02
1.106923324742268022e+02
1.108028350515463956e+02
1.123948252688172005e+02
1.122159863945578167e+02
1.118160807291666714e+02
1.120794270833333286e+02
1.149837997054491865e+02
1.131117392750249451e+02
1.149222222222222172e+02
1.152564655172413808e+02
1.137249750581975434e+02
1.137322913202527417e+02
1.136810996563573894e+02
1.127140893470790388e+02
1.128111074160292588e+02
1.147142857142857082e+02
1.136826675257731978e+02
1.143446735395188938e+02
1.140766752577319636e+02
1.128832723644828775e+02
1.120966198979591866e+02
1.129587628865979383e+02
1.134231292517006864e+02
1.127166611240438954e+02
1.126471163245356735e+02
1.141988693049551102e+02
1.121462628865979383e+02
1.144139455782312922e+02
1.154208333333333343e+02
1.132828776041666714e+02
1.140429553264604863e+02
1.137712005320917825e+02
1.132378826530612201e+02
1.154786941580755979e+02
1.161372126436781542e+02
1.146982817869415783e+02
1.136701030927835063e+02
1.145250859106529191e+02
1.152253472222222257e+02
1.152118055555555571e+02
1.152121527777777743e+02
1.151666666666666714e+02
1.137702435813034896e+02
1.114158936301793403e+02
1.124242922975641932e+02
1.128852677086797485e+02
1.106114690721649509e+02
1.105680921052631618e+02
1.093701675257731978e+02
1.115382003395585713e+02
1.104068728522336755e+02
1.102591836734693942e+02
1.096673400673400636e+02
1.100645161290322562e+02
1.108247422680412342e+02
1.090405927835051614e+02
1.089268978444236211e+02
1.094721088435374128e+02
1.096112054329371830e+02
1.129947333772218627e+02
1.114106529209621925e+02
1.105403225806451672e+02
1.113259062188227517e+02
1.111200532091785789e+02
1.126705263157894734e+02
1.117690972222222285e+02
1.115361629881154499e+02
1.122285714285714278e+02
1.124031491384432542e+02
1.140010416666666657e+02
1.109459543892533588e+02
1.115264241592312970e+02
1.093224871134020617e+02
1.102372448979591866e+02
1.115903897849462396e+02
1.110665114732291272e+02
1.116095360824742215e+02
1.125909722222222200e+02
1.125687499999999943e+02
1.119218750000000000e+02
1.129079301075268802e+02
1.127784722222222200e+02
1.117797250859106555e+02
1.108759052007899868e+02
1.104539408047888287e+02
1.105183634020618513e+02
1.115769870302627140e+02
1.121411290322580641e+02
1.126702886247877728e+02
1.106227213541666714e+02
1.108163659793814446e+02
1.118800687285223319e+02
1.117580756013745713e+02
1.115793010752688161e+02
1.122156196943972901e+02
1.115537634408602088e+02
1.115152994791666714e+02
1.114208984375000000e+02
1.122802083333333343e+02
1.125617021276595722e+02
1.113188844086021447e+02
1.112174059139784958e+02
1.114133064516128968e+02
1.135956439393939377e+02
1.124018817204301115e+02
1.113924731182795682e+02
1.104832535885167459e+02
1.122770797962648572e+02
1.108885932823412048e+02
1.117650254668930359e+02
1.118421052631578902e+02
1.119015280135823360e+02
1.128938775510204096e+02
0.000000000000000000e+00
1.111128633271490429e+02
1.117558593750000000e+02
1.121337365591397912e+02
1.127949066213921867e+02
1.108975945017182170e+02
1.097697594501718186e+02
1.091500987491770900e+02
1.091922317314022450e+02
1.099213709677419359e+02
1.105981182795698885e+02
1.106186155913978553e+02
1.152628472222222200e+02
1.123518456933821028e+02
1.125803056027164644e+02
1.114078776041666714e+02
1.164791666666666714e+02
1.122907894736842138e+02
1.120694078947368411e+02
1.138578014184397205e+02
1.130285229202037414e+02
1.131491228070175481e+02
1.132400679117147746e+02
1.134040747028862484e+02
1.131256140350877217e+02
1.124817543859649192e+02
1.119807942708333286e+02
1.117799479166666714e+02
1.103633173843700206e+02
1.119895833333333286e+02
1.118007392473118244e+02
1.108714192708333286e+02
1.101955645161290391e+02
1.076957070707070727e+02
1.087176470588235304e+02
1.139086538461538396e+02
1.118226120857699755e+02
1.135426900584795362e+02
1.125065586419753032e+02
1.136118160190325170e+02
1.095303030303030312e+02
1.130382653061224545e+02
1.125476804123711361e+02
1.126197458455523019e+02
1.132512218963831856e+02
1.127888888888888914e+02
1.143067150635208691e+02
1.129234728894989672e+02
1.116273026315789423e+02
1.122790156301962128e+02
1.122539518900343580e+02
1.137270833333333400e+02
1.121694397283531401e+02
1.124565789473684276e+02
1.162452135493372651e+02
1.129428001330229421e+02
1.126599462365591364e+02
1.124566532258064484e+02
1.130841924398625480e+02
1.120341494845360870e+02
1.121586298636514840e+02
