7.381720718306084450e+01
7.365031813361612478e+01
7.379474505723204913e+01
7.376838362816511108e+01
7.344330434782608563e+01
7.459008691566830862e+01
7.458549618320610364e+01
7.418638461538461115e+01
0.000000000000000000e+00
7.423217826456425428e+01
0.000000000000000000e+00
7.334824699110413349e+01
0.000000000000000000e+00
7.343101332398316572e+01
7.370104277129728132e+01
7.388547189819723826e+01
7.434721729883020203e+01
7.435421836228287873e+01
7.485607940446649877e+01
7.490851424997767083e+01
7.506965615030131289e+01
7.464879835611543513e+01
7.496923211781205509e+01
7.474754558204769239e+01
7.502268131868132173e+01
7.509247896213183537e+01
7.514086605890602755e+01
7.523630769230769033e+01
7.532722650771388828e+01
7.511078352541767345e+01
7.441974419023598841e+01
7.473320961470484747e+01
7.481516843811925810e+01
7.492665058518717558e+01
7.493104062722737524e+01
7.558569656150301341e+01
7.505169671261930375e+01
7.484141874385777271e+01
7.531150301311591022e+01
7.516126150272491202e+01
7.463961448387678388e+01
7.523685133239831657e+01
7.553260869565217206e+01
7.536397748592870016e+01
7.513365496292325929e+01
7.532968092566619589e+01
7.567565217391305055e+01
7.510256410256410220e+01
7.545476858345020332e+01
7.535215053763441517e+01
7.520723449750533973e+01
7.547465437788018505e+01
7.580077986529599343e+01
7.585262318326834929e+01
7.529904521707800313e+01
7.595409429280397262e+01
7.593938319744771093e+01
7.597270471464020147e+01
7.558536585365853000e+01
7.596065225097483165e+01
7.593202764976958008e+01
7.531624932444604781e+01
7.553541374474053782e+01
7.438115343154868242e+01
7.435201354240912508e+01
7.502886671418389142e+01
7.547817249911629744e+01
7.562920757363254154e+01
7.600381070542360362e+01
7.568257334747261211e+01
7.576112412177985789e+01
7.571942382467302934e+01
7.577387652997408907e+01
7.581561880742208359e+01
7.574293036408624857e+01
7.598352033660589200e+01
7.576351290985437004e+01
7.568852459016393652e+01
7.564334027055150500e+01
7.564377384668748050e+01
7.598378330995792851e+01
7.566825733474726690e+01
7.569423824673029344e+01
7.575220926122304377e+01
7.577931904161413001e+01
7.554665959703075373e+01
7.593541704197441788e+01
7.582087310003534242e+01
7.558854718981972098e+01
7.489670368411775314e+01
7.469234870701146178e+01
7.510040983606558029e+01
7.533722380612972813e+01
7.567550371155886069e+01
7.564558089807555064e+01
7.569176387416048613e+01
7.556460378681626366e+01
7.555171809256661675e+01
7.590417967395075038e+01
7.562802692543054661e+01
7.560931424531636935e+01
7.584694950911641342e+01
7.576051893408134674e+01
7.579757662152530884e+01
7.574752296883444558e+01
7.577815395580897473e+01
7.557800396324986991e+01
7.536753269706609615e+01
7.569665180522773085e+01
7.530550605844618417e+01
7.571489665003564085e+01
7.525874867444326810e+01
7.545759087669280518e+01
7.575391821293460737e+01
7.543047071505569079e+01
7.579511397693215713e+01
7.567568794841521651e+01
7.561201940352137285e+01
7.554864130434782510e+01
7.545508444125044889e+01
7.506023550724637516e+01
7.545910548823948716e+01
7.542569493941553560e+01
7.580032882718305132e+01
7.531729614922892324e+01
7.522061836468616036e+01
7.523815680118201499e+01
7.526637751874943660e+01
7.489320935474781038e+01
7.516138540899042653e+01
7.484559977837288614e+01
7.509417245158932985e+01
7.555081521739130324e+01
7.648103078024337265e+01
7.395707960603596121e+01
7.512065602836879918e+01
7.531869522002349981e+01
7.514021739130434696e+01
7.518942652329748455e+01
7.557903225806451530e+01
7.522833649588868354e+01
7.532865453873857575e+01
7.549075091575092245e+01
7.479918032786885362e+01
7.512953647143370972e+01
7.490798519301957015e+01
7.524714896650036167e+01
7.483784746970776780e+01
7.489745188880969806e+01
7.515889096241002676e+01
7.509871320289089169e+01
7.386581356082822936e+01
0.000000000000000000e+00
7.435862493406013130e+01
