7.915156828365478248e+01
7.943462608411061865e+01
8.157709595466093333e+01
8.342787356321838388e+01
8.434229087318379925e+01
8.546412471825695434e+01
8.581919931123546519e+01
8.766608712450496910e+01
8.791283955442642650e+01
8.846374829001368312e+01
8.835956439393939377e+01
8.824033816425121302e+01
8.878850574712643606e+01
8.964842785218961296e+01
8.930622605363984690e+01
8.967977581457205360e+01
8.940172413793104056e+01
8.918286860198624311e+01
8.921657196969697168e+01
8.931865159857046876e+01
8.922614942528736037e+01
8.280587307843910594e+01
8.063208481965914132e+01
8.065340406719717237e+01
7.977004811547713814e+01
7.948097502972652251e+01
7.936196872493985666e+01
7.906579468886246786e+01
7.877651978784169273e+01
7.881839080459769775e+01
7.862230288364590081e+01
7.854164145997177116e+01
7.868574051407588854e+01
7.809659090909090651e+01
7.814226658600524900e+01
7.907427826784282843e+01
7.874459049544995537e+01
7.937910986367280941e+01
7.940982956797463999e+01
7.937148634984832540e+01
7.957127105052124705e+01
7.959625097125096715e+01
7.946204914783987761e+01
7.948295910184442903e+01
7.945529270248596276e+01
7.929731355252606306e+01
7.927802338147165528e+01
7.921160785886127087e+01
7.959763432237369329e+01
7.936138310893512937e+01
7.950884516000795088e+01
7.945058139534883423e+01
7.933273880301229042e+01
7.933821170809943624e+01
7.976356589147286513e+01
7.879980237154150302e+01
7.883144590495450643e+01
7.938923416198876737e+01
7.939952437574316946e+01
7.928567181926278806e+01
7.971899075500770948e+01
7.923911975636113425e+01
7.947352392179978153e+01
7.893852376137512294e+01
7.874989975942261822e+01
7.889574979951883904e+01
7.890913594926674079e+01
7.881797463337296961e+01
7.899646107178968180e+01
7.867057633973711006e+01
7.814515810276679986e+01
7.844371779627427088e+01
7.953855977993909221e+01
7.918410794602698388e+01
7.969181648491993997e+01
7.918787158145065064e+01
7.936948676824378879e+01
7.957765988800471746e+01
7.946143907771815407e+01
7.965628695309420948e+01
7.970045716557343951e+01
8.006068575881550942e+01
7.946481555733761581e+01
7.931299734748010621e+01
7.971107181452009627e+01
7.933893309755379164e+01
7.919687592101385576e+01
7.956777976545419051e+01
7.958660325009908831e+01
7.909143311468892534e+01
7.909686637761134875e+01
7.933127026230474144e+01
7.943756088057665465e+01
7.942307692307691980e+01
7.851683807219197320e+01
7.806017786561264415e+01
7.879039433771485790e+01
7.910445239515007643e+01
7.920508111417201746e+01
7.894015061434799918e+01
7.911798801453973340e+01
7.945770704391394190e+01
7.956773749877197588e+01
7.973146491751143117e+01
