1.424154605263157976e+02
1.413203125000000000e+02
1.437657894736842081e+02
1.419156901041666572e+02
1.419765306122448862e+02
1.427656153370438972e+02
1.438109965635738945e+02
1.428775510204081627e+02
1.395959595959595845e+02
1.404181205999387885e+02
1.412832405689548523e+02
1.419534741352923106e+02
1.433691386764216702e+02
1.441401107852720713e+02
1.429079025549613675e+02
1.436920722375267871e+02
1.425990909090909042e+02
1.432328385899814407e+02
1.431224004753416637e+02
1.437207792207792068e+02
1.429632034632034561e+02
1.439024621212121247e+02
1.436639928698752158e+02
1.422694592988710554e+02
1.433207835935108676e+02
1.434716865625956643e+02
1.420991510006064402e+02
1.435698341836734642e+02
1.435803571428571388e+02
1.442628124999999955e+02
1.427900432900432861e+02
1.456237656352863610e+02
1.415873440285205049e+02
1.437968750000000000e+02
1.442858481724461228e+02
1.455344196873960811e+02
1.457429229756418749e+02
1.441720328282828234e+02
1.448169322086847899e+02
1.449081537019681321e+02
1.438206555349412383e+02
1.429426770708283243e+02
1.438325892857142776e+02
1.421170528817587524e+02
1.431419005102040956e+02
1.406473559120617836e+02
1.419941249226963578e+02
1.426201448321263854e+02
1.426499690785404937e+02
1.426333027242118021e+02
1.430009566326530717e+02
1.442632087628865918e+02
1.440557345360824684e+02
1.439375000000000000e+02
1.444640151515151558e+02
1.434961340206185696e+02
1.424155844155844193e+02
1.433810586734693970e+02
1.445769974226804209e+02
1.434242424242424363e+02
1.446377551020408134e+02
1.439827806122449090e+02
1.416818727490996537e+02
1.432716086434573697e+02
1.448381755701343252e+02
1.448400499843798741e+02
1.450306122448979522e+02
1.425840220385674968e+02
1.436742424242424363e+02
1.420906705539358654e+02
1.441499368686868650e+02
1.433911277725710818e+02
1.447017774851876197e+02
1.443391490664217827e+02
1.425255681818181870e+02
1.431417647058823661e+02
1.432981328435873820e+02
1.427480869299050994e+02
1.430481505102040956e+02
1.428527701254973863e+02
1.434924969987995098e+02
1.428670377241805909e+02
1.424715151515151490e+02
1.431527777777777715e+02
1.430126262626262701e+02
1.415682857142857074e+02
1.419800950683303711e+02
1.402733333333333405e+02
1.432756981580510853e+02
1.419928571428571331e+02
1.409551396316102228e+02
1.412012867647058840e+02
1.394293619791666572e+02
1.386135204081632537e+02
1.377445887445887536e+02
1.420910060433700721e+02
1.378746811224489761e+02
1.373254419191919169e+02
1.372988808426596563e+02
1.384642500831393477e+02
1.365051546391752595e+02
1.394038277511961610e+02
1.413367346938775597e+02
1.427671767176717594e+02
1.404504842236800926e+02
1.385692654639175316e+02
1.379401041666666572e+02
1.371539615846338620e+02
1.378965053763440949e+02
1.366189413265306030e+02
1.390768229166666572e+02
1.382600911458333428e+02
1.384193548387096655e+02
1.378260309278350633e+02
1.379230025773195791e+02
1.376461489898989896e+02
1.381105263157894854e+02
1.378051658163265358e+02
1.386817876344086073e+02
1.379620884602593947e+02
1.369807449494949481e+02
1.395114247311827853e+02
1.370152976388426964e+02
1.386119055537080271e+02
1.409627659574468055e+02
1.390533854166666572e+02
1.428363575268817272e+02
1.411086805555555657e+02
1.401340206185566899e+02
1.394700061842918899e+02
1.413267361111111029e+02
1.414441964285714164e+02
1.398625429553264610e+02
1.401312089971883665e+02
1.405161290322580783e+02
1.428424479166666572e+02
1.426112231182795824e+02
1.417591836734693800e+02
1.411727585129646911e+02
1.394974747474747403e+02
1.413278350515464012e+02
1.433616298811544993e+02
1.414827473958333428e+02
1.416176194939081654e+02
1.388797831632653015e+02
1.407280927835051614e+02
1.406079252577319494e+02
1.412576530612244881e+02
1.396419041843541606e+02
1.428287760416666572e+02
1.416350911458333428e+02
1.407838273195876297e+02
1.394900128865979241e+02
1.412532646048109939e+02
1.410815370196813490e+02
1.393798591980410038e+02
1.428443631526438367e+02
1.413192439862542926e+02
1.399256482349265980e+02
1.409881500987491734e+02
1.412414772727272805e+02
1.428694158075601308e+02
1.403639334521687374e+02
1.421420019953442022e+02
1.418740335051546424e+02
1.407547928262214043e+02
1.439108072916666572e+02
1.410994897959183731e+02
1.410810324129651860e+02
1.419311224489795791e+02
1.426240234375000000e+02
1.425519480519480453e+02
1.419043560606060623e+02
1.407588001224364973e+02
1.412816858702243792e+02
1.404514285714285791e+02
1.388719758064516157e+02
1.366164215686274588e+02
1.387151692708333428e+02
1.376730025773195791e+02
1.373418560606060623e+02
1.353144329896907152e+02
1.372080176767676676e+02
1.390548611111111086e+02
1.350922600619195180e+02
1.377862838915470434e+02
1.375202020202020208e+02
1.395942562592047125e+02
1.389895382395382342e+02
1.372374459594280154e+02
1.373135483870967732e+02
1.360154671717171766e+02
1.376742424242424363e+02
1.406511544011544004e+02
1.382861605748203715e+02
1.390723039215686185e+02
1.389598651960784252e+02
1.404693745970341752e+02
1.394274914089347135e+02
1.386830728300631961e+02
1.392444078947368382e+02
1.396452792553191387e+02
1.391425837320574033e+02
1.394257392473118387e+02
1.368043619791666572e+02
1.410579322638146209e+02
1.406098094345516927e+02
1.412859445519019914e+02
1.383043619791666572e+02
1.372368259803921546e+02
1.420568787771063057e+02
1.393326530612244767e+02
1.394184027777777715e+02
1.373667603873789460e+02
1.354084293511218959e+02
1.381393229166666572e+02
1.390431979368149484e+02
1.390960286458333428e+02
1.391537480063795726e+02
1.400707070707070727e+02
1.400394736842105203e+02
1.394687500000000000e+02
1.412401315789473699e+02
1.382376395534290339e+02
1.391673400673400636e+02
1.410047376093294531e+02
1.409395585738539864e+02
1.375801857585139203e+02
1.379911616161616053e+02
1.352067919951485635e+02
1.389980046558031290e+02
1.372567654639175316e+02
1.386666666666666572e+02
1.358504901960784252e+02
1.388998655913978553e+02
1.368175505050504910e+02
1.365532738095238017e+02
1.360567010309278260e+02
1.371308210784313815e+02
1.380637626262626156e+02
1.407387559808612423e+02
1.395678661616161662e+02
1.412570876288659747e+02
1.419847005208333428e+02
1.418563352178250625e+02
1.414653679653679603e+02
1.412369260204081627e+02
1.409893783192752323e+02
1.412987132352941160e+02
1.419770535417359554e+02
1.428221649484536044e+02
1.416369949494949481e+02
1.422255154639175316e+02
1.415020306154326875e+02
1.404336144954701524e+02
1.413901417525773070e+02
1.397841682127396439e+02
1.426828947368421154e+02
1.415915404040404155e+02
1.414665404040404155e+02
1.435779569892472978e+02
1.431617224880382651e+02
1.406284722222222285e+02
1.412386294724075242e+02
1.426584040747028723e+02
1.414917091836734642e+02
1.410127748068924518e+02
1.430238095238095184e+02
1.430141752577319494e+02
1.431182345360824684e+02
1.420345454545454515e+02
1.421426024955436844e+02
1.429308035714285836e+02
1.426038961038960906e+02
1.410874458874458810e+02
1.423746811224489761e+02
1.418718487394957890e+02
1.428300000000000125e+02
1.417578849721707002e+02
1.416689675870348140e+02
1.438778698979591866e+02
1.409625285109156039e+02
1.431843317972350178e+02
1.399867037724180534e+02
1.421127369471233806e+02
1.408515769944341400e+02
1.411630154639175316e+02
1.406953125000000000e+02
1.398067010309278260e+02
1.402040816326530717e+02
1.397490335051546424e+02
1.412497505819753769e+02
1.399468427835051614e+02
1.407692540933899465e+02
1.402882653061224403e+02
1.434940350877193112e+02
1.405195251483911250e+02
1.422756900565347564e+02
1.416244923461418352e+02
1.404100765306122582e+02
1.391780776826859665e+02
1.399793750000000045e+02
1.421775856335217725e+02
1.422979714000665012e+02
1.403840445269016755e+02
1.405261479591836746e+02
1.406087372448979522e+02
1.394393939393939377e+02
1.407146464646464779e+02
1.408519570707070727e+02
1.408613406795224989e+02
1.409432989690721740e+02
1.422271596160682634e+02
1.395677992041628386e+02
1.389672232529375435e+02
1.415934707903780065e+02
1.405576675257731836e+02
1.416308613235783298e+02
1.407188940092165979e+02
1.397959183673469283e+02
1.391549515776319765e+02
1.401542980828695022e+02
1.416508147655470680e+02
1.430501893939394051e+02
1.415351728320194127e+02
1.393940624999999898e+02
1.404069696969696963e+02
1.426491519787163327e+02
1.416283739302172364e+02
1.436923844363152512e+02
1.414832126398946741e+02
1.418943298969072089e+02
1.415338273195876297e+02
1.393472938144329873e+02
1.409175257731958766e+02
1.416868556701030855e+02
1.408867187500000000e+02
1.405451030927835063e+02
1.407038425492033866e+02
1.390727040816326507e+02
1.387123067010309398e+02
1.386952319587628892e+02
1.394073827735284397e+02
1.392973062853342299e+02
1.375813808184942104e+02
1.386461487820934906e+02
1.392930107526881613e+02
1.391132392473118387e+02
1.367841682127396439e+02
1.396987030262720282e+02
1.394027491408934623e+02
1.382110180412371108e+02
1.380912247474747403e+02
1.382019974226804209e+02
1.373292721024679679e+02
1.380753865979381487e+02
1.379249355670103228e+02
1.379239690721649367e+02
1.371165260855982524e+02
1.389311606252078377e+02
1.385661764705882320e+02
1.403416267942583602e+02
1.362132352941176521e+02
1.371540740740740603e+02
1.371333333333333258e+02
1.358608534322819992e+02
1.374413265306122582e+02
1.386045138888889028e+02
1.370013033561420741e+02
1.399731800766283527e+02
1.396764285714285734e+02
1.356797719087635130e+02
1.380283505154639272e+02
1.404210006583278414e+02
1.417957575757575626e+02
1.406122448979591866e+02
1.389996998799519758e+02
1.391559244791666572e+02
1.404414062500000000e+02
1.388288034989065807e+02
1.386705729166666572e+02
1.370450180072028843e+02
1.395693779904306098e+02
1.394441287878787818e+02
1.379297680412371108e+02
1.395513901905654564e+02
1.406076030927835063e+02
1.393655598958333428e+02
1.366842918985776123e+02
1.397657828282828234e+02
1.394560271646859064e+02
1.386416744767260241e+02
1.374870353014682962e+02
1.407076822916666572e+02
1.388272058823529278e+02
1.387598039215686185e+02
1.372925170068027114e+02
1.391240947992100132e+02
1.381965786314525815e+02
1.379790690409247134e+02
1.379109653233364554e+02
1.388258722843976329e+02
1.382940630797773736e+02
1.394485677083333428e+02
1.381821273964131080e+02
1.396431659461257198e+02
1.379693845673227202e+02
1.393027179006560345e+02
1.379850046860356088e+02
1.370269016697588143e+02
1.365691964285714164e+02
1.393149015932521024e+02
1.398901417525773070e+02
1.399571000997672172e+02
1.413340277777777771e+02
1.387681760204081627e+02
1.398709677419354875e+02
1.352302941176470483e+02
1.381992653810835634e+02
1.392686237373737299e+02
1.386397649969078429e+02
1.389246134020618513e+02
1.380147058823529278e+02
1.385979381443299019e+02
1.388292525773195791e+02
1.409178479381443196e+02
1.394586489898989896e+02
1.404748919188560023e+02
1.396035868893011695e+02
1.399709595959595845e+02
1.405714285714285836e+02
1.380293170103092848e+02
1.398434139784946240e+02
1.383775773195876297e+02
1.394043897572331332e+02
1.372927295918367463e+02
1.395395585738539808e+02
1.379415584415584419e+02
1.387881911902530589e+02
1.378824984539270133e+02
1.391287878787878753e+02
1.379930875576036726e+02
1.387656250000000000e+02
1.403828176431863142e+02
1.403753221649484431e+02
1.387866419294990692e+02
1.394914089347078914e+02
1.371110080395794739e+02
1.398508591065292137e+02
1.390483247422680506e+02
1.395650510204081627e+02
1.389428661616161662e+02
1.391536726804123703e+02
1.374656771799628814e+02
1.393469716494845443e+02
1.381952514839112780e+02
1.375778061224489761e+02
1.389620535714285836e+02
1.391489158163265358e+02
1.409217069892472978e+02
1.409220430107527022e+02
1.384566326530612344e+02
1.373871366728509713e+02
1.376949097938144462e+02
1.399840494791666572e+02
1.394542330521711904e+02
1.394279912527335341e+02
1.406881443298969145e+02
1.397682709447415448e+02
1.405457474226804209e+02
1.407284149484536044e+02
1.401190476190476204e+02
1.414376454938476968e+02
1.412559974747474882e+02
1.414469401041666572e+02
1.415029624753126996e+02
1.412484203525108057e+02
1.407969696969697111e+02
1.391172329354147621e+02
1.392272135416666572e+02
1.367688137755102105e+02
1.375934278350515569e+02
1.382804834696054002e+02
1.379160156250000000e+02
1.384684027777777828e+02
1.378067841702693670e+02
1.365621993127147675e+02
1.355956829896907152e+02
1.350545280612244881e+02
1.370747028862478771e+02
1.366754240106418479e+02
1.360510752688172147e+02
1.340410353535353636e+02
1.357832661290322562e+02
1.361454081632653015e+02
1.351889301175015419e+02
1.370903703703703798e+02
1.357266378450282787e+02
1.349798387096774093e+02
1.355293170103092848e+02
1.373888888888888857e+02
1.375512820512820440e+02
1.373207407407407459e+02
1.379092307692307600e+02
1.364114814814814736e+02
1.369289044289044170e+02
1.373901982790871728e+02
1.370635989524878369e+02
1.373103846153846064e+02
1.349321922317313920e+02
1.376655011655011549e+02
1.374532930107527022e+02
1.388690476190476204e+02
1.362693298969072089e+02
1.358821892393320923e+02
1.362024872448979522e+02
1.388651851851851973e+02
1.365173383317713274e+02
1.401273620559334745e+02
1.366085695876288639e+02
1.360052566481138001e+02
1.359413659793814304e+02
1.363205248359887491e+02
1.359397321428571388e+02
1.391207142857142856e+02
1.363911082474226930e+02
1.363399234693877418e+02
1.371680672268907699e+02
1.377472664792252317e+02
