1.335265282583621627e+02
1.329686468646864625e+02
1.314554455445544647e+02
1.310831615120274876e+02
1.290515463917525665e+02
1.306142198815009863e+02
1.290418038183015028e+02
1.299828629032257936e+02
1.313059895833333428e+02
1.390749429781687923e+02
1.384550000000000125e+02
1.367849999999999966e+02
1.377168560606060623e+02
1.364607780612244881e+02
1.353691460055096343e+02
1.349251745926172248e+02
1.327661290322580783e+02
1.351260697827518129e+02
1.364123563218390700e+02
1.351724489795918487e+02
1.357109940750493706e+02
1.343703094140882115e+02
1.334212121212121076e+02
1.336881443298969145e+02
1.327944392377382030e+02
1.352132982225148226e+02
1.326945153061224403e+02
1.333645735707591484e+02
1.325727452271231073e+02
1.331423333333333403e+02
1.331612903225806406e+02
1.333932877158683539e+02
1.382312499999999886e+02
1.369954995499549852e+02
1.379793548387096678e+02
1.400744107744107794e+02
1.345666666666666629e+02
1.359564625850340178e+02
1.337834595959595845e+02
1.346494845360824684e+02
1.305803957946815217e+02
1.306619318181818130e+02
1.308727448453608133e+02
1.307139037433155124e+02
1.381886666666666770e+02
1.384819159335288248e+02
1.382768749999999898e+02
1.357443749999999909e+02
1.367683673469387884e+02
1.354503095470837479e+02
1.359313725490196134e+02
1.380490196078431495e+02
1.354248737373737299e+02
1.329151978716328699e+02
1.316300197498354123e+02
1.292230552952202345e+02
1.293721874999999955e+02
1.293693877551020535e+02
1.309977904040404155e+02
1.309519974226804209e+02
1.282617984693877418e+02
1.269264322916666714e+02
1.254733431516936690e+02
1.241858379715522602e+02
1.251077485866311889e+02
1.248184942205560759e+02
1.320689158016147644e+02
1.257133290816326507e+02
1.247888257575757507e+02
1.246822867853795742e+02
1.239642857142857082e+02
1.241040592783505190e+02
1.223813131313131350e+02
1.245561224489795933e+02
1.239078229229836268e+02
1.256818181818181870e+02
1.266280637254901933e+02
1.277721354166666714e+02
1.247938144329896915e+02
1.276522803795531047e+02
1.260203061543267751e+02
1.266048722519310701e+02
1.275867346938775455e+02
1.322273965141612280e+02
1.292388591800356608e+02
1.292040816326530717e+02
1.273336457357075915e+02
1.289749348958333428e+02
1.265819618169848582e+02
1.255510204081632679e+02
1.272880318334863858e+02
1.279590850515463956e+02
1.270143705092158655e+02
1.280239898989898961e+02
1.271270871985157669e+02
1.267863145258103259e+02
1.261134020618556661e+02
1.278427835051546424e+02
1.284014370509216008e+02
1.281859217171717091e+02
1.297243713733075481e+02
1.282080048514251018e+02
1.282964015151515014e+02
1.266753246753246742e+02
1.292051036682615575e+02
1.293626302083333428e+02
1.270738636363636402e+02
1.277129022180568541e+02
1.293170572916666572e+02
1.285621993127147675e+02
1.292148320585301065e+02
1.271224747474747545e+02
1.278248847926267331e+02
1.258509840674789189e+02
1.248246753246753258e+02
1.246066854108091206e+02
1.237134020618556747e+02
1.235224378411158312e+02
1.229843750000000000e+02
1.233565244279530049e+02
1.240593564511090250e+02
1.230262832405689579e+02
1.215909363745498268e+02
1.230956829896907152e+02
1.228883553421368617e+02
1.237962275819418636e+02
1.308739302172481871e+02
1.299184027777777715e+02
1.258466386554621863e+02
1.254579468150896702e+02
1.279536082474226788e+02
1.274482323232323182e+02
1.268612440191387520e+02
1.251531862745098067e+02
1.260934343434343390e+02
1.259965635738831651e+02
1.253540507111935653e+02
1.274521484375000000e+02
1.278358585858585883e+02
1.255625000000000000e+02
1.261149640737269664e+02
1.277307942708333286e+02
1.255157860824742215e+02
1.263009868421052602e+02
1.260382049727107301e+02
1.280969065656565533e+02
1.284815430661789151e+02
1.286519524617996524e+02
1.280013157894736935e+02
1.273317057291666714e+02
1.257069665729459587e+02
1.277373046875000000e+02
1.278650717703349216e+02
1.289500322372662708e+02
1.289445564516128968e+02
1.290820707070706987e+02
1.324280598958333428e+02
1.315686848958333428e+02
1.299575657894736764e+02
1.296259765625000000e+02
1.285853737113401962e+02
1.296361842105263236e+02
1.293667929292929273e+02
1.283968098958333428e+02
1.286182241436647757e+02
1.294694220430107521e+02
1.285859660791486476e+02
1.289572156196944093e+02
1.295275537634408636e+02
1.286106770833333428e+02
1.297812500000000000e+02
1.289746093750000000e+02
1.282563844086021447e+02
1.335341176470588209e+02
1.314014668367346985e+02
1.295655534941249130e+02
1.307462587296308527e+02
1.297944444444444514e+02
1.298330078125000000e+02
1.296806640625000000e+02
1.284243259803921546e+02
1.276150128865979383e+02
1.282822265625000000e+02
1.279921052631578959e+02
1.266556186868686922e+02
1.268351973684210492e+02
1.265338273195876297e+02
1.248584817244611003e+02
1.281409970238095184e+02
1.248206810371758877e+02
1.232389878163074002e+02
1.278377804730139502e+02
1.290813397129186626e+02
1.292195876288659804e+02
1.263946078431372513e+02
1.280075657894736878e+02
1.265269513991163421e+02
1.276158854166666714e+02
1.276943359375000000e+02
1.273792564823492626e+02
1.278353841037579031e+02
1.296446735395188909e+02
1.291659722222222229e+02
1.261811224489795933e+02
1.276123046875000000e+02
1.270684660961158698e+02
1.261558887847547652e+02
1.294000000000000057e+02
1.271381443298969032e+02
1.276568007981376809e+02
1.278468749999999972e+02
1.269786941580755979e+02
1.273902994791666714e+02
1.266649484536082468e+02
1.258481756338899231e+02
1.260435606060606091e+02
1.259492888064316674e+02
1.282899900232790174e+02
1.276781572164948386e+02
1.279128787878787818e+02
1.270824742268041234e+02
1.262889721961886949e+02
1.254560371517027875e+02
1.258025128865979383e+02
1.259852150537634401e+02
1.281682942708333428e+02
1.278492268041237168e+02
1.276704944178628409e+02
1.261836340206185554e+02
1.270571998669770579e+02
1.276540178571428612e+02
1.261993127147766387e+02
1.308065025252525118e+02
1.291333958138081925e+02
1.280784380305602781e+02
1.280041467304625087e+02
1.266714015151515156e+02
1.265790441176470580e+02
1.291992607526881613e+02
1.265131740196078454e+02
1.293986842105263122e+02
1.267656250000000000e+02
1.279527768540073112e+02
1.270631443298969003e+02
1.292617187500000000e+02
1.278027934818756250e+02
1.279818181818181841e+02
1.285173969072164937e+02
1.287748067010309398e+02
1.277870489690721598e+02
1.279438775510204067e+02
1.289194587628865918e+02
1.283811211340206171e+02
1.303799660441426056e+02
1.302553763440860166e+02
1.320101010101010104e+02
1.302702020202020208e+02
1.275502577319587658e+02
1.297223747426218381e+02
1.286751302083333428e+02
1.299398071167276214e+02
1.302919921875000000e+02
1.292039650537634543e+02
1.299208984375000000e+02
1.280780312124850013e+02
1.294539304123711361e+02
1.289257812500000000e+02
1.299927083333333258e+02
1.317244680851063947e+02
1.325797250859106668e+02
1.295293560606060623e+02
1.297075601374570510e+02
1.295144832126399024e+02
1.305302734375000000e+02
1.267563388991960380e+02
1.294050548719654046e+02
1.303825757575757507e+02
1.307008928571428612e+02
1.298218427835051614e+02
1.297960695876288639e+02
1.288430989583333428e+02
1.297962622549019613e+02
1.299438844086021447e+02
1.286539948453608133e+02
1.286720430107527022e+02
1.282986469072164937e+02
1.283076155636847488e+02
1.290408163265306030e+02
1.283911082474226930e+02
1.276504822081809181e+02
1.269982456140350848e+02
1.266754032258064484e+02
1.264472446236559193e+02
1.265203947368421069e+02
1.264925130208333286e+02
1.264206989247311839e+02
1.256272786458333286e+02
1.269253289473684276e+02
1.264684175531914860e+02
1.247090850515463956e+02
1.258657894736842167e+02
1.257004784688995187e+02
1.262041015625000000e+02
1.271320882852292016e+02
1.273720703125000000e+02
1.274550781250000000e+02
1.275830078125000000e+02
1.276038306451612954e+02
1.281337846550612483e+02
1.281891108247422721e+02
1.277728494623655848e+02
1.283580729166666572e+02
1.298602941176470722e+02
1.261469387755102076e+02
1.287320075757575637e+02
1.280266253869968978e+02
1.286327284946236489e+02
1.275169270833333286e+02
1.271976010101010104e+02
1.283545061523112736e+02
1.276467105263157862e+02
1.265000000000000000e+02
1.269192708333333286e+02
1.263027146464646506e+02
1.274192708333333286e+02
1.258625429553264610e+02
1.289507640067911609e+02
1.293239583333333371e+02
1.266120580808080831e+02
1.276097005208333286e+02
1.265681114551083652e+02
1.297134868421052545e+02
1.276267942583732093e+02
1.263244047619047592e+02
1.328466198979591866e+02
1.287710090596688417e+02
1.268684050939963583e+02
1.282613636363636260e+02
1.273719298245614056e+02
1.291616298811545107e+02
1.275545343137254832e+02
1.284532894736842081e+02
1.261663602941176521e+02
1.285549342105263122e+02
1.271568813131313078e+02
1.294458333333333258e+02
1.276751302083333286e+02
1.273873789440799698e+02
1.298948252688172147e+02
1.295294736842105294e+02
1.260075030012004760e+02
1.286227448453608133e+02
1.273967524509803866e+02
1.285233552631578959e+02
1.276396683673469425e+02
1.280819776714513694e+02
1.267490433673469425e+02
1.266769759450171762e+02
1.282324218750000000e+02
1.285777994791666572e+02
1.284505208333333428e+02
1.283748435544430606e+02
1.281082236842105146e+02
1.278931451612903203e+02
1.275266253869968978e+02
1.298827956989247241e+02
1.273740234375000000e+02
1.288486328125000000e+02
1.272229817708333286e+02
1.306337142857142908e+02
1.285489195678271415e+02
1.287405772495755514e+02
1.280274322169059076e+02
1.299893617021276668e+02
1.295335526315789423e+02
1.271588541666666714e+02
1.275037878787878753e+02
1.281819661458333428e+02
1.292673761223811084e+02
1.259818806622930367e+02
1.284854797979797922e+02
1.264479850046860321e+02
1.292840039906884044e+02
