1.055732323232323182e+02
1.041057692307692264e+02
1.036601073345259323e+02
1.039456233421750682e+02
1.026904545454545428e+02
1.007263483642794029e+02
1.003859416445623367e+02
9.937444739168877561e+01
9.738206896551723446e+01
9.693287356321839354e+01
9.896641156462584377e+01
9.907436974789915496e+01
0.000000000000000000e+00
9.414771241830065662e+01
9.291176470588234793e+01
9.065035273368606283e+01
9.076419413919414581e+01
9.039606227106227720e+01
8.901053113553113860e+01
8.937087912087912400e+01
8.968621013133208919e+01
8.992213883677298725e+01
9.204170528266914175e+01
9.426957070707071296e+01
9.516269329896907436e+01
9.600446428571429180e+01
9.627428928459856650e+01
9.578628389154704337e+01
9.578059895833332860e+01
9.538346354166667140e+01
9.509244791666667140e+01
8.546802594995365610e+01
9.495019531250000000e+01
9.442984693877551194e+01
9.382010582010582311e+01
9.094739168877100610e+01
9.105441860465116122e+01
9.129547511312216557e+01
9.322445336903167856e+01
9.219009370816600324e+01
9.040417000801924985e+01
0.000000000000000000e+00
0.000000000000000000e+00
9.829090909090909634e+01
9.792335526315790162e+01
9.773736702127659726e+01
9.817897727272726627e+01
9.142635294117647504e+01
9.853202124336145573e+01
9.428612440191388089e+01
9.307324218750000000e+01
9.399413489736070915e+01
9.315561224489795222e+01
9.385206907787552666e+01
9.068238095238095298e+01
9.591632066432450188e+01
0.000000000000000000e+00
0.000000000000000000e+00
0.000000000000000000e+00
0.000000000000000000e+00
0.000000000000000000e+00
0.000000000000000000e+00
0.000000000000000000e+00
0.000000000000000000e+00
0.000000000000000000e+00
0.000000000000000000e+00
0.000000000000000000e+00
0.000000000000000000e+00
0.000000000000000000e+00
9.466494117647059170e+01
9.788478260869565872e+01
9.728873563218391496e+01
9.700505747126436518e+01
9.669040697674418539e+01
9.932333333333333769e+01
9.831902439024389651e+01
9.965201465201465680e+01
9.977153056671129150e+01
9.945273401297497173e+01
0.000000000000000000e+00
9.976984126984126533e+01
9.956790123456789843e+01
9.884340659340659840e+01
9.972374727668845651e+01
1.003278911564625844e+02
9.905769230769230660e+01
9.946198568872986812e+01
0.000000000000000000e+00
0.000000000000000000e+00
9.943877995642701251e+01
0.000000000000000000e+00
9.795551436515292210e+01
9.841312217194570167e+01
9.848368606701940564e+01
9.752761904761904077e+01
9.999558573853990140e+01
9.899049235993209095e+01
9.750265060240964488e+01
9.722664835164835040e+01
9.739560439560439420e+01
9.806364468864468620e+01
9.786858974358973740e+01
9.805590339892665952e+01
9.850491949910554013e+01
9.813981900452488105e+01
9.815521978021978100e+01
9.916348684210525732e+01
9.974835526315789025e+01
0.000000000000000000e+00
0.000000000000000000e+00
9.366558139534883765e+01
9.464588859416446098e+01
1.008447185325743192e+02
1.001231023102310189e+02
9.848084291187738870e+01
9.905953488372092863e+01
9.797023255813952858e+01
9.737404214559387583e+01
9.767674418604650555e+01
9.720114942528735469e+01
9.740613026819923448e+01
9.706252873563218486e+01
9.769747126436782025e+01
9.642863636363635749e+01
9.716643678160919251e+01
9.719816091954022852e+01
9.728824049513704608e+01
9.784482758620688969e+01
9.749379310344826877e+01
9.784261715296197792e+01
9.754676573426573327e+01
9.556551724137931103e+01
9.626697674418605288e+01
9.643813953488371737e+01
9.749723286504895725e+01
9.624045977011493846e+01
9.651126436781609641e+01
9.570494186046511231e+01
9.591011764705882570e+01
9.284988235294117942e+01
9.289458823529412257e+01
9.295879120879121160e+01
9.391710758377425350e+01
9.208379120879121160e+01
9.054596949891067936e+01
8.995206971677559693e+01
9.089329805996472089e+01
9.165969498910675384e+01
9.220628768303187428e+01
9.041391941391941600e+01
8.815058823529412280e+01
9.351627604166667140e+01
9.246971691902567159e+01
9.157466063348415730e+01
9.139954751131222110e+01
9.204114490161002493e+01
9.099457013574659925e+01
9.141860465116279499e+01
9.142531305903398220e+01
9.049771062271062760e+01
9.023809523809524080e+01
9.003576470588235736e+01
9.042262443438913522e+01
9.172899999999999920e+01
8.992407950472465927e+01
9.079175257731958482e+01
9.107454427083332860e+01
8.485411764705882831e+01
8.523905882352940466e+01
8.594809523809523455e+01
9.079569892473118387e+01
8.973949275362318190e+01
8.936547700754975665e+01
8.900720658888126025e+01
9.160526315789473983e+01
9.186631944444444287e+01
9.230695044895244905e+01
9.199518900343642258e+01
9.232569444444445139e+01
9.300847181492342486e+01
9.192448979591836178e+01
9.192176870748299677e+01
9.101972789115646378e+01
8.954022988505747094e+01
9.135841924398624769e+01
9.225185185185185333e+01
9.174421768707483693e+01
9.114421768707482840e+01
9.135986394557822621e+01
9.158367346938776166e+01
9.106912442396313168e+01
9.185286372613560957e+01
9.137146657798470528e+01
9.106902532084633606e+01
8.875853658536586011e+01
8.917581300813007772e+01
9.184208754208754044e+01
9.164863945578231608e+01
8.937445783132530153e+01
9.181237113402062278e+01
9.139474559361489980e+01
9.150687285223368406e+01
9.198815009874917337e+01
9.189191885600266119e+01
9.187198641765704110e+01
9.204267473118279952e+01
9.199893617021277237e+01
8.715588235294117680e+01
9.268543956043956200e+01
9.051968864468864240e+01
9.109176470588235475e+01
9.153899782135076180e+01
9.092307692307691980e+01
9.622264389626818115e+01
9.514336917562724238e+01
9.289290364583332860e+01
9.261635638297872219e+01
8.893647058823529505e+01
8.764809523809523739e+01
8.769117647058823195e+01
9.238497340425531945e+01
9.270000000000000284e+01
8.798023529411764798e+01
9.258157894736842763e+01
9.204334677419355160e+01
9.229603494623655990e+01
8.721694117647058420e+01
8.698428571428571843e+01
8.574355158730158166e+01
8.610416666666667140e+01
0.000000000000000000e+00
0.000000000000000000e+00
0.000000000000000000e+00
0.000000000000000000e+00
8.493576388888888573e+01
8.523774647887323397e+01
8.508833333333333826e+01
0.000000000000000000e+00
0.000000000000000000e+00
0.000000000000000000e+00
0.000000000000000000e+00
0.000000000000000000e+00
0.000000000000000000e+00
0.000000000000000000e+00
0.000000000000000000e+00
0.000000000000000000e+00
0.000000000000000000e+00
0.000000000000000000e+00
0.000000000000000000e+00
0.000000000000000000e+00
0.000000000000000000e+00
0.000000000000000000e+00
0.000000000000000000e+00
9.838392857142856940e+01
9.498802681992337682e+01
9.742687559354226323e+01
1.018227435646790440e+02
9.859566326530612912e+01
9.350781250000000000e+01
9.310373711340206171e+01
9.056088435374149981e+01
9.092611683848797099e+01
9.071790651744568379e+01
9.084747474747474882e+01
9.228413163897035076e+01
9.148041237113402246e+01
9.136700680272109309e+01
9.088126555279060881e+01
9.093439716312056476e+01
9.112371134020618513e+01
9.084341397849462396e+01
9.050668543279380174e+01
9.168328445747800970e+01
9.173395081443628385e+01
9.095506792058516510e+01
9.114329896907216266e+01
9.135993265993265311e+01
9.183382209188660283e+01
9.168266666666666254e+01
9.109249506254114692e+01
8.951250000000000284e+01
9.157898237445959921e+01
9.154583333333333428e+01
9.131564625850340633e+01
9.186899275839367363e+01
8.905486111111110858e+01
9.031354166666666572e+01
9.091326530612245449e+01
9.089324908546724657e+01
8.857142857142856940e+01
8.891533333333333644e+01
9.051449983708047853e+01
9.042499999999999716e+01
9.078616561356834325e+01
8.928487804878048451e+01
9.023599320882851771e+01
9.027894736842105772e+01
9.045934139784945671e+01
9.133016304347826519e+01
9.165144230769230660e+01
9.205627705627705382e+01
9.234716732542818818e+01
9.265247252747252560e+01
9.307103290974258414e+01
9.293421052631579471e+01
9.297167968750000000e+01
9.523094098883572656e+01
9.695014662756598511e+01
9.500045248868778458e+01
9.260934744268077168e+01
9.242752659574468055e+01
8.228146341463414615e+01
8.660553470919325036e+01
8.678048780487804947e+01
8.716578483245149300e+01
8.638232600732601441e+01
8.585542168674699326e+01
8.024486486486486569e+01
8.574837812789620273e+01
8.606024096385542066e+01
8.716396903589021861e+01
8.616882183908046500e+01
8.656428571428571672e+01
7.876373333333333449e+01
8.669562289562288981e+01
7.857621621621620989e+01
8.595399999999999352e+01
8.567052826691380574e+01
8.491380908248378034e+01
8.433986254295533058e+01
8.516867469879518637e+01
8.496296296296296191e+01
8.555555555555555713e+01
8.587389770723103766e+01
8.526598702502316485e+01
8.545215759849905623e+01
8.523650156180276838e+01
8.550468540829986352e+01
8.574074074074074758e+01
8.529147358665430545e+01
7.628354978354978755e+01
8.547751322751322789e+01
8.580034423407917643e+01
8.597375215146298899e+01
8.624362244897959329e+01
8.584681583476763933e+01
