1.126200000000000045e+02
1.129071618037135210e+02
1.126496551724137873e+02
1.130933333333333337e+02
1.131906666666666723e+02
1.142013333333333378e+02
1.139531034482758685e+02
1.138960000000000008e+02
1.139519999999999982e+02
1.139920000000000044e+02
1.138679999999999950e+02
1.137333333333333343e+02
1.137048275862069033e+02
1.137048275862069033e+02
1.136675862068965586e+02
1.137986666666666622e+02
1.135287356321839098e+02
1.136520000000000010e+02
1.133548850574712645e+02
1.135083333333333400e+02
1.132298850574712645e+02
1.133722222222222200e+02
1.133333333333333286e+02
1.134008620689655231e+02
1.137370689655172384e+02
1.138606896551724077e+02
1.139486111111111057e+02
1.141034482758620641e+02
1.148692528735632123e+02
1.146163793103448256e+02
1.146939655172413808e+02
1.146724137931034448e+02
1.147456896551724128e+02
1.148772413793103482e+02
1.149330357142857082e+02
1.149047619047618980e+02
1.153158620689655152e+02
1.153213793103448239e+02
1.151751724137931063e+02
1.150271428571428629e+02
1.151379310344827616e+02
1.149687500000000000e+02
1.151200000000000045e+02
1.148271428571428601e+02
1.148854166666666714e+02
1.149107142857142918e+02
1.150206896551724185e+02
1.148794642857142918e+02
1.151779310344827536e+02
1.151364942528735611e+02
1.149419642857142918e+02
1.148979885057471222e+02
1.150186781609195350e+02
1.150675287356321803e+02
1.150951724137931080e+02
1.149568965517241423e+02
1.148807471264367877e+02
1.148821839080459739e+02
1.147643678160919478e+02
1.148652777777777771e+02
1.150386206896551755e+02
1.146264367816092005e+02
1.147475862068965569e+02
1.148173333333333375e+02
1.145962643678160902e+02
1.147972413793103499e+02
1.145900000000000034e+02
1.148289655172413859e+02
1.147613793103448216e+02
1.144554597701149419e+02
1.143290229885057414e+02
1.142275862068965466e+02
1.144275862068965495e+02
1.144152298850574709e+02
1.143988095238095184e+02
1.143347701149425291e+02
1.141479885057471222e+02
1.141781609195402325e+02
1.142038690476190510e+02
1.142068965517241423e+02
1.143591954022988517e+02
1.142830459770114970e+02
1.142155172413793167e+02
1.142040229885057414e+02
1.141379310344827616e+02
1.141862068965517238e+02
1.141724137931034448e+02
1.141566091954022966e+02
1.141508620689655231e+02
1.141221264367816133e+02
1.141034482758620641e+02
1.139770114942528778e+02
1.142579310344827519e+02
1.142468965517241344e+02
1.140229885057471222e+02
1.142096551724137896e+02
1.141793103448275843e+02
1.140606896551724105e+02
1.139971428571428618e+02
1.140488505747126453e+02
1.138735632183907995e+02
1.138534482758620641e+02
1.138842857142857099e+02
1.140413333333333270e+02
1.139906666666666695e+02
1.137426666666666648e+02
1.138082758620689674e+02
1.133751724137931092e+02
1.132787356321839098e+02
1.135944827586206856e+02
1.134714285714285751e+02
1.137533333333333303e+02
1.135413333333333270e+02
1.133765517241379257e+02
1.134942528735632123e+02
1.135316091954022966e+02
1.136557142857142821e+02
1.133247126436781542e+02
1.135372023809523796e+02
1.137765517241379314e+02
1.134683908045977034e+02
1.134913793103448256e+02
1.136680555555555543e+02
1.135445402298850581e+02
1.134784482758620641e+02
1.134841954022988517e+02
1.137826666666666711e+02
1.136551724137931103e+02
1.136408045977011483e+02
1.136221264367816133e+02
1.135603448275862064e+02
1.136724137931034448e+02
1.136192528735632123e+02
1.136120689655172384e+02
1.139917241379310298e+02
1.133204022988505812e+02
1.136810344827586192e+02
1.137442528735632123e+02
1.137227011494252906e+02
1.137475862068965569e+02
1.137227586206896603e+02
1.136731034482758673e+02
