0.000000000000000000e+00
0.000000000000000000e+00
0.000000000000000000e+00
0.000000000000000000e+00
0.000000000000000000e+00
0.000000000000000000e+00
0.000000000000000000e+00
0.000000000000000000e+00
0.000000000000000000e+00
0.000000000000000000e+00
0.000000000000000000e+00
0.000000000000000000e+00
0.000000000000000000e+00
0.000000000000000000e+00
0.000000000000000000e+00
0.000000000000000000e+00
0.000000000000000000e+00
0.000000000000000000e+00
0.000000000000000000e+00
0.000000000000000000e+00
0.000000000000000000e+00
0.000000000000000000e+00
0.000000000000000000e+00
0.000000000000000000e+00
0.000000000000000000e+00
0.000000000000000000e+00
0.000000000000000000e+00
0.000000000000000000e+00
0.000000000000000000e+00
0.000000000000000000e+00
0.000000000000000000e+00
0.000000000000000000e+00
0.000000000000000000e+00
0.000000000000000000e+00
0.000000000000000000e+00
0.000000000000000000e+00
0.000000000000000000e+00
5.827915291529152597e+01
5.896939393939393881e+01
5.946527777777777857e+01
5.955060506050605085e+01
5.873129812981298414e+01
5.833529411764705941e+01
5.781527581329561372e+01
5.745648259303721517e+01
5.755761067313523682e+01
5.714949494949495090e+01
5.718717201166180786e+01
5.727041847041846978e+01
5.848672289909403332e+01
5.912856276531231003e+01
6.069337260677466617e+01
6.111213235294117396e+01
6.147142857142856798e+01
6.135839902971498105e+01
6.147998787143723121e+01
6.221160714285714022e+01
6.335627653123104608e+01
6.266759431045145590e+01
6.261855670103092564e+01
6.255372148859543557e+01
6.251390190565448535e+01
6.243457382953181423e+01
6.258399029714978923e+01
6.275157828282828376e+01
6.255269607843137436e+01
6.279292929292929415e+01
6.284179687500000000e+01
6.277777777777777857e+01
6.270103092783504906e+01
6.309681372549019329e+01
6.336029411764705799e+01
6.355672268907562739e+01
6.340127591706539079e+01
6.303314393939393767e+01
6.293900928792569971e+01
6.292302878598248128e+01
6.302817337461300440e+01
6.289464285714285552e+01
6.307598039215686470e+01
6.339672619047618696e+01
6.512670068027210846e+01
6.504941304941304736e+01
6.122457107843137436e+01
5.732601351351351582e+01
5.540625000000000000e+01
5.513172966781214512e+01
5.475916380297823594e+01
5.501198105321816456e+01
5.439690721649484573e+01
5.442592592592592382e+01
5.427648809523809348e+01
5.412053571428571530e+01
5.405112781954887424e+01
5.411067669172932426e+01
5.420390977443609160e+01
5.399940476190476346e+01
5.428888888888889142e+01
5.405360623781676566e+01
5.434722222222222143e+01
5.418947368421052602e+01
5.450071123755333957e+01
5.399218045112782249e+01
5.447639097744360726e+01
5.473376225490196134e+01
5.423488721804510959e+01
5.411909774436090004e+01
5.421400198609731547e+01
5.407461300309597618e+01
5.392892156862745168e+01
5.414136904761905100e+01
5.420121580547112217e+01
5.449064327485380232e+01
5.429804511278195633e+01
5.425258358662613745e+01
5.420121580547112217e+01
5.415623100303951531e+01
5.444863221884498472e+01
5.434741641337385687e+01
5.430851063829787506e+01
5.435331384015594836e+01
5.449787234042553052e+01
5.452245862884160488e+01
5.435292397660818864e+01
5.433357699805068108e+01
5.433258258258258167e+01
5.419724545007377969e+01
5.433348623853211024e+01
5.430767338908017905e+01
5.441261261261261239e+01
5.495777027027027373e+01
5.433068520357497277e+01
5.415862591563526252e+01
5.418230494645588635e+01
5.438967505241090095e+01
5.546921147952075870e+01
5.546480855855855907e+01
5.458218785796105266e+01
5.444884407279882055e+01
5.457619047619047592e+01
5.462440791306770649e+01
5.473657474600870643e+01
5.469329896907216693e+01
5.480244897959183703e+01
5.509009009009009361e+01
5.783838133068520193e+01
5.840811965811965933e+01
5.924603174603174693e+01
5.950257731958762975e+01
6.061666666666666714e+01
6.061957671957672034e+01
6.007932416953035215e+01
6.019364725550292405e+01
5.985511284480356409e+01
6.012398996935079509e+01
6.016547159404301937e+01
6.057921589688506714e+01
6.057325013564840077e+01
6.081081081081081408e+01
6.074436936936936604e+01
6.082322118036403680e+01
6.044649751792609038e+01
6.081597222222222143e+01
6.065798611111111427e+01
6.064017857142857082e+01
6.077662037037037379e+01
6.077546296296296191e+01
6.087528935185185475e+01
6.199704618689580826e+01
6.123894557823129503e+01
6.117296678121420683e+01
6.090693012600229395e+01
6.070446735395189108e+01
6.101718213058419593e+01
6.097479954180985118e+01
6.088865979381443339e+01
6.134307777164919884e+01
6.167870932156646546e+01
6.134764309764310042e+01
6.173000551571980310e+01
6.176615646258503745e+01
6.217630385487528599e+01
6.206958473625140016e+01
6.217402095973524467e+01
6.421266568483063963e+01
6.406987399770905256e+01
6.377634593356243187e+01
6.355905743740795089e+01
6.393757159221076591e+01
6.405670103092784018e+01
6.429910714285713880e+01
6.699582056283087184e+01
6.621162657502863169e+01
6.524460824460824426e+01
6.484138888888888630e+01
6.544291230005515558e+01
6.478432978432978473e+01
6.490457804743519432e+01
6.472938144329896204e+01
6.450044182621502387e+01
6.492439862542954643e+01
6.472053571428571672e+01
6.472223858615610936e+01
6.462454981992797798e+01
6.473135233474833683e+01
6.454903628117914138e+01
6.471222385861561577e+01
6.443357879234167740e+01
6.483877434135166595e+01
6.491513480392157476e+01
6.467754868270331770e+01
6.475623582766439768e+01
6.530927835051546992e+01
6.479166666666667140e+01
6.489314058956915687e+01
6.486876417233560232e+01
6.533219954648525629e+01
6.666559766763847961e+01
6.613977613977614567e+01
