1.153062381852551965e+02
1.151172022684310008e+02
1.162690972222222285e+02
1.162690972222222285e+02
1.159600694444444429e+02
1.157300724637681100e+02
1.155587121212121247e+02
1.163134057971014528e+02
1.165000000000000000e+02
1.167650000000000006e+02
1.173683333333333394e+02
1.168142361111111143e+02
1.156302083333333286e+02
1.164382608695652124e+02
1.156332703213610529e+02
1.155330812854442399e+02
1.159710144927536248e+02
1.156614583333333286e+02
1.156843100189035880e+02
1.163648393194707040e+02
1.169311594202898590e+02
1.170778985507246404e+02
1.168586956521739069e+02
1.169601449275362341e+02
1.186642011834319561e+02
1.167934782608695627e+02
1.170271739130434838e+02
1.164945652173912976e+02
1.168115942028985472e+02
1.171356521739130443e+02
1.188038408779149506e+02
1.169021739130434838e+02
1.173038194444444429e+02
1.193318518518518516e+02
1.210549450549450512e+02
1.230727513227513157e+02
