1.497201607915893646e+02
1.486149732620320947e+02
1.502904805632078364e+02
1.506255411255411332e+02
1.514815430661789151e+02
1.507360199937519667e+02
1.511913070094888383e+02
1.519684070502161717e+02
1.520217142857142960e+02
1.500465494791666572e+02
1.495843803056027070e+02
1.492634751773049686e+02
1.483111979166666572e+02
1.472034505208333428e+02
1.504444444444444571e+02
1.489489583333333371e+02
1.467143332224808887e+02
1.459875672043010866e+02
1.493283045977011625e+02
1.486808510638297776e+02
1.491119298245614004e+02
1.482022849462365457e+02
1.482016977928692825e+02
1.492536842105263020e+02
1.478332236842105374e+02
1.501592076302274279e+02
1.473697916666666572e+02
1.473961960025789892e+02
1.471817869415807536e+02
1.472258064516128968e+02
1.463720394736841968e+02
1.471018880208333428e+02
1.460947580645161281e+02
1.466498245614035056e+02
1.469867572156196900e+02
1.480192982456140385e+02
1.472072368421052602e+02
1.473743859649122783e+02
1.483129824561403609e+02
1.492340936374549756e+02
1.491092436974790019e+02
1.483536067892503638e+02
1.500327282728272849e+02
1.486435643564356326e+02
1.492554961378490930e+02
1.491131195335277084e+02
1.489854426619132539e+02
1.483792317708333428e+02
1.445603241296518604e+02
1.468899739583333428e+02
1.477555555555555600e+02
1.488692518874399582e+02
1.484071307300509375e+02
1.517706117021276668e+02
1.513739495798319297e+02
1.542399505256648240e+02
1.545246403428221527e+02
1.546544117647058840e+02
1.547912121212121122e+02
1.555506060606060714e+02
1.527030812324929911e+02
1.537967673555908732e+02
1.549425714285714264e+02
1.561010101010101039e+02
1.536930693069306813e+02
1.528224999999999909e+02
1.504516129032257936e+02
1.505790378006872743e+02
1.497419354838709751e+02
1.515652300524170073e+02
1.528195819581958119e+02
1.573413547237076671e+02
1.513533270852858550e+02
1.526056616194865114e+02
1.517380254154447812e+02
1.514666666666666686e+02
1.522029977191267562e+02
1.521821440208536842e+02
1.504633431085044037e+02
1.513067947838023315e+02
1.503701754385965046e+02
1.503033749082905217e+02
1.475284722222222342e+02
1.487942275042444749e+02
1.493692876344086073e+02
1.492025459688825890e+02
1.500830078125000000e+02
1.508360215053763511e+02
1.492657133355503731e+02
1.509304435483871032e+02
1.510689655172413666e+02
1.502033955857385479e+02
1.488663265306122412e+02
1.491449950116395087e+02
1.492523995734091784e+02
1.499711340206185639e+02
1.502167338709677438e+02
1.468363817758563243e+02
1.496950877192982432e+02
1.480491228070175396e+02
1.483555250514756381e+02
1.474893617021276668e+02
1.475334465195246310e+02
1.493354609929077981e+02
1.475176196808510554e+02
1.472269736842105203e+02
1.483807471264367734e+02
1.488494015957446948e+02
1.468536842105263247e+02
1.472688802083333428e+02
1.470258064516129082e+02
1.459982456140350848e+02
1.483332123411978216e+02
1.494056140350877229e+02
1.494927631578947285e+02
1.498257978723404165e+02
1.505252525252525118e+02
1.518540558510638334e+02
1.527055150884495447e+02
1.527044547872340559e+02
1.503019399249061223e+02
1.510909090909090935e+02
1.505319148936170279e+02
