0.000000000000000000e+00
0.000000000000000000e+00
0.000000000000000000e+00
0.000000000000000000e+00
0.000000000000000000e+00
0.000000000000000000e+00
0.000000000000000000e+00
0.000000000000000000e+00
0.000000000000000000e+00
0.000000000000000000e+00
0.000000000000000000e+00
0.000000000000000000e+00
0.000000000000000000e+00
0.000000000000000000e+00
0.000000000000000000e+00
0.000000000000000000e+00
0.000000000000000000e+00
0.000000000000000000e+00
0.000000000000000000e+00
0.000000000000000000e+00
0.000000000000000000e+00
0.000000000000000000e+00
0.000000000000000000e+00
0.000000000000000000e+00
0.000000000000000000e+00
0.000000000000000000e+00
6.916204146730461844e+01
6.831953352769679100e+01
6.788944892473118387e+01
6.739809863339274898e+01
6.721812500000000057e+01
6.739477040816326792e+01
6.727767470624613111e+01
6.632554112554112180e+01
6.651428571428571956e+01
6.543883277216610850e+01
6.529300291545189339e+01
6.516441176470588914e+01
6.675060024009603410e+01
6.821998799519808188e+01
6.852352092352091972e+01
6.820742857142856508e+01
6.792452300785633668e+01
6.799742857142857133e+01
6.863925570228090578e+01
6.795970588235293519e+01
6.986554621848739544e+01
6.943088023088023419e+01
6.831818181818181301e+01
6.811705288175876660e+01
6.795151515151515298e+01
6.801515151515151558e+01
6.785323826500297173e+01
6.738176470588234679e+01
6.762827988338192142e+01
6.744098124098124458e+01
6.762575030012004618e+01
6.737835497835497733e+01
6.742076830732293047e+01
6.796623376623377055e+01
6.804248366013071347e+01
6.831544011544011141e+01
6.815067340067339785e+01
6.892737094837934819e+01
6.875930372148859249e+01
6.887184873949580322e+01
6.879055258467023748e+01
6.870618247298919812e+01
6.915876350540216322e+01
6.887997623291741434e+01
6.906034985422741102e+01
6.882953181272509369e+01
6.892840166369578014e+01
6.875613275613275732e+01
6.875728715728715201e+01
6.883253301320527839e+01
6.887641117052881157e+01
6.933103241296518604e+01
6.888294711824123340e+01
6.862999999999999545e+01
6.831352941176470495e+01
6.806342857142857383e+01
6.818686868686869218e+01
6.998878107944209148e+01
6.948709483793517450e+01
6.841200000000000614e+01
6.868157262905161531e+01
6.871818727490996537e+01
6.882887700534759290e+01
6.885774309723889530e+01
6.901871657754010414e+01
6.923586005830904355e+01
6.881075460487225826e+01
6.854099821746881105e+01
6.857635175282234741e+01
6.813458110516934596e+01
6.838175270108042980e+01
6.803541416566626765e+01
6.832827988338192426e+01
6.829111644657862712e+01
6.801010101010101039e+01
6.803032069970845441e+01
6.825900360144058254e+01
6.821698679471788296e+01
6.852604166666667140e+01
6.825519904931670112e+01
6.828571428571429180e+01
6.840320699708455265e+01
6.303202947845804971e+01
5.953096064814814525e+01
5.832089120370370239e+01
5.848596491228069993e+01
5.862702702702702595e+01
5.827141203703703809e+01
5.795892857142857224e+01
5.780803571428571530e+01
5.792631578947368354e+01
5.773214285714285410e+01
5.796360902255639047e+01
5.821052631578947256e+01
5.810386904761904958e+01
5.817824074074074048e+01
5.810565476190475920e+01
5.804410080183276222e+01
5.809077892325314707e+01
5.888187134502923925e+01
5.815497076023391543e+01
5.810810810810810523e+01
5.770438596491228367e+01
5.822409972299168857e+01
5.786170212765957643e+01
5.836584006687099446e+01
5.783479532163742931e+01
5.785754504504504325e+01
5.753096064814814525e+01
5.798198198198198128e+01
5.776250000000000284e+01
5.797610241820768096e+01
5.810050675675675791e+01
5.775007518796992656e+01
5.818833570412517986e+01
5.834338549075391001e+01
5.776962406015037743e+01
5.791783625730994345e+01
5.795744680851063890e+01
5.798684210526315752e+01
5.783124999999999716e+01
5.809434523809523654e+01
5.802141203703703809e+01
5.798292824074074048e+01
5.886489419424850666e+01
5.886288088642659488e+01
5.792708333333333570e+01
5.872880886426592895e+01
5.811322901849217715e+01
5.733755522827687656e+01
5.759398496240601162e+01
5.797670355270820863e+01
5.910099573257468109e+01
5.874205043859649322e+01
5.953315412186380229e+01
5.824473684210526159e+01
5.778848379629629761e+01
5.809293233082706820e+01
5.822046783625731337e+01
5.821714285714286063e+01
5.909813596491228083e+01
5.775187969924812137e+01
5.820157657657657779e+01
5.806375939849623791e+01
5.784523809523809490e+01
5.888260135135135442e+01
5.789351851851851904e+01
5.791234140715109646e+01
5.932812500000000000e+01
5.855725828921705300e+01
5.891493598862020065e+01
5.812164073550211896e+01
5.768978328173374592e+01
5.878941441441441640e+01
5.908174692049271925e+01
5.829152046783625707e+01
5.770526315789473415e+01
5.777261904761904532e+01
5.807619047619047592e+01
5.840902255639097973e+01
5.865807560137456989e+01
5.913344788087056259e+01
5.968327702702702453e+01
5.965282808581777374e+01
5.909928385416666430e+01
6.007669207669207623e+01
5.970526315789473415e+01
