9.961705685618728978e+01
9.935953177257525226e+01
1.027997347480106072e+02
1.019773913043478331e+02
1.051870026525198938e+02
1.057002652519893928e+02
1.055590659340659272e+02
1.066843501326259940e+02
1.070835543766578297e+02
1.068858974358974336e+02
1.075716180371352806e+02
1.080332056194125130e+02
1.076233421750663126e+02
1.043173076923076934e+02
1.083779840848806373e+02
1.073103448275862064e+02
1.088160919540229941e+02
1.087469135802469111e+02
1.088237547892720301e+02
1.071421404682274243e+02
1.049823717948717956e+02
1.048745819397993273e+02
1.059416666666666629e+02
1.083812709030100336e+02
1.095983333333333292e+02
1.103012820512820582e+02
1.100673076923076934e+02
1.100678260869565150e+02
1.098208695652173930e+02
1.095300000000000011e+02
1.099843478260869603e+02
1.097895652173912993e+02
1.105334448160535175e+02
1.110685618729096973e+02
1.100643478260869585e+02
1.106442307692307736e+02
1.099078260869565185e+02
1.104455128205128176e+02
1.104855769230769198e+02
1.102733333333333263e+02
1.107307692307692264e+02
1.109070512820512846e+02
1.100737179487179418e+02
1.106746794871794890e+02
1.100657051282051242e+02
1.100250836120401345e+02
1.098883333333333354e+02
1.107996794871794890e+02
1.102650000000000006e+02
1.105339130434782646e+02
1.105252173913043521e+02
1.101116666666666646e+02
1.104230769230769198e+02
1.100626086956521732e+02
1.108299999999999983e+02
1.109326923076923066e+02
1.119598662207357904e+02
1.112000000000000028e+02
1.115496794871794890e+02
1.111333333333333400e+02
1.112612179487179418e+02
1.111120401337792600e+02
1.111120401337792600e+02
1.117836538461538396e+02
1.118191304347826076e+02
1.116571906354514994e+02
1.116366666666666703e+02
1.112099358974358978e+02
1.114969135802469111e+02
1.118269230769230802e+02
1.117916666666666714e+02
1.109448160535117012e+02
1.116216666666666697e+02
1.105600000000000023e+02
1.110753205128205110e+02
1.116762820512820582e+02
1.108330434782608762e+02
1.108034782608695679e+02
1.108533333333333388e+02
1.118750000000000000e+02
1.112521739130434781e+02
1.116314102564102626e+02
1.114551282051282044e+02
1.105673076923076934e+02
1.114407051282051242e+02
1.106554487179487154e+02
1.109388083735909873e+02
1.104799331103678952e+02
1.100347826086956502e+02
1.102049999999999983e+02
1.100112179487179418e+02
1.100737179487179418e+02
1.100977564102564088e+02
1.100635451505016675e+02
1.097859531772575252e+02
1.099616666666666731e+02
1.095721153846153868e+02
1.110689102564102626e+02
1.122707100591715914e+02
1.103429487179487154e+02
1.121025641025641022e+02
1.104471153846153868e+02
1.103043478260869534e+02
1.105192307692307736e+02
1.100117056856187361e+02
1.098745819397993273e+02
1.096321070234113648e+02
1.102435897435897374e+02
1.100977564102564088e+02
1.102993827160493794e+02
1.097067307692307736e+02
1.104186795491143300e+02
1.102291666666666714e+02
1.099259259259259238e+02
1.101638795986622057e+02
1.095048076923076934e+02
1.090678260869565150e+02
1.095737179487179418e+02
1.100468227424749159e+02
1.097173913043478279e+02
1.099663461538461604e+02
1.111203703703703667e+02
1.097582608695652198e+02
1.108044871794871824e+02
1.101586538461538396e+02
1.100334448160535175e+02
1.105999999999999943e+02
1.123968253968253919e+02
1.128219373219373267e+02
1.110000000000000000e+02
1.109464882943143778e+02
1.106907051282051242e+02
1.107516025641025692e+02
