9.733925925925926492e+01
9.724738841405508083e+01
9.667012345679012242e+01
9.742687559354226323e+01
9.749484052532832834e+01
9.702074074074073451e+01
9.750938086303939656e+01
9.742022792022791577e+01
9.748148148148148096e+01
9.760741088180112968e+01
9.776590693257359987e+01
9.792260787992495352e+01
9.754765432098766098e+01
9.732500000000000284e+01
9.736493827160494163e+01
9.858261494252873547e+01
9.772199999999999420e+01
9.813951219512195223e+01
9.853799814643187460e+01
9.851125703564727587e+01
9.862557924003706944e+01
9.861396011396011829e+01
9.830246913580246826e+01
9.846904315196998425e+01
9.824577861163227510e+01
9.844995366079703558e+01
9.897298534798534320e+01
9.842589118198874587e+01
9.839221272554605946e+01
9.910459662288930360e+01
9.928960285586791201e+01
9.958188308790718679e+01
9.893105065666041753e+01
9.896951219512195053e+01
9.921138211382114491e+01
9.894439295644114907e+01
9.942592592592592382e+01
9.910343270099367885e+01
9.934337349397590344e+01
9.914782205746061550e+01
9.985095939312806479e+01
9.874765432098764961e+01
9.892402659069325921e+01
9.869283950617284518e+01
9.903517823639775486e+01
9.899804878048780665e+01
9.968563685636856064e+01
9.972493224932249234e+01
9.910541310541310622e+01
9.943447293447293589e+01
9.945821462488129328e+01
9.990379403794038637e+01
9.919746716697936506e+01
9.981978319783198117e+01
9.908161350844277138e+01
9.972628726287263135e+01
9.994466755912539213e+01
9.969652908067541830e+01
9.938366571699904739e+01
9.966932457786116117e+01
9.986116322701688830e+01
1.000542005420054181e+02
1.001011743450767852e+02
9.938034188034187366e+01
9.924423076923076792e+01
9.895961538461538964e+01
9.971489361702127496e+01
9.905629629629629562e+01
9.903561253561252897e+01
9.938742964352719866e+01
9.968480300187617615e+01
9.959193245778611470e+01
9.916885553470919490e+01
9.958442776735459745e+01
9.951851851851851904e+01
9.966088180112569717e+01
9.897056030389363457e+01
9.970403377110693555e+01
0.000000000000000000e+00
0.000000000000000000e+00
0.000000000000000000e+00
0.000000000000000000e+00
0.000000000000000000e+00
0.000000000000000000e+00
0.000000000000000000e+00
0.000000000000000000e+00
0.000000000000000000e+00
0.000000000000000000e+00
0.000000000000000000e+00
0.000000000000000000e+00
0.000000000000000000e+00
0.000000000000000000e+00
0.000000000000000000e+00
0.000000000000000000e+00
0.000000000000000000e+00
0.000000000000000000e+00
0.000000000000000000e+00
0.000000000000000000e+00
0.000000000000000000e+00
0.000000000000000000e+00
0.000000000000000000e+00
0.000000000000000000e+00
0.000000000000000000e+00
0.000000000000000000e+00
0.000000000000000000e+00
0.000000000000000000e+00
0.000000000000000000e+00
0.000000000000000000e+00
0.000000000000000000e+00
0.000000000000000000e+00
0.000000000000000000e+00
0.000000000000000000e+00
0.000000000000000000e+00
0.000000000000000000e+00
0.000000000000000000e+00
0.000000000000000000e+00
0.000000000000000000e+00
0.000000000000000000e+00
0.000000000000000000e+00
0.000000000000000000e+00
0.000000000000000000e+00
0.000000000000000000e+00
0.000000000000000000e+00
0.000000000000000000e+00
0.000000000000000000e+00
0.000000000000000000e+00
0.000000000000000000e+00
0.000000000000000000e+00
0.000000000000000000e+00
0.000000000000000000e+00
0.000000000000000000e+00
0.000000000000000000e+00
0.000000000000000000e+00
0.000000000000000000e+00
0.000000000000000000e+00
0.000000000000000000e+00
0.000000000000000000e+00
0.000000000000000000e+00
0.000000000000000000e+00
0.000000000000000000e+00
0.000000000000000000e+00
0.000000000000000000e+00
0.000000000000000000e+00
0.000000000000000000e+00
0.000000000000000000e+00
0.000000000000000000e+00
0.000000000000000000e+00
0.000000000000000000e+00
0.000000000000000000e+00
0.000000000000000000e+00
0.000000000000000000e+00
0.000000000000000000e+00
0.000000000000000000e+00
0.000000000000000000e+00
0.000000000000000000e+00
0.000000000000000000e+00
0.000000000000000000e+00
0.000000000000000000e+00
0.000000000000000000e+00
0.000000000000000000e+00
0.000000000000000000e+00
0.000000000000000000e+00
0.000000000000000000e+00
0.000000000000000000e+00
0.000000000000000000e+00
0.000000000000000000e+00
0.000000000000000000e+00
0.000000000000000000e+00
0.000000000000000000e+00
0.000000000000000000e+00
0.000000000000000000e+00
0.000000000000000000e+00
0.000000000000000000e+00
0.000000000000000000e+00
0.000000000000000000e+00
0.000000000000000000e+00
0.000000000000000000e+00
0.000000000000000000e+00
0.000000000000000000e+00
0.000000000000000000e+00
0.000000000000000000e+00
0.000000000000000000e+00
0.000000000000000000e+00
0.000000000000000000e+00
0.000000000000000000e+00
0.000000000000000000e+00
0.000000000000000000e+00
0.000000000000000000e+00
0.000000000000000000e+00
0.000000000000000000e+00
0.000000000000000000e+00
0.000000000000000000e+00
0.000000000000000000e+00
0.000000000000000000e+00
0.000000000000000000e+00
0.000000000000000000e+00
0.000000000000000000e+00
0.000000000000000000e+00
0.000000000000000000e+00
0.000000000000000000e+00
0.000000000000000000e+00
0.000000000000000000e+00
0.000000000000000000e+00
0.000000000000000000e+00
0.000000000000000000e+00
0.000000000000000000e+00
0.000000000000000000e+00
0.000000000000000000e+00
0.000000000000000000e+00
0.000000000000000000e+00
0.000000000000000000e+00
0.000000000000000000e+00
0.000000000000000000e+00
0.000000000000000000e+00
0.000000000000000000e+00
0.000000000000000000e+00
0.000000000000000000e+00
0.000000000000000000e+00
0.000000000000000000e+00
0.000000000000000000e+00
0.000000000000000000e+00
0.000000000000000000e+00
0.000000000000000000e+00
0.000000000000000000e+00
0.000000000000000000e+00
