1.613489046391752595e+02
1.607301394784718127e+02
1.637112068965517153e+02
1.598123839009287792e+02
1.601069219440353493e+02
1.618786165613568357e+02
1.588435935198821767e+02
1.584821428571428612e+02
1.579220739842328669e+02
1.565380804953560414e+02
1.555121804511278185e+02
0.000000000000000000e+00
0.000000000000000000e+00
0.000000000000000000e+00
1.533785807291666572e+02
1.501052152819890750e+02
1.509801136363636260e+02
1.503065015479876081e+02
1.505664087685364336e+02
1.495069444444444571e+02
1.509453947368421041e+02
1.515688164893616943e+02
1.501398026315789593e+02
1.530045138888888800e+02
1.541427631578947341e+02
1.553469605403483911e+02
0.000000000000000000e+00
0.000000000000000000e+00
0.000000000000000000e+00
0.000000000000000000e+00
0.000000000000000000e+00
1.562955729166666572e+02
1.552922207446808613e+02
1.581424889543446284e+02
1.556608552631578846e+02
1.593235527359238688e+02
1.608188244047618980e+02
1.603883458646616589e+02
1.579382456140350826e+02
1.574651315789473642e+02
1.605492481203007458e+02
1.607878086419753174e+02
1.569901528013582208e+02
1.562368421052631504e+02
1.604864661654135318e+02
1.599793372319687990e+02
1.606562500000000000e+02
1.616380208333333428e+02
1.561095430107527022e+02
1.567901528013582322e+02
1.591153549382715937e+02
1.601116071428571388e+02
1.593853537148951318e+02
1.577403590425531945e+02
1.596319587628865975e+02
1.581666666666666572e+02
1.566780776826859665e+02
1.567141518275538772e+02
1.590506578947368439e+02
1.601308937368050636e+02
1.583077956989247355e+02
1.594177083333333371e+02
1.591896907216494981e+02
1.574472446236559051e+02
1.612205449189985131e+02
1.579172207446808613e+02
1.612232304900181532e+02
1.612961887477314065e+02
1.619975438596491131e+02
1.570501547987616107e+02
1.567635258358662611e+02
1.595219414893616943e+02
1.595930851063829721e+02
1.601302631578947455e+02
1.599065789473684163e+02
1.607930367504835658e+02
1.609224924012158056e+02
1.631447368421052602e+02
1.618369837296620801e+02
1.626844758064516157e+02
1.622787859824780980e+02
1.639019736842105317e+02
1.634794258373205764e+02
1.602393617021276668e+02
1.622247023809523796e+02
1.621573660714285836e+02
1.618090744101633334e+02
1.619652539137075280e+02
1.605666061705989023e+02
1.627016333938294110e+02
1.622575431034482847e+02
1.613832842415316691e+02
1.617724137931034534e+02
1.632435410334346386e+02
1.614391447368421098e+02
1.625550239234449634e+02
1.643411184210526415e+02
1.636220095693779797e+02
1.622925531914893611e+02
1.642969696969697111e+02
1.629481314432989620e+02
1.603523391812865384e+02
1.627733552631578959e+02
1.627633173843700263e+02
1.604162406015037732e+02
1.613501251564455572e+02
1.608124620060790164e+02
1.599720238095238187e+02
1.589236111111111143e+02
1.604896907216494810e+02
1.614425505050504910e+02
1.609881746513038081e+02
1.611647058823529335e+02
1.603473654066437462e+02
1.624596491228070079e+02
1.599260150375939986e+02
1.604034055727554176e+02
1.609482230392156907e+02
1.609830200121285486e+02
1.601313696612665751e+02
1.601670103092783393e+02
1.607443609022556359e+02
1.606529761904761813e+02
1.606291666666666629e+02
1.605087932080048461e+02
1.611440266828380743e+02
1.616605392156862706e+02
1.601470238095238017e+02
1.592533700980392268e+02
1.608570458404074657e+02
1.624008358662613887e+02
1.612784299339691927e+02
1.576139219015280162e+02
1.560810207336523092e+02
1.613475177304964632e+02
1.603672839506172920e+02
1.604817605075336928e+02
1.588857323232323324e+02
1.607312499999999886e+02
1.613231259968102052e+02
1.610274621212121247e+02
1.611633291614518271e+02
1.631887945670628142e+02
1.597029239766081901e+02
1.608324812030075179e+02
1.607690225563909792e+02
1.622387359198998809e+02
1.585367476851851904e+02
1.610122027534418123e+02
1.597017543859649038e+02
1.602351879699248229e+02
1.629474532559638931e+02
1.619332330827067779e+02
1.635930851063829721e+02
1.604764880952380963e+02
1.628972136222910194e+02
1.598642120765832146e+02
1.588470790378006825e+02
1.629650254668930529e+02
1.620370710784313815e+02
1.614072180451127849e+02
1.591449404761904702e+02
1.614344362745098067e+02
1.604377976190476147e+02
1.593336226851851904e+02
1.651071166544387268e+02
1.605053571428571502e+02
1.624146730462520054e+02
1.609248895434462554e+02
1.615426136363636260e+02
1.631687499999999886e+02
1.615655637254901933e+02
1.628520309477756314e+02
1.611404255319149001e+02
1.604851127819548822e+02
1.633741935483870975e+02
1.617520176082171588e+02
1.579628070175438666e+02
1.620632716049382793e+02
1.611474358974358836e+02
1.605333068992862877e+02
1.610024038461538396e+02
1.562113575268817272e+02
1.610801282051282044e+02
1.610232371794871824e+02
1.569358573216520654e+02
1.612556859867938499e+02
1.573104166666666686e+02
1.608626543209876445e+02
1.602336769759450306e+02
1.612060728744939411e+02
1.614766058683584333e+02
1.600962752525252597e+02
1.593945288753799332e+02
1.594793491864830912e+02
1.619364919354838719e+02
1.585153356481481524e+02
1.610670103092783449e+02
1.612602339181286482e+02
1.597443693693693660e+02
1.621341070277240419e+02
1.647529605263158032e+02
1.641154332700822351e+02
1.648639587362991676e+02
1.659649965682910135e+02
1.671017730496454021e+02
1.647236842105263293e+02
1.648134973404255277e+02
1.644735654416505497e+02
1.656190159574468055e+02
1.651601973684210520e+02
1.646282932416953031e+02
1.664344497607655455e+02
1.649888544891640834e+02
1.642045112781954970e+02
