0.000000000000000000e+00
0.000000000000000000e+00
0.000000000000000000e+00
0.000000000000000000e+00
0.000000000000000000e+00
0.000000000000000000e+00
0.000000000000000000e+00
0.000000000000000000e+00
0.000000000000000000e+00
0.000000000000000000e+00
0.000000000000000000e+00
0.000000000000000000e+00
0.000000000000000000e+00
0.000000000000000000e+00
0.000000000000000000e+00
0.000000000000000000e+00
0.000000000000000000e+00
0.000000000000000000e+00
0.000000000000000000e+00
0.000000000000000000e+00
0.000000000000000000e+00
0.000000000000000000e+00
0.000000000000000000e+00
0.000000000000000000e+00
0.000000000000000000e+00
6.314506172839506348e+01
6.168371837183718043e+01
6.320709520921770519e+01
6.346810966810966903e+01
6.348375350140055673e+01
6.433142233142233124e+01
6.441679957469430917e+01
6.318386243386243706e+01
6.198386295928500545e+01
6.156132075471698073e+01
6.367063492063491736e+01
6.203630363036303663e+01
6.195947368421052914e+01
6.231921052631579272e+01
6.150756756756756971e+01
6.124378924378924438e+01
6.114837837837837498e+01
6.158978675645342094e+01
6.154845754845754868e+01
6.142642642642642414e+01
6.128055555555555856e+01
6.142861042861042620e+01
6.135353535353535648e+01
6.147390572390572316e+01
6.158900226757369722e+01
6.123972222222221973e+01
6.278798185941042931e+01
6.212556689342403615e+01
6.168792517006802711e+01
6.153666666666666885e+01
6.186622986622986531e+01
6.126879910213243363e+01
6.143162162162162332e+01
6.115555555555555856e+01
6.118594594594594582e+01
6.097484613326197689e+01
6.085436893203883812e+01
6.084949655537890578e+01
6.070137784843667106e+01
6.108030803080308146e+01
6.124960254372019364e+01
6.336335578002244517e+01
6.190058479532163460e+01
6.005117168818747331e+01
6.136581632653061291e+01
6.135435435435435636e+01
6.088472418670438202e+01
6.147201747201746969e+01
6.016138613861386375e+01
6.113049413049412806e+01
6.118045318045317771e+01
6.126927166400850666e+01
6.057729729729729939e+01
5.989781553398058378e+01
6.006008044243338162e+01
6.158837837837837981e+01
6.010157790927021892e+01
6.060630536737884455e+01
5.885804321728691235e+01
6.015368421052631476e+01
5.869865689865689973e+01
5.991766545075559947e+01
6.020792079207920722e+01
6.098564102564102285e+01
6.062948717948717814e+01
6.166775866775866888e+01
6.144364699627857362e+01
6.121000000000000085e+01
6.129615384615384954e+01
6.083473684210526500e+01
6.080394736842104919e+01
6.114981761334028221e+01
6.113759837522214013e+01
6.047523027134677420e+01
6.130918918918919047e+01
6.144945945945946164e+01
6.132542991141219346e+01
6.235263157894736707e+01
6.148516720604099106e+01
6.281236842105263207e+01
6.256140350877193157e+01
6.204216216216216395e+01
6.231937039857832161e+01
6.076418269230769198e+01
6.082742914979757387e+01
6.202052631578947484e+01
6.191714434601355066e+01
6.197710526315789537e+01
6.216868421052631533e+01
6.268307692307692491e+01
6.195210526315789679e+01
6.166710526315789309e+01
6.205473684210526386e+01
6.205394736842104919e+01
6.200710526315789650e+01
