1.311717171717171766e+02
1.321866028708134024e+02
1.328156299840510428e+02
1.307371323529411882e+02
1.323478550049883609e+02
1.299624014554275391e+02
1.332942154255319167e+02
1.307986842105263179e+02
1.307907475490196134e+02
1.324336162988115575e+02
1.323619791666666572e+02
1.332706281833616231e+02
1.332749103942652198e+02
1.320548644338118152e+02
1.320259293970634076e+02
1.328931451612903345e+02
1.325517676767676676e+02
1.321477663230240580e+02
1.330470328282828234e+02
1.324443359375000000e+02
1.341171875000000000e+02
1.332506720430107521e+02
1.380489195678271415e+02
1.323501683501683601e+02
1.315641711229946509e+02
1.328495489690721740e+02
1.343819078947368553e+02
1.317707701637355910e+02
1.318184210526315780e+02
1.338774193548387075e+02
1.330954122340425556e+02
1.320754419191919169e+02
1.342430186170212778e+02
1.325771484375000000e+02
1.327180851063829721e+02
1.329345351043643291e+02
1.333611842105263179e+02
1.338291223404255277e+02
1.322486979166666572e+02
1.337773437500000000e+02
1.308255183413078271e+02
1.325319010416666572e+02
1.340595703125000000e+02
1.323127014829142354e+02
1.339837080482241731e+02
1.323428030303030312e+02
1.332843365480545401e+02
1.325451030927835063e+02
1.321776714513556499e+02
1.325026315789473585e+02
1.324723684210526358e+02
1.350848896434634980e+02
1.309712918660287073e+02
1.341768617021276668e+02
1.337130730050933778e+02
1.339365131578947228e+02
1.338088430851063890e+02
1.338448217317487376e+02
1.341429541595925343e+02
1.335286989795918373e+02
1.330113932291666572e+02
1.344401315789473585e+02
1.339213058419244078e+02
1.324136424731182728e+02
1.329039713541666572e+02
1.334554924242424363e+02
1.325229202037351399e+02
1.341240026595744723e+02
1.322271262886598038e+02
1.334967741935483900e+02
1.324822368421052659e+02
1.322375000000000114e+02
1.330229665071770455e+02
1.325944078947368325e+02
1.316679425837320707e+02
1.338057416267942585e+02
1.330013297872340559e+02
1.338536184210526301e+02
1.322506443298969145e+02
1.342435087719298110e+02
1.356530542210020656e+02
1.339504244482173192e+02
1.336907894736842195e+02
1.326733552631579016e+02
1.314176819743830151e+02
1.331875000000000000e+02
1.385972938144329873e+02
1.344027061855670127e+02
1.358614601018675785e+02
1.333765782828282909e+02
1.334556451612903345e+02
1.323508186779866662e+02
1.334325657894736707e+02
1.339095394736842195e+02
1.325741792929293013e+02
1.324842105263157919e+02
1.332763671875000000e+02
1.349487266553480538e+02
1.334584407216494810e+02
1.347856691919191974e+02
1.351197368421052545e+02
1.341263020833333428e+02
1.350284831846259408e+02
1.333690789473684220e+02
1.337114764667956024e+02
1.329617224880382764e+02
1.336304279912527306e+02
1.330432449494949481e+02
1.340460526315789593e+02
1.329666464523953948e+02
1.354759018759018829e+02
1.339782196969696884e+02
1.321961795027289384e+02
1.346921341070277265e+02
1.351618421052631618e+02
1.338600437363323863e+02
1.338204146730462583e+02
1.337335207747578920e+02
1.331038039974210108e+02
1.313009287925696640e+02
1.349911184210526187e+02
1.349855510752688303e+02
1.342550084889643358e+02
1.346314760508308837e+02
1.338017958097771896e+02
1.318507965686274588e+02
1.337415364583333428e+02
1.337326698695950711e+02
1.337952153110047959e+02
1.337154014370509287e+02
1.321508838383838338e+02
1.328647527910685824e+02
1.344909090909090992e+02
1.333879256965944364e+02
1.314684210526315837e+02
1.338539074960127664e+02
1.332246710526315780e+02
1.327628482972136226e+02
1.329179566563467461e+02
1.326344401041666572e+02
1.349765957446808500e+02
1.341253360215053760e+02
1.341324869791666572e+02
1.329983723958333428e+02
1.332476478494623677e+02
1.345336523125996848e+02
1.337855392156862706e+02
1.397392473118279668e+02
1.364233052171196618e+02
1.329739235900545680e+02
1.347288411458333428e+02
1.344075126262626156e+02
1.329185758513932001e+02
1.339667442633854364e+02
1.338119337706966689e+02
1.339789540816326507e+02
1.332048611111111143e+02
1.338956937799043203e+02
1.314572468162522796e+02
1.347479443390259348e+02
1.331233891752577279e+02
1.341262105592002456e+02
1.339671451355661986e+02
1.330942995755003153e+02
1.332509469696969688e+02
1.330003156565656468e+02
1.339612621055919988e+02
1.323492500765227931e+02
1.310776785714285779e+02
1.321973852040816269e+02
1.330760309278350633e+02
1.337460168697282086e+02
1.327489387507580432e+02
1.328559733171619257e+02
1.322034813925570234e+02
1.330570042449969606e+02
1.337397688222430361e+02
1.333130348913759065e+02
1.330518685567010380e+02
1.349592803030303116e+02
1.332312693498452063e+02
1.340813137755102105e+02
1.339215870040612231e+02
1.341458333333333428e+02
1.350342105263158032e+02
1.334329464861379790e+02
1.341483911277725838e+02
1.341275917065390786e+02
1.338163074039362641e+02
1.324116709183673493e+02
1.332564432989690602e+02
1.349764912280701878e+02
1.344053030303030312e+02
1.330357603092783449e+02
1.330457474226804209e+02
1.330132087628865918e+02
1.319007352941176521e+02
1.362500000000000000e+02
1.352662739322533128e+02
1.365500848896434718e+02
1.322703505644682025e+02
1.349542955326460572e+02
1.330691287878787818e+02
1.359782682512733345e+02
1.331336984536082468e+02
1.342088460259394651e+02
1.331810567010309398e+02
1.342073365231260027e+02
1.339465791940018846e+02
1.341839042234785495e+02
1.348373067010309398e+02
1.323400360144057686e+02
1.330338273195876297e+02
1.339564349850349174e+02
1.321251840942562694e+02
1.304894660894660774e+02
1.339095443964083927e+02
1.344356060606060623e+02
1.331363636363636260e+02
1.403750000000000000e+02
1.368725947521865862e+02
1.338822157434402413e+02
1.333010204081632537e+02
1.326776147959183731e+02
1.343141945773524810e+02
1.343612882653061149e+02
1.326452950558213786e+02
1.326204311152764888e+02
1.334412878787878753e+02
1.325324675324675354e+02
1.343891752577319494e+02
1.337243421052631618e+02
1.341084036238675310e+02
1.334833984375000000e+02
1.329443359375000000e+02
1.317374166161309859e+02
1.323134469696969688e+02
1.336562500000000000e+02
1.344632161458333428e+02
1.342685805422647434e+02
1.348021907216494810e+02
1.334546052631579016e+02
1.361697845804988560e+02
1.348511404561824634e+02
1.345174603174603192e+02
1.352986658580958022e+02
1.337284241531664293e+02
1.329780927835051614e+02
1.329381443298969145e+02
1.337171223958333428e+02
1.338362630208333428e+02
1.400016339869281126e+02
1.419028852920478414e+02
1.356196340605207524e+02
1.442403225806451701e+02
1.382547058823529369e+02
1.328552875695732780e+02
1.347517361111111143e+02
1.313795688847235112e+02
1.331173843700159409e+02
1.312884114583333428e+02
1.288175696357514539e+02
1.298716026241799568e+02
1.296916588566073187e+02
1.335659623072529882e+02
1.316528925619834638e+02
1.309425655976676524e+02
1.298998316498316399e+02
1.310435606060605949e+02
1.308035172832019271e+02
1.310827020202020208e+02
1.308123104912068015e+02
1.301926362297496382e+02
1.293233236151603478e+02
1.301943602183141309e+02
1.319963235294117680e+02
1.321362757731958766e+02
1.328081143997339666e+02
1.317007575757575637e+02
1.302462444771723256e+02
1.310884098719150188e+02
1.306787172011661937e+02
1.320184811827957105e+02
1.317326388888888857e+02
1.319121132323897427e+02
1.369460227272727195e+02
1.319196482716798187e+02
1.319549632352941160e+02
1.342467447916666572e+02
1.329101562500000000e+02
1.338941532258064626e+02
1.347972222222222172e+02
1.333318922514133646e+02
1.333544921875000000e+02
1.307266542980828774e+02
1.340509020618556804e+02
1.332041467304625257e+02
1.326745580808080831e+02
1.336832682291666572e+02
1.326669823232323324e+02
1.335702183121537985e+02
1.326887626262626156e+02
1.336878255208333428e+02
1.342970394736842081e+02
1.335030303030303003e+02
1.335692640692640794e+02
1.345276692708333428e+02
1.343840725806451530e+02
1.320219542362399636e+02
1.352586436170212778e+02
1.351276041666666572e+02
1.336582031250000000e+02
1.336116536458333428e+02
1.320349890659169034e+02
1.320821618244298747e+02
1.354928385416666572e+02
1.321594387755102105e+02
1.339436848958333428e+02
1.345319078947368325e+02
1.331237373737373844e+02
1.322008747266479247e+02
1.322873774509803866e+02
1.349106182795698885e+02
1.338419243986254230e+02
1.331597938144329873e+02
1.329753787878787818e+02
1.347914865314266706e+02
1.343797831632653015e+02
1.343645735707591484e+02
1.334744318181818130e+02
1.350789993416721586e+02
1.333862090290661797e+02
1.344111328125000000e+02
1.334178479381443196e+02
1.357234543010752645e+02
1.352896434634974412e+02
1.331633173843700035e+02
1.329788602941176521e+02
1.338396464646464779e+02
1.319627046694966737e+02
1.326545618247298819e+02
1.329875039050296834e+02
1.344420493595751225e+02
1.347341256366723314e+02
1.328984375000000000e+02
1.335807050092764428e+02
1.336058217101273442e+02
1.336616161616161662e+02
1.352116935483871032e+02
1.349513157894736821e+02
1.353524865591397770e+02
1.336905901116427344e+02
1.344413194444444457e+02
1.339974489795918373e+02
1.333955176767676676e+02
1.332970328282828234e+02
1.327996904024767844e+02
1.328094362745098067e+02
1.351286184210526358e+02
1.351136363636363740e+02
1.351914473684210520e+02
1.346770897832817298e+02
1.327325930372148832e+02
1.351152146464646364e+02
1.346301155888784820e+02
1.352133838383838338e+02
1.344583333333333428e+02
1.344310451453308701e+02
1.400565789473684220e+02
1.369026692708333428e+02
1.348700657894736707e+02
1.343248984692283727e+02
1.340415495157763246e+02
1.328755952380952294e+02
1.322555147058823479e+02
1.313605215281989160e+02
1.318709867452135427e+02
1.352506578947368325e+02
1.329232868405094052e+02
1.311057437407952762e+02
1.342161458333333428e+02
1.338671875000000000e+02
1.342962239583333428e+02
1.341234449760765415e+02
1.350368421052631618e+02
1.366048387096774093e+02
1.331827651515151558e+02
1.326484848484848555e+02
1.309377976190476147e+02
1.325985445724681711e+02
1.319484536082474335e+02
1.353636067708333428e+02
1.337950563204005050e+02
1.354207336523126060e+02
1.336860356138706720e+02
1.362088815789473699e+02
1.353574218750000000e+02
1.355578947368421154e+02
1.357327473958333428e+02
1.347328947368420984e+02
1.327287925696594471e+02
1.351856459330143423e+02
1.343339646464646364e+02
1.327513931888544789e+02
1.323510638297872219e+02
1.296655092592592666e+02
1.328823529411764639e+02
1.338112373737373844e+02
1.354596354166666572e+02
1.370540364583333428e+02
1.338933080808080831e+02
1.327776747062461311e+02
1.346327284946236489e+02
1.315304860088365331e+02
1.357100099767209826e+02
1.326452395391146126e+02
1.338250546704154829e+02
1.337294595438925455e+02
1.342746212121212182e+02
1.323028350515463956e+02
1.328541080912214909e+02
1.317934922680412342e+02
1.335366263440860166e+02
1.310130781499202612e+02
1.323768939393939377e+02
1.323188854489164044e+02
1.330579427083333428e+02
1.331234449760765415e+02
1.379378634833180399e+02
1.378671826625387098e+02
1.338657738095238017e+02
1.339850349185234393e+02
1.323470238095238187e+02
1.340752791068580621e+02
1.343177083333333428e+02
1.340284286160574823e+02
1.331839826839826912e+02
1.340844072164948386e+02
1.333421223958333428e+02
1.331406250000000000e+02
1.334814120587316495e+02
1.334971732623877756e+02
1.327390463917525665e+02
1.341536458333333428e+02
1.350409247110277988e+02
1.343858418367346985e+02
1.374609375000000000e+02
1.332896331738436970e+02
1.329502728926622126e+02
1.338156028368794352e+02
1.326743259803921546e+02
1.325309436274509665e+02
1.334704301075268802e+02
1.322873065015479881e+02
1.326691658856607319e+02
1.328589015151515014e+02
1.321640625000000000e+02
1.336902711323764095e+02
1.324860026041666572e+02
1.322730295976055856e+02
1.305985629490783992e+02
1.326428333887595556e+02
1.318337628865979241e+02
1.324206850681742651e+02
1.308098958333333428e+02
1.306787878787878867e+02
1.317345394736842081e+02
1.314090909090909065e+02
1.308873106060605949e+02
1.321988932291666572e+02
1.348122238586156243e+02
1.317549828178694042e+02
1.285966885348328788e+02
1.287619493908153743e+02
1.295170259293970503e+02
1.327436155913978553e+02
1.306057416267942699e+02
1.297452651515151558e+02
1.305699869791666572e+02
1.311660353535353636e+02
1.296181199752628288e+02
1.370642959770114828e+02
1.340188172043010866e+02
1.312353123067408660e+02
1.329048885932823509e+02
1.327463815789473642e+02
1.332597623089982903e+02
1.314778645833333428e+02
1.301067509145327676e+02
1.324828178694158112e+02
1.335266447368421154e+02
1.310362386754139266e+02
1.386757392473118387e+02
1.374007161458333428e+02
1.326537990196078454e+02
1.319390815370196890e+02
1.314815039417829041e+02
1.323346092503987279e+02
1.297672602311777439e+02
1.283584683357879328e+02
1.283204775022956881e+02
1.283584183673469283e+02
1.287416063199473228e+02
1.273881048387096797e+02
1.288505859375000000e+02
1.273862090290661655e+02
1.301277192982456086e+02
1.266815025252525260e+02
1.273569587628865918e+02
1.287081185567010380e+02
1.279284598562949071e+02
1.280102040816326507e+02
1.280295698924731198e+02
1.249839650145772652e+02
1.275386597938144320e+02
1.324875000000000114e+02
1.287297719462667942e+02
1.278244201030927769e+02
1.271316964285714306e+02
1.321707702020202078e+02
1.398142857142857167e+02
1.391295405982905891e+02
1.401137275889751095e+02
1.392814285714285631e+02
1.390478076379066579e+02
1.327009408602150415e+02
1.301252733520774711e+02
1.281345663265306030e+02
1.271849103277674686e+02
1.254254557291666714e+02
1.265492033739456446e+02
1.242331478045763760e+02
1.250149984695439258e+02
1.297916276163698797e+02
