1.453375212224108566e+02
1.424170506912442420e+02
1.424203423304805654e+02
1.431145833333333428e+02
1.439120234604105519e+02
1.459475399152818511e+02
1.425693877551020421e+02
1.426000631313131350e+02
1.456687285223367780e+02
1.429000000000000057e+02
1.454638370118845501e+02
1.452907894736842138e+02
1.436072809278350633e+02
1.429098307291666572e+02
1.415334821428571388e+02
1.422998065764023181e+02
1.418427083333333201e+02
1.411623711340206171e+02
1.394507575757575637e+02
1.422944078947368496e+02
1.405511067708333428e+02
1.387303967510153200e+02
1.413907894736842081e+02
1.464761597938144462e+02
1.440137268359643201e+02
1.434499327956989134e+02
1.448754990925589823e+02
1.428830645161290249e+02
1.432913412563667350e+02
1.460838206627680336e+02
1.411425781250000000e+02
1.416733652312599645e+02
1.419865131578947341e+02
1.406829115901280716e+02
1.415937500000000000e+02
1.400912247474747403e+02
1.421552419354838719e+02
1.419174872665534792e+02
1.430703500343171015e+02
1.426421052631579016e+02
