1.293107003199431233e+02
1.304162808641975175e+02
1.253199312714776568e+02
1.260315929497838425e+02
1.271972508591065321e+02
1.273226804123711275e+02
1.275493847688726277e+02
1.281646505376344010e+02
1.296290174471992600e+02
1.284642166344293912e+02
1.299631944444444400e+02
1.285021616228799530e+02
1.315967261904762040e+02
1.288070175438596436e+02
1.294358198924731198e+02
1.266041861918150602e+02
1.254960582171012788e+02
1.275473684210526386e+02
1.273931451612903203e+02
1.249443712969058566e+02
1.252955892034233045e+02
1.246049107142857082e+02
1.265477663230240495e+02
1.244133064516128968e+02
1.289103277674706192e+02
1.278731958762886620e+02
1.262411040904556074e+02
1.279534305012442275e+02
1.264566012637179853e+02
1.270557795698924792e+02
1.269005924950625399e+02
1.267905927835051614e+02
1.270426116838488042e+02
1.280565972222222229e+02
1.270776209677419359e+02
1.272608418367346985e+02
1.274379780512138325e+02
1.293854166666666572e+02
1.275534013605442141e+02
1.290593672236046814e+02
1.316005135730007396e+02
1.296708360763660437e+02
1.301532258064516157e+02
1.301548387096774206e+02
1.297868307283006288e+02
1.302156196943972759e+02
1.298686398403724525e+02
1.290482993197279029e+02
1.275574829931972829e+02
1.288846649484536044e+02
1.281463252411040799e+02
1.282593947455936245e+02
1.289557698703026176e+02
1.282611111111111200e+02
1.269749348958333286e+02
1.274170269371466588e+02
1.281459407216494810e+02
1.274110824742268022e+02
1.275815972222222285e+02
1.281527061855670127e+02
1.283458596607914899e+02
1.276120274914089379e+02
1.283325573661456644e+02
1.285597222222222342e+02
1.283614898570003220e+02
1.285445614035087658e+02
1.279962648556875990e+02
1.274303292317924843e+02
1.280598118279569917e+02
1.309751932989690602e+02
1.302732638888888914e+02
1.283367697594501635e+02
1.259763001974983609e+02
1.262940188172043037e+02
1.271968427835051614e+02
1.257080146325241117e+02
1.263315596940472290e+02
1.264289005924950686e+02
1.272034013605442198e+02
1.265546085858585883e+02
1.280096219931271548e+02
1.297906250000000057e+02
1.290074829931972715e+02
1.273083545918367321e+02
1.281105990783410107e+02
1.272206632653061291e+02
1.292673301304049289e+02
1.267539026629935677e+02
1.285116792929293013e+02
1.271138649425287355e+02
1.242532552083333286e+02
1.250824742268041234e+02
1.238729128014842331e+02
1.243778994845360870e+02
1.254772135416666714e+02
1.235012368583797127e+02
1.272029569892473120e+02
1.268266129032258078e+02
1.263006578947368439e+02
1.264622547389424625e+02
1.279830395743265683e+02
1.270151515151515156e+02
1.275421329822251550e+02
1.272538265306122440e+02
0.000000000000000000e+00
1.273724137931034477e+02
1.269694444444444485e+02
1.270690972222222257e+02
1.264829545454545467e+02
1.247872603586889255e+02
1.265996009311606230e+02
1.266636424731182728e+02
1.267378289473684276e+02
1.233843427835051614e+02
1.261000997672098407e+02
1.257635517126704343e+02
1.249503865979381487e+02
1.257184244791666714e+02
1.241125637755102105e+02
1.254388316151202787e+02
1.252580645161290391e+02
1.252514812376563498e+02
1.235220025510204067e+02
1.232291280148423027e+02
1.258405498281786947e+02
1.247098214285714306e+02
1.237896907216494782e+02
1.236899295990205019e+02
1.243129251700680271e+02
1.285027755749405287e+02
1.247582274356467877e+02
1.240369897959183731e+02
1.238628553577007239e+02
1.256412512218963826e+02
1.251468071099407524e+02
1.236836734693877560e+02
1.242694515306122440e+02
0.000000000000000000e+00
1.245457575757575768e+02
1.254210176255404008e+02
1.240640424867228973e+02
1.234572704081632679e+02
1.235733288992351220e+02
1.243125000000000000e+02
1.229670836076366101e+02
1.237003658131027635e+02
1.245300964416361893e+02
1.227373737373737441e+02
1.221938775510204067e+02
1.246990355836381781e+02
1.272388316151202758e+02
1.254913903061224545e+02
1.248632653061224431e+02
1.249652777777777715e+02
1.251435154707044148e+02
1.249101382488479288e+02
1.232603586889301113e+02
1.232004897459442958e+02
1.222098214285714306e+02
1.230225726654298057e+02
1.217704081632653015e+02
1.212684419957147242e+02
1.225061211340206171e+02
1.247927835051546452e+02
1.273255208333333286e+02
1.257631990003123974e+02
1.268942467575656821e+02
0.000000000000000000e+00
0.000000000000000000e+00
1.276674426338543356e+02
1.288492429229756340e+02
1.271929209183673493e+02
1.282371675943104492e+02
