0.000000000000000000e+00
0.000000000000000000e+00
1.484246402610888538e+02
1.472929705215419460e+02
1.472688307829445762e+02
0.000000000000000000e+00
0.000000000000000000e+00
0.000000000000000000e+00
0.000000000000000000e+00
0.000000000000000000e+00
1.460967881944444571e+02
0.000000000000000000e+00
0.000000000000000000e+00
0.000000000000000000e+00
0.000000000000000000e+00
1.441869900608218416e+02
0.000000000000000000e+00
0.000000000000000000e+00
0.000000000000000000e+00
0.000000000000000000e+00
0.000000000000000000e+00
1.439424150943396228e+02
0.000000000000000000e+00
0.000000000000000000e+00
0.000000000000000000e+00
0.000000000000000000e+00
0.000000000000000000e+00
0.000000000000000000e+00
0.000000000000000000e+00
0.000000000000000000e+00
0.000000000000000000e+00
0.000000000000000000e+00
0.000000000000000000e+00
0.000000000000000000e+00
0.000000000000000000e+00
0.000000000000000000e+00
0.000000000000000000e+00
0.000000000000000000e+00
0.000000000000000000e+00
0.000000000000000000e+00
0.000000000000000000e+00
0.000000000000000000e+00
0.000000000000000000e+00
0.000000000000000000e+00
0.000000000000000000e+00
0.000000000000000000e+00
0.000000000000000000e+00
0.000000000000000000e+00
0.000000000000000000e+00
0.000000000000000000e+00
0.000000000000000000e+00
0.000000000000000000e+00
0.000000000000000000e+00
0.000000000000000000e+00
0.000000000000000000e+00
0.000000000000000000e+00
0.000000000000000000e+00
0.000000000000000000e+00
0.000000000000000000e+00
0.000000000000000000e+00
0.000000000000000000e+00
0.000000000000000000e+00
0.000000000000000000e+00
0.000000000000000000e+00
0.000000000000000000e+00
0.000000000000000000e+00
0.000000000000000000e+00
0.000000000000000000e+00
0.000000000000000000e+00
1.482017523809523709e+02
1.478898046398046517e+02
1.482732105420784592e+02
1.480498039215686390e+02
1.484876460017969464e+02
1.482588952380952492e+02
1.225551626591230558e+02
1.211654475792406771e+02
1.223575000000000017e+02
1.208193103448275849e+02
1.211785714285714306e+02
0.000000000000000000e+00
0.000000000000000000e+00
1.208599791013584053e+02
1.207972582972582956e+02
1.211505102040816269e+02
0.000000000000000000e+00
0.000000000000000000e+00
0.000000000000000000e+00
0.000000000000000000e+00
0.000000000000000000e+00
0.000000000000000000e+00
0.000000000000000000e+00
0.000000000000000000e+00
0.000000000000000000e+00
1.260356570512820582e+02
0.000000000000000000e+00
0.000000000000000000e+00
0.000000000000000000e+00
0.000000000000000000e+00
0.000000000000000000e+00
0.000000000000000000e+00
0.000000000000000000e+00
0.000000000000000000e+00
0.000000000000000000e+00
0.000000000000000000e+00
0.000000000000000000e+00
0.000000000000000000e+00
0.000000000000000000e+00
0.000000000000000000e+00
0.000000000000000000e+00
0.000000000000000000e+00
0.000000000000000000e+00
0.000000000000000000e+00
0.000000000000000000e+00
0.000000000000000000e+00
0.000000000000000000e+00
0.000000000000000000e+00
0.000000000000000000e+00
0.000000000000000000e+00
0.000000000000000000e+00
0.000000000000000000e+00
0.000000000000000000e+00
0.000000000000000000e+00
0.000000000000000000e+00
0.000000000000000000e+00
0.000000000000000000e+00
0.000000000000000000e+00
0.000000000000000000e+00
0.000000000000000000e+00
0.000000000000000000e+00
0.000000000000000000e+00
0.000000000000000000e+00
0.000000000000000000e+00
0.000000000000000000e+00
0.000000000000000000e+00
0.000000000000000000e+00
0.000000000000000000e+00
0.000000000000000000e+00
0.000000000000000000e+00
0.000000000000000000e+00
0.000000000000000000e+00
0.000000000000000000e+00
0.000000000000000000e+00
0.000000000000000000e+00
1.227292274052478120e+02
0.000000000000000000e+00
0.000000000000000000e+00
0.000000000000000000e+00
0.000000000000000000e+00
0.000000000000000000e+00
0.000000000000000000e+00
0.000000000000000000e+00
0.000000000000000000e+00
0.000000000000000000e+00
0.000000000000000000e+00
0.000000000000000000e+00
0.000000000000000000e+00
0.000000000000000000e+00
1.278305263157894700e+02
0.000000000000000000e+00
0.000000000000000000e+00
1.266277777777777800e+02
0.000000000000000000e+00
1.314430849091583298e+02
0.000000000000000000e+00
0.000000000000000000e+00
0.000000000000000000e+00
0.000000000000000000e+00
0.000000000000000000e+00
0.000000000000000000e+00
0.000000000000000000e+00
0.000000000000000000e+00
0.000000000000000000e+00
0.000000000000000000e+00
0.000000000000000000e+00
0.000000000000000000e+00
0.000000000000000000e+00
0.000000000000000000e+00
0.000000000000000000e+00
0.000000000000000000e+00
0.000000000000000000e+00
0.000000000000000000e+00
0.000000000000000000e+00
0.000000000000000000e+00
0.000000000000000000e+00
0.000000000000000000e+00
0.000000000000000000e+00
0.000000000000000000e+00
0.000000000000000000e+00
0.000000000000000000e+00
0.000000000000000000e+00
0.000000000000000000e+00
0.000000000000000000e+00
0.000000000000000000e+00
0.000000000000000000e+00
0.000000000000000000e+00
0.000000000000000000e+00
0.000000000000000000e+00
0.000000000000000000e+00
0.000000000000000000e+00
0.000000000000000000e+00
0.000000000000000000e+00
0.000000000000000000e+00
0.000000000000000000e+00
0.000000000000000000e+00
0.000000000000000000e+00
1.101591666666666640e+02
1.107624242424242453e+02
1.105535241123476453e+02
1.087261227071473684e+02
0.000000000000000000e+00
0.000000000000000000e+00
0.000000000000000000e+00
0.000000000000000000e+00
0.000000000000000000e+00
0.000000000000000000e+00
0.000000000000000000e+00
0.000000000000000000e+00
0.000000000000000000e+00
0.000000000000000000e+00
0.000000000000000000e+00
0.000000000000000000e+00
0.000000000000000000e+00
0.000000000000000000e+00
0.000000000000000000e+00
0.000000000000000000e+00
0.000000000000000000e+00
0.000000000000000000e+00
0.000000000000000000e+00
0.000000000000000000e+00
1.233303571428571388e+02
1.250521342456826375e+02
1.300054838709677369e+02
1.332168560606060623e+02
1.393688497882046136e+02
1.418282899366643335e+02
1.391469237832874057e+02
1.415839646464646364e+02
1.455526147959183731e+02
1.481784068466096187e+02
1.488211984536082468e+02
1.534078231292517103e+02
1.598516200294550913e+02
1.587375672043010866e+02
1.624707903780068818e+02
1.667030941408821718e+02
1.667565680079813717e+02
1.692067149440421190e+02
1.698537414965986443e+02
1.709471233787828339e+02
1.711119047619047535e+02
1.707768707482993307e+02
1.699622448979591809e+02
1.692369260204081627e+02
1.686363945578231380e+02
1.690764308567365788e+02
1.684183211424590638e+02
1.675785714285714221e+02
1.664397306397306409e+02
1.669124579124579100e+02
1.672979025950942003e+02
1.656819727891156333e+02
1.655911564625850474e+02
1.647962962962963047e+02
1.654030612244897895e+02
1.641159986966438566e+02
1.655333333333333314e+02
1.655703358829398155e+02
1.654299319727891202e+02
1.653756377551020478e+02
1.666199312714776681e+02
1.673831615120274989e+02
1.665736614566012577e+02
1.665460591952111713e+02
1.667481264255457916e+02
1.685545680767863530e+02
1.671602040816326564e+02
1.671925170068027171e+02
1.670325906218822638e+02
1.663041474654377794e+02
1.686096219931271492e+02
1.678492429229756340e+02
1.680829931972789097e+02
1.669532828282828234e+02
1.677785714285714391e+02
1.674931825739940052e+02
1.665753785385121830e+02
1.648673469387755119e+02
1.669539170506912455e+02
1.656127577319587658e+02
1.663218855218855197e+02
1.651294642857142776e+02
1.662521885521885565e+02
1.666804123711340253e+02
1.666805066854327890e+02
1.653821593153390381e+02
1.673266974760042558e+02
1.658129251700680413e+02
1.674031283327408346e+02
1.664931271477663302e+02
1.664697594501718072e+02
1.653161616161616223e+02
1.664071757735352151e+02
1.669175257731958766e+02
1.674365446142907956e+02
1.669771287825475099e+02
1.661340136054421635e+02
1.700644910644910510e+02
1.671039426523297493e+02
1.676363945578231380e+02
1.706075353218210466e+02
1.696446153846153777e+02
1.661309872922776094e+02
1.666563528637261413e+02
1.666889400921658932e+02
1.681817869415807536e+02
1.670129251700680300e+02
1.669353741496598502e+02
1.671656565656565760e+02
1.687540816326530546e+02
1.682090295058656295e+02
1.711848072562358141e+02
1.704197530864197461e+02
1.679253466050479915e+02
1.686465986394557888e+02
1.674943333333333442e+02
1.709533799533799652e+02
1.690850340136054513e+02
1.689969387755102161e+02
1.689397959183673379e+02
1.683956228956228927e+02
1.675549703752468815e+02
1.704040404040404155e+02
1.689233676975945002e+02
1.678142857142857167e+02
1.668511784511784413e+02
1.674131007241606426e+02
1.664429664117060099e+02
1.670631994733377326e+02
1.671454904542462145e+02
1.674173594945127945e+02
1.674230129697372718e+02
1.671612903225806406e+02
1.675751453933272046e+02
1.668819444444444571e+02
1.689342339139708429e+02
1.675224489795918430e+02
1.673446346280447585e+02
1.666689475399152798e+02
1.655163265306122469e+02
1.695361305361305426e+02
1.666074829931972658e+02
1.671109282422646345e+02
1.675269360269360277e+02
1.673642857142857281e+02
1.673615120274914148e+02
1.675378599360113867e+02
1.660246872942725531e+02
1.666545698924731198e+02
1.682398625429553363e+02
1.674288041707396530e+02
1.665886994949495090e+02
1.655615808823529278e+02
1.667554112554112464e+02
1.684909274193548470e+02
1.665313964386129442e+02
1.668085961657390328e+02
1.667526283240569001e+02
1.679205994897959044e+02
1.668286951144094132e+02
1.672875631313131350e+02
1.663976124885215881e+02
1.655233236151603364e+02
1.655395127748068944e+02
1.670249921899406331e+02
1.683067807768268551e+02
1.665864707682889616e+02
1.660483193277310932e+02
1.667382068103717643e+02
1.677686855670103228e+02
1.671030927835051614e+02
1.662646876932591340e+02
1.678237757731958766e+02
1.674386129334583018e+02
1.675768229166666572e+02
1.682037524687294194e+02
1.678869201030927911e+02
1.677773840206185696e+02
1.673684374999999989e+02
1.682306740878169364e+02
1.684048716260697915e+02
1.665852340936374674e+02
1.684591836734693970e+02
1.667944208611279464e+02
1.682013530927835063e+02
1.667671068427370926e+02
1.682648195876288639e+02
1.682764175257731836e+02
1.669548611111111143e+02
1.671722255912674484e+02
1.671500297088532250e+02
1.676503601440576290e+02
1.669536082474226930e+02
1.670136446331109710e+02
1.663481392557022787e+02
1.683353737113401962e+02
1.692557836428804308e+02
1.663768939393939377e+02
1.678381755701343252e+02
1.680491071428571388e+02
1.675063775510204209e+02
1.691643880208333428e+02
1.677135270228053798e+02
1.698532646048109882e+02
1.680122422680412342e+02
1.690219487861656091e+02
1.672809436274509665e+02
1.677369572008747127e+02
1.684620535714285836e+02
1.688458064516129014e+02
1.699430546412113188e+02
1.659840936374549756e+02
1.695370801463252519e+02
1.680829081632653015e+02
1.686584595959595845e+02
1.678022492970946473e+02
1.689440421329822186e+02
1.681906887755102105e+02
1.692934922680412342e+02
1.676211340206185696e+02
1.695826882477128663e+02
1.704845360824742215e+02
1.692197164948453576e+02
1.680856958762886677e+02
1.678447742733457062e+02
1.688536352040816269e+02
1.707090053763440949e+02
1.688228678537956853e+02
1.701150648486863872e+02
1.694592803030303116e+02
1.689497032177444567e+02
1.680899234693877418e+02
1.693424744897959044e+02
1.695204081632653015e+02
1.692286785379568812e+02
1.683096301020408134e+02
1.702825386597938007e+02
1.683114008489993978e+02
1.677753826929084653e+02
1.693949967083607646e+02
1.685435606060605949e+02
1.682101661779081212e+02
1.686843434343434467e+02
1.682369260204081627e+02
1.691350168350168417e+02
1.667412903225806531e+02
1.643699802501645877e+02
1.638482554312047341e+02
1.669844054580896682e+02
1.603266129032257936e+02
1.633124060150375954e+02
1.655536062378167514e+02
1.643039434523809632e+02
1.647750771604938222e+02
1.592991511035653787e+02
1.612373205741626805e+02
1.634422476586888706e+02
1.637919400187441283e+02
1.642999062792877112e+02
1.640273840206185696e+02
1.630174945329584375e+02
1.644458404074702855e+02
1.646522177419354875e+02
1.640661962365591364e+02
1.649644167278063094e+02
1.675234822451317314e+02
1.669522556390977570e+02
1.665424382716049365e+02
1.661881443298969145e+02
1.649893088965253867e+02
1.662430555555555429e+02
1.649672619047618980e+02
1.651912320483748999e+02
1.658337112622826908e+02
1.645045614035087738e+02
1.643351443123938793e+02
1.637874348958333428e+02
1.630531572164948386e+02
1.635869140625000000e+02
1.640702886247877643e+02
1.624848686398403856e+02
1.661326530612244881e+02
1.656205593348450407e+02
1.665443485086342150e+02
1.649615120274914091e+02
1.651360887096774093e+02
1.637686237373737299e+02
1.649166666666666572e+02
1.629980867346938851e+02
1.655835526315789537e+02
1.673659274193548470e+02
1.644235294117647186e+02
1.649340277777777715e+02
1.661698232323232389e+02
1.661976010101010104e+02
1.656907854050711251e+02
1.666676870748299280e+02
1.670288624787775973e+02
1.661731402238314672e+02
