1.074228936170212734e+02
1.074805957446808549e+02
1.074569361702127708e+02
1.075327674023769049e+02
1.074434526315789498e+02
1.075883404255319107e+02
1.075482996765451560e+02
1.074945511157239224e+02
1.073859193911087999e+02
1.073662127659574423e+02
1.073046736842105275e+02
1.073040000000000020e+02
1.073054315789473634e+02
1.070644945697577270e+02
1.071952711640211646e+02
1.071581473684210550e+02
1.072863761153054156e+02
8.279529993815708622e+01
8.305841924398625054e+01
8.275633889919603803e+01
8.253741496598640026e+01
8.223385368839913667e+01
8.273500309214594495e+01
8.297034438775510523e+01
8.218671564126110241e+01
8.337588001224365541e+01
8.276437847866419872e+01
8.275726654298082963e+01
8.541707396546105713e+01
8.544281524926685734e+01
8.479062500000000568e+01
8.450978535353534937e+01
8.399187499999999318e+01
8.414515151515151103e+01
8.357238520408162685e+01
8.433920841063698504e+01
8.326708259061200579e+01
8.373951637588001518e+01
8.418333333333333712e+01
8.414218750000000568e+01
8.369059405940593876e+01
8.315418894830659724e+01
8.366893564356435320e+01
8.408806818181818699e+01
8.464186965108623895e+01
8.387593750000000625e+01
8.311051693404634477e+01
8.411193568336425130e+01
8.410164141414141170e+01
8.454304846938775597e+01
8.459566326530612912e+01
8.405839646464646364e+01
8.406597222222222854e+01
8.457366071428570820e+01
8.460044642857143060e+01
8.430239898989898961e+01
8.408017676767676107e+01
8.413446969696970257e+01
8.412847222222222854e+01
8.409911616161616621e+01
8.409785353535353636e+01
8.408428030303029743e+01
8.410921717171717660e+01
8.380073461891643660e+01
8.461670918367346417e+01
8.488249999999999318e+01
8.403749999999999432e+01
8.389468750000000341e+01
8.388508850885088464e+01
8.390189018901889995e+01
8.397779777977797266e+01
8.412361236123612684e+01
8.375284090909090651e+01
8.352805280528052378e+01
8.407878787878787818e+01
8.369823232323231821e+01
8.343834383438343139e+01
8.396741935483871089e+01
8.377083333333332860e+01
8.399969987995197584e+01
8.411876339149065984e+01
8.398799519807923275e+01
8.362026515151515582e+01
8.406458524640342489e+01
8.386926020408162685e+01
8.442880154639175316e+01
8.384311224489795222e+01
8.464172979797979224e+01
8.407101316192225227e+01
8.395057397959183731e+01
8.465056818181818699e+01
8.465812499999999829e+01
8.401721938775510523e+01
8.415656250000000682e+01
8.415625000000000000e+01
8.448137626262625588e+01
8.472272727272726911e+01
8.530437499999999318e+01
8.530687500000000512e+01
8.428862886288628431e+01
8.475123762376237835e+01
8.450515151515151047e+01
8.436723672367236304e+01
8.457969696969696827e+01
8.437500000000000000e+01
8.407170717071707600e+01
8.403180318031803608e+01
8.478242424242424136e+01
8.457986111111111427e+01
8.449242424242424931e+01
8.470297029702970804e+01
8.469925742574257299e+01
8.500580645161289794e+01
8.441575757575758132e+01
8.417499999999999716e+01
8.455383663366336577e+01
8.430242424242423738e+01
8.451670792079207217e+01
8.435195707070707272e+01
8.454363636363636658e+01
8.441030303030302662e+01
8.435787878787878924e+01
8.439424242424242095e+01
8.407860786078607873e+01
8.461156250000000512e+01
8.544096774193548072e+01
8.469242424242423795e+01
8.511838709677419956e+01
8.426538108356290024e+01
8.507867017774852059e+01
8.433230198019802515e+01
8.514583333333332860e+01
8.467125000000000057e+01
8.458562499999999318e+01
8.452249999999999375e+01
8.406611306291920016e+01
8.465656250000000682e+01
8.500358422939068248e+01
8.476312500000000227e+01
8.484812499999999602e+01
8.486093750000000568e+01
8.470548387096773979e+01
8.511687499999999318e+01
8.530205278592374896e+01
8.579898989898990180e+01
8.486838709677419956e+01
8.496531249999999602e+01
8.530694037145650555e+01
8.461478960396038929e+01
8.514624999999999488e+01
8.516781249999999659e+01
8.556666666666666288e+01
8.545265151515151558e+01
8.507451612903226135e+01
8.465696969696969632e+01
8.456218749999999318e+01
8.462500000000000000e+01
8.448424242424242436e+01
8.434406250000000682e+01
8.386709677419354136e+01
8.395696969696969347e+01
8.426942694269426681e+01
8.414529411764705458e+01
8.459969696969696429e+01
8.423687499999999773e+01
8.339736519607842524e+01
8.449727272727272975e+01
8.456818907697221732e+01
8.421625000000000227e+01
8.449636363636363967e+01
8.413468749999999829e+01
8.448212121212121417e+01
8.440878787878787648e+01
8.475063131313130782e+01
8.462225806451613153e+01
8.411817310763333921e+01
8.415554136058767654e+01
8.498468750000000682e+01
8.493406249999999602e+01
8.522548706483551939e+01
8.469258064516128570e+01
8.433272058823528994e+01
8.427941176470588402e+01
8.466562500000000568e+01
8.424846813725490335e+01
8.462442244224422438e+01
8.479878633024593171e+01
8.470312500000000000e+01
8.493027044639947576e+01
8.479281249999999659e+01
8.447290322580644784e+01
8.486343750000000341e+01
8.450275735294117396e+01
8.478677419354838207e+01
8.479387096774193822e+01
8.459469696969696884e+01
8.414206581948516828e+01
8.461805555555555713e+01
8.510562500000000341e+01
8.468876262626262985e+01
8.463383838383838054e+01
8.485516129032258448e+01
8.538016528925619752e+01
8.490451612903225964e+01
8.423072307230722799e+01
8.455781249999999716e+01
8.498774193548386791e+01
8.425142514251425041e+01
8.461169554455445052e+01
8.388861386138613341e+01
8.442234848484848442e+01
8.513843749999999488e+01
8.482705846342210521e+01
8.501937499999999659e+01
8.487281249999999488e+01
8.439077970297029196e+01
8.483531250000000057e+01
8.524806451612903402e+01
8.447696969696970370e+01
8.477937500000000171e+01
8.440748762376237835e+01
8.487531250000000682e+01
8.477656249999999716e+01
8.479093749999999829e+01
8.469468750000000057e+01
8.455531249999999943e+01
8.555968749999999545e+01
8.423516414141414543e+01
8.480606060606061192e+01
8.512181818181818471e+01
8.515968750000000398e+01
8.518781878187819245e+01
8.508374999999999488e+01
8.476093749999999716e+01
8.505599999999999739e+01
8.463312500000000682e+01
8.496774193548387188e+01
8.472466601498859973e+01
8.456548387096773922e+01
8.508364898989898961e+01
8.462000000000000455e+01
8.462343749999999432e+01
8.453627180899907501e+01
8.433143939393939092e+01
8.474617346938775597e+01
8.510750000000000171e+01
8.506874999999999432e+01
8.642966666666666242e+01
8.513437500000000568e+01
8.514468221015650329e+01
8.427908415841584144e+01
8.492550505050505194e+01
8.490099999999999625e+01
8.524006734006734121e+01
8.422697563874034188e+01
8.494152227722771897e+01
8.499580645161290704e+01
8.447875000000000512e+01
8.471062499999999318e+01
8.468250000000000455e+01
8.424053030303029743e+01
1.027946532351801636e+02
1.025714285714285694e+02
1.032680577849117185e+02
1.036605966679581599e+02
1.034684230918248744e+02
1.037467897271268100e+02
1.042177450600542414e+02
1.042049593180937563e+02
1.045401007361487729e+02
1.040601532567049787e+02
1.042541650523053107e+02
1.039594703049759232e+02
1.041869983948635650e+02
1.036939170864006172e+02
1.041991476172026410e+02
1.040972491282448686e+02
1.039051587301587318e+02
1.040211598746081449e+02
1.039261363636363598e+02
1.033769841269841265e+02
1.036714451762882589e+02
1.031777688603531260e+02
1.037609717868338493e+02
1.037102272727272663e+02
1.036590909090909065e+02
1.036189123376623371e+02
1.035101461038961048e+02
1.116760000000000019e+02
1.118386206896551727e+02
