1.394680989583333428e+02
1.383727904040404155e+02
1.382331227136681093e+02
1.386072809278350633e+02
1.364406565656565533e+02
1.368756250000000136e+02
1.372506377551020478e+02
1.381968134957825782e+02
1.389195211173927476e+02
1.383839285714285836e+02
1.378752468729427392e+02
1.393136015962753618e+02
1.395236998025016533e+02
1.398030303030303116e+02
1.392705882352941273e+02
1.384052941176470597e+02
1.377938205585264484e+02
1.401979381443298962e+02
1.390523370638578058e+02
1.383776474421635783e+02
1.371763636363636465e+02
1.379280685644322091e+02
1.383848852040816269e+02
1.372099785736149329e+02
1.392724609375000000e+02
1.366387768817204176e+02
1.358563112745098067e+02
1.362508591065292194e+02
1.358051470588235361e+02
