5.777668577668577399e+01
5.804308390022675468e+01
5.784548184548184224e+01
5.764880952380952550e+01
5.809613319011815236e+01
5.759062850729517180e+01
5.758249158249158484e+01
5.773351351351351468e+01
5.769696969696969546e+01
5.790447845804988702e+01
5.797461097461097523e+01
5.815306122448979664e+01
5.805639730639730800e+01
5.809932659932660215e+01
5.853157894736842337e+01
5.819096209912536466e+01
5.844608244608244263e+01
5.850341250341250543e+01
5.830116618075801682e+01
5.937829324169530310e+01
5.956122448979591866e+01
5.857800224466890882e+01
5.849007936507936734e+01
5.872420634920634797e+01
5.846891891891891646e+01
5.832511337868480439e+01
5.837046485260771078e+01
5.840108108108108098e+01
5.807054054054054149e+01
5.823242630385487217e+01
5.807507507507507682e+01
5.782364182364182170e+01
5.803731762065095268e+01
5.817144417144417190e+01
5.800170068027210846e+01
5.864965443912812049e+01
5.850026581605528975e+01
5.798129251700679987e+01
5.805046883618312137e+01
5.807343707343706996e+01
5.823478023478023147e+01
5.821258503401360684e+01
5.824635568513119210e+01
5.820538720538720412e+01
5.826907968574635532e+01
5.823636363636363455e+01
5.969358533791523769e+01
5.903612796469939639e+01
5.923289473684210549e+01
5.880343980343980093e+01
5.907336523125997019e+01
5.872724765581908457e+01
5.853737373737373417e+01
5.896783625730994061e+01
5.844635568513119495e+01
5.833611111111110858e+01
5.858230958230958407e+01
5.876270270270270402e+01
5.905105105105105423e+01
5.917499999999999716e+01
5.883024691358024683e+01
5.909117490696438324e+01
5.833906633906634198e+01
5.843684500827357908e+01
5.828819635962493351e+01
5.820758017492711645e+01
5.831963596249310200e+01
5.810619710619710787e+01
5.843779904306219919e+01
5.886337868480725888e+01
5.954166666666666430e+01
5.832531500572737571e+01
5.415784933870040163e+01
5.291272522522522337e+01
5.254468201754386314e+01
5.218421052631578760e+01
5.132899305555555713e+01
5.053721682847896091e+01
5.203316885964912331e+01
5.094752033586985362e+01
5.281085526315789735e+01
5.203761574074074048e+01
5.198024054982818143e+01
5.351858108108108070e+01
5.360992324561403422e+01
5.323026315789473983e+01
5.297775366250678530e+01
5.610504318751741692e+01
5.767067583046964785e+01
5.789551407077180301e+01
5.798356088046809731e+01
5.819167126309983473e+01
