1.249505761067313472e+02
1.234319727891156475e+02
1.239537745261057466e+02
1.242100515463917532e+02
1.248678385416666714e+02
1.246240234375000000e+02
1.247475889590954381e+02
1.245887945670628199e+02
1.232864046391752595e+02
1.243942550505050519e+02
1.246137242268041234e+02
1.247465277777777715e+02
1.257982047872340416e+02
1.277007549759780431e+02
1.271297872340425528e+02
1.249983891752577279e+02
1.264164473684210463e+02
1.258359932088285262e+02
1.270862478777589075e+02
1.257300509337860746e+02
1.263134469696969688e+02
1.256858552631578902e+02
1.253226973684210463e+02
1.259485479797979792e+02
1.278212890625000000e+02
1.270022095959595987e+02
1.285000000000000000e+02
1.285883838383838338e+02
1.304851455733808621e+02
1.299771929824561312e+02
1.278475382003395566e+02
1.273358851674641130e+02
1.269715170278637828e+02
1.264707236842105260e+02
1.252315789473684191e+02
1.258050902061855680e+02
1.281029040404040416e+02
1.262398423286840483e+02
1.274400252525252455e+02
1.282029569892472978e+02
1.279397551546391725e+02
1.295240829346092539e+02
1.330262832405689437e+02
1.273645833333333286e+02
1.274514533085961716e+02
1.299218750000000000e+02
1.283753255208333428e+02
1.290279605263157805e+02
1.289190972222222342e+02
1.283850911458333428e+02
1.279905303030302974e+02
1.304349226804123703e+02
1.269494047619047592e+02
1.287411616161616053e+02
1.299249355670103228e+02
1.305399999999999920e+02
1.292213541666666572e+02
1.284268685567010380e+02
1.260657894736842053e+02
1.265803571428571388e+02
1.253402061855670127e+02
1.254394132653061291e+02
1.269428001330229421e+02
1.259409888357256762e+02
1.266092450947788564e+02
1.272143723468768997e+02
1.277606978275181007e+02
1.282650482208181018e+02
1.270349185234452989e+02
1.276684922680412342e+02
1.291932123655913927e+02
1.299225806451613039e+02
1.313511764705882285e+02
1.282100415923945320e+02
1.294184626436781684e+02
1.279041666666666686e+02
1.268981568259918760e+02
1.282769736842105317e+02
1.284657894736841968e+02
1.281028645833333428e+02
1.280820312500000000e+02
1.279466145833333286e+02
1.264671717171717233e+02
1.281643880208333428e+02
1.258854166666666714e+02
1.236622930334270478e+02
1.241767769607843093e+02
1.274980670103092848e+02
1.282236111111110972e+02
1.271787634408602088e+02
1.250277423469387799e+02
1.266371799135350784e+02
1.250134333020930910e+02
1.249843798812870972e+02
1.254296641170601987e+02
1.259035653650254716e+02
1.252947368421052659e+02
1.248708964646464636e+02
1.248368055555555571e+02
1.284449617559028809e+02
1.271230492196878714e+02
1.292142396907216551e+02
1.276982065553494152e+02
1.310825385179750526e+02
1.269501800720288145e+02
1.276753246753246742e+02
1.271962890625000000e+02
1.277613705275924758e+02
1.268328947368421069e+02
1.261848297213622345e+02
1.267059811827956963e+02
1.274365026595744723e+02
1.258260724975058196e+02
1.257377990430621963e+02
1.255881977671451324e+02
1.255068359375000000e+02
1.264635416666666714e+02
1.257744845360824684e+02
1.253207070707070727e+02
1.250641521598968353e+02
1.257315789473684191e+02
1.246194661458333286e+02
1.231562011871290281e+02
1.261936211340206171e+02
1.277788493515131307e+02
1.257358234295415969e+02
1.255438596491228083e+02
1.260875000000000057e+02
1.257513157894736793e+02
1.257921901528013535e+02
1.255288676236044694e+02
1.257288411458333286e+02
1.274579973118279526e+02
1.299615151515151581e+02
1.295023026315789423e+02
1.289687500000000000e+02
1.259684244791666714e+02
1.269103565365025474e+02
1.264502546689303841e+02
1.246451612903225765e+02
1.260658463584968416e+02
1.269753907549052201e+02
1.273205432937181598e+02
1.265218749999999943e+02
1.266386718750000000e+02
1.262125000000000057e+02
1.259268685567010380e+02
1.252627203192550667e+02
1.296231073074391134e+02
1.270968447360199889e+02
1.272131578947368382e+02
1.257654671717171766e+02
1.255770202020202078e+02
1.245950386597938149e+02
1.272657894736842081e+02
1.264104817708333286e+02
1.271990131578947398e+02
1.271552835051546424e+02
1.248228678537956853e+02
1.257148026315789480e+02
1.257463917525773240e+02
1.265803091397849443e+02
1.250046052631578988e+02
1.266128289473684276e+02
1.248250644329896915e+02
1.262893145161290391e+02
1.254035618279569917e+02
1.245252016129032313e+02
1.288344414893616943e+02
1.265084802128367159e+02
1.274747028862478828e+02
1.268918010752688161e+02
1.257583936800526629e+02
1.275603591619554322e+02
1.287247983870967687e+02
1.288270701696042693e+02
1.290084005376344010e+02
1.276458333333333286e+02
1.280467139175257785e+02
1.270918462980318679e+02
1.298618951612903345e+02
1.300577956989247355e+02
1.292869269949066222e+02
1.302757161458333428e+02
1.260529505582137091e+02
1.289031664212076578e+02
1.254996708360763620e+02
1.265583333333333371e+02
1.270835051546391696e+02
1.287017142857142744e+02
1.278303957432657114e+02
1.284462585034013671e+02
1.303477582846003884e+02
1.260427913100724169e+02
1.256029265048220793e+02
1.261020263064344107e+02
1.265329896907216494e+02
1.253938172043010724e+02
1.251622778143515404e+02
1.279547193877551052e+02
1.270435571687840337e+02
1.250402061855670155e+02
1.253548387096774235e+02
1.267668010752688161e+02
1.261693602693602685e+02
1.261450171821305872e+02
1.275298132183907995e+02
1.274128472222222257e+02
1.290173611111111143e+02
1.274998302207130791e+02
1.283434278350515569e+02
1.282516801075268802e+02
1.282672727272727400e+02
1.280963541666666572e+02
1.265086436170212778e+02
1.277047413793103487e+02
1.258648838845883233e+02
1.268201388888888914e+02
1.255728353140916767e+02
1.240295918367346957e+02
1.264308603274120486e+02
1.261913659793814446e+02
1.261537195523370656e+02
1.261972508591065321e+02
1.263426596445029588e+02
1.264655283505154699e+02
1.262278350515463927e+02
1.281955782312925294e+02
1.282690972222222285e+02
1.283269489247311697e+02
1.296328566677752008e+02
1.296584635849684162e+02
1.289562500000000114e+02
1.274349850349185260e+02
1.251829931972789183e+02
1.318349358974358836e+02
1.318573717948717956e+02
1.256285334220152947e+02
1.271560611446853954e+02
1.269683848797250789e+02
1.273469827586206833e+02
1.263639622026718854e+02
1.263336591723688542e+02
1.272323024054982881e+02
1.278914965986394492e+02
1.279127375087966243e+02
1.274484236302418054e+02
1.290875651041666572e+02
1.290568027210884452e+02
1.288077549690453054e+02
1.282662936142198760e+02
1.270315273951637636e+02
1.259380480905233384e+02
1.308904761904761926e+02
1.330345199568500618e+02
1.278888260254596929e+02
1.273349999999999937e+02
1.272845454545454515e+02
1.278816696914700515e+02
1.243638177585633571e+02
1.246900106647707105e+02
1.257037800687285198e+02
1.254560606060606034e+02
1.283105263157894740e+02
1.263663015463917532e+02
1.262899484536082468e+02
1.250997366688610981e+02
1.254861290322580629e+02
1.262963086132357802e+02
1.263604921849019007e+02
1.255643532095144934e+02
1.268164283338876004e+02
1.271350340136054484e+02
1.277025426680599054e+02
1.266846938775510267e+02
1.276069782751810351e+02
1.263920851346857290e+02
1.287543682795698885e+02
1.273034274193548328e+02
1.266510953608247405e+02
1.265500637755102105e+02
1.287247422680412399e+02
1.273361111111111086e+02
1.282399193548387188e+02
1.261380952380952323e+02
1.258263530927835063e+02
1.247018494897959187e+02
1.263254295532645983e+02
1.264587628865979383e+02
1.259444629198536774e+02
1.270034013605442169e+02
1.261395655036208012e+02
1.267791819088792806e+02
1.260883161512027471e+02
1.301763117283950635e+02
1.287293814432989620e+02
1.304251543209876445e+02
1.291696900982615261e+02
1.260259293970634218e+02
1.280989690721649481e+02
1.274998337213169322e+02
1.264088010204081627e+02
1.261233989378319222e+02
1.297205449189985131e+02
1.290448250728863115e+02
1.256963512677798462e+02
1.277037627551020478e+02
1.259750078100593527e+02
