0.000000000000000000e+00
0.000000000000000000e+00
0.000000000000000000e+00
0.000000000000000000e+00
8.003108320251178043e+01
8.911552028218694943e+01
9.155746061167748451e+01
9.595583494519664214e+01
9.294600624721107351e+01
9.585951188986233262e+01
9.230407239819004417e+01
9.153479853479854000e+01
9.093028322440086697e+01
9.059302832244009096e+01
9.452889784946236773e+01
9.043921568627450824e+01
8.878305882352941580e+01
8.909953488372093489e+01
9.281754032258064058e+01
9.296430165104864329e+01
9.280398517145505366e+01
9.272423025435072930e+01
9.186932344763670244e+01
9.168151969981238381e+01
9.147842401500938081e+01
9.117917448405253822e+01
9.125700090334237302e+01
9.143819723337796290e+01
9.109962928637627044e+01
9.121374386434627013e+01
9.114092140921408713e+01
9.125656660412758470e+01
9.080956848030018591e+01
9.171307452030343654e+01
9.099577861163227510e+01
9.157926829268292579e+01
9.093969610636277423e+01
9.097514071294558846e+01
9.129643527204503073e+01
9.120505871725383429e+01
9.123170731707317316e+01
9.184986098239110675e+01
9.114780487804877396e+01
9.141979362101312745e+01
9.105603038936372684e+01
9.115289648622982099e+01
9.154409005628518514e+01
9.169692863595302867e+01
9.172279549718574287e+01
9.168789521228545425e+01
9.201760889712697633e+01
9.219828364950316768e+01
9.206378986866791081e+01
9.232429990966576838e+01
9.229518072289157260e+01
9.203939962476547976e+01
9.209314179796108135e+01
9.240560072267389558e+01
9.246793134598013353e+01
9.243558850787766801e+01
9.261065943992772986e+01
9.278705440900563417e+01
9.261913696060037182e+01
9.299192782526115764e+01
9.350602409638554491e+01
9.324530956848029462e+01
9.304737335834896328e+01
9.307136404697379817e+01
9.307129455909944227e+01
9.335953026196928306e+01
9.377153056671129150e+01
9.364024390243902474e+01
9.368292682926829684e+01
9.424988844265952537e+01
9.382700993676603218e+01
9.445105820105820271e+01
9.384823848238482924e+01
9.435496515679442098e+01
9.397606142728093914e+01
9.421642124051763290e+01
9.460671256454388356e+01
9.446994773519163857e+01
9.433112874779541812e+01
9.408567603748326746e+01
9.453614982578396564e+01
9.497117039586919418e+01
9.462248995983935629e+01
9.466942508710801008e+01
9.498884426595269304e+01
9.492235609103079241e+01
9.489927732610659916e+01
9.500914634146342053e+01
9.515722996515678744e+01
9.462187210379981650e+01
9.549029982363315128e+01
9.573937074829932214e+01
9.573639455782313235e+01
9.572534013605442738e+01
9.626100217864923536e+01
9.581657848324515214e+01
9.611155202821869636e+01
9.642504409171075963e+01
9.602336860670193630e+01
9.565155677655677380e+01
9.557460611677478823e+01
9.566979027219990428e+01
9.512094531974049971e+01
8.520341463414634120e+01
7.592438271604937938e+01
7.413097826086956843e+01
7.266793478260869676e+01
7.113423913043477853e+01
7.071704545454545610e+01
7.446172839506172636e+01
7.383333333333332860e+01
7.439403292181070526e+01
7.069673913043477853e+01
7.392050000000000409e+01
7.351510416666666003e+01
7.253206521739130608e+01
7.383680555555555713e+01
7.419830246913579685e+01
7.383680555555555713e+01
7.391150097465886404e+01
7.247159090909090651e+01
7.353730542136339920e+01
7.313580246913579685e+01
7.382232957595276446e+01
7.406494900697799721e+01
7.189431818181817846e+01
7.312506709608159383e+01
7.378455284552845228e+01
7.422521865889213188e+01
7.416563786008229897e+01
7.429037037037036839e+01
7.386979166666667140e+01
7.389763374485596614e+01
6.930625000000000568e+01
7.197065217391303804e+01
7.141647727272727764e+01
7.388271604938272219e+01
7.381535158346753178e+01
7.382608695652173481e+01
7.502123456790123157e+01
7.468209876543210157e+01
7.439935587761674185e+01
7.446553497942386457e+01
7.471553497942386457e+01
7.344347826086956843e+01
7.824836956521738784e+01
8.804195121951219960e+01
8.809185185185185674e+01
8.543072289156626198e+01
9.105627240143368795e+01
8.937219512195122206e+01
8.959146341463414842e+01
8.959314179796108135e+01
8.948980537534754376e+01
8.909803001876173312e+01
8.917562557924003386e+01
8.915848007414273013e+01
8.916311399443929986e+01
8.905206378986866866e+01
8.868780487804878021e+01
8.839118198874295729e+01
8.879981464318814233e+01
8.862789620018536141e+01
8.804033771106941231e+01
8.782530120481928293e+01
8.781170731707317145e+01
8.749953095684803372e+01
8.732634146341463577e+01
8.742075996292864204e+01
8.730769230769230660e+01
8.683073170731707080e+01
8.738133208255159445e+01
8.865734767025089980e+01
8.884219858156028238e+01
8.876917562724014488e+01
8.912446808510638618e+01
8.894963768115941605e+01
8.515277777777777146e+01
8.905985663082437043e+01
8.929247311827957390e+01
8.889746376811594075e+01
8.907571214392802972e+01
8.955715287517531920e+01
8.880780487804878476e+01
8.609362745098039227e+01
8.495783730158730407e+01
8.459077380952381020e+01
8.980071684587814218e+01
9.001505376344086073e+01
9.068617021276595835e+01
9.034893617021276668e+01
9.080130404941661482e+01
9.068019424210891088e+01
9.030398550724638085e+01
8.739460784313725128e+01
8.855257936507936734e+01
9.201312056737589273e+01
8.802650602409639191e+01
9.322719389524800704e+01
9.162159750111557344e+01
9.184244670991658666e+01
9.112523452157599024e+01
9.322321428571429180e+01
9.124548907882241622e+01
9.015903614457830884e+01
9.832715477293790229e+01
9.827476190476190254e+01
9.475023255813952971e+01
9.363069767441859881e+01
9.583281304197016937e+01
9.281153100775193820e+01
9.272282352941176953e+01
9.580263157894736992e+01
9.194712643678161612e+01
9.205209302325580722e+01
9.274651162790698322e+01
9.195581395348837361e+01
9.222305882352941353e+01
9.259670588235293565e+01
9.275435294117646379e+01
9.226428571428571956e+01
9.221458823529411575e+01
9.219294117647058329e+01
9.235906976744186636e+01
9.195294117647058840e+01
9.223105882352940910e+01
9.473430454387791144e+01
9.270305882352941751e+01
9.268141176470588505e+01
9.270823529411764241e+01
9.211674418604651748e+01
9.231928294573643257e+01
9.554384268214054998e+01
9.269929411764705662e+01
9.398780487804877737e+01
9.562067819148936110e+01
9.533669354838710319e+01
9.199717647058822934e+01
9.455960729312762680e+01
9.250823529411765378e+01
9.235637254901961057e+01
9.460215053763441517e+01
9.232752941176470074e+01
9.230305882352941182e+01
9.254682352941176759e+01
9.251058823529412223e+01
9.239437984496123590e+01
9.213032945736433987e+01
9.566356382978723616e+01
9.270604651162790333e+01
9.251670588235293735e+01
9.172611764705882820e+01
9.229333333333333655e+01
9.468682065217390686e+01
9.239162790697675121e+01
9.222635294117647220e+01
9.576874999999999716e+01
9.505518617021276384e+01
9.247674418604651692e+01
9.348968105065665668e+01
9.266917647058824059e+01
9.226558139534883196e+01
9.263023255813953938e+01
9.290729411764705503e+01
9.262399999999999523e+01
9.237223529411764389e+01
9.273035294117647709e+01
9.278930232558138869e+01
9.263576470588235168e+01
9.249788235294117555e+01
9.283581395348836907e+01
9.272760180995474855e+01
9.304697674418603981e+01
9.572174202127659726e+01
9.262588235294117567e+01
9.265647058823529392e+01
9.279058823529412336e+01
9.237317647058823411e+01
9.228941176470588914e+01
9.209505882352941342e+01
9.248988235294117999e+01
9.238774509803921831e+01
9.279581395348837702e+01
9.265261627906976116e+01
9.282325581395349445e+01
9.328878048780487120e+01
9.287354651162790731e+01
9.399026876737720215e+01
9.296883720930232187e+01
9.292558139534884276e+01
9.244428294573643257e+01
9.273488372093022747e+01
9.272722868217054781e+01
9.220882352941175952e+01
9.289395348837209099e+01
9.246352941176471063e+01
9.555618351063829152e+01
9.258558139534883935e+01
9.556348684210526301e+01
9.224281609195402609e+01
9.575953947368421382e+01
9.480130404941661482e+01
9.516163349347975497e+01
9.221839080459770344e+01
9.248084291187738870e+01
9.226937984496123590e+01
9.474366978841484865e+01
9.543822923816060211e+01
9.212658823529412189e+01
9.222722868217054781e+01
9.209255813953488712e+01
9.223401162790698038e+01
9.282093023255814046e+01
9.226937984496123590e+01
9.206072289156627164e+01
9.182897286821705052e+01
9.213529411764706367e+01
9.219313725490195566e+01
9.239488372093023827e+01
9.253209302325581120e+01
9.187670588235293678e+01
9.238857142857142435e+01
9.182401960784314099e+01
9.198588235294117510e+01
9.198588235294117510e+01
9.199200000000000443e+01
9.193209302325581689e+01
9.225686274509803297e+01
9.208672480620154488e+01
9.178621031746031633e+01
9.190784313725490051e+01
9.210476190476190084e+01
9.232800000000000296e+01
9.213857142857142435e+01
9.225976470588234690e+01
9.263435294117647345e+01
9.229238095238095241e+01
9.259238095238094957e+01
9.251482352941177112e+01
9.193921568627450824e+01
9.214279069767441399e+01
9.259738372093023884e+01
9.359943714821763194e+01
9.337542168674698928e+01
9.200581395348837077e+01
9.221190476190476204e+01
