1.428568548387096655e+02
1.419062500000000000e+02
1.432910156250000000e+02
1.421635101010101039e+02
1.429015151515151558e+02
1.419681186868686780e+02
1.423235677083333428e+02
1.406720430107527022e+02
1.444093910491562838e+02
1.423675048355899548e+02
1.398227469238443632e+02
1.432972886762360361e+02
1.426842105263157805e+02
1.432523026315789423e+02
1.423989813242784521e+02
1.407089646464646364e+02
1.434857047872340559e+02
1.411487035301468325e+02
1.422671370967742064e+02
1.413217105263157976e+02
1.428578629032257936e+02
1.414687500000000000e+02
1.413309027777777658e+02
1.401780303030303116e+02
1.427705354173594969e+02
1.420689303904923690e+02
1.412379032258064626e+02
1.425184811827957105e+02
1.473006944444444457e+02
1.464735876742479945e+02
1.447204122340425556e+02
1.446569078947368325e+02
1.447898245614035204e+02
1.477797552836485124e+02
1.473358156028368739e+02
1.466071166544387268e+02
1.446978947368421018e+02
1.446038596491227963e+02
1.446896434634974469e+02
1.466125000000000114e+02
1.444420041180507894e+02
1.439759114583333428e+02
1.466340425531914775e+02
1.458624561403508721e+02
1.457556623198352668e+02
1.465293470286133584e+02
1.461122523844460659e+02
1.463268525311812311e+02
1.462870175438596618e+02
1.446585964912280815e+02
1.446975438596491301e+02
1.447189473684210554e+02
1.455738656987295769e+02
1.467815602836879521e+02
1.470230496453900741e+02
1.454836805555555657e+02
1.439616298811544937e+02
1.449562500000000114e+02
1.442534722222222285e+02
1.455270833333333371e+02
1.449308771929824502e+02
1.452319444444444514e+02
1.442020373514431242e+02
1.451035087719298247e+02
1.448932845744680833e+02
1.428134765625000000e+02
1.427063802083333428e+02
1.409556451612903345e+02
1.421474609375000000e+02
1.417542317708333428e+02
1.421784274193548470e+02
1.418413978494623677e+02
1.416541666666666686e+02
1.414210526315789593e+02
1.425533333333333417e+02
1.412718413978494709e+02
1.393623737373737299e+02
1.409319444444444400e+02
1.390972789115646151e+02
1.415703125000000000e+02
1.420142614601018636e+02
1.414482758620689538e+02
1.449142001995344060e+02
1.430517676767676676e+02
1.449203869047618980e+02
1.455416666666666572e+02
1.454328304597701162e+02
1.440329824561403598e+02
1.448519056261343110e+02
1.449329787234042612e+02
1.421773989898989896e+02
1.432533583255232656e+02
1.430045103092783449e+02
1.456720545977011625e+02
1.421252733520774711e+02
1.418525460793501907e+02
1.437134020618556747e+02
1.445538200339558443e+02
1.446427083333333314e+02
1.423984232868405115e+02
1.450405498281786834e+02
1.433453608247422721e+02
1.464166094715168072e+02
1.440555370801463368e+02
1.450168821839080522e+02
1.451035087719298247e+02
1.439197916666666686e+02
1.426549873737373844e+02
1.423302294645826294e+02
1.429769585253456228e+02
1.421435406698564634e+02
1.439251302083333428e+02
1.442187500000000000e+02
1.435916266300617679e+02
1.434161403508771855e+02
1.433655913978494709e+02
1.450870175438596448e+02
1.443182456140350780e+02
1.420231177756950842e+02
1.422898026315789366e+02
1.433222222222222229e+02
1.417307300509337722e+02
1.425543859649122851e+02
1.436747311827957105e+02
1.432494845360824627e+02
1.419445614035087715e+02
1.441110356536502479e+02
1.436901754385964978e+02
1.426452792553191387e+02
1.440275042444821736e+02
1.433823924731182728e+02
1.424781901041666572e+02
1.421803508771929785e+02
1.427777777777777715e+02
1.435793814432989564e+02
1.435631578947368325e+02
1.418640463917525665e+02
1.435238575268817272e+02
1.443351443123938793e+02
1.436319298245614107e+02
1.427894736842105203e+02
1.436656959813628305e+02
1.445323024054982852e+02
1.448502155172413666e+02
1.421330541237113323e+02
1.439020618556700981e+02
1.434743055555555600e+02
1.448722222222222342e+02
1.431555555555555657e+02
1.421172680412371108e+02
1.407757731958762975e+02
1.415758463541666572e+02
1.412815688775510239e+02
1.423476973684210520e+02
1.423490662139219012e+02
1.432617996604414259e+02
1.416037351443123953e+02
1.425413306451612812e+02
1.432131944444444400e+02
1.415913875598086236e+02
1.413912760416666572e+02
1.418783602150537604e+02
1.427691001697792785e+02
1.451319298245614107e+02
1.399539270253555969e+02
1.430542929292929273e+02
1.426857638888888857e+02
1.434503289473684333e+02
1.434321236559139834e+02
1.429745331069609620e+02
1.426756944444444457e+02
1.431283531409168006e+02
1.421703629032257936e+02
1.438119298245614175e+02
1.437089347079037793e+02
1.431402994791666572e+02
1.426233891752577279e+02
1.423276740237691058e+02
1.431589473684210532e+02
1.443860780984719838e+02
1.429387559808612309e+02
1.419794823232323324e+02
1.440224561403508687e+02
1.422812500000000000e+02
1.444419642857142776e+02
1.437909482758620641e+02
1.438333333333333428e+02
1.438533333333333246e+02
1.446472222222222115e+02
1.430036962365591364e+02
1.431427083333333314e+02
1.413147786458333428e+02
1.424929435483871032e+02
1.424499327956989134e+02
1.424966397849462396e+02
1.443668378576669227e+02
1.442699144173798516e+02
1.471029040404040416e+02
1.431695075757575637e+02
1.442295415959252978e+02
1.429007731958762975e+02
1.448601018675721548e+02
1.433642361111110972e+02
1.423397177419354875e+02
1.418990940331146646e+02
1.422368009996876026e+02
1.450641966250917108e+02
1.445096774193548299e+02
1.420275537634408636e+02
1.441915110356536616e+02
1.433649193548387188e+02
1.426391752577319494e+02
1.435060483870967687e+02
1.419173387096774093e+02
1.424106691919191974e+02
1.453142959770114828e+02
1.442923611111111200e+02
1.439294736842105351e+02
1.418266129032257936e+02
1.428387096774193594e+02
1.430150877192982364e+02
1.429137521222410783e+02
1.431985367475889461e+02
1.413976882224305029e+02
1.435614919354838719e+02
1.431347368421052693e+02
1.442371929824561505e+02
1.408376288659793829e+02
1.441513383665065078e+02
1.443229202037351513e+02
1.454522920203735055e+02
1.455875651041666572e+02
1.453062500000000057e+02
1.465395585738539808e+02
1.477038435140700017e+02
1.482680851063829834e+02
1.511173881144534050e+02
1.473776595744680833e+02
1.446215888417222573e+02
1.473106858054226507e+02
1.459918775382692786e+02
1.501779163609684531e+02
1.487180555555555657e+02
1.497293718166383769e+02
1.481412563667232689e+02
1.490717227179135307e+02
1.486870281400137230e+02
1.486617021276595665e+02
1.491280701754386087e+02
1.482482173174872742e+02
1.499648936170212892e+02
1.458062500000000057e+02
1.464742838541666572e+02
1.472542264752790970e+02
1.490482173174872571e+02
1.478196943972835413e+02
1.477524617996604377e+02
1.483410526315789468e+02
1.461467803030303116e+02
1.487637023593466381e+02
1.472044270833333428e+02
1.487780630961115094e+02
1.487360678925035415e+02
1.470947164948453576e+02
1.476718750000000000e+02
1.497210526315789423e+02
1.483143445435827061e+02
1.490216312056737706e+02
1.461302405498281871e+02
1.488478723404255391e+02
1.480617543859649174e+02
1.478922807017543732e+02
1.470373514431239528e+02
1.480645161290322562e+02
1.469333333333333371e+02
1.476448181194234621e+02
1.488007259528130533e+02
1.464749485243651463e+02
1.462669245647969092e+02
1.467711050102951162e+02
1.439435847840103122e+02
1.432677631578947341e+02
1.420162679425837382e+02
1.463750000000000000e+02
1.436120857699804958e+02
1.419717420212765830e+02
1.402325358851674650e+02
1.410445075757575637e+02
1.408926196808510554e+02
1.421718166383701316e+02
1.406715022566086475e+02
1.406588815789473585e+02
1.406125000000000114e+02
1.391842447916666572e+02
1.410704174228675072e+02
1.397838541666666572e+02
1.409904923599320909e+02
1.418193359375000000e+02
1.421242278654769962e+02
1.412133736559139834e+02
1.405365025466892916e+02
1.445886939571149981e+02
1.403832236842105203e+02
1.416233090530697325e+02
1.399670877659574444e+02
1.405594758064516157e+02
1.451527355623100277e+02
1.442668269230769340e+02
1.419593098958333428e+02
1.427575438596491324e+02
1.426336162988115461e+02
1.423303904923599248e+02
1.415406586021505291e+02
1.419517361111111029e+02
1.420053209178583415e+02
1.434281833616298911e+02
1.421343427835051614e+02
1.422316365979381487e+02
1.440544354838709751e+02
1.432346938775510239e+02
1.435078125000000000e+02
1.438880208333333428e+02
1.460695876288659747e+02
1.447382773528433688e+02
1.466513888888889028e+02
1.466663074712643606e+02
1.456448287329564266e+02
1.456148985700033336e+02
1.450120274914089293e+02
1.432584192439862534e+02
1.440448952444296538e+02
1.480098948670377297e+02
1.457509664948453576e+02
1.457958762886597981e+02
1.466414304123711361e+02
1.440967741935483843e+02
1.437908163265306030e+02
1.437646048109965591e+02
1.445496598639455783e+02
1.439531094113734753e+02
1.442798957315086454e+02
1.463172597273029680e+02
1.439568298969072089e+02
1.460918367346938851e+02
1.475652777777777658e+02
1.458626302083333428e+02
1.456601374570446694e+02
1.454868639840372566e+02
1.452190688775510239e+02
1.478697594501718129e+02
1.480520833333333428e+02
1.464491408934707977e+02
1.462293814432989620e+02
1.462542955326460401e+02
1.471225694444444514e+02
1.473003472222222285e+02
1.473079861111111200e+02
1.478991935483871032e+02
1.457623436471362766e+02
1.437850958565244355e+02
1.439088215931533909e+02
1.447422680412371108e+02
1.421353092783505190e+02
1.418874999999999886e+02
1.401826675257731836e+02
1.429103565365025474e+02
1.405487972508591099e+02
1.403649659863945658e+02
1.398501683501683601e+02
1.407346938775510239e+02
1.412422680412371108e+02
1.394896907216494810e+02
1.400331146516713545e+02
1.393275510204081513e+02
1.402733446519524705e+02
1.448041474654377794e+02
1.421388316151202673e+02
1.415816532258064626e+02
1.422583970734951890e+02
1.419913535084802163e+02
1.443154385964912194e+02
1.429576388888888800e+02
1.427609507640067932e+02
1.431646258503401441e+02
1.455626856803327485e+02
1.459045138888888857e+02
1.426760387378944017e+02
1.429440631434454474e+02
1.397000644329896772e+02
1.410038265306122582e+02
1.423760080645161281e+02
1.414855337545726570e+02
1.428176546391752595e+02
1.434993055555555657e+02
1.434947916666666572e+02
1.433069661458333428e+02
1.442295026881720332e+02
1.436430555555555486e+02
1.422309278350515456e+02
1.413551678736010615e+02
1.408021283671433252e+02
1.416063144329896772e+02
1.427891586298636639e+02
1.436767473118279668e+02
1.445259762308998290e+02
1.419453125000000000e+02
1.425663659793814304e+02
1.429092783505154500e+02
1.428116838487972586e+02
1.431088709677419217e+02
1.438003395585738531e+02
1.429055779569892479e+02
1.434687500000000000e+02
1.432766927083333428e+02
1.433902777777777828e+02
1.438478723404255391e+02
1.424731182795698885e+02
1.424368279569892479e+02
1.423850806451612812e+02
1.459384469696969688e+02
1.436370967741935374e+02
1.424737903225806406e+02
1.421706539074960176e+02
1.436078098471986380e+02
1.419531094113734753e+02
1.431826825127334359e+02
1.432502546689303813e+02
1.432580645161290249e+02
1.441741496598639571e+02
0.000000000000000000e+00
1.429616573902288224e+02
1.434925130208333428e+02
1.436021505376344010e+02
1.446662139219015160e+02
1.410738831615120148e+02
1.395268041237113437e+02
1.391774193548387188e+02
1.392244897959183731e+02
1.406696908602150415e+02
1.412053091397849585e+02
1.415278897849462396e+02
1.473048611111111086e+02
1.436564682407715452e+02
1.444988115449914972e+02
1.428037109375000000e+02
1.464803685897435912e+02
1.438296052631579016e+02
1.435638157894736935e+02
1.451858156028368683e+02
1.444587436332767538e+02
1.445722807017543801e+02
1.449222410865874338e+02
1.454937181663837009e+02
1.442014035087719321e+02
1.433073684210526437e+02
1.433102213541666572e+02
1.433056640625000000e+02
1.416864433811802257e+02
1.429428763440860166e+02
1.425705645161290249e+02
1.422434895833333428e+02
1.407785618279569917e+02
1.377692550505050519e+02
1.397987616099071317e+02
1.431891025641025692e+02
1.406955165692007768e+02
1.430463937621832429e+02
1.416712962962963047e+02
1.426094369547977863e+02
1.390740740740740762e+02
1.448418367346938851e+02
1.442735180412371108e+02
1.444486803519061482e+02
1.450651678071032791e+02
1.442060606060606176e+02
1.459553539019963750e+02
1.446238846945778960e+02
1.431651315789473813e+02
1.436268706351845594e+02
1.430910652920962320e+02
1.453065972222222229e+02
1.440662139219015216e+02
1.441411184210526244e+02
1.479985272459499299e+02
1.449467908214166982e+02
1.444176747311827853e+02
1.445379704301075208e+02
1.445604810996563572e+02
1.440682989690721740e+02
1.436637845028267293e+02
