1.133228124999999977e+02
1.141471415182755322e+02
1.156797337278106568e+02
1.169230055658627094e+02
1.124861111111111143e+02
1.132612794612794573e+02
1.130834285714285699e+02
1.153218750000000057e+02
1.150159661127403012e+02
1.155002912055911537e+02
1.158115530303030312e+02
1.158727904040404013e+02
1.135986333927510401e+02
1.151176658163265358e+02
1.152714705882352888e+02
1.168538324420677412e+02
0.000000000000000000e+00
1.143319999999999936e+02
1.143307359307359263e+02
1.173474999999999966e+02
1.172229437229437252e+02
1.167134986225895261e+02
1.206575255102040813e+02
1.216017219387755119e+02
1.232696666666666658e+02
1.238674625038261468e+02
1.246941176470588175e+02
1.245551390190565400e+02
1.201692684419957118e+02
