0.000000000000000000e+00
0.000000000000000000e+00
7.330785209804736269e+01
8.670650406504064733e+01
8.835622489959838788e+01
9.024885749896135678e+01
9.211445783132529641e+01
9.279819277108433084e+01
9.473577066888242371e+01
9.577338435374149128e+01
9.643507362784471582e+01
9.771722689075630797e+01
9.868025210084033461e+01
9.807436974789915496e+01
9.811895424836600910e+01
9.690090497737556063e+01
9.658562271062271520e+01
9.783010752688171863e+01
9.592949576082105523e+01
9.607967032967033560e+01
9.662048192771084132e+01
9.635252119589469544e+01
9.638414634146342053e+01
9.672196478220574534e+01
9.696831771530567323e+01
9.670776874435411230e+01
9.738051146384479750e+01
9.726851851851851904e+01
9.717045961624275208e+01
9.720551038843721869e+01
9.701580849141824103e+01
9.725112917795844680e+01
9.704497354497354422e+01
9.635727525486561262e+01
9.657247370827617772e+01
9.682020389249305481e+01
9.642964352720450449e+01
9.670852641334569455e+01
9.754110207768744090e+01
9.784598012646793563e+01
9.759665763324299803e+01
9.728174235403150760e+01
9.789792231255646016e+01
9.749774164408310639e+01
9.765853658536585158e+01
9.809281570727354449e+01
9.810704607046071146e+01
9.809891598915989164e+01
9.805284552845527912e+01
9.801671183378500984e+01
9.802755194218609347e+01
9.819286359530262587e+01
9.861596119929453153e+01
9.864046973803071694e+01
9.834842249657064883e+01
9.808641975308641747e+01
9.842547425474255363e+01
9.883101045296167797e+01
9.841508581752484019e+01
9.885899152164212467e+01
9.894425087108014338e+01
9.886630532971996388e+01
9.923337795626952129e+01
9.897380307136404554e+01
9.897470641373080014e+01
9.905329719963866353e+01
9.912940651494868405e+01
9.903116531165311187e+01
9.941308089500860490e+01
9.927157598499061919e+01
9.968545611015490238e+01
9.941779584462511821e+01
9.966768292682927211e+01
9.965533562822719205e+01
9.968789521228545425e+01
1.000245266781411431e+02
1.000406068719321695e+02
1.002802320392681850e+02
1.000074041811846683e+02
1.000871080139372822e+02
1.003324299909665740e+02
1.004185631414547117e+02
1.003672086720867185e+02
1.004494773519163715e+02
1.003244773519163715e+02
1.004612369337979061e+02
1.006621499548328842e+02
1.008420348058902221e+02
1.006309846431797581e+02
1.013825301204819311e+02
1.011196928635953043e+02
1.015493083444890630e+02
1.015105820105820129e+02
1.013550135501354958e+02
1.015912698412698347e+02
1.017341269841269877e+02
1.016501390176088933e+02
1.021240517626059727e+02
1.018760859625057122e+02
1.019494773519163715e+02
1.024042838018741577e+02
1.023788487282463251e+02
1.023473351400180604e+02
1.022016885553470900e+02
1.028621151271753718e+02
1.025325203252032509e+02
1.030867208672086690e+02
1.030000000000000000e+02
1.030867208672086690e+02
1.031878952122854542e+02
1.032043895747599436e+02
1.032729276895943542e+02
1.030800182898948378e+02
1.030160036579789704e+02
1.029924953095684828e+02
1.030772748056698731e+02
1.025866483767718336e+02
1.031562782294489580e+02
1.030903342366757016e+02
1.031833785004516670e+02
