1.672029639175257785e+02
1.665405927835051614e+02
1.675927933673469283e+02
1.685161290322580783e+02
1.669661726804123703e+02
1.675800781250000000e+02
1.659984379881286998e+02
1.664024234693877418e+02
1.655009276437847916e+02
1.678160957765214505e+02
1.660418619181505733e+02
1.660003124023742487e+02
1.668527706185566899e+02
1.649796846573680966e+02
1.650691328077622870e+02
1.653967223252937515e+02
1.658911290322580783e+02
1.661810567010309398e+02
1.649563371740448758e+02
1.642764105642256993e+02
1.668814432989690602e+02
1.677570564516128968e+02
1.657912801484229988e+02
1.657260358688930069e+02
1.656544829740705893e+02
1.642542274052478035e+02
1.657207792207792068e+02
1.657380050505050519e+02
1.658995535714285836e+02
1.659930555555555429e+02
1.649140893470790274e+02
1.654202473958333428e+02
1.655332708528584931e+02
1.666044921875000000e+02
1.664154951577631891e+02
1.662663784502826729e+02
1.678043619791666572e+02
1.681264604810996559e+02
1.660086984536082468e+02
1.665122422680412342e+02
1.658308634020618513e+02
1.646559534741352877e+02
1.644717887154861842e+02
1.659887535145267066e+02
1.665410353535353636e+02
1.656976010101010104e+02
1.650278956943602111e+02
1.664016927083333428e+02
1.663632015306122582e+02
1.646623649459783962e+02
1.656224489795918373e+02
1.655886479591836746e+02
1.661537019681349534e+02
1.663746811224489761e+02
1.660240549828178587e+02
1.654561824729891839e+02
1.652513644633110914e+02
1.653256302521008365e+02
1.663913326816552569e+02
1.640321406913280669e+02
1.657310606060605949e+02
1.651502209131075176e+02
1.658675413933145819e+02
1.654426020408163254e+02
1.651077788191190336e+02
1.655708101422387131e+02
1.640500303214069220e+02
1.652517006802721085e+02
1.646825348696179390e+02
1.636792341678939522e+02
1.662650482208181018e+02
1.664250859106529106e+02
1.632474226804123703e+02
1.639255071499833605e+02
1.631855263157894740e+02
1.647193943298969145e+02
1.649958964646464779e+02
1.652706185567010380e+02
1.660924744897959044e+02
1.664802128367143439e+02
1.668434278350515569e+02
1.670265456989247355e+02
1.673363575268817272e+02
1.657459261722647170e+02
1.662630208333333428e+02
1.662397959183673493e+02
1.644159779614325032e+02
