8.325402227722771897e+01
8.301692749920152892e+01
8.271527152715270859e+01
8.283137376237623073e+01
8.282982673267326845e+01
8.439613970588234793e+01
8.344059405940593876e+01
8.307032258064516839e+01
8.358756188118812247e+01
8.366615099009901257e+01
8.351335133513350684e+01
8.224536628420123918e+01
8.263531553398058804e+01
8.368316831683168289e+01
8.476876397317151657e+01
8.485148514851485402e+01
8.303118564283613523e+01
8.369765970904491326e+01
8.355445544554454784e+01
8.379537953795379224e+01
8.379319852941176805e+01
8.341924504950495134e+01
8.288968749999999375e+01
9.763539651837524502e+01
9.785888157894736139e+01
9.734103827207275117e+01
9.742137173171656173e+01
9.745509662751041446e+01
9.725677655677655764e+01
9.730732600732601156e+01
9.748646034816248118e+01
9.757032967032967008e+01
9.767962962962963047e+01
9.798678272082527485e+01
9.804019138755981544e+01
9.758925925925926492e+01
9.738575217885562552e+01
9.756666666666666288e+01
9.760769230769230376e+01
9.775274725274725540e+01
9.773815839333080646e+01
9.760915750915751232e+01
9.752380952380951840e+01
9.754102564102564088e+01
9.765201465201465680e+01
9.762564102564103052e+01
9.772087912087911832e+01
9.803253588516746220e+01
9.829346092503986654e+01
9.793150183150183352e+01
9.813260073260073568e+01
9.800842490842491372e+01
9.864000000000000057e+01
9.918703703703704377e+01
9.978764044943820011e+01
9.992509363295880576e+01
1.002924242424242465e+02
1.003844696969697026e+02
1.003265151515151530e+02
1.004043887147335425e+02
1.004980842911877374e+02
1.004045977011494273e+02
1.004015151515151558e+02
1.004443181818181756e+02
1.007019157088122654e+02
9.948199728260870245e+01
1.003609848484848470e+02
1.002670411985018717e+02
1.002816479400749046e+02
1.000161048689138568e+02
1.002680250783699023e+02
9.988651685393259072e+01
1.002985018726591733e+02
1.001014981273408182e+02
1.000970037453183465e+02
9.976515151515151558e+01
9.985259259259258613e+01
9.930791788856305402e+01
9.971925925925926038e+01
9.960636704119849583e+01
9.985074074074074701e+01
9.963185185185184878e+01
9.966217228464419975e+01
9.968951310861423565e+01
9.989662921348315194e+01
9.965018726591760867e+01
9.971310861423221183e+01
9.961797752808988093e+01
9.960823970037452568e+01
9.965543071161049227e+01
9.911111111111111427e+01
9.928370370370370779e+01
9.943000000000000682e+01
9.904888888888888232e+01
9.932481481481481467e+01
9.929629629629629051e+01
9.922518518518518249e+01
9.915999999999999659e+01
9.906111111111111711e+01
9.912209737827714662e+01
9.910925925925926094e+01
9.889080459770114828e+01
9.900148148148147698e+01
9.929430953243928570e+01
9.899550561797752835e+01
9.862696629213483845e+01
9.875842696629213435e+01
9.852148148148148721e+01
9.860777777777778397e+01
9.876329588014981198e+01
9.849136526555881233e+01
9.897442851607904402e+01
9.825592592592592212e+01
9.812820512820512420e+01
9.858689138576778532e+01
9.833592592592592041e+01
9.867153558052434903e+01
9.849777777777778454e+01
9.868164794007491025e+01
9.807579787234043067e+01
9.847362637362637372e+01
9.843040293040293420e+01
9.842820512820512135e+01
9.843882783882783372e+01
9.846593406593406428e+01
9.837326007326007016e+01
9.841259259259258840e+01
9.850366300366300720e+01
9.856015325670497873e+01
9.857976506252367699e+01
9.853740740740741444e+01
9.895427153491669969e+01
9.856074074074074076e+01
9.869010989010989476e+01
9.869202898550724967e+01
9.885267569310121871e+01
9.870555555555554861e+01
9.874347826086956559e+01
9.893778207607995512e+01
9.854111111111110688e+01
9.866296296296296475e+01
9.855185185185185048e+01
9.878949065119277861e+01
9.855814814814814895e+01
9.873040293040293136e+01
9.880146520146520572e+01
9.881173436492585438e+01
9.866111111111111143e+01
9.912481481481481183e+01
9.858974358974359120e+01
9.820219780219780148e+01
9.866093189964158228e+01
9.891715022566086191e+01
9.911333333333332973e+01
9.856080586080585704e+01
9.859633699633700132e+01
9.859629629629630188e+01
9.849407407407407788e+01
9.865629629629628994e+01
9.853516483516483504e+01
9.830925925925926379e+01
9.837111111111110517e+01
9.806707086017431152e+01
9.795035998484274842e+01
9.807216117216117368e+01
9.779386131110268821e+01
9.828074074074073962e+01
9.827924405343760839e+01
9.842555555555556168e+01
9.809230769230769909e+01
9.787629629629630301e+01
9.826034538937764751e+01
9.812740740740740364e+01
9.839619600257897503e+01
9.847061128526645746e+01
9.785145888594163921e+01
9.810797101449274749e+01
9.805577047066408625e+01
9.761481481481482092e+01
9.766369624176675757e+01
9.801074074074074360e+01
9.806849816849816648e+01
9.787814814814814213e+01
9.850096711798839522e+01
9.829013539651838016e+01
9.807435897435897232e+01
9.779222222222222172e+01
9.770405456612353134e+01
9.780888888888888744e+01
9.779333333333333655e+01
9.770000000000000284e+01
9.777222222222222570e+01
9.791888888888888687e+01
9.794725274725274744e+01
9.745641025641025124e+01
9.764178628389154824e+01
9.758819776714513239e+01
9.785481481481481580e+01
9.775604395604395336e+01
9.774322344322344236e+01
9.765785440613026935e+01
9.740356195528609362e+01
9.783849129593809835e+01
9.748503220917014289e+01
9.764893617021276384e+01
9.801752190237797890e+01
9.781999999999999318e+01
9.835493230174081702e+01
9.794175824175823664e+01
9.748048503220917382e+01
9.811518518518518306e+01
9.750306513409961440e+01
9.729594543387646866e+01
9.753003663003663348e+01
9.753514492753623699e+01
9.756739926739926716e+01
9.732898550724637232e+01
9.791245421245420744e+01
9.759780219780219568e+01
9.756959706959706580e+01
9.740657894736841627e+01
9.790717703349282885e+01
9.792785904255319451e+01
9.810039893617020823e+01
9.736702898550724683e+01
9.742137173171656173e+01
9.732454212454211984e+01
9.737164750957853698e+01
9.741606669192876211e+01
9.764175824175823948e+01
9.808914473684210122e+01
9.755247208931419323e+01
9.799111842105263293e+01
9.792454212454212836e+01
9.769019987105093605e+01
9.760022735884804490e+01
9.800659340659341012e+01
9.747517730496453225e+01
9.804139194139193592e+01
9.801096067053514105e+01
9.811037234042552768e+01
9.794578754578753887e+01
9.773626373626373720e+01
9.811391941391941884e+01
9.798819776714513807e+01
9.781053429329291760e+01
9.786156299840510542e+01
9.792153110047847520e+01
9.805199362041467737e+01
9.783592269799166274e+01
9.769306555513452395e+01
9.794130781499202953e+01
9.761917392951875172e+01
9.766300366300366420e+01
9.762137504072987326e+01
9.774535809018567534e+01
9.812037037037036669e+01
9.804629629629629051e+01
9.806185185185185560e+01
9.809481481481481069e+01
9.809037037037036555e+01
9.807326007326007300e+01
9.808974358974359120e+01
9.805984042553191671e+01
9.798204334365324542e+01
9.803092105263158373e+01
9.809803921568627061e+01
9.746381205001894443e+01
9.760287987874194471e+01
