1.267565217391304344e+02
1.269919871794871824e+02
1.252500000000000000e+02
1.226722408026755886e+02
1.226583333333333314e+02
1.226907051282051242e+02
1.220705128205128176e+02
1.206554487179487154e+02
1.208795986622073571e+02
1.202650000000000006e+02
1.210000000000000000e+02
1.203678929765886352e+02
1.206266025641025692e+02
1.209016666666666708e+02
1.207073578595317684e+02
1.216875000000000000e+02
1.206872909698996637e+02
1.213511705685618693e+02
1.208973913043478206e+02
1.217532051282051242e+02
1.214866220735786015e+02
1.218294314381270880e+02
1.211588628762541759e+02
1.210469565217391334e+02
1.214347826086956559e+02
1.205965217391304378e+02
1.206458333333333286e+02
1.205400641025641022e+02
1.210766666666666680e+02
1.201939102564102626e+02
1.202695652173913032e+02
1.203916666666666657e+02
1.210096153846153868e+02
1.201866666666666674e+02
1.205166666666666657e+02
1.208416666666666686e+02
1.217323717948717956e+02
1.215272435897435912e+02
1.216354515050167180e+02
1.212257525083612109e+02
1.211762820512820582e+02
1.207704347826086888e+02
1.207669565217391323e+02
1.201856187290969871e+02
1.221682692307692264e+02
1.220083612040133829e+02
1.210886956521739108e+02
1.210897435897435912e+02
1.215958132045088576e+02
1.208669871794871824e+02
1.211652173913043526e+02
1.218125000000000000e+02
1.221682692307692264e+02
1.218127090301003363e+02
