4.327614480198019464e+01
4.332854363119293595e+01
4.288389312977098911e+01
4.324037247474747403e+01
4.288868778280542671e+01
4.215359374999999886e+01
4.057811120917916980e+01
4.203991045236992363e+01
4.219502647939212636e+01
4.133970526315789584e+01
4.091960937500000028e+01
4.108526545698924792e+01
4.137308998302206930e+01
4.119751818570816937e+01
4.101724410694510681e+01
4.093046632907565652e+01
4.109661200495049371e+01
4.115437928408225332e+01
4.107008985879332386e+01
4.111082968761992618e+01
4.116054263565891347e+01
4.133113143631436515e+01
4.119543031226199759e+01
4.115701474388205128e+01
4.127776085300838105e+01
4.106552792683848452e+01
4.148212669683258014e+01
4.125678733031674028e+01
4.171980198019802089e+01
4.151932123655913642e+01
4.101109591123270803e+01
4.152075310226786797e+01
4.101935102247760767e+01
4.097715019255455360e+01
4.095618616979808024e+01
4.087968992248062250e+01
4.073383884803921262e+01
4.099483204134367043e+01
4.073981119042137067e+01
4.075332611386138382e+01
4.089000618811881083e+01
4.084345521166289927e+01
4.084282178217821979e+01
4.115233333333333121e+01
4.150237691001697726e+01
4.108745219182112152e+01
4.108405532755737966e+01
4.101170390636875140e+01
4.117623953160898509e+01
4.103831616393685522e+01
4.120504635962912232e+01
4.127285286668201536e+01
4.162201161202185773e+01
4.111750709954716143e+01
4.118766404199475062e+01
4.097517017326732969e+01
4.086857982673267031e+01
4.090471813725490335e+01
4.110620358910890815e+01
4.140754147812971553e+01
4.089750928217821979e+01
4.137661843107387938e+01
4.121302599009901257e+01
4.112042367027400758e+01
4.090996287128712794e+01
4.122495820033439884e+01
4.088932291666666430e+01
4.120183986902627282e+01
4.090068309156497151e+01
4.092574257425742701e+01
4.079963235294117396e+01
4.101091292240536035e+01
4.077820312499999744e+01
4.066726562499999886e+01
4.047304687500000142e+01
4.066646039603960361e+01
4.105196101005449094e+01
4.091930618401206488e+01
4.076106126237623783e+01
4.079978553921568363e+01
4.074972981318511955e+01
4.104217966256270245e+01
4.128859839108910990e+01
4.089195312500000057e+01
4.086251350934074367e+01
4.092579185520362017e+01
4.061604428159351698e+01
4.110912518853695019e+01
4.095675877520537966e+01
4.083353960396039639e+01
4.094197559290812904e+01
4.103725490196078596e+01
4.071698835784313530e+01
4.116632812499999972e+01
4.124445467802593868e+01
4.083524133663366484e+01
4.095609793537493459e+01
4.140407239819004559e+01
4.147042034250129916e+01
4.108975528195774274e+01
4.110631127450980671e+01
4.085399698340874863e+01
4.068927908415841443e+01
4.111355198019801804e+01
4.059104269801980536e+01
4.050797993616050974e+01
4.087134238310709122e+01
4.067039063687490597e+01
4.041878094059406124e+01
4.062151918316831711e+01
4.093510210396039639e+01
4.103214774281805433e+01
4.080582155342757034e+01
4.054977960176318419e+01
4.095434108527131656e+01
4.056470588235293917e+01
4.104859101294744761e+01
4.114051730526939821e+01
4.073589743589743506e+01
4.088291338582676815e+01
4.109660958311710743e+01
4.083709063214013923e+01
4.068347772277227392e+01
4.118931448548411822e+01
4.078175455340809918e+01
4.068039215686274446e+01
4.097542352660462939e+01
4.120273042929292728e+01
4.090137685643564680e+01
4.035365394746744983e+01
4.027711296756228165e+01
4.018386123680241440e+01
4.045895620246525226e+01
3.996983984433467896e+01
4.034448217317487462e+01
4.034363327674023481e+01
3.993978947368420762e+01
3.969186046511627808e+01
3.969627704303952243e+01
3.943233665559247214e+01
3.970843195266272119e+01
3.975000000000000000e+01
3.995345734825465200e+01
4.049093834688346760e+01
4.010057645631067658e+01
3.987192007211538680e+01
3.970132211538461320e+01
4.016886094674556063e+01
3.997236743838685413e+01
4.001945263157895027e+01
3.977948835784313530e+01
3.963659718144450750e+01
3.958911265899455145e+01
3.932426035502958683e+01
3.909538461538461718e+01
3.998571428571428754e+01
3.966863330843913360e+01
4.011491050320837815e+01
3.939878156194949810e+01
3.935207100591716056e+01
3.941183111311808318e+01
3.960717455621301752e+01
