5.636300990099010022e+01
5.662277777777777743e+01
5.681095238095237931e+01
5.662070866141732495e+01
5.648425196850393348e+01
5.683503999999999934e+01
5.645678139242495774e+01
5.662062088102670998e+01
5.618850861464099467e+01
5.662681526511313734e+01
5.670976413458203069e+01
5.681607700312174813e+01
5.663023310205036154e+01
5.665535524920466770e+01
5.684833506763787625e+01
5.646047244094488349e+01
5.716527922303156117e+01
5.671370078740157794e+01
5.676791143681297314e+01
5.710298102981030155e+01
5.668332673267326527e+01
5.678962885882761213e+01
5.671675845790716153e+01
5.657963670382786603e+01
5.688822407214706800e+01
5.658159722222222143e+01
5.645994178921568363e+01
5.633055118110236492e+01
5.657815717227179420e+01
5.624107759613170288e+01
5.653875000000000028e+01
5.647563428217821979e+01
5.696066089693155021e+01
5.659390625000000341e+01
5.648195213222109601e+01
5.632895847724307004e+01
5.606291416543228934e+01
5.631291338582677497e+01
5.653613655939237503e+01
5.656080181661577200e+01
5.646070312500000199e+01
5.633209013209012994e+01
5.643157480314960850e+01
5.651026134359467790e+01
5.644397095959595845e+01
5.658456692913385666e+01
5.649214285714285921e+01
5.652773437500000142e+01
5.623515873015873012e+01
5.649198491277699219e+01
5.645295474429332927e+01
5.651699535032868482e+01
5.630848810687520256e+01
5.636118110236220247e+01
5.664883207070707272e+01
5.662339934780879958e+01
5.661733582321817693e+01
5.676289062499999716e+01
5.708324661810613776e+01
5.673007751937984722e+01
5.657307086614173386e+01
5.681203469184127641e+01
5.669491135160027540e+01
5.656021183513700379e+01
5.648734375000000085e+01
5.651340173387417565e+01
5.661746031746032060e+01
5.696425196850393746e+01
5.650206349206349188e+01
5.656158730158730208e+01
5.646944444444444144e+01
5.737966605472506387e+01
5.690788840788840730e+01
5.711924907456372580e+01
5.677690357548736699e+01
5.655445544554455495e+01
5.697684694238246550e+01
5.703388888888888886e+01
5.699972977841830613e+01
5.712938775510204437e+01
5.677771653543307195e+01
5.692531249999999687e+01
5.678095919828203364e+01
5.686595238095237903e+01
5.671895424836601052e+01
5.696851407000686152e+01
5.662926868556701265e+01
5.677824305060584464e+01
5.648421874999999659e+01
5.685935916426288372e+01
5.705312601230968284e+01
5.686099633585406110e+01
5.675757575757575779e+01
5.702093063483826541e+01
5.674581254454739820e+01
5.697180982679392258e+01
5.676661364439731017e+01
5.673562759501756858e+01
5.656246031746032088e+01
5.672587301587301312e+01
5.716032870006119282e+01
5.690599930240669835e+01
5.671203776553894471e+01
5.671866737176097217e+01
5.628439999999999799e+01
5.656289457070707272e+01
5.670571860335639514e+01
5.664177777777777578e+01
5.670967741935483986e+01
5.675476992143659061e+01
5.636754643206256077e+01
5.676797998749218266e+01
5.649983673469387924e+01
5.645103092783504906e+01
5.664857731958763054e+01
5.653208163265306041e+01
5.649795918367347269e+01
5.665924984106802498e+01
5.648266925817946316e+01
5.648278993733539011e+01
5.628879170715905644e+01
5.649375646226040004e+01
5.646663427275672120e+01
5.647276859865372955e+01
5.671964399237126742e+01
5.646854953670705868e+01
5.697192382812500000e+01
5.623328000000000060e+01
5.653874747474747409e+01
5.604677165354330981e+01
5.621912675138481319e+01
5.637874324987726737e+01
5.649146391752577046e+01
5.639757575757575836e+01
5.633125984251968532e+01
5.653377650017966261e+01
5.639707536557930467e+01
5.650840000000000174e+01
5.642548387096773865e+01
5.664857142857142946e+01
5.648992063492063664e+01
5.659176764076978117e+01
5.649252032520325173e+01
5.686511047754811443e+01
5.644848979591836979e+01
5.642970521541950291e+01
5.696512578330759879e+01
5.640269841269841322e+01
5.660004810004809883e+01
5.646515873015872700e+01
5.714665003563791856e+01
5.672882853928972935e+01
5.655074744295829703e+01
5.638085659207107625e+01
5.658545775212441953e+01
5.668923101987618196e+01
5.658778749595076363e+01
5.644096209912536466e+01
5.646653575519555091e+01
5.637026239067055400e+01
5.636063492063492220e+01
5.638967741935483957e+01
5.674322879543834830e+01
5.675265306122449260e+01
5.665557175251052513e+01
5.647930922124470499e+01
5.678314326443335602e+01
5.638919354838709808e+01
5.687175452399685582e+01
5.687498907247137225e+01
5.675024437927663712e+01
5.677527272727272845e+01
5.674833363357953431e+01
5.644856565656565550e+01
5.689845646895594911e+01
5.684848979591836837e+01
5.667033585087578018e+01
5.701624489795918294e+01
5.676870990734141031e+01
5.623598892147279571e+01
5.650246031746031861e+01
5.688791874554525663e+01
5.647515151515151643e+01
5.681672872581963674e+01
5.651030022357074500e+01
5.676048979591836741e+01
5.699945955683660515e+01
5.704758877486150226e+01
5.668981972428419880e+01
5.668213604577240972e+01
5.672914457405443756e+01
5.687796136025876592e+01
5.622328000000000259e+01
5.617370555953232980e+01
5.621075837742504433e+01
5.643433179723502491e+01
5.654459264020568554e+01
5.687214896650035456e+01
5.660030045952633770e+01
5.695996818663838468e+01
5.663595866001425350e+01
5.688069989395545889e+01
5.678540159027964052e+01
5.645192647578650025e+01
5.650334693877550762e+01
5.655174272367948163e+01
5.643020122170320008e+01
5.666753738065213497e+01
5.663763285894433608e+01
5.602491935483870833e+01
5.655287335615204114e+01
5.648691056910568875e+01
5.684378368666906312e+01
5.660905203136136521e+01
5.672086600142552015e+01
5.661402656300615632e+01
5.666416326530612224e+01
5.643386243386243706e+01
5.654097829608033976e+01
5.693183333333332996e+01
5.744764326582508573e+01
5.683752611025338553e+01
5.648313034891376105e+01
5.677757815307222700e+01
5.677066115702479010e+01
5.655656638443523576e+01
5.688296903460837939e+01
5.627668772863319191e+01
5.671864713627386578e+01
5.641947474747474445e+01
5.616897959183673805e+01
5.664520000000000266e+01
5.680029061847243810e+01
5.673598963394881878e+01
5.682073469387755438e+01
5.702860775588048625e+01
5.661803519061583501e+01
5.679285966772711447e+01
5.678703115066751650e+01
5.655199999999999960e+01
5.667428571428571615e+01
5.672609208972845352e+01
5.656412698412698603e+01
5.642760726337779431e+01
5.625213827512473586e+01
5.607368000000000308e+01
5.591129032258064768e+01
5.668618266978922549e+01
5.676210675150229434e+01
5.635268869452542617e+01
5.666982507288629733e+01
5.647787397787397623e+01
5.644622610949141261e+01
5.652553905973842063e+01
5.665204123711340145e+01
5.683552810825538160e+01
5.662367010309278470e+01
5.631155365371954957e+01
5.639631336405530249e+01
5.651822344322344094e+01
5.620424621461487646e+01
5.634019091507570920e+01
5.635623765635286020e+01
5.651804081632653265e+01
5.630554641211323030e+01
5.651853658536585101e+01
5.653576083414792919e+01
5.690760869565217206e+01
5.691529896907216823e+01
5.668399999999999750e+01
5.678085550812823357e+01
5.661261582323592023e+01
5.688259072942867078e+01
5.667373485388453247e+01
5.668362437633642514e+01
5.664673913043478137e+01
5.637906625308200148e+01
5.647430927835051762e+01
5.624661439771917060e+01
5.659983673469388066e+01
5.665000881367883068e+01
5.703525980911982884e+01
5.642314544865565296e+01
5.669610435395734527e+01
5.675506311869948206e+01
5.693234038688584064e+01
5.692064492884165361e+01
5.699622709306503765e+01
5.707447098356189485e+01
5.675905912269548281e+01
5.684522098454904437e+01
5.678845360824742272e+01
5.684465306122449135e+01
5.709126671911880635e+01
5.668877551020408134e+01
5.663354389374797648e+01
5.697357723577236044e+01
5.709144807761408202e+01
5.698179568752209434e+01
5.697161336687028665e+01
5.686208125445474337e+01
5.721480755523877093e+01
5.715558608058608314e+01
5.693879187455452495e+01
5.665864917395529687e+01
5.692792230933713427e+01
5.700362318840579690e+01
5.689218158890290056e+01
5.684604419101924577e+01
5.688429752066115697e+01
5.662936481543066236e+01
5.657647270762024760e+01
5.634102688694525085e+01
5.683455096222380831e+01
5.667703092783504815e+01
5.681022680412370818e+01
5.680300035932447145e+01
5.691384533143264690e+01
5.674162422942910666e+01
5.684782608695652328e+01
5.709524233784746627e+01
5.690502494654312216e+01
5.694298324626193164e+01
5.694521032166843355e+01
5.691515799868334113e+01
5.701568068424803926e+01
5.660130612244898174e+01
5.712707670554966199e+01
5.667667498218104072e+01
5.688688582537999139e+01
5.679123248293208803e+01
5.685316804407713676e+01
5.685698050528892367e+01
5.684920010490427700e+01
5.642453670705630486e+01
5.671320384889522614e+01
5.631303229953398670e+01
5.637090163934426101e+01
5.670854095637730552e+01
5.668098969072165261e+01
5.689081213392778835e+01
5.674885118416401752e+01
5.638545246277205081e+01
5.634766189940543057e+01
5.660800769298015211e+01
5.650105764145954623e+01
5.682533726436165722e+01
5.670474979565888418e+01
5.669735182849937161e+01
5.681440685374595745e+01
5.676416607270135728e+01
5.661938847649346229e+01
5.664326443335708916e+01
5.648772321428571530e+01
5.674213503004595083e+01
5.671195652173913260e+01
5.674960338445266927e+01
5.650158931977113497e+01
5.663035430988895058e+01
5.635084536082474216e+01
5.630359147025813371e+01
5.643712717728465833e+01
5.667596222380613114e+01
5.671725815168438345e+01
5.635288446087096048e+01
5.646923844363152512e+01
5.627033218785796009e+01
5.649911618190583340e+01
5.624057731958762929e+01
5.649661439771917060e+01
5.687945473984319023e+01
5.701576977904490207e+01
5.682968901846452781e+01
5.662718367346938919e+01
5.662461835127751897e+01
5.665510718789407463e+01
5.669770084797622189e+01
5.677672873502928752e+01
5.639211652402896391e+01
5.654113771492848883e+01
5.668278965129358937e+01
5.681677237491191335e+01
5.689335352815395908e+01
5.654375510204081934e+01
5.661686862244897611e+01
5.633994857785634025e+01
5.694627583749109334e+01
5.693054821082319705e+01
5.663018176020408134e+01
5.673110954506303472e+01
5.670560822754298869e+01
5.685886107020127866e+01
5.641472303206997196e+01
5.629918686224489477e+01
5.645866141732283694e+01
5.654346778081310987e+01
5.673958925237437967e+01
5.672189301079632884e+01
5.664793650793650670e+01
5.678372235335256590e+01
5.671061862244897611e+01
5.687953492438150249e+01
5.626509186351705694e+01
5.678861788617886219e+01
5.693611903064861224e+01
5.694978440531799890e+01
5.717821258593336609e+01
5.698093371347113134e+01
5.638480808080807805e+01
5.669848002827854572e+01
5.673412698412698063e+01
5.667121966896994678e+01
5.637031734669530181e+01
5.654000356379187764e+01
5.650612502251846792e+01
5.609256628787878896e+01
5.653366914103923335e+01
5.651333660612011300e+01
5.649992108585858830e+01
5.652710459183673208e+01
5.670129145408163396e+01
5.669680944826370705e+01
5.642403628117914138e+01
5.688364367514643050e+01
5.672563265306122560e+01
5.684954978582043594e+01
5.665321860540628052e+01
5.708289148108872268e+01
5.660339761248852142e+01
5.664006716154118237e+01
5.630610795454545325e+01
5.644927180494190821e+01
5.621428571428571530e+01
5.664498501674599140e+01
5.689106292966684464e+01
5.656148453608247451e+01
5.653993250843644347e+01
5.707483962936564836e+01
5.697070855833742087e+01
5.692736531760922247e+01
5.674983372131692505e+01
5.657705050505050792e+01
5.647561177248677211e+01
5.622361829678902723e+01
5.651983505154639431e+01
5.669202956773260382e+01
5.696430460074034841e+01
5.678045360824742005e+01
5.710920148069804014e+01
5.679482472244077229e+01
5.652405247813410938e+01
5.644460606060606267e+01
5.670691666666666464e+01
5.705987170349251869e+01
5.700571236559139976e+01
5.709942979330006807e+01
5.692658588738417791e+01
5.680627533932663198e+01
5.712929666842940435e+01
5.712515423937951908e+01
5.686347603014269936e+01
5.718729067512779807e+01
5.698886597938144405e+01
5.737810682178741217e+01
5.700174978127733993e+01
5.693879373325756887e+01
5.638921282798833801e+01
5.713916288989602776e+01
5.700664393740711944e+01
5.693955769870302674e+01
5.692189690721649242e+01
5.681891804340784091e+01
5.742667498218104072e+01
5.677090492554410162e+01
5.726603706343549760e+01
5.720237691001698010e+01
5.699388058396713319e+01
5.689155555555555566e+01
5.677606823979591866e+01
5.713200518302559061e+01
5.689551515151514849e+01
5.664614397947731561e+01
5.666010689990282145e+01
5.656032653061224380e+01
5.666148364107547764e+01
5.653663620330286932e+01
5.680310241494800039e+01
5.670285714285714107e+01
5.732938346400570140e+01
5.676984126984127244e+01
5.668104667609618019e+01
5.668487804878049019e+01
5.670759999999999934e+01
5.705953317597692376e+01
5.689247215235357658e+01
5.693549536707056546e+01
5.665312000000000126e+01
5.666723232323232651e+01
5.668513609049134061e+01
5.695422043948378388e+01
5.685357111635632776e+01
5.658753968253968480e+01
5.677066666666666350e+01
5.676032258064515901e+01
5.652902970297029839e+01
5.684584875727128406e+01
5.670250896057347489e+01
5.661176278918214422e+01
5.656856565656566005e+01
5.691393442622950971e+01
5.692793964620187097e+01
5.680924906023253840e+01
5.695392953929539459e+01
5.685613290915517837e+01
5.652668416447944111e+01
5.655292230933713427e+01
5.634587755102040774e+01
5.642812121212121212e+01
5.674316939890710643e+01
5.660444444444444656e+01
5.676571378617011732e+01
5.670548124836086856e+01
5.638440860215053618e+01
5.656269619811649818e+01
5.661543841244863984e+01
5.691292945187516494e+01
5.664720636568068102e+01
5.630352475247524779e+01
5.638920000000000243e+01
5.650032393909945228e+01
5.692397509081473572e+01
5.675164758931668274e+01
5.678795438346400459e+01
5.631485148514851602e+01
5.672197784294558431e+01
5.645712037765539293e+01
5.677114686040477665e+01
5.672873900293254934e+01
5.658431681091004606e+01
5.669917929292929415e+01
5.651692507508726493e+01
5.699465431218816747e+01
5.714351360904913690e+01
5.716618585540694397e+01
5.705170239596468917e+01
5.655718808344833093e+01
5.664112000000000080e+01
5.698210823197602792e+01
5.696380802517702335e+01
5.697674625801852955e+01
5.682462253193960322e+01
5.684230220955096513e+01
5.656630824372759747e+01
5.671599600931160978e+01
5.690365938258758405e+01
5.684221311475409522e+01
5.657813613684960785e+01
5.659261910443012766e+01
5.680618935221610144e+01
5.687163133309378082e+01
5.676239567992145396e+01
5.681815751960085237e+01
5.696481754213712634e+01
5.695872355185570513e+01
5.680288305798509896e+01
5.724908424908424820e+01
5.647203920938454047e+01
5.738246350205437807e+01
5.697788268205263051e+01
5.700607522558742346e+01
5.634603357472020946e+01
5.645637152498795075e+01
5.676659793814432931e+01
5.683087874324987609e+01
5.643716856821468753e+01
5.657053055066633362e+01
5.652503681885125530e+01
5.633697764820213649e+01
5.641302235179786351e+01
5.647004608294930961e+01
5.668123056782850711e+01
5.652683685157911953e+01
5.666609392898052988e+01
5.680283321454027146e+01
5.618913146654010404e+01
5.643773523154966654e+01
5.675175912289314084e+01
5.634052007899934011e+01
5.662812371134020850e+01
5.658582883325151158e+01
5.666604432177936701e+01
5.642994816974408678e+01
5.659098925765592725e+01
5.642383505154639067e+01
5.638899261303676980e+01
5.649352121801101134e+01
5.644289309197175442e+01
5.630218556701031218e+01
5.633946980854197051e+01
5.617171717171716949e+01
5.662318840579710155e+01
5.643548127912582402e+01
5.633349697267222922e+01
5.662581443298969219e+01
5.662575683194239673e+01
5.647295108519598017e+01
5.650709502551020336e+01
5.676570554123711076e+01
5.648963394881761957e+01
5.664628507653061007e+01
5.642785395408163396e+01
5.630978954081632537e+01
5.622789115646258296e+01
5.642898052691867150e+01
5.674678300722721502e+01
5.643701282373648809e+01
5.641580756013745912e+01
5.634167893961708273e+01
5.658331994215009075e+01
5.695933111453851438e+01
5.642130043022972785e+01
5.665840288005236403e+01
5.665484211380793766e+01
5.643724431353297177e+01
5.639707085583373924e+01
5.725554977454041250e+01
5.714130434782608603e+01
5.703528153955809188e+01
5.663791454081632537e+01
5.688478225936043486e+01
5.648388152511864035e+01
5.662463999999999942e+01
5.703541102077687697e+01
5.668245848744786031e+01
5.663790970933828106e+01
5.776474670367800002e+01
5.798550257731958624e+01
5.663856907894736992e+01
5.563118489583333570e+01
5.595508597139643570e+01
5.602142137096774377e+01
5.577280873248615478e+01
5.511343594676927893e+01
5.506343434343434495e+01
5.555643738977072132e+01
5.525637325637325858e+01
5.540572390572390304e+01
5.513822710396039639e+01
5.534070867404200555e+01
5.549812158469945444e+01
5.517354648850712096e+01
5.531477551020407901e+01
5.513689795918367054e+01
5.507038383838384021e+01
5.488614141414141301e+01
5.498941023134571537e+01
5.495438512105178575e+01
5.480236734693877310e+01
5.500643532095144650e+01
5.483824525745257716e+01
5.482884485094850646e+01
5.489165852069077545e+01
5.493436029097133400e+01
5.481240981240981114e+01
5.485191999999999979e+01
5.435159183673469130e+01
5.453166586499919788e+01
5.439401892945200245e+01
5.453901922450309314e+01
5.451426968093634429e+01
5.421208846025939465e+01
5.422399605003291612e+01
5.432873295643498324e+01
5.432778165329612818e+01
5.428836900613904248e+01
5.428153535353535375e+01
5.418865306122449255e+01
5.419085714285714062e+01
5.450386767610270056e+01
5.438196480938416499e+01
5.468037518037517941e+01
5.445910204081632600e+01
5.479373096039762459e+01
5.451771685105018150e+01
5.464718367346938521e+01
5.433081143997339524e+01
5.439978894390778663e+01
5.444651952461799738e+01
5.435927272727272452e+01
5.457276767676767548e+01
5.447385537013264667e+01
5.447026101839966117e+01
5.459271999999999991e+01
5.433798300464967213e+01
5.466658649991983054e+01
5.448170836928386507e+01
5.438506028022157324e+01
5.463956140350877178e+01
5.407834101382488257e+01
5.429668458781362261e+01
5.420194206714943874e+01
5.441503159294978076e+01
5.465082828282828586e+01
5.444712337878284103e+01
5.446117342536669526e+01
5.427169974115616924e+01
5.401630530583465628e+01
5.395452141723955464e+01
5.387363265306122173e+01
5.420532603285216311e+01
5.453044632487141286e+01
5.443535057318048587e+01
5.414898989898989612e+01
5.463259904371584952e+01
5.438274374460741711e+01
5.441128890451907552e+01
5.434929944607363694e+01
5.442151646158962564e+01
5.458804878048780296e+01
5.433333333333333570e+01
5.444279999999999831e+01
5.433105661619486426e+01
5.485184000000000282e+01
5.440329612835716944e+01
5.446660914581536161e+01
5.462993960310612351e+01
5.463125411454904423e+01
5.482634408602150700e+01
5.463744607420189681e+01
5.450159574468084855e+01
5.476653061224489960e+01
5.454262295081966982e+01
5.479795918367346985e+01
5.473959183673469653e+01
5.475134693877551229e+01
5.465498991935483986e+01
5.487246628969116813e+01
5.452402069475240154e+01
