4.760614778921865309e+01
4.772288602941176805e+01
4.756521401985111908e+01
4.740842490842490520e+01
4.748566623346838611e+01
4.723953163771712127e+01
4.717788461538461320e+01
4.725259462759462536e+01
4.735654466501240734e+01
4.766707692307691957e+01
4.778030065768869150e+01
4.756665125597164234e+01
4.785691788526434465e+01
4.782038461538461860e+01
4.798058252427184556e+01
4.762446601941747559e+01
4.769460194174757106e+01
4.774163809523809476e+01
4.788748079877112218e+01
4.781141345427059974e+01
4.794692307692307764e+01
4.813408119658119944e+01
4.824759615384615330e+01
4.825438461538461610e+01
4.817655809583463622e+01
4.803123809523809484e+01
4.810073260073259860e+01
4.842427035330261020e+01
4.863137864077669548e+01
5.058163348232425705e+01
5.334081196581196593e+01
0.000000000000000000e+00
0.000000000000000000e+00
0.000000000000000000e+00
0.000000000000000000e+00
5.452885652642934389e+01
5.356125356125355808e+01
5.345236403820349125e+01
5.344215456674473330e+01
5.278359178723035683e+01
5.231050347222222285e+01
5.248138365851580289e+01
5.226884803508180255e+01
5.228970223325062250e+01
5.209501133786847760e+01
5.214717741935483986e+01
5.172761538461538322e+01
5.173110599078341210e+01
5.150898617511520428e+01
5.160874951606658811e+01
5.166950992555831590e+01
5.167887205387205540e+01
5.143510101010100755e+01
5.170460952380952335e+01
5.123434426229508176e+01
5.175468509984639098e+01
5.167887864823348565e+01
5.147098360655737537e+01
5.175071681565187731e+01
5.176887755102040956e+01
5.164735537190082937e+01
5.179381203473945305e+01
5.167660071792303000e+01
5.151154232184676829e+01
5.178561538461538305e+01
5.150623306233062237e+01
5.136120218579235086e+01
5.149935075474760282e+01
5.182602462472592464e+01
5.175420875420875433e+01
5.155655730862342523e+01
5.180155737704917840e+01
5.180733565159794551e+01
5.174263294098005161e+01
5.180870037220843471e+01
5.237062700692919037e+01
5.365939257592800971e+01
5.482770969282189810e+01
5.548557770215523988e+01
5.464106898494727460e+01
5.276853287841191076e+01
5.359663527328342525e+01
5.384485787288406300e+01
5.172345360824742500e+01
5.147708263633322190e+01
5.156352040816326365e+01
5.154178145087235663e+01
5.151225283082643358e+01
5.063489523809523973e+01
5.051217571223937597e+01
5.039607271480020501e+01
5.048713506020965269e+01
5.030249140893470639e+01
5.006330408111101349e+01
5.018336995098867703e+01
5.007007575757575779e+01
5.007960114923103134e+01
4.995130208333333144e+01
4.987918374316939918e+01
5.008128415300546266e+01
4.984986617597859038e+01
4.997042420145344011e+01
4.989032313956510478e+01
4.989544673539518982e+01
4.989340529600269747e+01
4.989306454289032899e+01
4.993224862258953323e+01
4.998350071736011557e+01
4.987147038567493240e+01
4.999763393611627293e+01
4.999509803921568363e+01
5.020166666666666799e+01
5.015294117647059124e+01
5.008880208333333428e+01
5.032344771241830017e+01
5.062620523415977658e+01
5.062175438596491261e+01
5.051317964332318411e+01
5.035294117647058698e+01
5.042927908005307103e+01
5.016538592896174720e+01
5.002037470725995405e+01
5.037485212100726528e+01
5.015519957983192967e+01
5.038966570234651243e+01
5.027877651870154097e+01
5.010551231645671066e+01
5.022118088097469268e+01
5.023280295724847377e+01
5.020144557823129361e+01
4.995129715104249613e+01
5.007983921815888806e+01
5.018411859930135677e+01
5.006955922865013520e+01
5.028550736985601333e+01
4.968033378801251843e+01
5.020517418032786594e+01
5.004436711613745103e+01
4.983798245614035238e+01
4.999812158469945444e+01
4.992127732240437155e+01
4.978176652892562259e+01
4.973157362118401181e+01
4.980406336088154262e+01
5.002743460850302171e+01
4.992751736111111427e+01
4.993250861259004125e+01
4.986642156862745168e+01
4.989136917440572461e+01
4.987765187015421020e+01
4.991780462184873812e+01
5.008649248633879836e+01
4.977281336088154262e+01
4.965783503484038164e+01
4.990728305785123808e+01
4.993428819444444144e+01
4.982998819362455833e+01
4.974684084699453734e+01
4.999645808736718067e+01
4.981950280112044993e+01
4.948243801652892415e+01
4.986628093860495170e+01
4.960443558866845848e+01
4.966957928802589350e+01
4.976774539603075453e+01
4.970915032679738488e+01
4.974010854341736376e+01
4.983026315789473415e+01
4.998896539548022844e+01
4.981039878038995283e+01
5.000409836065573899e+01
4.988877192982456421e+01
4.970039316376474403e+01
4.953131067961165002e+01
4.972457088366179079e+01
4.990609965635739087e+01
4.976930561698363675e+01
4.999821078640197669e+01
4.994843319559228689e+01
5.016649590163934391e+01
4.993622227484410558e+01
5.026213436194149864e+01
5.008417823975462113e+01
4.980882104908079100e+01
5.005051546391752737e+01
4.993524305555555287e+01
5.008602430555555429e+01
4.998917951776433455e+01
4.999485579355709319e+01
4.967518939393939092e+01
4.985509106956591552e+01
4.987369791666666430e+01
4.993837759768916129e+01
5.016460055096418813e+01
4.989290633608815284e+01
4.970666878879516304e+01
4.980283171521035257e+01
4.962031150667514368e+01
4.978408003479773924e+01
4.987192556634304452e+01
5.000358680057388483e+01
4.968148812923227808e+01
4.981927083333333428e+01
4.991168300653594514e+01
5.002874834144184035e+01
5.015784313725490051e+01
5.001212856276531227e+01
5.009131944444444429e+01
4.998114669421487832e+01
5.001531100478469227e+01
5.005488445378151141e+01
5.027362062747926785e+01
5.003384879725086165e+01
5.002957274011299660e+01
4.988083318433756830e+01
5.008019906991923165e+01
4.980927545534783007e+01
5.007101197982345298e+01
4.980078294910831005e+01
4.984522569444444429e+01
4.984683381549341163e+01
4.983851613993577701e+01
4.999339153136983072e+01
5.002603664416586327e+01
4.998127611700417816e+01
4.974370567375886765e+01
5.000411414565826362e+01
4.997361111111111143e+01
5.008605263157894427e+01
5.005539696699375440e+01
5.012632594021214771e+01
5.021488267438122932e+01
4.993293269230769482e+01
4.977447079420658582e+01
4.988220064724919212e+01
4.994206852282756870e+01
5.000143243673404214e+01
4.976976856316296960e+01
4.965501770956316108e+01
4.968669425433709819e+01
4.977638329781355964e+01
4.971847079037800654e+01
4.978144329896907294e+01
4.956687795875792091e+01
4.996737258953167782e+01
4.964723389355742000e+01
4.960277777777777430e+01
4.974328554951392078e+01
4.965621455193647904e+01
4.999991479935247440e+01
4.975568181818182012e+01
4.964247572815533971e+01
4.995223577235772439e+01
4.988990678238508281e+01
4.962396694214876192e+01
4.979500238739455398e+01
4.989090909090909065e+01
4.976266339869280841e+01
4.984174757281553525e+01
4.998772951977401391e+01
4.970769899956502513e+01
4.990346766635426690e+01
4.971883608815426925e+01
4.983654305268184004e+01
4.957820512820512704e+01
4.989970730027548029e+01
4.973050161812297887e+01
4.984058089255119484e+01
4.964431023521932929e+01
4.985682802046438411e+01
5.003183192742320529e+01
4.984088541666666572e+01
4.989049586776859257e+01
4.991107755880483410e+01
4.981579783852511412e+01
4.997300497276817310e+01
5.010982014961005859e+01
4.990428802588996859e+01
5.002180487028489608e+01
5.001968820315011044e+01
5.001918201791448126e+01
4.987314976921852860e+01
4.988333333333333286e+01
4.990972222222222143e+01
5.003835151081709398e+01
4.988377192982456165e+01
5.008552631578947256e+01
5.011527777777777715e+01
4.998584142394822294e+01
4.993843251586348941e+01
5.003891184573002704e+01
4.981148748159057504e+01
4.989298245614035210e+01
4.966284013605442027e+01
5.000017217630853850e+01
4.994338235294117823e+01
4.999517906336087947e+01
4.965239845938375396e+01
4.994338487972508744e+01
4.974588782797079034e+01
4.970570728291316698e+01
4.978064627913020956e+01
4.947878258105530591e+01
4.988567927170868188e+01
4.991228991596638309e+01
4.988173374613003119e+01
4.975946601941747360e+01
4.982273330384785481e+01
4.990649813644466093e+01
4.976885964912280969e+01
4.985767924190952982e+01
4.999991060253888975e+01
4.961176470588235077e+01
4.995554842333306311e+01
5.015927144347267586e+01
5.002949147138529895e+01
4.986526973623747949e+01
5.009296771340115129e+01
4.992309027777777430e+01
5.009501830335826611e+01
5.018005952380952550e+01
5.021726190476190510e+01
5.048774509803921262e+01
5.056143263757115847e+01
5.050624442462087416e+01
5.041675170068027256e+01
5.046174259177355026e+01
5.053851540616246751e+01
5.038532471626734122e+01
4.997325468648998026e+01
5.042657894736841939e+01
5.046666666666666856e+01
5.057256944444444713e+01
5.091892364144679561e+01
5.081651217187906155e+01
5.067225085910652638e+01
5.065849358974359262e+01
5.070820695807314848e+01
5.062740384615384670e+01
5.080395189003436229e+01
5.055086805555555429e+01
5.078999999999999915e+01
5.066750411504808227e+01
5.075192204541391305e+01
5.069698882077172897e+01
5.044686624649860107e+01
5.041468376824413866e+01
5.028571428571428470e+01
5.038270308123249208e+01
5.030147058823529704e+01
4.992222222222222427e+01
4.999843750000000142e+01
4.990236506973923269e+01
5.002109593837535328e+01
5.020124299719888228e+01
4.998196778711484711e+01
5.049965635738831793e+01
5.028941985107601909e+01
5.035034865009833993e+01
5.053754125412541498e+01
5.053161512027491398e+01
5.048020445291518854e+01
5.040833333333333144e+01
5.052377192982456222e+01
5.069014844804318187e+01
5.059265355626786942e+01
5.076279996534696437e+01
5.079664948453608275e+01
5.074399717514124575e+01
5.038406148867314016e+01
5.073291703835860744e+01
5.084299732381801817e+01
5.060451977401130108e+01
5.071481092436975047e+01
5.058981092436975047e+01
5.057216770740410539e+01
5.030978359701764191e+01
5.056383161512027158e+01
5.062605435801312126e+01
5.059716386554622147e+01
5.093850877192982551e+01
5.049177170868347275e+01
5.048135504201680845e+01
5.038885140833193077e+01
5.033409995577178364e+01
5.040251307134423797e+01
5.041898335582546054e+01
5.020091470753430229e+01
5.038877192982456421e+01
5.051455108359132851e+01
5.025218554861730524e+01
5.016799645390070594e+01
