5.908158263305322322e+01
5.869543329737504678e+01
5.874257425742574412e+01
5.824655047204066705e+01
5.829095441595441685e+01
5.811358024691357826e+01
5.849341192787795052e+01
5.811569664902998511e+01
5.837073347857661787e+01
5.850051212017753244e+01
5.824308637760327656e+01
5.877596223674655107e+01
5.819265109890110210e+01
5.858468176914778525e+01
5.881157856886012070e+01
5.836713412441567783e+01
5.787713675213674946e+01
5.807334785766158092e+01
5.807015669515669742e+01
5.822545846817691739e+01
5.785199175824175910e+01
5.857697642163661556e+01
5.774404761904762040e+01
5.828046218487394725e+01
5.849549237170596427e+01
