4.840751575157515418e+01
4.911044973544973402e+01
4.814335317460317754e+01
4.865852921169979339e+01
4.807154255319149172e+01
4.870279669613099571e+01
4.898592068406309608e+01
4.861241338640719789e+01
4.821457183886327869e+01
4.837737670825906378e+01
4.876163180227797511e+01
4.868280303030302747e+01
4.796114742193173441e+01
4.814978997899790158e+01
4.800781365177650173e+01
4.814138286893705043e+01
4.810704980272463160e+01
4.811896076825727420e+01
4.804689786362305881e+01
4.809089555572098362e+01
4.818917548181423172e+01
4.828497219783435668e+01
4.868545751633986640e+01
4.820757776794928162e+01
4.829573934837092963e+01
4.857242424242424050e+01
4.809569798068481106e+01
4.830443756449948722e+01
4.831195488721804310e+01
4.819939393939394279e+01
4.858132956152758197e+01
4.834945038621508928e+01
4.857157599882057752e+01
4.857909625549021371e+01
4.802665214233841340e+01
4.824902490249024822e+01
4.851658016147635522e+01
4.828342245989304615e+01
4.844102904319622382e+01
4.859251068848592325e+01
4.870141937371963792e+01
4.839720515071700646e+01
4.876860502577319778e+01
4.900868055555555713e+01
4.881999711649365281e+01
4.873956951201532917e+01
4.871359536082474051e+01
4.838273976651396424e+01
4.852218045112781653e+01
4.834949017289788742e+01
4.848939179632248653e+01
4.852921908732226797e+01
4.828696741854636798e+01
4.829477611940298232e+01
4.856435205661211540e+01
4.841008194322505176e+01
4.862196371085747870e+01
4.860176017601759924e+01
4.878579400510204067e+01
4.892937738452796737e+01
4.887675070028011248e+01
4.878387474392742007e+01
4.837957569219705078e+01
4.871900230680507349e+01
4.857337306701030855e+01
4.859759358288769704e+01
4.852687000726216127e+01
4.866099116070135011e+01
4.885264632168657073e+01
4.849769756387403419e+01
4.850089126559714714e+01
4.874590888987173543e+01
4.876227333038478662e+01
4.805910816645574357e+01
4.825037503750375123e+01
4.828719863625294551e+01
4.883956185567010522e+01
4.847987616099071317e+01
4.843682020585444548e+01
4.855548469387755262e+01
4.845328354574235163e+01
4.880615309684227299e+01
4.851724975704567555e+01
4.880769542982385190e+01
4.849410290431962522e+01
4.845702070207020995e+01
4.821127075113526672e+01
4.864071944567300676e+01
4.843830796923580095e+01
4.821476959726047795e+01
4.852130325814536604e+01
4.880798969072164795e+01
4.861307680967123446e+01
4.883871443314167493e+01
4.834030303030303344e+01
4.879782359679266790e+01
4.832275347024921075e+01
4.839131413141313942e+01
4.854579784669773090e+01
4.837421052631579244e+01
4.823278493262860422e+01
4.841634872960467817e+01
