5.401066666666666549e+01
5.527171215880893129e+01
5.483466666666666356e+01
5.581761786600496578e+01
5.538205128205127892e+01
5.573055555555555429e+01
5.514019851116625404e+01
5.619200000000000017e+01
5.457175925925925952e+01
5.370192307692308020e+01
5.473419540229885172e+01
5.408024691358024683e+01
5.437847222222222143e+01
5.478896551724137964e+01
5.437500000000000000e+01
5.435198135198135105e+01
5.407744107744107964e+01
5.414391534391534577e+01
5.410859728506787292e+01
5.501234567901234840e+01
5.502723311546841245e+01
5.456209150326797186e+01
5.449346405228757817e+01
5.525381263616557703e+01
5.427407407407407192e+01
5.449523809523809348e+01
5.422440087145969301e+01
5.397058823529411598e+01
5.477015250544662450e+01
5.355780022446688804e+01
5.359440559440559326e+01
5.528472222222222143e+01
5.511527777777777715e+01
5.406526806526806439e+01
5.505499438832772086e+01
5.447171945701357743e+01
5.489433551198256822e+01
5.435431235431235564e+01
5.410998877665544171e+01
5.391470258136924798e+01
5.361873638344226833e+01
5.372727272727272663e+01
5.380203619909502066e+01
5.360746606334841857e+01
5.412233445566779011e+01
5.420138888888888573e+01
5.344107744107743940e+01
5.380769230769230660e+01
5.421328671328671334e+01
5.411305361305361572e+01
5.481468531468531324e+01
5.445454545454545325e+01
5.437152777777777857e+01
5.401571268237935186e+01
5.460381593714927106e+01
5.426936026936026991e+01
5.396408529741862736e+01
5.380769230769230660e+01
5.360955710955710884e+01
5.447362514029180858e+01
5.443771043771043594e+01
5.542374727668845225e+01
5.521677559912853894e+01
5.422956730769230660e+01
5.403472222222222143e+01
5.451165501165500871e+01
5.414590347923681435e+01
5.404826038159371393e+01
5.392890442890443126e+01
5.416083916083915994e+01
5.489160839160839345e+01
5.501981351981351764e+01
5.469135802469136109e+01
5.476620370370370239e+01
5.474879807692308020e+01
5.572836538461538680e+01
5.472610722610722434e+01
5.537762237762238016e+01
5.521548821548821451e+01
5.488694638694638428e+01
5.469230769230769340e+01
5.605199999999999960e+01
5.471033653846154010e+01
5.525466666666666526e+01
5.552516129032257908e+01
5.432754629629629761e+01
5.641866666666666674e+01
5.478004807692308020e+01
5.492307692307691980e+01
5.374519230769230660e+01
5.422580645161290391e+01
5.428163771712159047e+01
5.494055944055943996e+01
5.501081730769230660e+01
5.530208333333333570e+01
5.484987593052109389e+01
5.506370192307691980e+01
5.486228287841191076e+01
5.434615384615384670e+01
5.534863523573201149e+01
5.516706730769230660e+01
5.533498759305211223e+01
