4.814146414641464133e+01
4.816104903499861223e+01
4.914884135472370730e+01
4.913788453434471393e+01
5.505248023005032110e+01
6.385726423109600347e+01
7.423545918367346985e+01
7.379520239880059762e+01
7.231548826427122378e+01
7.037193161893630133e+01
7.054003506721215899e+01
6.869418203628730168e+01
6.541876594387754551e+01
5.244934640522875924e+01
5.080846403224393271e+01
5.163441298849637207e+01
5.105034235916588869e+01
5.013190136476426773e+01
5.016888506107109436e+01
4.919849670194815161e+01
4.925533746556473602e+01
4.860228070175438830e+01
4.868603740756850584e+01
4.845196280991735449e+01
4.878294458475709661e+01
4.867127823975273770e+01
4.901108058608058826e+01
4.842392473118279383e+01
4.857077232271030454e+01
4.853639104220499689e+01
4.853870523415977800e+01
4.837346953560820140e+01
4.836886304909560863e+01
4.844831056793673696e+01
4.877905198776758056e+01
4.878690575479566149e+01
4.876522101751459815e+01
4.847585531004989434e+01
4.847463369963369928e+01
4.824098972922502071e+01
4.845013251499511853e+01
4.817450238995505174e+01
4.817642862238709967e+01
4.818284603197464833e+01
4.845173992673992558e+01
4.846557971014492949e+01
4.817053343076361216e+01
4.818629032258064626e+01
4.807456372289793478e+01
4.736222033418295041e+01
4.805913978494623962e+01
4.912885572139303747e+01
5.006222418358341031e+01
4.896398138202649619e+01
4.845575738676230060e+01
4.730998365770316383e+01
4.774333487440283363e+01
4.647453846153845802e+01
4.557969574191575646e+01
4.579550272562083535e+01
4.580555555555555713e+01
4.595507812500000000e+01
4.586183035714285694e+01
4.683835999650319337e+01
4.693103157894736910e+01
4.711321155480033696e+01
4.795351302241066094e+01
4.921862492853058768e+01
5.106546003016591584e+01
5.119748984865263708e+01
5.122218934911242627e+01
5.053846153846154010e+01
4.974678298800436238e+01
4.950136828460319549e+01
4.952734487734488056e+01
4.987676767676767753e+01
4.976441600470726456e+01
4.945238271696435106e+01
4.948102453102453069e+01
