7.283142100617828874e+01
7.311465349498577382e+01
7.355150918635170854e+01
7.267492260061919751e+01
7.316137099146807543e+01
7.316523378582202497e+01
7.268783422459893018e+01
7.393495336278841989e+01
7.342291371994342342e+01
7.307107843137255543e+01
7.398028865979381408e+01
7.413564412695835415e+01
7.399561838624339316e+01
7.425557894736842002e+01
7.422249999999999659e+01
7.416583994708994965e+01
7.327517322718560422e+01
7.447602850664074481e+01
7.413913412563667293e+01
7.434233333333332894e+01
7.431850000000000023e+01
7.404679232804232925e+01
7.419249999999999545e+01
7.418574999999999875e+01
7.435478290953122382e+01
7.450327620967742348e+01
7.426542300769105509e+01
7.378266726537943043e+01
7.440465716019417641e+01
7.583832994579945819e+01
7.614638461538461911e+01
7.623543689320388239e+01
7.632962066182405181e+01
7.699512614678899070e+01
7.743480725623582828e+01
7.763749590298263570e+01
7.731300066755673583e+01
7.728670668953688505e+01
7.738813131313131066e+01
7.752888700084962181e+01
7.796930263596929933e+01
7.775861173619526312e+01
7.783321793318330606e+01
7.761773700305811019e+01
7.781997019374068714e+01
7.793587439704909059e+01
7.709693877551021046e+01
7.617213114754098058e+01
7.607973733583489206e+01
7.646359223300970598e+01
7.632520325203252298e+01
7.724572549019607948e+01
7.785000829600133443e+01
7.752300100368016444e+01
7.711340633814501189e+01
7.613628199371351002e+01
7.553175932977913476e+01
7.628618556701030684e+01
7.583633333333332871e+01
7.594575355915561943e+01
7.466752324087370596e+01
7.546120829284095066e+01
7.542646582442500858e+01
7.462519839770236274e+01
7.525044190904708330e+01
7.467954047313128285e+01
7.534296614984982909e+01
7.536991638931731075e+01
7.555306758530183231e+01
7.466699418033405777e+01
7.561806578301423087e+01
7.541517857142856940e+01
7.550871578947368334e+01
7.552323678612339108e+01
7.568074226804124294e+01
7.554009163802977866e+01
7.476534653465346025e+01
7.539810147849462396e+01
7.556646825396825307e+01
7.534969726722303562e+01
7.540347782258064058e+01
7.550049091801669476e+01
7.556275568646702823e+01
7.548218334953028830e+01
7.478580606152218024e+01
7.502977913175932656e+01
7.515775401069518580e+01
7.568033055146457855e+01
7.563663884797905723e+01
7.571965939153439251e+01
7.577279460171165226e+01
7.542274052478134649e+01
7.568138227513227889e+01
7.570421706989247923e+01
7.564506627393225813e+01
7.559661483641075108e+01
7.587659610215054329e+01
7.577218982831227834e+01
7.561024999999999352e+01
7.605025000000000546e+01
7.578653248240877360e+01
