7.159787947298666211e+01
7.142027663778689828e+01
7.143901918976546028e+01
7.168748161223889781e+01
7.182590326340326214e+01
7.172720636542813111e+01
7.186709420610348786e+01
7.197834158415841443e+01
7.189740391361971206e+01
7.171289875173370376e+01
7.180660786581839261e+01
7.167618074311992871e+01
7.163458110516934596e+01
7.183874433955023164e+01
7.178103854074727508e+01
7.174830832597822905e+01
7.179363327674023765e+01
7.136307113938693192e+01
7.123462566844919763e+01
7.111534462269756318e+01
7.124075737165095745e+01
7.115191595495427634e+01
7.149442109839154114e+01
7.147517308121788915e+01
7.139363221016562022e+01
7.149334771664868526e+01
7.134187971035909470e+01
7.117131062951496290e+01
7.074512451245124112e+01
7.083768453768453810e+01
7.075460026622816656e+01
7.075225022502250738e+01
7.055823444939913713e+01
7.107759689922480106e+01
7.081938193819381411e+01
7.059007751937984665e+01
7.075961538461538680e+01
7.053558139534884219e+01
7.082421934501142857e+01
7.076047294651945663e+01
7.049838461538460876e+01
7.078178294573643825e+01
7.073800015660481222e+01
7.087933599561506526e+01
7.054146153846153311e+01
7.047753846153845814e+01
7.076481340441736734e+01
7.028948971820258862e+01
7.088987052551408397e+01
7.055264152369434782e+01
7.055883909001586574e+01
7.055450687737781834e+01
7.051288640314413669e+01
7.035223076923077201e+01
7.039565891472868486e+01
7.051188118811880656e+01
7.036233088957750681e+01
7.054789702140398333e+01
7.028341085271317468e+01
7.018819439195827670e+01
7.034503450345034992e+01
7.037813953488371510e+01
6.984653465346534063e+01
6.968106870229007654e+01
6.960472201066259856e+01
6.932498095963443063e+01
6.936229482323231821e+01
6.915376999238385736e+01
6.879570135746605786e+01
6.908156892612338140e+01
6.895369383092155147e+01
6.889879827677424373e+01
6.908101562500000625e+01
6.915087585681645521e+01
6.921172886519421752e+01
6.913443688118812247e+01
6.892891398514851176e+01
6.909552908415841443e+01
6.929593749999999375e+01
6.913484375000000171e+01
6.890828125000000171e+01
6.897968749999999716e+01
6.914992307692307349e+01
6.893623076923077519e+01
6.925728682170542072e+01
6.901511627906977253e+01
6.924077989194267957e+01
6.923553846153846791e+01
6.916692307692308361e+01
6.938015503875969614e+01
6.885584527444991920e+01
6.942665112665112304e+01
6.922553030303029686e+01
6.905684615384615199e+01
6.923641221374046495e+01
6.931061068702290129e+01
6.965577168367346417e+01
6.939699318769086744e+01
6.962722816399286785e+01
6.977327117327116923e+01
6.966364431718761807e+01
6.963093023255814273e+01
6.949384615384614960e+01
6.964484615384616006e+01
7.013995978669464648e+01
6.984276072633777233e+01
6.975289062500000625e+01
6.960031007751938148e+01
6.968866141732283381e+01
6.981747709654686673e+01
6.980221045360349308e+01
6.967984732824427851e+01
6.992558139534884276e+01
6.986568424284288881e+01
6.987385482734319453e+01
6.975417322834645972e+01
6.975703185703186193e+01
6.993045801526717753e+01
6.990372474747475451e+01
6.974065546089492784e+01
6.979410852713178315e+01
6.974092487373737015e+01
6.983544102441740620e+01
6.959210937500000682e+01
6.971732711732711607e+01
6.959375476009140016e+01
6.971510379384395151e+01
6.946275252525252597e+01
6.918179741051028486e+01
6.932203124999999488e+01
6.974242424242424931e+01
6.946196945275923440e+01
6.946104455406781142e+01
6.942795125666413014e+01
6.946535433070866361e+01
6.968738966919947586e+01
6.938080731150037650e+01
6.946361538461538032e+01
6.953685290404040131e+01
6.942635658914728936e+01
6.958791925704198889e+01
6.953909170444603660e+01
6.950882812499999375e+01
6.958323391394257840e+01
6.919497334348820061e+01
6.935776923076923595e+01
6.929606299212598230e+01
6.926770753998476948e+01
6.954903364352183814e+01
6.928843349451224753e+01
6.928756798756798219e+01
6.942471590909090651e+01
6.949036764141530398e+01
6.941484380996239167e+01
6.905125666412794772e+01
6.936139534883720614e+01
6.932677165354330384e+01
6.926830769230768681e+01
6.937503875968992872e+01
6.937715740077945270e+01
6.931279069767441570e+01
6.942286821705425837e+01
6.931967150203392691e+01
6.939315025252524549e+01
6.902341085271318377e+01
6.920845392231531434e+01
6.936055871212121815e+01
6.946968992248062591e+01
6.922216298552932301e+01
6.922817974105102223e+01
6.916153846153845564e+01
6.945643019112407046e+01
6.926469230769231444e+01
6.936246182757810175e+01
6.926586415816326792e+01
6.943580266752370278e+01
6.964797582120417019e+01
6.927884615384616041e+01
6.945011424219345031e+01
6.984234638878908186e+01
6.936976389946687505e+01
6.972310077519379945e+01
6.958348334833483761e+01
6.959578125000000171e+01
6.935280779986395316e+01
6.951335055986218947e+01
6.926554687499999829e+01
6.961324737124874673e+01
6.946043441553457853e+01
6.942538461538461547e+01
6.970726840125873025e+01
6.988828125000000568e+01
6.978906250000000000e+01
6.936854531607006891e+01
6.949811957939979834e+01
6.962813723232788732e+01
6.945903479236812927e+01
6.966796875000000000e+01
6.934364051789793848e+01
6.943450114242193649e+01
6.968372093023255331e+01
6.945438884973768268e+01
6.955007751937984040e+01
6.938332584942374126e+01
6.944546780259420871e+01
6.950725305088649009e+01
6.956265625000000341e+01
6.946557327488474698e+01
6.944271317829456791e+01
6.942436104075524383e+01
6.926594519917108528e+01
