9.880666666666667197e+01
9.914143920595533643e+01
9.952933333333332655e+01
9.782754342431762495e+01
9.790641025641025408e+01
1.005027777777777800e+02
9.788585607940446209e+01
1.007680000000000007e+02
9.745601851851851904e+01
9.784615384615383959e+01
1.003951149425287355e+02
9.788395061728394353e+01
9.708217592592592382e+01
9.911724137931034306e+01
9.691782407407407618e+01
9.704312354312354216e+01
9.615263748597081417e+01
9.614603174603175262e+01
9.679977375565610487e+01
9.785634118967452366e+01
9.798039215686274872e+01
9.811764705882353610e+01
9.750108932461873223e+01
9.819498910675380898e+01
9.751851851851851904e+01
9.812910052910052627e+01
9.863834422657951961e+01
9.807625272331154065e+01
9.822766884531590392e+01
9.832098765432098730e+01
9.843706293706293309e+01
1.005611111111111171e+02
1.007944444444444514e+02
9.823892773892774244e+01
9.940404040404040131e+01
9.911990950226244479e+01
9.912091503267973280e+01
9.957575757575757791e+01
9.970258136924803694e+01
9.940516273849607387e+01
9.902832244008715179e+01
9.891806958473624434e+01
9.924321266968325972e+01
9.875000000000000000e+01
9.921099887766554559e+01
9.883796296296296191e+01
9.796632996632996537e+01
9.824095022624433682e+01
9.859673659673659074e+01
9.848484848484848442e+01
9.877505827505827085e+01
9.852188552188552251e+01
9.870486111111111427e+01
9.812121212121212466e+01
9.827272727272726627e+01
9.800785634118967948e+01
9.885072951739618929e+01
9.836877828054298334e+01
9.913053613053612878e+01
9.928395061728394921e+01
9.870370370370370949e+01
9.937581699346405628e+01
9.957080610021786526e+01
9.907211538461538680e+01
9.909953703703703809e+01
9.903146853146853346e+01
9.870145903479236438e+01
9.876655443322110273e+01
9.875407925407925802e+01
9.878787878787878185e+01
9.864335664335663978e+01
9.955477855477855087e+01
9.856004489337823316e+01
9.911342592592592382e+01
9.944951923076922640e+01
9.943629807692308020e+01
9.829137529137528873e+01
9.827855477855477773e+01
9.858922558922559176e+01
9.863636363636364024e+01
9.884855769230769340e+01
1.005093333333333305e+02
9.858533653846153300e+01
1.002093333333333334e+02
1.006735483870967727e+02
9.790046296296296191e+01
1.002306666666666644e+02
9.906850961538461320e+01
9.906947890818858582e+01
9.881730769230769340e+01
9.870223325062035258e+01
9.880397022332506651e+01
9.897202797202797342e+01
9.894951923076922640e+01
9.916898148148148096e+01
9.874441687344912566e+01
9.816826923076922640e+01
9.828535980148883766e+01
9.843424317617865427e+01
9.896526054590570709e+01
9.809615384615383959e+01
9.823449131513648069e+01
