2.709089361702127619e+01
2.596434294871794890e+01
3.621155487284519836e+01
4.267308746378513717e+01
4.566433684210526422e+01
5.151328740157480013e+01
5.326934004383472399e+01
5.587731481481481666e+01
6.095714285714285552e+01
6.370223157894736943e+01
6.733625730994151581e+01
7.300121515910988990e+01
7.474895572263993415e+01
7.506144680851063811e+01
7.591615250751463861e+01
7.716817204301075606e+01
7.758080808080808310e+01
7.714526948878094004e+01
7.821263736263736632e+01
7.820606060606060339e+01
7.858934413460040957e+01
7.980510638297872106e+01
8.043077427821522463e+01
8.157771917206105172e+01
8.217208510638297980e+01
8.353951719576718915e+01
8.461928763440860735e+01
8.466472203157172771e+01
8.529315384615384232e+01
8.507170946102243647e+01
8.587921626984126533e+01
8.615734206989247923e+01
8.593956679894179729e+01
8.556083969465649375e+01
8.603558333333333508e+01
8.642350000000000421e+01
8.607949473684210773e+01
8.628579782790309594e+01
8.570468750000000568e+01
8.555140898705255381e+01
8.518750952018278610e+01
8.615446153846153265e+01
8.616244511989192745e+01
8.571477532368621155e+01
8.573594821020563472e+01
8.585861086108610607e+01
8.562627570449352277e+01
8.578402026249136725e+01
8.607557565789473131e+01
8.549112426035503631e+01
8.556417797888386190e+01
8.565389876880985298e+01
8.561471225247524330e+01
8.535329430074853008e+01
8.559901960784313246e+01
8.542782805429864368e+01
8.596846915460777439e+01
8.600337708189424291e+01
8.572188200149365400e+01
8.577604166666667140e+01
8.565088848039215463e+01
8.590576923076923777e+01
8.554174325980392268e+01
8.591789215686274872e+01
8.562494300045599971e+01
8.621386800334168754e+01
8.556576923076923435e+01
8.623438572409060043e+01
8.558407692307692116e+01
8.559486336230521886e+01
8.572689922480620339e+01
8.562179687500000114e+01
8.545925361766946082e+01
8.543223076923077031e+01
8.567615384615385210e+01
8.596303356817240626e+01
8.588777455449647391e+01
8.604373586964995013e+01
8.587247182337502238e+01
8.599577677224735339e+01
8.577367537760729022e+01
8.598093023255813705e+01
8.576296874999999886e+01
8.544139534883720444e+01
8.610803345959595845e+01
8.573201550387597081e+01
8.574825389515696372e+01
8.584724164724164552e+01
8.578726562500000341e+01
8.580289062500000341e+01
8.543541150990098743e+01
8.579196545608759550e+01
8.569875968992248261e+01
8.627421875000000284e+01
8.567093749999999375e+01
8.642550505050505194e+01
8.616015625000000000e+01
8.548461538461538112e+01
8.561585937499999943e+01
8.555923076923076565e+01
8.576839258729022220e+01
8.527297794117646390e+01
8.602583539603961071e+01
8.555234375000000568e+01
8.578984251968503827e+01
8.541460396039603609e+01
8.603326113861386659e+01
8.585664062499999716e+01
8.561658914728681680e+01
8.575495049504949918e+01
8.570511627906977026e+01
8.569713715557601574e+01
8.558833539603961071e+01
8.573749999999999716e+01
8.583916083916084006e+01
8.573595328282827666e+01
8.556804687499999318e+01
8.552655979883702742e+01
8.542878303578389421e+01
8.583382812499999659e+01
8.602398989898989612e+01
8.605537683823528994e+01
8.591687500000000455e+01
8.588389542079207217e+01
8.648447797433229312e+01
8.609600000000000364e+01
8.570937832497340025e+01
8.617059483726150404e+01
8.629778009018383500e+01
8.568355429292928704e+01
8.565547648514851176e+01
8.575378787878787534e+01
8.575263116862866752e+01
8.588880426504188392e+01
8.588702126026555561e+01
8.580627830224882757e+01
8.589016145709058492e+01
8.575037707390649189e+01
8.568712871287128507e+01
8.560953125000000341e+01
8.579461201934147141e+01
8.558991480543403441e+01
8.596536170212766592e+01
8.561567999999999756e+01
8.549190633349049051e+01
8.614519148936170723e+01
8.595354838709677381e+01
8.556242187499999829e+01
8.572773437499999716e+01
8.604942201373764021e+01
8.652539464653396806e+01
8.517556716301551489e+01
8.556473581799131978e+01
8.530164062500000455e+01
8.547916666666667140e+01
8.535795275590551512e+01
8.539767441860465169e+01
8.566868686868686211e+01
8.549526270456503596e+01
8.594853831517038145e+01
8.544377952755905881e+01
8.550617852482922387e+01
8.594697737250928071e+01
8.527200000000000557e+01
8.577321850726106334e+01
8.530155806278301611e+01
8.530388888888889198e+01
8.502308167361432822e+01
8.518301361386139092e+01
