8.351245186136071652e+01
8.370185977616853279e+01
8.385435720448663233e+01
8.397308024158758144e+01
8.396542553191488878e+01
8.400897325280413952e+01
8.405571245186136764e+01
8.405651423641069186e+01
8.403727351164796744e+01
8.405297670405522581e+01
8.397972389991372211e+01
8.350987491770901272e+01
8.368573074391046873e+01
8.406695427092320472e+01
8.389301121656600913e+01
8.396224445411048976e+01
8.411170212765956933e+01
8.405729076790336762e+01
8.388734364713627656e+01
8.428390461997018690e+01
8.447656896837224849e+01
8.418743999999999517e+01
8.409059993024067126e+01
8.425401207937876791e+01
8.410770975056689736e+01
8.422044866264020868e+01
8.395019436345967279e+01
8.426621904429717347e+01
8.404955070603337219e+01
8.394704000000000121e+01
8.454066985645933130e+01
8.422618529795563802e+01
8.393538542029996563e+01
8.373646427953640625e+01
8.363443472627146491e+01
8.431844557763319870e+01
8.450134841235319527e+01
8.399575510204081752e+01
8.415024415765608978e+01
8.383259695630829356e+01
8.415108401084010836e+01
8.417068290561113031e+01
8.377634613855086343e+01
8.400612597066437104e+01
8.376897959183673947e+01
8.397325280414149518e+01
8.373788119160937526e+01
8.387701010101010013e+01
8.378302207130730039e+01
8.373657132891524668e+01
8.387916131792897545e+01
8.359818556701030445e+01
8.342710204081632241e+01
8.381620826846565819e+01
8.371244187910853896e+01
8.398843830888696971e+01
8.349884673506720389e+01
8.383582342954159117e+01
8.367561770761840023e+01
8.385821263989467411e+01
8.340289925494006695e+01
8.384323896606295534e+01
8.390587211831230263e+01
8.372143370463528811e+01
8.423509759099701455e+01
8.384200808862317444e+01
8.384080808080807401e+01
8.405799400669839372e+01
8.377126812505238718e+01
8.389449621944785918e+01
8.384253560752593160e+01
8.387897290063565947e+01
8.390384786279214779e+01
8.438682281423207598e+01
8.358850715033135259e+01
8.437216163060969620e+01
8.382482474226803504e+01
8.448516002145538550e+01
8.434122340425531661e+01
8.370044444444444309e+01
8.409539300158255060e+01
8.416980155306298172e+01
8.386581356082822936e+01
8.378122448979591752e+01
8.386351020408163492e+01
8.426881720430107237e+01
8.444556198139301273e+01
8.475849870578085188e+01
8.407046657046656435e+01
8.449397979797980440e+01
8.424728439763002541e+01
8.414608472400513506e+01
8.448549422336328973e+01
8.457342536669543165e+01
8.476702914310570236e+01
8.448823277706460999e+01
8.459408438451499990e+01
8.459214840379637224e+01
8.464779713114754145e+01
8.458043032786885362e+01
8.434557124518613591e+01
8.504010416666666572e+01
8.461263036872793464e+01
8.496986914600550733e+01
8.521362903225806917e+01
8.507809006707122990e+01
8.489400000000000546e+01
8.519669421487603245e+01
8.481758130081300351e+01
8.463464000000000453e+01
8.495643939393939092e+01
8.492725550964186709e+01
8.490289256198347800e+01
8.484839876033058204e+01
8.517253709994636779e+01
8.489186951482032839e+01
8.469895161290322960e+01
8.509520325203251900e+01
8.503443548387096484e+01
8.485385420299965631e+01
8.440912698412698489e+01
8.482196969696970257e+01
8.463378099173553437e+01
8.500282258064515872e+01
8.502451612903226419e+01
8.480269682470638770e+01
8.520239585195780307e+01
8.474084384515006718e+01
8.474948347107438451e+01
8.498695084819486567e+01
8.467682506887052796e+01
8.460218663911845738e+01
8.447568508046977342e+01
8.481234895143057884e+01
8.479251848629839117e+01
8.481154511928953355e+01
8.492358265027321806e+01
8.492349853327156950e+01
8.492797591477535946e+01
8.518741159830268828e+01
8.451386335784313530e+01
8.446351638349514701e+01
8.465132635119638849e+01
8.461231435643564680e+01
8.473128965675407187e+01
8.481983316441881016e+01
8.486551804786778064e+01
8.504423344140805341e+01
8.500795121198085269e+01
8.478360844214502379e+01
8.451450676982591403e+01
8.471465037128713504e+01
8.451038088125466174e+01
8.464852555195307104e+01
8.458041415012942821e+01
8.464192708333332860e+01
8.431854545454545757e+01
8.471962328238382156e+01
8.499622950819671985e+01
8.476756097560975434e+01
8.496628698111764777e+01
8.435661764705882604e+01
8.458235581622678012e+01
8.449512000000000000e+01
8.435039062500000284e+01
8.495657409498005563e+01
8.462140012254901933e+01
8.478549040593226493e+01
8.464269301470588402e+01
8.474193548387096087e+01
8.502619834710743874e+01
8.435102634803921262e+01
8.497249724972496665e+01
8.432640625000000512e+01
8.488706191137872281e+01
8.475165971900571549e+01
8.479380886212753410e+01
8.483495445422263970e+01
8.485355874633317796e+01
8.473192401960784537e+01
8.452814016990291179e+01
8.465372242647059409e+01
8.484290191881355270e+01
8.480865377264734661e+01
8.480917647058824116e+01
8.518331021729079566e+01
8.513854214825089173e+01
8.532924949915241086e+01
8.491886675930214778e+01
8.507453558596436949e+01
8.523591658885776212e+01
8.501668247944338930e+01
8.487814387279260586e+01
8.525241046831955316e+01
8.486475550964186709e+01
8.518308600035759071e+01
8.501587431470419176e+01
8.488873423227489923e+01
8.513754385964912785e+01
8.538563829787234738e+01
8.549711221122112192e+01
8.538046387154327022e+01
8.516501736111111143e+01
8.532525431225121793e+01
8.483833333333333826e+01
8.522662538699690060e+01
8.494492827868852203e+01
8.484254385964912615e+01
8.483333333333332860e+01
8.528766032728880475e+01
8.531596638655462073e+01
8.476036384126217627e+01
8.472907801418439533e+01
8.465035460992908156e+01
8.513489606368862894e+01
8.473631578947367871e+01
8.500874794969928416e+01
8.507109929078013977e+01
8.495212765957447232e+01
8.513942622950820294e+01
8.496831955922864665e+01
8.478990509059534020e+01
8.473484042553191387e+01
8.488939393939394051e+01
8.487298245614034897e+01
8.433945035460992301e+01
8.475227963525836117e+01
8.455655730862342523e+01
8.445748622029456953e+01
8.454142947501581773e+01
8.499926356271990358e+01
8.498487394957983554e+01
8.494991228070175282e+01
8.454784494442938581e+01
8.464778368794326013e+01
8.473620071684587174e+01
8.495197740112993756e+01
8.498997630763622624e+01
8.468599290780142042e+01
8.453815789473684106e+01
8.474086879432624642e+01
8.481648143128218464e+01
8.465363475177305475e+01
8.476471660287953114e+01
8.452685421994884507e+01
8.471596500820120923e+01
8.464627659574468055e+01
8.493661720007152383e+01
8.510754385964912672e+01
8.510039334882888795e+01
8.489677134011499504e+01
8.504049704988378267e+01
8.531566686080373074e+01
8.470359649122806900e+01
8.513086529884031961e+01
8.498376288659794398e+01
8.536641983526084232e+01
8.497416666666666174e+01
8.490524506996153775e+01
8.538263157894736821e+01
8.468655303030303116e+01
8.542565813867260260e+01
8.504418402777777430e+01
8.490711603790452955e+01
8.467246628969117239e+01
8.482535460992907872e+01
8.451338652482269254e+01
8.493459595959595276e+01
8.500300710770912360e+01
8.485931146652208668e+01
8.492398989898990180e+01
8.494177145981410604e+01
8.460702990873768670e+01
8.460115659166892499e+01
8.447608580974151948e+01
8.449627659574467486e+01
8.477798861480076198e+01
8.460838528959970972e+01
8.470047384727537576e+01
8.467049389466011178e+01
8.484855877835005344e+01
8.437227794343543508e+01
8.420873234864470191e+01
8.430917713620101495e+01
8.453307706061147542e+01
8.469569104237439205e+01
8.478660049627791295e+01
8.480544924366684256e+01
8.483052631578947000e+01
8.456317204301075208e+01
8.477121171049064685e+01
8.452146019698201940e+01
8.442577030812324779e+01
8.439016897081413049e+01
8.457983193277310363e+01
8.463467967832293937e+01
8.432415254237288593e+01
8.479931327369656913e+01
8.444964157706093033e+01
8.506274792643345961e+01
8.446430455424652450e+01
8.476633233938736112e+01
8.447686953569306922e+01
8.428001792114694979e+01
8.460070175438596607e+01
8.462189716312056476e+01
8.437242279251849197e+01
8.463820847487932042e+01
8.455076316240781864e+01
8.463572695035460924e+01
8.416317918058730640e+01
8.453120567375886196e+01
8.455412280701754923e+01
8.446030752726622381e+01
8.458600793364587389e+01
8.468303242446573620e+01
8.460101437024513871e+01
8.478096491228070875e+01
8.496853588171654792e+01
8.423733333333333917e+01
8.452219675749087457e+01
8.464452341899034593e+01
8.419285714285713595e+01
8.455328282828283193e+01
8.497582458770614267e+01
8.435219609987242961e+01
8.420286902639843163e+01
8.465687177597641266e+01
8.450386847195358087e+01
8.471141666666666481e+01
8.451399999999999579e+01
8.452237851662404466e+01
8.444197292069632965e+01
8.431480090157775464e+01
8.446335953736333124e+01
8.451480496453901026e+01
8.447890123791452766e+01
8.487771095316202263e+01
8.502114087843995094e+01
8.450491686036116334e+01
8.439938556067588138e+01
8.440245775729646027e+01
8.486670838548185714e+01
8.465140350877193498e+01
8.452272521911990566e+01
8.463815789473683537e+01
8.441492726122707779e+01
8.502932236724477377e+01
8.447519653022499142e+01
8.450900000000000034e+01
8.490309315215448294e+01
8.481993803535630150e+01
8.474963937973313932e+01
8.486764184397162580e+01
8.451204501494636645e+01
8.449720343935220512e+01
8.434754974207811529e+01
8.408728956228955553e+01
8.476523620627479261e+01
8.439352762381548700e+01
8.478671007596626907e+01
8.437119363874582234e+01
8.447367021276595267e+01
8.492418443593949462e+01
8.456186868686869218e+01
8.516915966386554260e+01
8.449476950354609528e+01
8.444175627240143456e+01
8.444357097677780644e+01
8.425201048161200390e+01
8.456702127659573875e+01
8.436267730496453510e+01
8.466365248226949802e+01
8.471177328230362491e+01
8.473993074539821180e+01
8.486458902861308218e+01
8.461964643703298350e+01
8.462484053216694235e+01
8.421602580426109341e+01
8.438452348129767699e+01
8.426347457627119297e+01
8.392095959595960153e+01
8.405358851674641585e+01
8.377524999999999977e+01
8.396573770491802691e+01
8.369763753234828130e+01
8.460316467012336261e+01
8.428434886499402978e+01
8.410248226950353967e+01
8.323280991735536816e+01
8.337588846364133133e+01
8.317562056737588705e+01
8.327821451161109678e+01
8.330767145567904208e+01
8.303132992327365969e+01
8.335424999999999329e+01
8.370798773891092992e+01
8.403452866295032209e+01
8.410367832672196187e+01
8.368475409836065637e+01
8.402224999999999966e+01
8.433898305084746028e+01
8.381863799283154037e+01
8.392728070175438404e+01
8.407293729372936752e+01
8.393575494714013985e+01
8.373064516129032597e+01
8.378550559974030421e+01
8.410328014184396750e+01
8.441241134751773245e+01
8.411701454775457876e+01
8.430206921478269066e+01
8.426764254088732287e+01
8.414099955771781936e+01
8.398991735537190095e+01
8.319804878048780949e+01
8.342604138429565808e+01
8.334994319104040983e+01
8.340125276344878102e+01
8.222652757078986951e+01
8.281024667931689009e+01
8.286456140350877320e+01
8.257594650763530808e+01
8.284148936170213062e+01
8.296586879432624073e+01
8.277898256076623795e+01
8.281644628099174099e+01
8.352929824561402938e+01
8.379834153453617773e+01
8.328736225895316636e+01
8.352905417486142881e+01
8.382683711782586045e+01
8.363057377049180730e+01
8.399380804953560187e+01
8.364938596491228395e+01
8.368898623279099525e+01
8.376685142141963070e+01
8.398328267477204179e+01
8.379456463436437730e+01
8.385774999999999579e+01
8.393402467369926967e+01
8.374120025732929662e+01
8.402348931466470106e+01
8.379883512544802215e+01
8.378723404255319451e+01
8.378854166666666003e+01
8.391936349007687568e+01
8.376276595744680264e+01
8.428315789473684561e+01
8.391853980057462081e+01
8.427087430716967731e+01
8.425272662256391243e+01
8.419554633970429336e+01
8.419590695997115404e+01
8.389713261648745402e+01
8.409574468085106957e+01
8.378883333333332928e+01
8.424929971988795785e+01
8.381903064256005109e+01
8.448820818650040110e+01
8.377652892561982867e+01
8.386595744680850828e+01
8.420842198581560467e+01
8.414432624113474901e+01
8.385765781607173608e+01
8.420641666666666936e+01
8.436644019309851217e+01
8.430822918357409890e+01
8.421902954730279589e+01
8.409273049645389619e+01
8.436366887180403751e+01
8.424531193653083960e+01
8.399522102747909003e+01
8.374080418319509533e+01
8.319598807264841867e+01
8.337661516219391444e+01
8.354970498837832338e+01
8.360673758865247862e+01
8.298025228360157257e+01
8.350947368421053341e+01
8.327437943262411579e+01
8.326925202652910230e+01
8.286783333333333701e+01
8.293475409836065637e+01
8.354568774878372039e+01
8.329560931899641218e+01
8.314558333333333451e+01
8.325698021143941219e+01
8.293282055478275083e+01
8.318278529980658220e+01
8.337249103942652084e+01
8.428083303281644589e+01
8.413092979127134186e+01
8.415049586776859769e+01
8.459998192825517549e+01
8.425596638655461845e+01
8.447083333333333144e+01
8.423504843152936417e+01
8.426021505376344578e+01
8.432703900709219624e+01
8.393295579101206272e+01
8.461615613987530082e+01
8.434372759856630353e+01
8.427912186379928983e+01
8.429238351254480222e+01
8.405181159420290271e+01
8.438025320907333082e+01
8.399363799283153753e+01
8.413056835637480901e+01
8.384663120567375927e+01
8.394990942028985614e+01
8.420619860847564553e+01
8.399324624544566120e+01
8.424377554812338076e+01
8.434224795515117989e+01
8.398201861389716782e+01
8.412887518260022546e+01
8.403695671817114032e+01
8.356308243727598040e+01
8.395048341917411960e+01
8.379396755968653565e+01
8.413091260770177371e+01
8.401028368794325729e+01
8.432692651528697070e+01
8.413218496683860792e+01
8.379382113821138489e+01
8.432326121938136509e+01
8.393280141843972331e+01
8.417836879432624642e+01
8.450989231154520098e+01
8.425593175153292691e+01
8.450482818616789871e+01
8.427971014492753454e+01
8.427561780568301231e+01
8.435108359133127465e+01
8.374943548387096826e+01
8.417825853745753761e+01
8.428934426229508858e+01
8.433377049180327845e+01
8.408167751011077939e+01
8.444153563064570278e+01
8.450712038416956773e+01
8.443360655737704690e+01
8.421723577235772495e+01
8.446366975407218547e+01
8.450894282976685190e+01
8.463486106675183862e+01
8.458660468319558845e+01
8.456066467381748453e+01
8.452045122545041522e+01
8.442904290429042646e+01
8.483155831984322504e+01
8.419207920792079847e+01
8.494728070175438006e+01
8.454886178861788437e+01
8.472883304590621378e+01
8.476964769647696585e+01
8.486560792349726512e+01
8.502152674283821909e+01
8.477419077134986480e+01
8.442131147540983704e+01
8.462237947810703531e+01
8.466421937195930525e+01
8.415197132616486897e+01
8.459692982456139987e+01
8.468593495934959492e+01
8.471143975641582813e+01
8.407695035460993438e+01
8.443634751773049629e+01
8.429654255319148604e+01
8.410946867044428643e+01
8.410610166707728297e+01
8.429391475732938943e+01
8.384490061909416170e+01
8.372001725625538882e+01
8.402358156028368796e+01
8.364596107704612393e+01
8.361403985507246261e+01
8.334742857142856565e+01
8.375567375886524246e+01
8.327951515151515594e+01
8.366657780147515666e+01
8.376234364713627656e+01
8.345384209600844372e+01
8.368639473918065619e+01
8.376303356142065581e+01
8.364400604283302698e+01
8.356847063005420750e+01
8.373518762343647381e+01
8.345658194851743872e+01
8.313008130081300351e+01
8.313090909090908553e+01
8.328982883475971732e+01
8.293836075336857050e+01
8.433316532258064058e+01
8.373091756387594842e+01
8.413257271412501836e+01
8.398227486559139265e+01
8.323278587400724859e+01
8.336774244581553717e+01
8.456734728894990383e+01
8.442246166597595902e+01
8.474864477040816269e+01
8.446721971649483862e+01
8.461662946428570820e+01
8.405352894528152774e+01
8.439772187944944903e+01
8.426074700493305158e+01
8.430724568519843842e+01
8.426728219696970257e+01
8.473366477272726627e+01
8.457695312500000284e+01
8.421815049722026458e+01
8.405894308943089754e+01
8.433301587301586721e+01
8.410820924612146143e+01
8.423055118110235640e+01
8.460258838383838054e+01
8.402874056280028014e+01
8.413209302325581973e+01
8.431915222772276763e+01
8.418430335097001205e+01
8.403407714928212613e+01
8.369158730158730464e+01
8.370145991782499095e+01
8.406184000000000367e+01
8.405650793650794128e+01
8.443937499999999829e+01
8.428349319306930454e+01
8.452116628985733371e+01
8.398606004901961342e+01
8.448366726436422880e+01
8.396255999999999631e+01
8.442386642156863275e+01
8.408362204724409139e+01
8.428388888888889596e+01
8.451031496062992687e+01
8.395590551181102512e+01
8.443494740099009732e+01
8.392296000000000333e+01
8.359671006470725274e+01
8.435058860216730636e+01
8.380921259842519078e+01
8.362880952380952237e+01
8.373898437500000114e+01
8.384883448974818521e+01
8.387923910501285718e+01
8.298616298811545278e+01
8.377674603174602908e+01
8.327843749999999545e+01
8.370632812499999886e+01
8.351501372683596003e+01
8.312801670792079278e+01
8.341655836709732341e+01
8.308492063492063551e+01
8.359239603960395470e+01
8.379272000000000276e+01
8.418114851485148620e+01
8.358804040404039881e+01
8.375029235206984879e+01
8.381312855695018982e+01
8.343761904761905157e+01
8.322973391089108475e+01
8.312626262626262985e+01
8.306876120682935039e+01
8.312970979637645996e+01
