7.593266241204385381e+01
7.612849484536081945e+01
7.597666666666667368e+01
7.565095729013255266e+01
7.566559999999999775e+01
7.581829637096774377e+01
7.580658333333333587e+01
7.584364261168384758e+01
7.556392190152801902e+01
7.556273344651953039e+01
7.601505481917853047e+01
7.574851190476189799e+01
7.588684339715267413e+01
7.583153330060547148e+01
7.587440680739649679e+01
7.580599074600210940e+01
7.556283750613647499e+01
7.617591578947367736e+01
7.616162988115449650e+01
7.582829034391534151e+01
7.551711309523810201e+01
7.579558333333334019e+01
7.554949999999999477e+01
7.573885867359363999e+01
7.554092261904762040e+01
7.562012235449735442e+01
7.580807023195876582e+01
7.611908434126146972e+01
7.590275184674081288e+01
7.585168650793650613e+01
7.551525590551180755e+01
7.554241071428570820e+01
7.566977581410570508e+01
7.546969072164948500e+01
7.557599999999999341e+01
7.574198082010582311e+01
7.551440429687500000e+01
7.587574999999999648e+01
7.582746362433861975e+01
7.596388079041140884e+01
7.563376322751322789e+01
7.590391666666666026e+01
7.583457341269841834e+01
7.577488425925925242e+01
7.578778108465608909e+01
7.578530092592592382e+01
7.574603174603174693e+01
7.599950396825396126e+01
7.619634589947089864e+01
7.609908361970217072e+01
7.590649801587301226e+01
7.619170817933472506e+01
7.616683375104427967e+01
7.631525000000000603e+01
7.615886029710203786e+01
7.632932416953035215e+01
7.616775797762122124e+01
7.621592210767468600e+01
7.606499582289056605e+01
7.585865012886597469e+01
7.589650133939443322e+01
7.613320242186222231e+01
7.612797619047618980e+01
7.630938947368420600e+01
7.634524999999999295e+01
7.636879960317460814e+01
7.619766666666666310e+01
7.623141052631578418e+01
7.615681966145832860e+01
7.639783333333333815e+01
7.616325000000000500e+01
7.615916666666666401e+01
7.643976814516129537e+01
7.624003571718483840e+01
7.615198490813648391e+01
7.623419108693887836e+01
7.621473097112860273e+01
7.628358333333333974e+01
7.635797894736842295e+01
7.646105383734249017e+01
7.634752296587926423e+01
7.644025000000000603e+01
7.610515873015873467e+01
7.626172631578947403e+01
7.630646494708994965e+01
7.670539314516129537e+01
7.631762432795699169e+01
7.648073005093378640e+01
7.627258947368420650e+01
7.653684210526316178e+01
7.616211970899470884e+01
7.649369988545245747e+01
7.658879368279569633e+01
7.629502952755905199e+01
7.654637096774193594e+01
7.631680576010472805e+01
7.646651785714286120e+01
7.646888421052631202e+01
7.625544100801832315e+01
7.635789473684209838e+01
7.635614035087719742e+01
