8.384071978626434429e+01
8.440697674418605345e+01
8.410108963652270120e+01
8.423256565656565442e+01
8.416326530612245449e+01
8.465198412698413222e+01
8.428555395222062430e+01
8.479959999999999809e+01
8.429014554998806830e+01
8.448461158657011083e+01
8.432753968253967969e+01
8.488509090909090560e+01
8.499625285109155470e+01
8.444547840610832168e+01
8.431941666666666890e+01
8.396865889212827483e+01
8.399643666990606050e+01
8.471760941013666013e+01
8.508828522920204307e+01
8.505487113596855409e+01
8.504411300505050519e+01
8.487972750763448460e+01
8.531232558139534206e+01
8.498355424644084621e+01
8.450556373752250749e+01
8.435657011945671968e+01
8.477635658914728367e+01
8.447616792929292728e+01
8.412867132867133080e+01
8.453364550815123835e+01
8.345333333333333314e+01
8.373209854661467944e+01
8.338262365591397440e+01
8.341222192441703953e+01
8.300965217391303952e+01
8.288817391304347382e+01
8.312668131868132093e+01
8.307819354838709103e+01
8.266936263736263868e+01
8.286217784604880876e+01
8.369963570127504227e+01
7.605198019801980536e+01
7.565021008403361691e+01
7.441736694677871355e+01
7.349280214261801802e+01
7.402142618011382069e+01
7.381643002028397405e+01
7.585332871012482769e+01
7.340906148867314585e+01
7.397756946769334263e+01
7.582387955182072403e+01
7.582316227461858205e+01
7.387586206896551744e+01
7.348205128205128744e+01
7.461165048543689693e+01
7.482108516483516780e+01
8.017997198879551490e+01
8.066574202496532564e+01
7.825578703703703809e+01
7.766883693400414757e+01
7.833663366336634226e+01
7.693103448275861922e+01
7.657115987460815631e+01
7.730392156862744457e+01
7.672988904299583623e+01
7.500238948626045499e+01
7.711392832995267099e+01
7.672882490793438137e+01
7.604357798165138149e+01
7.712871287128713504e+01
7.784363263912598541e+01
7.574074074074074758e+01
7.534139784946236773e+01
7.622869225764476653e+01
7.526697819314641436e+01
7.575575757575757052e+01
7.544144437215354060e+01
7.607822477650063320e+01
7.531957547169811562e+01
7.422755681818182438e+01
7.582044025157232170e+01
7.597877358490566735e+01
7.573467432950191380e+01
7.503486238532110519e+01
7.545295950155762910e+01
7.547301778715707599e+01
7.602264908256880460e+01
7.809627859337658151e+01
7.715246788370519937e+01
7.703139158576051670e+01
7.623332289383024829e+01
7.556929510155316621e+01
7.623625192012288210e+01
7.585484813084111977e+01
7.790964285714285609e+01
7.741551724137930535e+01
7.707989074769545823e+01
7.775653082549634121e+01
7.816620689655172782e+01
7.797302833731649230e+01
7.562135922330097060e+01
7.708360836083608092e+01
7.594713261648745117e+01
7.609080047789724688e+01
7.649514563106795606e+01
7.506285072951739323e+01
7.474541284403669295e+01
7.520390648120745425e+01
7.800233644859812898e+01
7.954619388418997517e+01
7.911820987654320447e+01
7.853942652329749308e+01
7.797377148025323379e+01
7.844861392832994795e+01
7.846416497633536835e+01
7.690470219435736965e+01
7.911172413793103431e+01
7.641601307189542069e+01
7.776876267748478710e+01
7.775275862068966148e+01
7.609755351681957336e+01
7.679273927392739552e+01
7.625324675324675638e+01
7.693137931034482335e+01
7.647346002621232230e+01
7.685558210993512773e+01
7.611970899470900065e+01
7.685926449787835679e+01
7.610251322751322789e+01
7.561926605504586973e+01
7.557918263090677158e+01
7.666732804232803744e+01
7.752545968882603233e+01
7.790440423352680455e+01
7.574849731097754102e+01
7.655471698113207424e+01
7.746044624746450324e+01
7.756017579445571641e+01
7.694306930693069546e+01
7.559411578614363236e+01
7.746463932107496930e+01
7.642427248677248031e+01
7.574329501915708818e+01
7.645250073986386496e+01
7.672363150867823833e+01
7.545565749235474584e+01
7.818796484110885103e+01
7.556630824372760458e+01
7.596486662329212436e+01
7.552031063321385318e+01
7.535123456790122987e+01
7.696697819314641720e+01
7.671846330275229775e+01
7.670370370370370949e+01
7.540410557184750928e+01
7.807546611423498462e+01
7.632140762463343719e+01
7.701224611708482826e+01
7.772595473833096946e+01
7.827275910364146227e+01
7.903571428571429180e+01
7.668836009174312096e+01
7.761460446247464517e+01
7.808571428571428896e+01
7.790716180371352095e+01
7.842021636240703231e+01
7.862576064908722628e+01
7.920453008789722560e+01
7.888537675606640676e+01
7.843115264797508246e+01
7.813364197530864885e+01
7.796152707901745771e+01
7.898833097595473873e+01
7.807956152758133328e+01
7.729749830966869695e+01
7.917178571428571843e+01
7.773238925199709115e+01
7.677091503267973849e+01
7.790071428571428669e+01
7.685327924273157407e+01
7.678317152103559806e+01
7.713110276544895783e+01
7.788592233009708821e+01
7.793962962962963559e+01
7.779817444219067113e+01
7.706082036775106303e+01
7.846860841423948330e+01
7.846281271129141999e+01
7.802718832891247303e+01
7.845396719116169493e+01
7.754502845664546840e+01
7.707850070721357838e+01
7.735643564356435320e+01
7.882280319535222191e+01
7.844929006085192214e+01
7.818513558754602855e+01
7.811334926596107664e+01
7.842226890756302282e+01
7.828714285714285381e+01
7.734117647058823763e+01
7.784854631507775480e+01
7.830699698694341748e+01
7.818245731503179741e+01
7.797214285714285609e+01
7.799544817927170470e+01
7.750990099009901257e+01
7.780998613037448308e+01
7.853042596348883819e+01
7.720615275813295852e+01
7.750315126050419678e+01
7.730392857142857110e+01
7.715261181290543391e+01
7.880348175426850332e+01
7.781188118811881793e+01
7.843644354293441268e+01
7.764841108857335428e+01
7.849898580121703162e+01
7.793446601941747076e+01
7.859634888438134226e+01
7.770137931034483358e+01
7.817997685185184764e+01
7.750451958486776505e+01
7.843907563025210550e+01
7.668977272727272521e+01
7.728423167057248122e+01
7.653693181818181301e+01
7.786637931034482563e+01
7.769945909398242634e+01
7.579211590296496581e+01
7.803912466843500795e+01
7.823061224489795507e+01
7.799410540915395984e+01
7.785855728429986300e+01
7.620693277310924429e+01
7.795689655172414234e+01
7.813725490196078738e+01
7.690123870103782622e+01
7.796705963938973127e+01
7.867337031900139266e+01
7.790550161812298313e+01
7.874442190669371655e+01
7.844760629394041018e+01
7.821111111111110858e+01
7.625213675213674946e+01
7.794861392832994795e+01
7.890999999999999659e+01
7.872802197802197099e+01
7.772724089635853773e+01
7.767331932773109315e+01
7.831239330829635037e+01
7.630033003300330563e+01
7.848105155343120032e+01
7.791262135922329435e+01
7.735226504394861990e+01
7.877518593644354894e+01
7.856379310344827616e+01
7.794455713319810286e+01
7.802510608203677123e+01
7.797396889790398689e+01
7.764780716437897468e+01
7.675686274509803297e+01
7.796112237998647743e+01
8.157443718228032026e+01
7.950236646382691674e+01
7.778029556650245979e+01
7.877556022408963088e+01
7.668874643874643482e+01
7.867310344827586732e+01
7.613535736875395799e+01
7.611188118811881509e+01
7.630297029702970235e+01
7.772346836290591909e+01
7.719085011949471209e+01
7.659992784992785175e+01
7.685547785547785793e+01
7.716981792717086819e+01
7.763092463092462481e+01
7.635206896551724753e+01
7.643925925925925924e+01
7.993441514536849013e+01
8.117147335423197774e+01
8.103272727272727138e+01
7.757239057239057445e+01
7.585457016649677087e+01
7.456222222222221774e+01
7.638039999999999452e+01
8.084159999999999968e+01
8.439946686976389856e+01
8.402380952380951840e+01
9.012854030501088687e+01
9.746242358863717925e+01
1.024878640776698973e+02
1.028609295570079922e+02
1.035793786275179258e+02
1.040448484848484867e+02
1.030479797979797922e+02
1.047337373737373696e+02
1.042511999999999972e+02
1.032198879551820738e+02
1.042082142857142912e+02
1.041003448275862127e+02
1.045916695117787611e+02
1.045100843417675094e+02
1.049848484848484844e+02
1.040168965517241446e+02
1.037374530556503913e+02
1.037698873335609449e+02
1.035441176470588260e+02
1.040289695636230221e+02
1.041299999999999955e+02
1.042409240924092444e+02
1.043013201320132026e+02
1.051458620689655135e+02
1.041868965517241321e+02
1.045434482758620760e+02
1.049033060789193001e+02
1.043935786435786497e+02
1.040462068965517233e+02
1.043110344827586147e+02
1.042973711164219850e+02
1.046078021595263010e+02
1.045593103448275798e+02
1.046276558690351806e+02
1.050950888192267456e+02
1.047675862068965529e+02
1.042989655172413848e+02
1.046398088084670519e+02
1.048058620689655243e+02
1.052759740259740227e+02
1.049720689655172379e+02
1.055014074595355424e+02
1.046353704335950852e+02
1.043789285714285739e+02
1.047725402169846660e+02
1.047319466248037685e+02
1.032850729517396218e+02
1.023386821440764720e+02
1.020209235209235175e+02
1.010400000000000063e+02
9.849689655172413438e+01
9.726330532212885771e+01
9.723111111111110461e+01
9.614301430143014215e+01
9.614745403111739108e+01
9.393585298196948941e+01
9.358148404993065128e+01
9.460167638483964936e+01
9.395715323166304245e+01
9.262285714285714278e+01
9.345379723157500962e+01
9.498523698523698044e+01
9.423550212164073514e+01
9.394607843137255543e+01
9.365311173974539827e+01
9.401515151515151558e+01
9.321895424836601762e+01
9.260122908842608069e+01
9.334285714285714164e+01
9.335219236209334781e+01
9.337285714285714278e+01
9.353541507996953897e+01
9.321859114015977354e+01
9.211332417582417520e+01
9.212431318681318260e+01
9.203883495145630889e+01
9.163575493806494876e+01
9.068563776364244688e+01
9.121509047456470398e+01
9.148586206896551687e+01
9.145226308345120003e+01
9.163392857142856940e+01
9.172671700827041263e+01
9.094801980198019464e+01
9.108689655172413779e+01
9.092927864214992439e+01
9.080182072829131812e+01
9.106250000000000000e+01
9.125520110957003794e+01
9.152298444130127564e+01
9.107300569800570145e+01
9.114464285714285552e+01
9.074858557284299820e+01
9.110724137931033795e+01
9.102586206896552312e+01
9.085855728429986300e+01
9.111147781444810789e+01
9.112500000000000000e+01
9.117392857142857565e+01
9.168925925925925924e+01
9.086785714285714732e+01
9.172592592592592098e+01
9.093464285714286177e+01
9.049929278642150621e+01
9.066517241379310121e+01
9.093678571428571900e+01
9.047354045749402474e+01
9.036544962812710935e+01
9.020960108181203907e+01
9.061379310344827331e+01
9.034858313417548459e+01
8.973633333333333439e+01
8.970228758169935190e+01
9.039181879648411666e+01
9.099222065063649723e+01
9.080912574016022631e+01
9.120827439886845411e+01
9.191089108910891525e+01
9.154466230936819215e+01
9.138967468175388831e+01
9.161837327523602426e+01
9.101155462184874523e+01
9.114033189033189331e+01
9.140798907476954582e+01
9.061927877947294974e+01
9.108298319327731463e+01
9.160325318246110271e+01
9.148974540311174053e+01
9.117191876750700885e+01
9.058176852167974857e+01
9.190684624017957560e+01
9.037689655172414405e+01
9.070308123249299115e+01
8.978100000000000591e+01
9.099855699855699243e+01
9.076419366074539141e+01
9.104401154401153917e+01
9.025496342737721989e+01
9.062359943977591570e+01
9.065056022408963088e+01
9.106160616061606561e+01
9.123231966053748465e+01
9.155940594059406124e+01
9.080322128851540242e+01
9.108521923620934047e+01
9.136340300696735994e+01
9.076241379310344826e+01
9.062553041018387034e+01
9.062071428571428555e+01
9.120239431350542247e+01
9.029066478076379099e+01
9.088107142857143117e+01
9.103740374037403171e+01
9.008172413793103317e+01
9.108544187752109167e+01
9.041584158415841443e+01
9.031824611032531891e+01
9.041526610644257289e+01
9.038970588235294201e+01
9.029901960784313530e+01
8.985250938886991889e+01
8.973058252427183845e+01
9.044801980198019464e+01
9.037588401697313145e+01
9.032743988684582348e+01
9.003068965517240940e+01
9.061421499292787018e+01
9.058203677510607577e+01
9.102714285714286291e+01
9.044872701555870265e+01
9.117538461538461547e+01
9.076504188880426227e+01
8.938896551724137396e+01
8.976206896551724412e+01
9.064796479647964134e+01
8.955821428571428555e+01
9.042274052478134649e+01
9.011448275862069579e+01
9.096296296296296191e+01
9.029473304473305006e+01
9.090946502057613543e+01
9.023124098124098680e+01
9.041760961810466313e+01
9.111037770443711281e+01
9.075090777051561020e+01
9.137192307692308191e+01
9.036810466760961447e+01
9.109607627429409149e+01
9.158333333333332860e+01
9.079000359582883561e+01
9.086725339200586404e+01
9.036554621848739544e+01
9.031408859840232140e+01
9.091777777777777203e+01
9.036129266521423631e+01
8.941142663962136794e+01
8.886006026113156508e+01
9.112527233115469016e+01
9.052678571428570820e+01
9.037234794908061986e+01
9.112222222222222001e+01
9.170594837261504040e+01
8.995827586206895887e+01
9.064099743307663459e+01
9.031824611032531891e+01
9.204077815188925626e+01
9.103259259259259295e+01
9.102723311546840534e+01
9.123749999999999716e+01
9.131575009352786765e+01
9.001260504201680135e+01
9.179914529914529453e+01
9.044965517241379871e+01
8.962586206896551744e+01
9.109961538461539021e+01
9.040999999999999659e+01
9.021145685997170460e+01
9.105559786747905093e+01
9.046107142857142946e+01
9.052037037037037237e+01
9.078174603174603874e+01
8.975495049504949918e+01
8.964851485148514598e+01
9.095963442498096185e+01
9.070888888888889312e+01
9.065105301379810498e+01
9.034095860566448266e+01
9.118481848184818261e+01
9.070223689035570658e+01
9.025821428571428839e+01
9.172696115765423031e+01
9.032599926659332823e+01
8.950000000000000000e+01
8.958686868686868365e+01
8.964705882352940591e+01
8.986554621848739544e+01
8.776084142394822152e+01
8.957540926506443668e+01
8.948019801980197485e+01
9.060776846915460681e+01
9.010331825037707176e+01
8.994268476621417108e+01
8.986673928830791169e+01
8.974736048265459942e+01
9.024257425742574412e+01
8.998874364560639094e+01
9.104606060606060680e+01
9.025716440422323217e+01
9.029298642533936459e+01
9.000666666666666060e+01
9.024275760909424093e+01
9.013461538461538680e+01
9.006999999999999318e+01
8.989695636230290177e+01
9.069570135746606354e+01
8.920665742024965539e+01
9.033592592592592041e+01
8.997312588401698008e+01
9.008734087694483605e+01
9.013305468477882698e+01
9.052928571428572013e+01
9.032142857142856940e+01
8.894607843137255543e+01
8.966867043847241803e+01
9.069111111111111256e+01
8.979412768863093675e+01
8.989710042432814419e+01
9.004301809491293795e+01
9.055225522552255768e+01
9.070035714285714334e+01
8.922021167634004257e+01
9.062178571428572127e+01
9.029084967320261512e+01
9.105464285714285211e+01
8.968732492997199301e+01
8.967296918767506497e+01
9.161346153846153584e+01
9.097777777777777430e+01
9.099703703703703184e+01
9.088816738816738905e+01
9.082288228822882559e+01
9.059405940594059814e+01
9.017538896746818011e+01
9.127888888888888630e+01
9.035034482758621266e+01
8.995903038579720601e+01
8.992596348884381996e+01
8.997734956051385780e+01
9.065346534653465937e+01
9.032808123249299115e+01
9.107260726072607326e+01
8.943033333333333701e+01
9.032970225127087360e+01
8.933166666666666345e+01
9.096640735502121800e+01
9.008706043018095500e+01
9.045933521923620901e+01
9.124495782911624531e+01
9.103428571428571558e+01
9.120592592592592496e+01
9.048173438033458638e+01
9.058193277310924429e+01
9.087495416208287224e+01
9.072900623395672426e+01
9.080283224400871234e+01
9.121518518518519159e+01
9.098729121278141463e+01
9.049285714285714732e+01
9.107915758896150749e+01
9.060785007072135500e+01
9.061964285714286405e+01
9.074675324675324362e+01
8.990196078431372939e+01
8.925571867531580494e+01
9.031785714285713595e+01
9.092883079157589066e+01
9.056582324899156333e+01
9.024398868458274592e+01
9.104296296296296021e+01
9.112518518518518817e+01
9.091925925925926322e+01
9.095370370370370949e+01
9.031154684095859864e+01
9.005678571428570933e+01
9.034087694483734765e+01
8.961206896551723844e+01
9.021142459073493569e+01
9.024035714285714960e+01
9.123120089786756637e+01
9.003035714285714164e+01
8.965586206896551857e+01
8.988571428571428612e+01
8.947135785007071718e+01
9.037880454712137634e+01
9.004555555555555202e+01
9.033407407407406708e+01
8.910925230454080292e+01
8.931285714285714050e+01
8.958379310344827218e+01
8.918808777429467227e+01
8.954793103448275815e+01
9.018921892189219136e+01
8.902663024923181467e+01
9.027740740740740932e+01
8.985407407407407732e+01
9.043000000000000682e+01
8.912768863093205596e+01
9.058342500916758411e+01
9.019083694083694525e+01
8.957958899338210301e+01
8.937305516265912786e+01
9.019035714285713823e+01
8.945802856147683713e+01
9.004401154401153917e+01
8.912999999999999545e+01
8.927310924369747624e+01
8.974747474747475451e+01
8.878816526610644644e+01
8.990722035166479031e+01
9.135353535353534937e+01
9.093976805087916659e+01
8.973214285714286120e+01
8.975901525658807145e+01
9.013002773925103384e+01
8.994397759103641476e+01
9.030392156862744457e+01
8.865034013605442453e+01
8.830751633986928084e+01
