7.394359479103573562e+01
7.392218137254901933e+01
7.426504342431762495e+01
7.386599511599511914e+01
7.365048543689320582e+01
7.370897952853597701e+01
7.378441697191696846e+01
7.386240842490842340e+01
7.397588399503722201e+01
7.434292307692307133e+01
7.451988725336673269e+01
7.412898751733703762e+01
7.454683164604423951e+01
7.435315384615384460e+01
7.442895669594699370e+01
7.448543689320388239e+01
7.456854368932039279e+01
7.484175238095238569e+01
7.501674347158218836e+01
7.487649281934996282e+01
7.486092307692307202e+01
7.508959096459096827e+01
7.525542803970223815e+01
7.500361538461538657e+01
7.515800187911055730e+01
7.509279999999999688e+01
7.512095543345543547e+01
7.559308755760368115e+01
7.577289320388349836e+01
7.791271840715155861e+01
7.938568376068376153e+01
0.000000000000000000e+00
0.000000000000000000e+00
0.000000000000000000e+00
0.000000000000000000e+00
8.155600503416037839e+01
7.974131054131053986e+01
7.951495777093693107e+01
8.047447306791569588e+01
8.013185480377718761e+01
8.028003472222222570e+01
7.992621623924341634e+01
7.984609546297858174e+01
7.986941687344912566e+01
7.937966742252456243e+01
7.938686414392059021e+01
7.908284615384614824e+01
7.926497695852535230e+01
7.896274961597542585e+01
7.873364305071622482e+01
7.875705645161289681e+01
7.875353535353535506e+01
7.835319865319864618e+01
7.877478095238095079e+01
7.834401639344262946e+01
7.893832565284178315e+01
7.885207373271889253e+01
7.849885245901639053e+01
7.871496036431101118e+01
7.898231292517006352e+01
7.886264462809917575e+01
7.892129342431762495e+01
7.886058936472159075e+01
7.815498494479759017e+01
7.896823076923077167e+01
7.869252806813781831e+01
7.858220140515221885e+01
7.870402532056483835e+01
7.902074548827795297e+01
7.911666666666666003e+01
7.894482010184489695e+01
7.884655737704918010e+01
7.870814704421262320e+01
7.861265548042408113e+01
7.880645161290323131e+01
7.907664356937637251e+01
8.024356955380577006e+01
8.091453127486869334e+01
8.078941824663749571e+01
8.046373661756419438e+01
7.956335297766749193e+01
8.054729131449730062e+01
7.989779623123602903e+01
7.960446735395188966e+01
7.944805955168952494e+01
7.965510204081633105e+01
7.982536104850154857e+01
7.958636133175595262e+01
7.929089523809523143e+01
7.917897501193696996e+01
7.884076487737952732e+01
7.888131335008229428e+01
7.804604810996563913e+01
7.774277924512226434e+01
7.780327868852458550e+01
7.770738636363635976e+01
7.760528984282575493e+01
7.768072916666666572e+01
7.714848019125683720e+01
7.742529030054645034e+01
7.714963198394111998e+01
7.746062193679229324e+01
7.754630511998614395e+01
7.752276632302405801e+01
7.758686119075728982e+01
7.746781151484984207e+01
7.730767906336087947e+01
7.738386736808544697e+01
7.691244834710744271e+01
7.678418117289166389e+01
7.715940126050419678e+01
7.772008771929824889e+01
7.789119858469703672e+01
7.788689236111110858e+01
7.819583333333333997e+01
7.781602961432507470e+01
7.760236842105263122e+01
7.740243584167029667e+01
7.783264042459089183e+01
7.768757187085360272e+01
7.721132172131147797e+01
7.774551131928181746e+01
7.728020956565826793e+01
7.744800420168067490e+01
7.777250080360012419e+01
7.720397035017465726e+01
7.761293428548503925e+01
7.733262332793729854e+01
7.752973320475730645e+01
7.726011904761904248e+01
7.745814101543848551e+01
7.723510403530895019e+01
7.687449944619578446e+01
7.667544765840220578e+01
7.667930476271619966e+01
7.729214474845542782e+01
7.668775614754098058e+01
7.627942583732057358e+01
7.633456140350877206e+01
7.651553961748633981e+01
7.651536885245901942e+01
7.615504476584021631e+01
7.654300893911283765e+01
7.646177685950412695e+01
7.646621794325636756e+01
7.586657986111110574e+01
7.645075164422173941e+01
7.604446778711484001e+01
7.625185311408367284e+01
7.615054954417654187e+01
7.628597689075630228e+01
7.588063524590164377e+01
7.617880509641872777e+01
7.631404958677686068e+01
7.644791666666667140e+01
7.636215277777777999e+01
7.630527913644796456e+01
7.610049521857924049e+01
7.632239838083994243e+01
7.656705182072829530e+01
7.648394787031151054e+01
7.671600771456122914e+01
7.639790349129341962e+01
7.676043689320388808e+01
7.641694975862685624e+01
7.715138888888888857e+01
7.658569677871147974e+01
7.645710526315789934e+01
7.666163488700564699e+01
7.666059536227233195e+01
7.646132172131147797e+01
7.681605263157894115e+01
7.713455829254593255e+01
7.677758899676375393e+01
7.660441830896375848e+01
7.653067010309278828e+01
7.656231755860238763e+01
7.665800460083497114e+01
7.664084022038566957e+01
7.657479508196720985e+01
7.691049017286289313e+01
7.722267759562841150e+01
7.653241884638323711e+01
7.686119075729465067e+01
7.661563573883161382e+01
7.649348958333332860e+01
7.631744791666666572e+01
7.623464258328363030e+01
7.664361612413560465e+01
7.620833333333332860e+01
7.662617347348150076e+01
7.616796875000000000e+01
7.674636925298884194e+01
7.611122589531680660e+01
7.622942493112947204e+01
7.654090402673881499e+01
7.656909385113269195e+01
7.644588366179274885e+01
7.608281861678990765e+01
7.659239482200646876e+01
7.669193368404272348e+01
7.695006934812759880e+01
7.634071180555555713e+01
7.649199346405228539e+01
7.630154798761610380e+01
7.682066993464052018e+01
7.661214588928355340e+01
7.653749999999999432e+01
7.632524104683196242e+01
7.615406698564592602e+01
7.676304271708683302e+01
7.656842769563650108e+01
7.672096219931270866e+01
7.688250353107343926e+01
7.616940818880743791e+01
7.660920290446276226e+01
7.625692048463452011e+01
7.678475725094577342e+01
7.619660722053066593e+01
7.617204861111110858e+01
7.674316939890709932e+01
7.613148555010985774e+01
7.660969242065758067e+01
7.680271616843458560e+01
7.687632594021215482e+01
7.606303191489361382e+01
7.638699229691876269e+01
7.614392361111110574e+01
7.624464912280701867e+01
7.640107047279215635e+01
7.674172291867566287e+01
7.666272902603664363e+01
7.648846153846153584e+01
7.636590800572975013e+01
7.623576051779934915e+01
7.660081842253069340e+01
7.692893522202768963e+01
7.598055287688846704e+01
7.679756001574183699e+01
7.595352538596212355e+01
7.624066619306969983e+01
7.590670103092783449e+01
7.594226804123711361e+01
7.643151729118190474e+01
7.590857438016529102e+01
7.580978641456582068e+01
7.588298611111110858e+01
7.631545559400230161e+01
7.618084589207583690e+01
7.602854221692085446e+01
7.590013774104683364e+01
7.651100323624595489e+01
7.657707942464040229e+01
7.659201221472194732e+01
7.589832988980715811e+01
7.653660671653668146e+01
7.595537190082644941e+01
7.621658496732025867e+01
7.620436893203883244e+01
7.639962923728813848e+01
7.617694649847760502e+01
7.607514697111697899e+01
7.597735881542699587e+01
7.668454559923603142e+01
7.670472756410256920e+01
7.619206267217630568e+01
7.646254045307443903e+01
7.672595251692909812e+01
7.610759694850604262e+01
7.648051948051947591e+01
7.689813783224573740e+01
7.665234375000000000e+01
7.654879211697394226e+01
7.688390019071837855e+01
7.654020979020978643e+01
7.668150603836134849e+01
7.661356040108228171e+01
7.653446601941747929e+01
7.681195288874741323e+01
7.693370298939247220e+01
7.639234409329051800e+01
7.697222664332325337e+01
7.689328478964401370e+01
7.688700980392157192e+01
7.620990523869122057e+01
7.617482456140351132e+01
7.610385964912281054e+01
7.628029513888888857e+01
7.649627831715210391e+01
7.617930029154518934e+01
7.632429407713497937e+01
7.589976609200381574e+01
7.613640350877193441e+01
7.574379251700680982e+01
7.582575757575757791e+01
7.636674836601306993e+01
7.564660812672175894e+01
7.588707983193276618e+01
7.600506872852233187e+01
7.664567118671267565e+01
7.599684873949580322e+01
7.608966473187213353e+01
7.605880483153210037e+01
7.586169467787114229e+01
7.630313375350139893e+01
7.590561698363555365e+01
7.632605177993526979e+01
7.586483856700574790e+01
7.642391832766163873e+01
7.610078947368421609e+01
7.599794385839442157e+01
7.589334882889326650e+01
7.628284313725490051e+01
7.653028965738586464e+01
7.677397095402390903e+01
7.642906105531643846e+01
7.616515026192445248e+01
7.637735515258735575e+01
7.610503472222222854e+01
7.685285691548622822e+01
7.651514355742297369e+01
7.685162815126049907e+01
7.710337885154061155e+01
7.738504111321948642e+01
7.701998215878680298e+01
7.675000000000000000e+01
7.704643962848297178e+01
7.697225140056022497e+01
7.703255044136191998e+01
7.684776987718164776e+01
7.683912280701754582e+01
7.687526315789473585e+01
7.749861111111111711e+01
7.765944434737025404e+01
7.732253313696612906e+01
7.728969072164947818e+01
7.792652243589743932e+01
7.748010704727921905e+01
7.748771367521366926e+01
7.765266323024054884e+01
7.725251736111111711e+01
7.750745614035088238e+01
7.726197695573074498e+01
7.705399606651171496e+01
7.711810313739631795e+01
7.689058123249299115e+01
7.671702786377709060e+01
7.681591386554622147e+01
7.717664565826331113e+01
7.689136904761905100e+01
7.682026143790849915e+01
7.690312500000000284e+01
7.672615437927748872e+01
7.666929271708683302e+01
7.699789915966385934e+01
7.675682773109244295e+01
7.693058419243986634e+01
7.710989280746255758e+01
7.682209905238691761e+01
7.739092409240923587e+01
7.660661512027490971e+01
7.718842588581824771e+01
7.713072916666666856e+01
7.743061403508771434e+01
7.751300044984255067e+01
7.747613272112968730e+01
7.748444944988304428e+01
7.701486254295532774e+01
7.686016949152542566e+01
7.716804207119740511e+01
7.689045495093665750e+01
7.749536128456735184e+01
7.730181850282485811e+01
7.757466736694678389e+01
7.681390056022408430e+01
7.718082069580731286e+01
7.691843971631205079e+01
7.697250859106529219e+01
7.662443554571014204e+01
7.654621848739495249e+01
7.664280701754385916e+01
7.657773109243697718e+01
7.661817226890755705e+01
7.673992241524709357e+01
7.677487837240158797e+01
7.655135773317591941e+01
7.664570400359873759e+01
7.727834389793790137e+01
7.680184210526316235e+01
7.682423706324635759e+01
7.666565566458518788e+01
7.672331560283687679e+01
