1.098098335067637947e+02
1.102257661038148910e+02
1.068948857121015266e+02
1.067276441929907236e+02
1.072486399999999946e+02
1.085358156028368768e+02
1.079587813620071728e+02
1.085759999999999934e+02
1.096894664842681237e+02
1.096678545972915231e+02
1.096772403449568856e+02
1.108257839721254356e+02
1.109454561220950382e+02
1.096785402097902136e+02
1.087683823529411740e+02
1.079883294186729330e+02
1.076293234223301027e+02
1.089245631720430083e+02
1.085535114247311839e+02
1.084069025021570383e+02
1.083136324417601344e+02
1.081185504745470212e+02
1.081707317073170742e+02
1.067894128525196464e+02
1.064218894009216569e+02
1.081525437934791682e+02
1.080331725972730226e+02
1.081960535230352320e+02
1.064707047619047557e+02
1.064594892928103604e+02
1.080766969086021447e+02
1.081750508130081272e+02
1.079275033602150557e+02
1.064838274932614581e+02
1.081491935483871032e+02
1.080775745257452627e+02
1.062992743105950666e+02
1.079700203252032509e+02
1.061911355311355294e+02
1.060356508875739650e+02
1.058331097197376209e+02
1.074576502732240471e+02
1.058781804733727796e+02
1.061496301775147941e+02
1.058689349112426044e+02
1.058263736263736234e+02
1.060439880507841650e+02
1.057988968395945193e+02
1.056424556213017780e+02
1.058690088757396381e+02
1.073754234417344122e+02
1.060319767441860535e+02
1.057317829457364411e+02
1.055437362637362639e+02
1.056221483942414210e+02
1.059323964497041430e+02
1.073275745257452627e+02
1.056143246517262213e+02
1.056423772609819167e+02
1.056726190476190510e+02
1.056587674136886790e+02
1.056045578437310724e+02
1.072018623212504167e+02
1.054048304058146641e+02
1.053402483343428173e+02
1.054069230769230785e+02
1.071613743279569917e+02
1.053360084797092640e+02
1.056724456773000469e+02
1.057061298076923066e+02
1.055684051398337147e+02
1.055265624999999972e+02
1.055426256814052124e+02
1.050331821617535866e+02
1.055563949938949975e+02
1.055444598551394648e+02
1.071320867486338813e+02
1.069787163285666765e+02
1.051795275590551171e+02
1.054191709046077960e+02
1.053337445573294673e+02
1.054369878183831730e+02
1.052465854558877822e+02
1.052362495385751231e+02
1.052727205610926546e+02
1.054128720238095269e+02
1.069320396505376323e+02
1.068907090053763511e+02
1.053846153846153868e+02
1.052271634615384670e+02
1.053142460143337757e+02
1.053672619047619037e+02
1.049759672619047564e+02
1.052795865633074897e+02
1.050730158730158763e+02
1.052771317829457303e+02
1.049841019872515915e+02
1.045208146151542365e+02
1.046653486700215723e+02
1.051401792382374936e+02
1.058993097497842939e+02
1.051380090497737569e+02
