1.032602010201020164e+02
1.035789084864715051e+02
1.010235780262518261e+02
1.031335861778339620e+02
1.042998642064062693e+02
1.045947323704333058e+02
1.069030612244897895e+02
1.074357571214392806e+02
1.062758620689655231e+02
1.058972822910578628e+02
1.049881648158971359e+02
1.046659169290748252e+02
1.041776945153061291e+02
1.038449268596327357e+02
1.029824761237185697e+02
1.024833156563596361e+02
1.027521786492374787e+02
1.018212624069478949e+02
1.019974162229877805e+02
1.013484430127320195e+02
1.020463154269972392e+02
1.021762280701754406e+02
1.019263157894736906e+02
1.019864841597796072e+02
1.007439459218541060e+02
1.004082713959820410e+02
1.020678571428571360e+02
1.017293010752688218e+02
1.001963106517370079e+02
1.000833333333333286e+02
9.976604683195591861e+01
1.002242990654205670e+02
9.991035027275337654e+01
1.000028037383177519e+02
9.997386711148179472e+01
9.989136780650541425e+01
9.993598832360299866e+01
1.016643799002138309e+02
1.015189560439560381e+02
1.014880485527544351e+02
1.000336867066536541e+02
1.001383320253977303e+02
9.997731326246700689e+01
1.000234048682125945e+02
1.014651098901098862e+02
1.014032608695652158e+02
1.011207526488856416e+02
1.011305555555555600e+02
1.011317644985016813e+02
9.918861512319456608e+01
1.013206416358187880e+02
1.027091684434968073e+02
1.054897028537805284e+02
1.052656641604010019e+02
1.041795431511655039e+02
1.052059872232951960e+02
1.057911080289721042e+02
1.059568461538461577e+02
1.054500420457151648e+02
1.057059357964869832e+02
1.058537087912087884e+02
1.055918719951923066e+02
1.049836309523809490e+02
1.065308156307369529e+02
1.061858526315789533e+02
1.050383743981874858e+02
1.043684130829800125e+02
1.045630360205831835e+02
1.045699095022624476e+02
1.043167220376522693e+02
1.044713017751479356e+02
1.032892689371696946e+02
1.016681933842239118e+02
1.019626962408180901e+02
1.018805194805194816e+02
1.023489177489177422e+02
1.023704030597234436e+02
1.018626695323501110e+02
1.017276334776334750e+02
