1.097436974789915922e+02
1.087090974469615219e+02
1.098061690784463025e+02
1.089226579520697129e+02
1.090359686609686634e+02
1.081326278659611972e+02
1.090416088765603320e+02
1.081410934744268104e+02
1.091223674655047233e+02
1.096124957323318512e+02
1.096831683168316829e+02
1.098039215686274446e+02
1.095494505494505546e+02
1.094937072995325451e+02
1.096839266450916881e+02
1.099208917655519571e+02
1.089836182336182304e+02
1.089070442992011607e+02
1.088112535612535652e+02
1.095257101761956164e+02
1.082184065934065984e+02
1.092260748959778027e+02
1.087062324929972021e+02
1.095885854341736660e+02
1.097714979195561682e+02
