1.177268292682926898e+02
1.177407834101382491e+02
1.182982743744607461e+02
1.182329594477998285e+02
1.184643617021276611e+02
1.183633304572907718e+02
1.183820282413350498e+02
1.184069887834339880e+02
1.184865401207937907e+02
1.184836928386540080e+02
1.183880069025021555e+02
1.174076695194206650e+02
1.178319618169848582e+02
1.186670405522001772e+02
1.183201035375323613e+02
1.181868638538495020e+02
1.186578304848273433e+02
1.185653149266609176e+02
1.178107307439104687e+02
1.182358006292432577e+02
1.184469282993873094e+02
1.179492000000000047e+02
1.183453086850366276e+02
1.185873166522864608e+02
1.177536443148688079e+02
1.182470232959447856e+02
1.176894233884029859e+02
1.183845483083362353e+02
1.180291827128797593e+02
1.176165600000000069e+02
1.188793388429752014e+02
1.186863853849499719e+02
1.183342343913498382e+02
1.178453554748313508e+02
1.173742306446388142e+02
1.187798487779145375e+02
1.188563723357981701e+02
1.178815510204081676e+02
1.184618067666550445e+02
1.177957781050564563e+02
1.185908705962059599e+02
1.187123966942148741e+02
1.178689254752246853e+02
1.183282139775668611e+02
1.178082448979591845e+02
1.182696289905090623e+02
1.180360479464128360e+02
1.176506666666666661e+02
1.178682512733446544e+02
1.180590338332751941e+02
1.184129225502781395e+02
1.175402061855670155e+02
1.174464489795918354e+02
1.182808337657844646e+02
1.175639730639730658e+02
1.183465918895599600e+02
1.171339378032291449e+02
1.179248726655348065e+02
1.179663692518874427e+02
1.178355826201448338e+02
1.172551830255911938e+02
1.181727624406541253e+02
1.181946063505872075e+02
1.179887711103126122e+02
1.187306136803235432e+02
1.182315807983119385e+02
1.175726060606060628e+02
1.183203772254539103e+02
1.177806554354203286e+02
1.183057851239669418e+02
1.183184455776331987e+02
1.179197055871528903e+02
1.185091086821292095e+02
1.189402824959771152e+02
1.180461283571677740e+02
1.188566064723761855e+02
1.176723298969072147e+02
1.189038977293044894e+02
1.186209219858155990e+02
1.174552727272727282e+02
1.183617021276595693e+02
1.184785159620362407e+02
1.182912112325602010e+02
1.175126530612244835e+02
1.176051428571428517e+02
1.185982078853046602e+02
1.184417064789204659e+02
1.189342536669542767e+02
1.177572550905884299e+02
1.183689696969696996e+02
1.180101217906517377e+02
1.181014976465554156e+02
1.184633290543431769e+02
1.187144952545297656e+02
1.188764680295780778e+02
1.185330765939238375e+02
1.184442801217920902e+02
1.183580672993960263e+02
1.184509050546448066e+02
1.184590163934426243e+02
1.180148053059478030e+02
1.189962673611111086e+02
1.181022419315102212e+02
1.188248106060606091e+02
1.184854032258064507e+02
1.182818588310443886e+02
1.181485600000000034e+02
1.188621139625924314e+02
1.186870765582655878e+02
1.180351200000000063e+02
1.188878271349862246e+02
1.188190426997245197e+02
1.187986398071625302e+02
1.187087637741046819e+02
1.190594493116395540e+02
1.183422752111276708e+02
1.180187903225806423e+02
1.184697560975609747e+02
1.184664516129032279e+02
1.187214858737356167e+02
1.176541269841269894e+02
1.186966253443526114e+02
1.183592458677685926e+02
1.183846774193548441e+02
1.184311290322580703e+02
1.188127881687690319e+02
1.191399964241015539e+02
1.186795128316659458e+02
1.185213498622589583e+02
1.188082644628099160e+02
1.183916150137740999e+02
1.184047004132231393e+02
1.183769464984775937e+02
1.185309893194043838e+02
1.186905611135276217e+02
1.184277112967562289e+02
1.187993510928961740e+02
1.184302918017600774e+02
1.184447274972981319e+02
1.190708785164230648e+02
1.180192248774509807e+02
1.181829490291262204e+02
1.183545600489259186e+02
1.183623143564356468e+02
1.182525800779756935e+02
1.184478054104623084e+02
1.184234817182505708e+02
1.185645360506407258e+02
1.184331480623745563e+02
1.180950973146095038e+02
1.183136099876912226e+02
1.181848700495049513e+02
1.179799103808812504e+02
1.182006330091091542e+02
1.186271786022433190e+02
1.182541360294117680e+02
1.176955959595959627e+02
1.182430909371622647e+02
1.185745901639344311e+02
1.183163414634146307e+02
1.184002752083174101e+02
1.178844209558823479e+02
1.180852069077875512e+02
1.179822400000000044e+02
1.178558593749999943e+02
1.184375705576879625e+02
1.180062806372549034e+02
1.182190963993578521e+02
1.179209558823529420e+02
1.186263218697236255e+02
1.183513223140495825e+02
1.175303308823529420e+02
1.182387238723872400e+02
1.178075000000000045e+02
1.183611239771499157e+02
1.180929442643198968e+02
1.181148679944418660e+02
1.180838351088466851e+02
1.181590242396171107e+02
1.179469209558823479e+02
1.177385467233009706e+02
1.179332107843137294e+02
1.180977753994342976e+02
1.180846265576026326e+02
1.180978823529411699e+02
1.184973031283710867e+02
1.183945908460471514e+02
1.187315456927107391e+02
1.182901034429519882e+02
1.182252121397446700e+02
1.184850606909430439e+02
1.182257273877292789e+02
1.180948704227505601e+02
1.192657541322314074e+02
1.184919938016528960e+02
1.190373681387448528e+02
1.184200147287455991e+02
1.184935189212701232e+02
1.188896491228070147e+02
1.192101950354609983e+02
1.188504125412541299e+02
1.190890276538804642e+02
1.188924479166666686e+02
1.192094648385670013e+02
1.185972807017543857e+02
1.190494471472799631e+02
1.187038934426229559e+02
1.185586842105263088e+02
1.185434210526315724e+02
1.191771782397169375e+02
1.191675364882795236e+02
1.180689044514207495e+02
1.186850177304964546e+02
1.186599290780141871e+02
1.190636001769128711e+02
1.184551754385964841e+02
1.188925642427555971e+02
1.188976950354609983e+02
1.187119680851063777e+02
1.185266393442622928e+02
1.187982093663911911e+02
1.184734253666954231e+02
1.186476063829787222e+02
1.185276936026936028e+02
1.186435964912280667e+02
1.179648936170212750e+02
1.185736635079563683e+02
1.181426663327489734e+02
1.183734526068491846e+02
1.184034517032619505e+02
1.185689387120530256e+02
1.186056302521008377e+02
1.186565789473684163e+02
1.182428842504743898e+02
1.183576241134751825e+02
1.186658602150537689e+02
1.188896482595225024e+02
1.188917441224712945e+02
1.185406028368794296e+02
1.182657894736842081e+02
1.184826241134751825e+02
1.186728110599078292e+02
1.184533687943262379e+02
1.186140878439948949e+02
1.183332115454877567e+02
1.186108984873336993e+02
1.183082446808510610e+02
1.184647774003218359e+02
1.187177192982456120e+02
1.187428035043804755e+02
1.183044670499778874e+02
1.185994099767566610e+02
1.188321823779016597e+02
1.180408771929824496e+02
1.186735950044603101e+02
1.183187285223367695e+02
1.187936600382727335e+02
1.184223333333333272e+02
1.180644791751902432e+02
1.189995614035087783e+02
1.183295454545454533e+02
1.193426028921023345e+02
1.187690104166666600e+02
1.186947076703021651e+02
1.185645063070900420e+02
1.187087765957446805e+02
1.185955673758865316e+02
1.187053030303030283e+02
1.190175870238746114e+02
1.186231137616336895e+02
1.185100168350168417e+02
1.187538727902314548e+02
1.185266106442577012e+02
1.185613083943254651e+02
1.183976613328644305e+02
1.183570035460992926e+02
1.187590132827324538e+02
1.184714918225354694e+02
1.185478403499179905e+02
1.186337707308182985e+02
1.188994307400379569e+02
1.183585434173669455e+02
1.176851160525888673e+02
1.178918379232881222e+02
1.183919184695154598e+02
1.186170212765957501e+02
1.187548938516680437e+02
1.188820849280116647e+02
1.187947368421052659e+02
1.184068100358422981e+02
1.187349778621125864e+02
1.183614348965392651e+02
1.182699918677148219e+02
1.182689979217493459e+02
1.186311556880816909e+02
1.185953736333243000e+02
1.181505158437730358e+02
1.187489834643534863e+02
1.181953405017921170e+02
1.189120086548864066e+02
1.181717074028485968e+02
1.187457305502846339e+02
1.181468466174348464e+02
1.182101254480286769e+02
1.185251754385964915e+02
1.186892730496453936e+02
1.181865158764680359e+02
1.184101555515823350e+02
1.181973932430114900e+02
1.186759751773049629e+02
1.181445401793564258e+02
1.186437056737588591e+02
1.186035964912280747e+02
1.185153763633112760e+02
1.188125676163000293e+02
1.190422807663964591e+02
1.188645627876397128e+02
1.188164912280701770e+02
1.190212765957446805e+02
1.175078333333333376e+02
1.181038961038961048e+02
1.187378348824494196e+02
1.177027210884353678e+02
1.183103535353535420e+02
1.190675599700149974e+02
1.183979405868416279e+02
1.177535014005602250e+02
1.185548084008842977e+02
1.182583963425356046e+02
1.181705000000000041e+02
1.179870833333333309e+02
1.183369565217391255e+02
1.181797081062071442e+02
1.178074129727022239e+02
1.182701725851630954e+02
1.182984042553191557e+02
1.183489653926086618e+02
1.187939675596865357e+02
1.188836340441042410e+02
1.181812086536742328e+02
1.181263214963404664e+02
1.179981928255173074e+02
1.186405328088682296e+02
1.184283333333333275e+02
1.181149362970994900e+02
1.183447368421052630e+02
1.181557784404084259e+02
1.190684784552118742e+02
1.183045992590584632e+02
1.179955000000000069e+02
1.189215090291435786e+02
1.187476763258611214e+02
1.184534799855751857e+02
1.186585992907801455e+02
1.182247230525760529e+02
1.180702061941731387e+02
1.181542925571112761e+02
1.174259259259259238e+02
1.184349080418319460e+02
1.181923833363132417e+02
1.183660572668837148e+02
1.182457757296466951e+02
1.182919326241134712e+02
1.187288135593220346e+02
1.180601851851851904e+02
1.187112605042016753e+02
1.182735815602836880e+02
1.182756272401433648e+02
1.181875847113038702e+02
1.180435529050329819e+02
1.184816489361702168e+02
1.181359929078014233e+02
1.184520390070921962e+02
1.185771824312010239e+02
1.185618735192272624e+02
1.187984326590122066e+02
1.185500273373428115e+02
1.186673045379989020e+02
1.177414480943892698e+02
1.181505376344086073e+02
1.178666949152542429e+02
1.172241582491582506e+02
1.177850369725967852e+02
1.170203333333333404e+02
1.173157377049180354e+02
1.170059270389848933e+02
1.186105846593956699e+02
1.181711239775755899e+02
1.181861702127659584e+02
1.169565289256198355e+02
1.176917258975760916e+02
1.172507092198581518e+02
1.173506822083672176e+02
1.173485135989879780e+02
1.170909755206430418e+02
1.169485833333333318e+02
1.177289938694554650e+02
1.177104584408020571e+02
1.180372340425531945e+02
1.172542622950819720e+02
1.175755000000000052e+02
1.185192272644432308e+02
1.179991935483870975e+02
1.181292982456140379e+02
1.178165016501650229e+02
1.181227071473750811e+02
1.177092293906810028e+02
1.173506735919493593e+02
1.182722517730496463e+02
1.185177304964539076e+02
1.181951748441312020e+02
1.186691967109424439e+02
1.185513689346706485e+02
1.182932330827067631e+02
1.179336363636363672e+02
1.168420325203252048e+02
1.176101924640824024e+02
1.171484336958286008e+02
1.175168570375829091e+02
1.157412651101175669e+02
1.168421433089364712e+02
1.171106140350877212e+02
1.167737417547664194e+02
1.171579787234042556e+02
1.172460992907801369e+02
1.170100298183789675e+02
1.166474380165289233e+02
1.176945614035087715e+02
1.181425186805175827e+02
1.174456783746556425e+02
1.178151260504201616e+02
1.183760057214375081e+02
1.176624590163934414e+02
1.184319327731092386e+02
1.178863157894736844e+02
1.179871267655998537e+02
1.180301269443947803e+02
1.185239585195780450e+02
1.181223851242624647e+02
1.179987500000000011e+02
1.185763454317897327e+02
1.186390956713537292e+02
1.187684229918938854e+02
1.184144265232974931e+02
1.181334704094403776e+02
1.181535590277777743e+02
1.184336670838548145e+02
1.181815602836879435e+02
1.185394736842105203e+02
1.180585600811221951e+02
1.187782048989808743e+02
1.187534418022528229e+02
1.186277497295347985e+02
1.185828525063108572e+02
1.183982974910394290e+02
1.184189716312056788e+02
1.177939999999999969e+02
1.188728652751423169e+02
1.178716577540106982e+02
1.193344176380229555e+02
1.177726446280991723e+02
1.183509751773049601e+02
1.188343971631205704e+02
1.186203900709219852e+02
1.181850712150518774e+02
1.184392500000000013e+02
1.189340246736992697e+02
1.181321214088622042e+02
1.184302882443299865e+02
1.181856382978723445e+02
1.186980153763633155e+02
1.182783086909484354e+02
1.182814998621450258e+02
1.179106563288856790e+02
1.172808349146110061e+02
1.175225445016716321e+02
1.174479706776327532e+02
1.176384751773049686e+02
1.165729447585906939e+02
1.173334210526315786e+02
1.170792553191489418e+02
1.174575350036845975e+02
1.166094166666666609e+02
1.166569672131147541e+02
1.177023440955329505e+02
1.173370071684587828e+02
1.167612500000000040e+02
1.171837896448902114e+02
1.164865395630472165e+02
1.171899947248109726e+02
1.174625448028673844e+02
1.184279661016949206e+02
1.181808981657179061e+02
1.179743801652892614e+02
1.193558326556428995e+02
1.182887394957983247e+02
1.190937056737588620e+02
1.187197191859948475e+02
1.188926523297490974e+02
1.190252659574468055e+02
1.186553708439897719e+02
1.196063070389446068e+02
1.190144265232974874e+02
1.189898745519713259e+02
1.191746415770609389e+02
1.190055253623188349e+02
1.193586249340601313e+02
1.188280465949820837e+02
1.192724315532664718e+02
1.187818262411347519e+02
1.190964673913043441e+02
1.193203216770579189e+02
1.187266506709322016e+02
1.193992010405053890e+02
1.192641301350978722e+02
1.189466883527604608e+02
1.186061515987664308e+02
1.191630071383392107e+02
1.184952508960573425e+02
1.191303876389265355e+02
1.187330052852196047e+02
1.191919289607877630e+02
1.186987588652482231e+02
1.192667620239585204e+02
1.193670781134856327e+02
1.182082113821138165e+02
1.193206686930091251e+02
1.188798758865248288e+02
1.190759751773049686e+02
1.193661407463060300e+02
1.193493290678041348e+02
1.194753371030882931e+02
1.192303442028985501e+02
1.185174273524913531e+02
1.191065900044228272e+02
1.179812096774193577e+02
1.192477203647416388e+02
1.186366393442622922e+02
1.187003278688524546e+02
1.191110427290311264e+02
1.188911843425894972e+02
1.189000662361318064e+02
1.187461475409835998e+02
1.183940650406504034e+02
1.184193548387096797e+02
1.185168476525071810e+02
1.185400830405621235e+02
1.188923898071625302e+02
1.190273430631264233e+02
1.182934588540821323e+02
1.181657409643403298e+02
1.188972480190849410e+02
1.179516831683168334e+02
1.194420175438596488e+02
1.182222764227642244e+02
1.184889545865155611e+02
1.185879116366921266e+02
1.190273224043715885e+02
1.189128994866699855e+02
1.190020661157024762e+02
1.187447799827437507e+02
1.189959310039805445e+02
1.190574966828836807e+02
1.183963261648745515e+02
1.188196491228070215e+02
1.184283739837398315e+02
1.192786428882122607e+02
1.184005319148936195e+02
1.188537234042553195e+02
1.188000886524822732e+02
1.182898086556623127e+02
1.181770551038843706e+02
1.183599408721359936e+02
1.178095470837406253e+02
1.182568593615185506e+02
1.184962765957446749e+02
1.182146983026748472e+02
1.183056159420289788e+02
1.175837551020408114e+02
1.187335106382978722e+02
1.174196363636363571e+02
1.185777126099706749e+02
1.180565339038841302e+02
1.180204853173905377e+02
1.183141384519683612e+02
1.179009449332029931e+02
1.185643828312449983e+02
1.185433217808584345e+02
1.180406517445687911e+02
1.176626751384815890e+02
1.172645971914264607e+02
1.172220606060606087e+02
1.175164581961817021e+02
1.171767289510905954e+02
1.195986223118279526e+02
1.191342600032138819e+02
1.193456532219186954e+02
1.199566532258064484e+02
1.186140026216362031e+02
1.182557348520803657e+02
1.201726149622512025e+02
1.203110650642353932e+02
1.206365593112244881e+02
1.206312016752577279e+02
1.209483418367346985e+02
1.201854877081681252e+02
1.208156937193482037e+02
1.208175553989507449e+02
1.209596754951085700e+02
1.206938920454545467e+02
1.211383364898989896e+02
1.211224218750000006e+02
1.207026857724532078e+02
1.215172322375397727e+02
1.211465873015873029e+02
1.209471427457706341e+02
1.210478740157480360e+02
1.215962752525252455e+02
1.213947323266987013e+02
1.208751937984496152e+02
1.213987469059405981e+02
1.215339907006573696e+02
1.214431759211209112e+02
1.207893650793650835e+02
1.212352478363493304e+02
1.214838400000000007e+02
1.214021428571428629e+02
1.218549218750000023e+02
1.215604115099009874e+02
1.217476416933031942e+02
1.212464767156862706e+02
1.218410384345521180e+02
1.215479200000000048e+02
1.217466299019607874e+02
1.214931496062992125e+02
1.216496825396825443e+02
1.218198425196850394e+02
1.211950393700787458e+02
1.218039139851485118e+02
1.214972000000000065e+02
1.210911358852420676e+02
1.221308957667420287e+02
1.213688976377952713e+02
1.212902380952380952e+02
1.215892968750000023e+02
1.219439463631402560e+02
1.219477664301863200e+02
1.210866723259762239e+02
1.218012698412698427e+02
1.209100781249999983e+02
1.216994531250000051e+02
1.216795641729581376e+02
1.206639077970297080e+02
1.210434217567464259e+02
1.208861904761904782e+02
1.217602376237623787e+02
1.219502399999999938e+02
1.225405940594059473e+02
1.220732929292929327e+02
1.220362516566617330e+02
1.220463085678646564e+02
1.219084126984127039e+02
1.214308477722772324e+02
1.215456950456950409e+02
1.212120527013331213e+02
1.214857303190636486e+02
