1.110906666666666638e+02
1.116017369727047139e+02
1.123773333333333397e+02
1.095384615384615330e+02
1.099987179487179532e+02
1.125986111111111114e+02
1.105210918114143936e+02
1.129213333333333367e+02
1.104236111111111143e+02
1.110312500000000000e+02
1.133620689655172384e+02
1.122283950617283921e+02
1.119363425925925952e+02
1.133062068965517284e+02
1.121400462962962905e+02
1.116911421911421911e+02
1.115331088664422055e+02
1.121291005291005263e+02
1.123642533936651517e+02
1.133658810325477049e+02
1.131840958605664440e+02
1.130686274509803866e+02
1.130413943355119812e+02
1.135392156862745168e+02
1.126169312169312207e+02
1.132391534391534407e+02
1.129825708061002132e+02
1.133017429193899801e+02
1.129172113289760375e+02
1.130235690235690242e+02
1.131142191142191109e+02
1.142319444444444514e+02
1.142291666666666714e+02
1.127039627039627021e+02
1.131896745230078523e+02
1.127771493212669753e+02
1.126732026143790790e+02
1.131235431235431292e+02
1.127732884399551097e+02
1.123164983164983113e+02
1.117810457516339824e+02
1.119068462401795756e+02
1.122556561085972788e+02
1.121278280542986465e+02
1.123894500561167291e+02
1.119467592592592524e+02
1.117373737373737441e+02
1.124332579185520302e+02
1.123158508158508226e+02
1.128659673659673643e+02
1.127983682983683025e+02
1.128361391694725029e+02
1.124409722222222285e+02
1.117474747474747545e+02
1.122356902356902424e+02
1.118978675645342378e+02
1.126498316498316541e+02
1.124027149321266990e+02
1.128578088578088625e+02
1.131178451178451212e+02
1.125780022446689088e+02
1.130348583877995594e+02
1.131034858387799602e+02
1.122800480769230802e+02
1.129826388888888857e+02
1.124428904428904445e+02
1.128518518518518476e+02
1.128496071829405167e+02
1.127808857808857823e+02
1.124487179487179418e+02
1.124079254079254042e+02
1.128951048951048932e+02
1.124590347923681293e+02
1.126990740740740762e+02
1.128954326923076934e+02
1.125276442307692264e+02
1.123648018648018621e+02
1.122459207459207420e+02
1.124612794612794602e+02
1.121503496503496535e+02
1.122187500000000000e+02
1.136479999999999961e+02
1.125733173076923066e+02
1.140000000000000000e+02
1.138361290322580714e+02
1.120659722222222285e+02
1.137746666666666613e+02
1.127524038461538396e+02
1.123622828784119037e+02
1.123185096153846132e+02
1.122828784119106729e+02
1.124813895781637711e+02
1.123857808857808891e+02
1.124399038461538396e+02
1.131909722222222285e+02
1.122928039702233320e+02
1.122848557692307736e+02
1.125781637717121555e+02
1.119714640198511120e+02
1.122828784119106729e+02
1.120084134615384670e+02
1.125111662531017345e+02
