9.739426051980197485e+01
9.732038616973507317e+01
9.692419847328244487e+01
9.771946022727273373e+01
9.688506787330317138e+01
9.658437499999999432e+01
9.346410709032068098e+01
9.296834954454222100e+01
9.263542865914497781e+01
9.375141052631579441e+01
9.233820312500000682e+01
9.357602486559139265e+01
9.376162988115450503e+01
9.390106974753958013e+01
9.373010599588673131e+01
9.310482956692615630e+01
9.348244121287129360e+01
9.312094440213252255e+01
9.466067608044501469e+01
9.336088725151584811e+01
9.386224806201551019e+01
9.443902439024390105e+01
9.338842345773038289e+01
9.350721994224046796e+01
9.322086824067021382e+01
9.317224699569193547e+01
9.348016591251885643e+01
9.323815987933635085e+01
9.337440974866717625e+01
9.470379704301075208e+01
9.319037847697218524e+01
9.480077021822849304e+01
9.466858205171538998e+01
9.466050492083867596e+01
9.278833710142667712e+01
9.319992248062015960e+01
9.316567095588234793e+01
9.301071591427268004e+01
9.295709570957095025e+01
9.261107673267326845e+01
9.319825185643564680e+01
9.326919778592032628e+01
9.329656559405940186e+01
9.466216666666666413e+01
9.492563667232597879e+01
9.348249485142689252e+01
9.336532907736737741e+01
9.311931904544763938e+01
9.334151041280664174e+01
9.414659453049729620e+01
9.449255205958351667e+01
9.426203085424820927e+01
9.606548838797813517e+01
9.441200399109678187e+01
9.433904585456230052e+01
9.393046101485148824e+01
9.403078589108910990e+01
9.429335171568627061e+01
9.473893873762376927e+01
9.501644042232277343e+01
9.436262376237623073e+01
9.503670982482863394e+01
9.475077351485148824e+01
9.475278225496968787e+01
9.496024133663365774e+01
9.461035111719105828e+01
9.480315563725490335e+01
9.508560068605285664e+01
9.347033540563359111e+01
9.305592512376237835e+01
9.314430147058823195e+01
9.379032136674945264e+01
9.375890624999999545e+01
9.378374999999999773e+01
9.397624999999999318e+01
9.362554146039603609e+01
9.360756773351754134e+01
9.395837104072397494e+01
9.368726794554454784e+01
9.354825367647059409e+01
9.370125057897175225e+01
9.395386836905304051e+01
9.386355198019802515e+01
9.416156250000000227e+01
9.369198703103288040e+01
9.402722473604826803e+01
9.326950962812816215e+01
9.406010558069381489e+01
9.371501120238984583e+01
9.367496905940593876e+01
9.332327883951185754e+01
9.382963800904977347e+01
9.379863664215686470e+01
9.394156250000000341e+01
9.368570112825236151e+01
9.358663366336634226e+01
9.361693146058792081e+01
9.391711915535445598e+01
9.574416190970420359e+01
9.413109895120838644e+01
9.424486825980392268e+01
9.417028657616893383e+01
9.365099009900990268e+01
9.366135519801980536e+01
9.341676980198019464e+01
9.388379692962456602e+01
9.326206636500754144e+01
9.334222526219789984e+01
9.352142636138613341e+01
9.360829207920792783e+01
9.378418935643564680e+01
9.326941784465724083e+01
9.317875056999544370e+01
9.309765921872624972e+01
9.351100775193798142e+01
9.322496229260934797e+01
9.409984767707540243e+01
9.431482991180611464e+01
9.397737556561085626e+01
9.417511811023622670e+01
9.563838436256702380e+01
9.414051789794363856e+01
9.373097153465346310e+01
9.424988600091199942e+01
9.429531535830749078e+01
9.408288084464554402e+01
9.403754076195021128e+01
9.434446022727273373e+01
9.443479269801980536e+01
9.446218107925039931e+01
9.453337849025362516e+01
9.502171945701357458e+01
9.661605035405192154e+01
9.413747941924862062e+01
9.550976230899830455e+01
9.587818336162987976e+01
9.597869473684210107e+01
9.358400417412045158e+01
9.341976913080040390e+01
9.314595791805093938e+01
9.334282544378697821e+01
9.343335798816568172e+01
9.399673904987771778e+01
9.637474593495934982e+01
9.412636529126213247e+01
9.384848257211538680e+01
9.398677884615383959e+01
9.392100591715976066e+01
9.352987303958177279e+01
9.530147368421052079e+01
9.394607843137255543e+01
9.314122137404579860e+01
9.310607207752876491e+01
9.312684911242602936e+01
9.294439560439560921e+01
9.524001670843776424e+01
9.380896191187453326e+01
9.558156028368794921e+01
9.300792718731649700e+01
9.315902366863905115e+01
9.294122074207872686e+01
9.337781065088756804e+01
