1.231969108910891038e+02
1.240413492063492100e+02
1.240430158730158752e+02
1.237710236220472382e+02
1.235418403581905267e+02
1.243530399999999929e+02
1.237967939651107940e+02
1.248890912244190048e+02
1.233357760972947688e+02
1.248157716987504244e+02
1.248666319805757894e+02
1.249373048907388153e+02
1.241358072815155538e+02
1.251286673736302646e+02
1.249363510232396806e+02
1.236936220472440908e+02
1.252344779743322931e+02
1.243289763779527561e+02
1.242961721368987327e+02
1.253782673310604139e+02
1.242585346534653468e+02
1.250618279569892479e+02
1.248285689308505937e+02
1.243775629531457128e+02
1.250680714533472013e+02
1.240663667929292870e+02
1.238354779411764639e+02
1.238783464566929098e+02
1.247745367192862034e+02
1.236020415995087944e+02
1.240895312499999932e+02
1.240273050742574270e+02
1.254025701547338087e+02
1.242978125000000063e+02
1.239301473454432028e+02
1.239303860618619950e+02
1.239289779371637934e+02
1.240361417322834683e+02
1.240830788505207067e+02
1.242255109231853396e+02
1.240725000000000051e+02
1.238583527583527513e+02
1.240113385826771690e+02
1.244566297899631167e+02
1.239074337121212182e+02
1.241651968503936985e+02
1.241628571428571490e+02
1.242463281250000051e+02
1.239917460317460325e+02
1.242483105453402459e+02
1.242597629841724398e+02
1.243976270642937294e+02
1.243693385467579020e+02
1.240552755905511759e+02
1.245052083333333286e+02
1.241993159945915863e+02
1.241124338624338606e+02
1.243111718749999994e+02
1.250713666319805810e+02
1.239007751937984523e+02
1.238807874015748069e+02
1.237996008903215852e+02
1.237484073988794222e+02
1.238425051807506350e+02
1.243542968750000028e+02
1.241783186192635071e+02
1.242721428571428532e+02
1.245694488188976408e+02
1.243794444444444451e+02
1.242099999999999937e+02
1.236224603174603232e+02
1.256750590086545998e+02
1.243423120089786806e+02
1.254059580468887702e+02
1.248525220736078296e+02
1.236508514851485216e+02
1.253002827854365506e+02
1.242439682539682480e+02
1.251265537740947593e+02
1.246025306122448910e+02
1.239448031496063010e+02
1.242639843750000068e+02
1.240418356796309496e+02
1.242238888888888937e+02
1.237536099711202269e+02
1.245303706245710345e+02
1.238046069587628892e+02
1.246723093371347062e+02
1.234676562500000045e+02
1.242129102674046948e+02
1.244220116618075735e+02
1.237971466437982428e+02
1.236644570707070727e+02
1.246176267081819731e+02
1.244094796863863195e+02
1.247510604453870684e+02
1.240691940615058257e+02
1.236737464068987578e+02
1.238240476190476187e+02
1.240857936507936472e+02
1.252776466474342101e+02
1.249446285315660958e+02
1.252326252294781028e+02
1.251746871144015500e+02
1.238722400000000050e+02
1.241269728535353494e+02
1.243130517776187105e+02
1.242844444444444463e+02
1.250213623884694556e+02
1.247607022607022600e+02
1.242091886608015585e+02
1.252112034307156279e+02
1.244337142857142879e+02
1.247011972065181311e+02
1.245726185567010305e+02
1.244595102040816386e+02
1.245000000000000000e+02
1.250020888202706431e+02
1.243441852931648839e+02
1.249876487149214483e+02
1.241130547457078137e+02
1.244233675336037521e+02
1.243819241982507293e+02
1.246544278346009236e+02
1.250168921987103801e+02
1.244385245901639365e+02
1.246748860677083286e+02
1.237560000000000002e+02
1.240408888888888868e+02
1.234074015748031456e+02
1.238971163245356735e+02
1.243564064801178262e+02
1.244469278350515395e+02
1.242983434343434368e+02
1.236511811023622016e+02
1.248786381602587170e+02
1.241709786276715448e+02
1.240196799999999939e+02
1.241404838709677421e+02
1.246221224489795958e+02
1.240060317460317520e+02
1.245630791161796083e+02
1.238647154471544667e+02
1.248292052744119758e+02
1.242973877551020365e+02
1.239739229024943370e+02
1.248848424302969704e+02
1.237529365079365107e+02
1.238039121372454758e+02
1.237269841269841208e+02
1.247051853171774809e+02
1.238614816005142245e+02
1.244503015997901940e+02
1.243751571536333955e+02
1.243730158730158735e+02
1.244413489736070346e+02
1.240587139617751831e+02
1.243349530288305829e+02
1.242577319587628892e+02
1.243219144800777514e+02
1.239565873015873052e+02
1.237245967741935431e+02
1.245948859586600150e+02
1.244337142857142879e+02
1.243051506316812436e+02
1.240320951449983653e+02
1.247115110477548114e+02
1.235441129032258090e+02
1.249645948072383987e+02
1.243248535711163498e+02
1.238282828282828234e+02
1.244298181818181774e+02
1.246366420464781157e+02
1.236219797979798045e+02
1.244059139784946240e+02
1.244424489795918305e+02
1.238038727301944419e+02
1.244026122448979521e+02
1.247936564504632884e+02
1.237131801889866409e+02
1.236632539682539687e+02
1.249289914468995022e+02
1.239892525252525246e+02
1.251871764599037391e+02
1.237443308847013697e+02
1.245224489795918430e+02
1.250894433435417028e+02
1.251958041958042003e+02
1.242958642629904631e+02
1.244856053037871249e+02
1.241997172145634494e+02
1.241058658973686448e+02
1.234435200000000066e+02
1.235454545454545467e+02
1.237255892255892320e+02
1.240686306780776818e+02
1.237957576731480032e+02
1.245073057733428357e+02
1.238996111700247411e+02
1.249544008483563147e+02
1.244800427655024890e+02
1.252085542594556387e+02
1.252302331814526895e+02
1.241745316366207135e+02
1.242600816326530548e+02
1.247072403880704314e+02
1.247439813151275558e+02
1.248068816429472179e+02
1.248777697712123995e+02
1.235284677419354864e+02
1.245264817150062981e+02
1.242710569105691008e+02
1.249813151275601939e+02
1.243347291518175268e+02
1.244884176764076926e+02
1.241635892452218997e+02
1.243738775510204135e+02
1.237945326278659621e+02
1.240432458697764844e+02
1.247198333333333267e+02
1.253400236127508833e+02
1.249839251657433437e+02
1.240506912442396299e+02
1.249876931369026209e+02
1.249721523535752823e+02
1.244240677355431473e+02
1.253836976320582863e+02
1.238639008979048839e+02
1.245209019091507514e+02
1.240637575757575775e+02
1.233851428571428528e+02
1.237224800000000045e+02
1.246460811915357425e+02
1.237367184969225775e+02
1.241127346938775560e+02
1.248182726364544521e+02
1.238442489410231389e+02
1.245778543655001727e+02
1.248325311052583828e+02
1.237178775510204076e+02
1.237777959183673460e+02
1.245189356098447035e+02
1.234246031746031775e+02
1.233893620440302072e+02
1.238414112615823228e+02
1.235419200000000046e+02
1.233530283080974357e+02
1.244109169519005604e+02
1.247106751502297612e+02
1.236260123096857768e+02
1.238756883705863316e+02
1.236373256373256311e+02
1.236166990605766074e+02
1.238470307529162255e+02
1.241317113402061807e+02
1.246922168740350543e+02
1.243379793814433043e+02
1.236504279131007280e+02
1.239929229756418749e+02
1.247090659340659329e+02
1.238524522712310727e+02
1.240139894667544382e+02
1.236928900592495069e+02
1.241711020408163222e+02
1.235549703752468673e+02
1.236137398373983700e+02
1.238317855979146316e+02
1.246222380612972245e+02
1.243559587628866012e+02
1.240849795918367278e+02
1.249062755426391789e+02
1.243062188168211009e+02
1.248762127200862437e+02
1.243452423378474663e+02
1.242491981468282205e+02
1.243423913043478279e+02
1.236462260399268303e+02
1.244277938144329880e+02
1.239995545260156860e+02
1.242555918367346948e+02
1.246668429402432565e+02
1.251247790738776899e+02
1.237069970845481066e+02
1.243790763264586587e+02
1.249722096085732517e+02
1.250331486695123004e+02
1.248284993694829694e+02
1.247773984908372285e+02
1.247835800563073292e+02
1.247893924257560627e+02
1.247129895795903707e+02
1.243186804123711369e+02
1.241285714285714334e+02
1.247873065827432413e+02
1.235579041140265559e+02
1.235451085195983154e+02
1.247517674089784379e+02
1.246923284225655806e+02
1.247450512548603712e+02
1.248116241466043874e+02
1.244160727013542385e+02
1.248587847469707839e+02
1.251568681318681371e+02
1.245044547398431973e+02
1.236425332037576936e+02
1.248463114754098342e+02
1.247154471544715477e+02
1.244348765988110301e+02
1.242318246614397736e+02
1.245209336118427075e+02
1.242513302294645854e+02
1.249191136732120384e+02
1.236692581794622612e+02
1.248584283677833184e+02
1.241891134020618495e+02
1.241519175257732002e+02
1.241799317283506952e+02
1.243511225944404828e+02
1.245096935584740407e+02
1.248313435495367116e+02
1.248428367783321420e+02
1.247527619387027755e+02
1.248999279409115530e+02
1.247082007776599539e+02
1.242815174456879532e+02
1.247093727726300756e+02
1.240466938775510215e+02
1.250057440791799195e+02
1.241051318602993518e+02
1.249309826793920166e+02
1.246941250449155518e+02
1.248857667584940287e+02
1.246365066876475254e+02
1.245946323979368771e+02
1.241894155381325788e+02
1.248003385602280844e+02
1.236771653543307110e+02
1.246350677120456112e+02
1.244755660459830438e+02
1.240305154639175242e+02
1.245390331322668089e+02
1.245828914810887227e+02
1.239137620684012404e+02
1.238445283625261197e+02
1.245878136200716852e+02
1.247150537634408636e+02
1.248566068078263243e+02
1.243925165743347492e+02
1.244658620068456116e+02
1.246149138910743943e+02
1.246437990021382802e+02
1.246001237186284953e+02
1.245012473271560935e+02
1.234989636479591866e+02
1.245415341109932825e+02
1.249190128296507538e+02
1.247040366649039242e+02
1.245327399872854386e+02
1.245902520712145218e+02
1.240656494845360811e+02
1.234073272406605781e+02
1.237568599379623038e+02
1.243736635780470436e+02
1.244863087731940254e+02
1.235838020247469018e+02
1.241468240771533118e+02
1.238018327605956443e+02
1.239750120520649261e+02
1.237651134020618571e+02
1.244283677833214483e+02
1.244774590163934391e+02
1.244414647184604377e+02
1.240206511175898925e+02
1.238907755102040795e+02
1.238949059938936159e+02
1.243804719870293667e+02
1.242139173004633221e+02
1.245765364105253923e+02
1.239287360105332425e+02
1.237518881568375377e+02
1.237178209866623746e+02
1.237597682248845103e+02
1.247001960085531067e+02
1.238585306122448912e+02
1.236372767857142918e+02
1.232968021854411091e+02
1.245545260156806791e+02
1.248793407368235506e+02
1.235221619897959187e+02
1.233976196069219355e+02
1.233542503615619523e+02
1.239585174275895980e+02
1.231537900874635625e+02
1.231399075255102105e+02
1.235237795275590571e+02
1.237007874015748001e+02
1.236053251075574337e+02
1.238812403604188717e+02
1.237625396825396820e+02
1.242863012501092754e+02
1.235176977040816269e+02
1.241747530378529660e+02
1.235584188340093874e+02
1.243746023329798476e+02
1.248712580185317194e+02
1.244627200862378658e+02
1.247256301780363117e+02
1.249244476122594421e+02
1.237365656565656593e+02
1.244749027925061853e+02
1.239767573696145178e+02
1.237657882050457943e+02
1.233468543704764215e+02
1.247411796151104824e+02
1.243343541704197435e+02
1.234403409090909065e+02
1.244635913750441887e+02
1.241841760759286473e+02
1.236763731060606091e+02
1.240994897959183731e+02
1.238744419642857082e+02
1.246133439097479254e+02
1.238061224489795933e+02
1.245981292070985234e+02
1.243987755102040751e+02
1.245512719643325426e+02
1.237438915496387750e+02
1.245985330505478998e+02
1.245273645546372876e+02
1.242658183103570195e+02
1.235310921717171766e+02
1.235324824087710738e+02
1.236618994054314697e+02
1.245280274986779432e+02
1.252118808390622178e+02
1.239504329896907251e+02
1.237019926080668455e+02
1.247694226657163199e+02
1.240189821633120602e+02
1.244316090413651352e+02
1.243483538410375786e+02
1.238695757575757597e+02
1.238615244708994680e+02
1.236709370124004295e+02
1.241408659793814451e+02
1.239133858267716590e+02
1.248780186849991196e+02
1.238563298969072122e+02
1.247478406486867613e+02
1.247051315674447096e+02
1.233049076773566526e+02
1.237865050505050561e+02
1.238616666666666646e+02
1.246292765502494717e+02
1.243663474462365599e+02
1.247128474697077678e+02
1.246309693513898793e+02
1.245126916975145406e+02
1.252374405076678983e+02
1.249961219813149995e+02
1.239337822671156033e+02
1.246571478935307624e+02
1.237420206185566940e+02
1.248996121981315071e+02
1.237318857870039039e+02
1.239051871093432879e+02
1.232614188532555914e+02
1.249810717142095484e+02
1.247178949208846888e+02
1.241010142999667494e+02
1.239018556701030889e+02
1.240433268545513386e+02
1.252924091233071948e+02
1.234597447226313136e+02
1.245678011404133940e+02
1.243528013582343021e+02
1.244086021505376323e+02
1.238962424242424305e+02
1.233149713010204067e+02
1.239232264334305142e+02
1.238046060606060621e+02
1.231656244989578255e+02
1.236028506640751488e+02
1.236647346938775485e+02
1.234529478458049851e+02
1.233686067019400383e+02
1.239306363476114967e+02
1.234933061224489848e+02
1.249665003563791856e+02
1.231281746031745996e+02
1.226613232751846567e+02
1.231136585365853620e+02
1.233865600000000029e+02
1.242195121951219505e+02
1.243855551563061397e+02
1.242663043478260931e+02
1.235468800000000016e+02
1.236092121212121242e+02
1.237909155178508342e+02
1.243700732472968298e+02
1.240906547775155104e+02
1.234353174603174637e+02
1.238290752688172063e+02
1.240614516129032268e+02
1.232982970297029652e+02
1.241739820200951812e+02
1.242383949645948036e+02
1.238532909742587123e+02
1.238050909090909073e+02
1.244934960798289438e+02
1.243944675685050356e+02
1.242175889500830550e+02
1.239586502316636114e+02
1.238947507953340335e+02
1.232263580688777580e+02
1.241764967925873151e+02
1.236413877551020448e+02
1.236248080808080800e+02
1.241879076326458602e+02
1.235957171717171690e+02
1.242549173878835518e+02
1.241880409126671907e+02
1.235979882067290987e+02
1.236607080572026547e+02
1.241140833988985008e+02
1.244777515517090620e+02
1.241255838090295782e+02
1.231206336633663341e+02
1.232781599999999997e+02
1.234540816326530575e+02
1.240665109842587839e+02
1.240632154006243439e+02
1.242676407697790495e+02
1.230592475247524789e+02
1.239006190941674816e+02
1.234782760730833076e+02
1.240369313267600830e+02
1.235964483545128729e+02
1.238658973686511047e+02
1.235194917929292870e+02
1.233747869145222893e+02
1.244394155381325788e+02
1.247681159420289845e+02
1.244665617623918195e+02
1.242513961448387647e+02
1.231350758990177781e+02
1.234783999999999935e+02
1.242422880310241453e+02
1.244544977707841582e+02
1.244466322166785517e+02
1.242750826409363043e+02
1.242867070563079182e+02
1.238092212447051139e+02
1.240034087130029974e+02
1.243381026708290022e+02
1.247684426229508148e+02
1.242770848182466210e+02
1.234182772607969412e+02
1.243423376169245529e+02
1.248354293927416450e+02
1.239087710685648887e+02
1.243352637205987179e+02
1.241494845360824684e+02
1.242781824488380096e+02
1.237757531584062178e+02
1.244758331099794475e+02
1.235731158605174329e+02
1.249640702858641532e+02
1.241986187603811516e+02
1.243908692933083131e+02
1.239023206056616146e+02
1.234721195564840173e+02
1.238237525773195813e+02
1.238538700703649198e+02
1.232760726337779147e+02
1.240642024976950779e+02
1.239025527736867929e+02
1.234463880790411423e+02
1.234818594104308431e+02
1.237611915734035506e+02
1.235953199149075488e+02
1.234842906234658813e+02
1.237791687121584090e+02
1.245820563079116141e+02
1.232183198860939655e+02
1.234792178039600685e+02
1.238511700212731199e+02
1.237750164581961769e+02
1.241009484536082539e+02
1.239968908525609521e+02
1.234757691371052886e+02
1.237922740524781346e+02
1.238081609748276435e+02
1.234685360824742304e+02
1.234105040993587181e+02
1.236410754778101762e+02
1.233176394187839975e+02
1.232175670103092813e+02
1.234006709212894748e+02
1.232301757734828556e+02
1.241298161894662400e+02
1.232783223525630660e+02
1.233935526100474505e+02
1.242041237113402019e+02
1.239963181148748106e+02
1.239105118237771279e+02
1.238502869897959187e+02
1.241270135309278402e+02
1.239534337544541671e+02
1.238208705357142918e+02
1.233687818877551052e+02
1.232042410714285694e+02
1.233566569484936792e+02
1.234877270495827162e+02
1.245096950467124941e+02
1.240108121699773704e+02
1.239185894288987129e+02
1.235283914252986364e+02
1.244005302908564943e+02
1.243622858998295300e+02
1.231938469031577199e+02
1.237799869088528908e+02
1.235421706307330112e+02
1.237646048109965591e+02
1.233544428080510613e+02
1.245400624349635734e+02
1.248125445473984314e+02
1.248832858161083408e+02
1.238796237244897895e+02
1.238327173389040610e+02
1.235162002945508135e+02
1.234794399999999968e+02
1.243524841915085801e+02
1.224702132682773339e+02
1.231598639455782376e+02
1.207954352687177106e+02
1.216328125000000000e+02
1.190962171052631646e+02
1.185936686197916714e+02
1.194798328780331076e+02
1.194396841397849443e+02
1.190435809710003241e+02
1.177176527176527117e+02
1.183577373737373790e+02
1.189624017957351327e+02
1.182105178771845431e+02
1.182524450857784188e+02
1.180686881188118775e+02
1.181368446368446428e+02
1.187041495901639365e+02
1.179768551658315374e+02
1.186272653061224531e+02
1.186049795918367380e+02
1.185587878787878822e+02
1.187217777777777741e+02
1.184198435972629539e+02
1.181584094917428303e+02
1.176711836734693861e+02
1.181832029977191212e+02
1.182127371273712697e+02
1.181222052845528481e+02
1.179242424242424221e+02
1.182204535729567851e+02
1.178194644861311531e+02
1.183130400000000009e+02
1.172926530612244846e+02
1.174235209235209254e+02
1.174623399347808856e+02
1.177266210492016967e+02
1.177756934423601081e+02
1.176078317259727299e+02
1.176684496379196787e+02
1.173082806784170202e+02
1.177744157656086514e+02
1.180194956031192959e+02
1.173145858585858576e+02
1.172200816326530628e+02
1.171528163265306119e+02
1.176428571428571388e+02
1.172643369175627299e+02
1.175973224306557654e+02
1.172195918367346934e+02
1.176809363476030086e+02
1.177772967772967831e+02
1.180934693877551069e+02
1.176862321250415704e+02
1.175439564899748319e+02
1.174646859083191828e+02
1.175070707070707101e+02
1.176950303030303076e+02
1.175014976465554071e+02
1.178902011125374401e+02
1.180484000000000009e+02
1.176037357704024373e+02
1.178524130190796910e+02
1.183899913718722985e+02
1.175220755946562434e+02
1.185450877192982517e+02
1.171823568136932181e+02
1.184254480286738413e+02
1.175803982883475953e+02
1.177973894246757567e+02
1.183010909090909024e+02
1.176272031925507093e+02
1.182988783433994797e+02
1.179369283865401172e+02
1.174700334919795495e+02
1.175186849991186335e+02
1.171832653061224505e+02
1.178904927824788444e+02
1.179732868757259041e+02
1.182637518883853147e+02
1.174057510589768611e+02
1.185991290983606490e+02
1.184266609145815323e+02
1.181088447336029503e+02
1.176488269794721475e+02
1.178417026937146659e+02
1.179308943089430954e+02
1.179254599914420254e+02
1.181375199999999950e+02
1.179157340355497041e+02
1.183065600000000046e+02
1.183750435995814456e+02
1.184006039689387393e+02
1.183574633304572927e+02
1.180251810401580030e+02
1.185697132616487437e+02
1.181763589301121726e+02
1.182477836879432687e+02
1.181347755102040793e+02
1.181391716997411550e+02
1.181400816326530645e+02
1.181938775510204067e+02
1.181995102040816334e+02
1.180130208333333286e+02
1.188336668116572383e+02
1.179716678984971736e+02
