9.967240976066111102e+01
9.949536403708769683e+01
9.922558635394456417e+01
9.941394527802295045e+01
9.947035256410256920e+01
9.925381414701803351e+01
9.952491522924960066e+01
9.949798886138613341e+01
9.957301005691120110e+01
9.948339294839038871e+01
9.939683342972816149e+01
9.941382582670267709e+01
9.911541889483065404e+01
9.984910584081663387e+01
9.973580464842601145e+01
9.973940864960282227e+01
1.005889643463497407e+02
9.924089068825911397e+01
9.913992869875222880e+01
9.903928995840760763e+01
9.915865888340069034e+01
9.914398004685965304e+01
9.974119692798144854e+01
9.976691729323307811e+01
9.937956881781839513e+01
9.964343761236965236e+01
9.949822668834048045e+01
9.985670057496682261e+01
9.938013801380138545e+01
9.957435897435897232e+01
9.953785921227782296e+01
9.927812781278127829e+01
9.881762527397778229e+01
9.945821705426357084e+01
9.914401440144014543e+01
9.900054263565891688e+01
9.894676923076923458e+01
9.907426356589147076e+01
9.939345011424219933e+01
9.951476000313209624e+01
9.910869230769230853e+01
9.937806201550387186e+01
9.934014564247122792e+01
9.944828126223474385e+01
9.900000000000000000e+01
9.888469230769230478e+01
9.950060929169839596e+01
9.873579588728104284e+01
9.962520944402132272e+01
9.912856171113294579e+01
9.911624215856700459e+01
9.912862159789288796e+01
9.907913234071499176e+01
9.898892307692307213e+01
9.906627906976744669e+01
9.908910891089108475e+01
9.915584611896304068e+01
9.918081125580002322e+01
9.922976744186046005e+01
9.900597082609024824e+01
9.899347434743474139e+01
9.933465116279069207e+01
9.871888804265041983e+01
9.821374045801526620e+01
9.783305407463822689e+01
9.758012185833968033e+01
9.767724116161616621e+01
9.736039603960395539e+01
9.689947209653091420e+01
9.716984006092917525e+01
9.691111957349581019e+01
9.679449777038772140e+01
9.718015624999999602e+01
9.709337395277989913e+01
9.717471439451637139e+01
9.691785272277228103e+01
9.662213799504949918e+01
9.688281250000000000e+01
9.709898437500000057e+01
9.700476562500000455e+01
9.690273437499999432e+01
9.653742187500000682e+01
9.695446153846154402e+01
9.658007692307691627e+01
9.714651162790697470e+01
9.654992248062015392e+01
9.699639808942134778e+01
9.691161538461538782e+01
9.683661538461538498e+01
9.722844961240309658e+01
9.646832667762900826e+01
9.720940170940170333e+01
9.699750000000000227e+01
9.667015384615385187e+01
9.676335877862595680e+01
9.680465648854962524e+01
9.739636479591837315e+01
9.682726489703233597e+01
9.705005941770647837e+01
9.726620046620045912e+01
9.734263898830828055e+01
9.747426356589147645e+01
9.724899999999999523e+01
9.737476923076923185e+01
9.834565958562811261e+01
9.782227221597300115e+01
9.720421874999999545e+01
9.699666666666666970e+01
9.732425196850394400e+01
9.768162242580847021e+01
9.753388594673420187e+01
9.705396946564884786e+01
9.753643410852713203e+01
9.735236779491903292e+01
9.752650536371466217e+01
9.717551181102362534e+01
9.725897435897435628e+01
9.730488549618320349e+01
9.733775252525252597e+01
9.725197636042673821e+01
9.729038759689922244e+01
9.741445707070707272e+01
9.751014077785731615e+01
9.723812499999999659e+01
9.739930069930069578e+01
9.729314546839299283e+01
9.734979718444284913e+01
9.737642045454545325e+01
9.692086824067021666e+01
9.691976562499999659e+01
9.726491477272726627e+01
9.721974057870903607e+01
9.710774410774411081e+01
9.718674790555978404e+01
9.728669291338582070e+01
9.720861155883029880e+01
9.681568926123381402e+01
9.673169230769231319e+01
9.697048611111111427e+01
9.691465193030930436e+01
9.727208534806969453e+01
9.725125268432354630e+01
9.689554687499999375e+01
9.739632545931758045e+01
9.697578065498858280e+01
9.737153846153846359e+01
9.702543307086614277e+01
9.687204874333586702e+01
9.733452636602243047e+01
9.714383298794996335e+01
9.714428904428903877e+01
9.747869318181818699e+01
9.719817330570266734e+01
9.720469721390743700e+01
9.663259710586443418e+01
9.728356589147286115e+01
9.713125984251968248e+01
9.686084615384615404e+01
9.738852713178295062e+01
9.711747395211962441e+01
9.706426356589147986e+01
9.756813953488372704e+01
9.728966152429195802e+01
9.756541982323231821e+01
9.677085271317830006e+01
9.709314546839298998e+01
9.714015151515151558e+01
9.741984496124031523e+01
9.698004569687738297e+01
9.682292460015231939e+01
9.695276923076923481e+01
9.749368318756073393e+01
9.698499999999999943e+01
9.736097408190431679e+01
9.723158482142856940e+01
9.766318495902298480e+01
9.759293724648055957e+01
9.714100000000000534e+01
9.726016755521706614e+01
9.857743442328423100e+01
9.697143945163746537e+01
9.754356589147286627e+01
9.727977797779777802e+01
9.762054687500000227e+01
9.726097800619756129e+01
9.741437632135306046e+01
9.687156249999999602e+01
9.743549006063396689e+01
9.716793307237701072e+01
9.709346153846153982e+01
9.731568040524982166e+01
9.760875000000000057e+01
9.771828125000000398e+01
9.733914699162224338e+01
9.749220968608489102e+01
9.746534653465346310e+01
9.733557800224467371e+01
9.750945312499999318e+01
9.691431835491241031e+01
9.696656511805026923e+01
9.736790697674418027e+01
9.688231148696264938e+01
9.731054263565891915e+01
9.721374045801526620e+01
9.724875278225496800e+01
9.719310768286131008e+01
9.742882812499999545e+01
9.737223187967651938e+01
9.744356589147287195e+01
9.757533195179982499e+01
9.732803745490828362e+01
