5.467539580658964837e+01
5.460335747202106660e+01
5.489922346850733703e+01
5.465806729939603059e+01
5.480797872340425414e+01
5.479551337359792740e+01
5.464766795036371150e+01
5.484072476272648800e+01
5.488826574633304745e+01
5.489991371872303461e+01
5.488265746333046025e+01
5.449596774193548043e+01
5.438602699144173869e+01
5.458930112165660375e+01
5.429672131147540881e+01
5.451726837755546029e+01
5.464745378444366963e+01
5.477670405522001573e+01
5.452715602369980274e+01
5.468297731412485518e+01
5.515507534359993258e+01
5.506864000000000203e+01
5.472514823857690658e+01
5.467842968075927246e+01
5.489455782312925436e+01
5.496436583261431963e+01
5.475421120829284405e+01
5.483885594698291044e+01
5.506829268292683111e+01
5.474904000000000082e+01
5.528073075250108559e+01
5.497764245324054144e+01
5.477615974886641226e+01
5.447318802975263452e+01
5.426109491415613917e+01
5.461508704061895259e+01
5.489638973466724536e+01
5.464236734693877651e+01
5.484051273107778002e+01
5.447733595156275754e+01
5.465523373983739930e+01
5.462975206611569945e+01
5.487560645828362027e+01
5.500914581535806747e+01
5.472555102040816166e+01
5.500215703192407091e+01
5.468085668958222811e+01
5.459975757575757882e+01
5.451791171477079700e+01
5.448264736658528307e+01
5.490243902439024737e+01
5.465839175257732308e+01
5.440955102040816627e+01
5.477659574468085424e+01
5.458714125380792126e+01
5.484779982743744853e+01
5.465903125745645497e+01
5.485025466893038981e+01
5.461041523678792231e+01
5.457118169848584444e+01
5.421752510528020963e+01
5.480877439774925364e+01
5.476598521096128991e+01
5.445697089471793362e+01
5.501978195885352818e+01
5.490891506945665412e+01
5.478181818181818130e+01
5.472739291380221971e+01
5.436761377923057381e+01
5.464796905222436862e+01
5.452637594513803521e+01
5.447039143526262706e+01
5.489505020883319730e+01
5.498605399606650934e+01
5.459417509591907702e+01
5.524888253173610053e+01
5.480717525773195575e+01
5.510003575898444694e+01
5.492872340425532229e+01
5.473583838383838440e+01
5.501925443995076392e+01
5.514210526315789451e+01
5.479401048609259561e+01
5.444906122448979602e+01
5.444604081632652992e+01
5.469982078853046659e+01
5.481166708574302504e+01
5.498041415012941968e+01
5.484439634439634403e+01
5.488961616161616064e+01
5.464261026991441383e+01
5.461292255027813525e+01
5.495592640136927542e+01
5.483882657463330190e+01
5.520269682470639339e+01
5.498117244330337883e+01
5.486594171378860096e+01
5.495504745470233132e+01
5.492213114754098058e+01
5.495816256830600821e+01
5.477038938810440527e+01
5.533862847222222570e+01
5.487197175002052774e+01
5.500413223140495944e+01
5.503185483870967687e+01
5.510284254231874712e+01
5.514495999999999754e+01
5.543566768160069813e+01
5.519537601626016254e+01
5.525216000000000349e+01
5.538162878787878896e+01
5.520755853994490536e+01
5.508548553719008112e+01
5.491382575757575779e+01
5.522501340961916583e+01
5.483962576585527415e+01
5.454306451612903572e+01
5.495081300813008340e+01
5.514911290322580584e+01
5.527790373212417308e+01
5.505182539682540011e+01
5.517759986225895119e+01
5.513214531680440444e+01
5.503048387096774263e+01
5.507959677419354705e+01
5.510213136146150248e+01
5.536009297335955637e+01
5.511996520226185226e+01
5.514213154269972250e+01
5.534841235319704111e+01
5.505259986225895119e+01
5.493948002754820692e+01
5.499573727707699078e+01
5.526350666562719027e+01
5.508342757720748040e+01
5.548491006246707258e+01
5.555285177595628454e+01
5.565053265400648286e+01
5.551235139725181256e+01
5.548271255696998594e+01
5.509267769607843235e+01
5.522277002427184556e+01
5.517437504777922186e+01
5.516854888613861618e+01
5.506895497286140539e+01
5.536142511888984075e+01
5.523700007796055189e+01
5.502725027018681203e+01
5.485286398023776400e+01
5.502553995236922191e+01
5.487559345876560712e+01
5.511896658415841443e+01
5.496728902165795461e+01
5.498510112706500053e+01
5.501121656600517440e+01
5.512354473039215463e+01
5.476476767676767565e+01
5.483341052956615869e+01
5.488688524590163809e+01
5.485747967479674969e+01
5.520357770812628928e+01
5.471706495098039369e+01
5.477598566308243733e+01
5.513920000000000243e+01
5.504757812500000114e+01
5.513464288402197866e+01
5.497801776960784537e+01
5.505962846877149985e+01
5.516161151960784537e+01
5.518777214964898548e+01
5.490694214876032930e+01
5.481625306372549034e+01
5.490979097909791307e+01
5.486749999999999972e+01
5.526470588235294201e+01
5.500964952910297967e+01
5.503087849312953495e+01
5.506469044310637884e+01
5.500432298903813688e+01
5.504136029411764497e+01
5.495100121359223522e+01
5.512676164215686470e+01
5.517598042963076210e+01
5.536977295313813840e+01
5.504847058823529693e+01
5.514362767760825790e+01
5.532239173986747005e+01
5.552735398366466057e+01
5.518704647213215964e+01
5.510412048008561925e+01
5.533885776532835621e+01
5.508420303605313251e+01
5.497278495527864806e+01
5.510029269972451971e+01
5.506921487603305820e+01
5.524548542821383990e+01
5.509320022911381898e+01
5.514702044367115974e+01
5.521614035087718975e+01
5.508971631205673702e+01
5.509900990099009732e+01
5.497198929527208122e+01
5.517847222222222570e+01
5.517567448031844179e+01
5.513210526315789650e+01
5.517930119416187296e+01
5.508136953551912285e+01
5.515421052631578647e+01
5.507596491228070335e+01
5.512100840336134411e+01
5.525112781954886998e+01
5.482773887144811908e+01
5.491560283687942956e+01
5.495709219858156303e+01
5.505342768686421806e+01
5.491245614035087641e+01
5.524640058319664604e+01
5.533537234042552910e+01
5.519273049645389762e+01
5.514008196721311350e+01
5.499388774104683364e+01
5.510672993960310606e+01
5.508617021276595693e+01
5.493863636363636260e+01
5.494385964912280684e+01
5.465425531914893753e+01
5.481155015197568048e+01
5.454896068119208508e+01
5.466892563477003364e+01
5.478666305231769940e+01
5.506464282791915821e+01
5.510764705882353098e+01
5.529561403508771633e+01
5.515496521189120926e+01
5.502154255319148746e+01
5.498198924731183013e+01
5.513951157280845905e+01
5.539538910151266293e+01
5.523484042553191387e+01
5.506666666666666998e+01
5.520567375886524530e+01
5.498147646155236146e+01
5.489867021276595693e+01
5.477027519591762683e+01
5.485586408476434173e+01
5.506515400036450103e+01
5.490930851063829721e+01
5.490541748614339213e+01
5.522745614035087414e+01
5.513749329519041709e+01
5.491649712516585424e+01
5.492338637582692940e+01
5.496214327315084347e+01
5.493166666666666487e+01
5.485566458519179633e+01
5.499587628865979383e+01
5.493119227889175704e+01
5.499166666666666714e+01
5.485983143768922332e+01
5.520807017543859985e+01
5.512870179063360609e+01
5.525407860585836062e+01
5.506475694444444713e+01
5.515421062041838240e+01
5.494684645498042386e+01
5.522402482269503565e+01
5.513067375886524957e+01
5.521666666666666856e+01
5.531328594860579528e+01
5.494840516851902379e+01
5.486144781144781035e+01
5.505330781848004307e+01
5.506840155417005178e+01
5.502502936658534338e+01
5.497749252681554566e+01
5.501037234042553337e+01
5.502493900786120662e+01
5.487991325562482814e+01
5.498870056497175085e+01
5.530207763805358212e+01
5.545007680491551127e+01
5.510002710761724387e+01
5.491908781042038612e+01
5.481279640569098888e+01
5.492436974789915638e+01
5.504603969247273199e+01
5.502132156970866816e+01
5.512866776016037562e+01
5.515894736842105317e+01
5.493073476702508628e+01
5.513598987982289401e+01
5.502927622661967888e+01
5.503939640372277609e+01
5.490647872052046807e+01
5.510147284720339655e+01
5.521803560133730571e+01
5.498019528371407461e+01
5.531833378512695276e+01
5.514077060931899865e+01
5.533699963937973365e+01
5.501899068049938535e+01
5.517068762989066499e+01
5.461386979034038092e+01
5.483378136200716568e+01
5.507070175438596493e+01
5.512039007092198517e+01
5.502122662026967959e+01
5.501707491507241343e+01
5.465769164808780545e+01
5.510035460992907730e+01
5.494276419905046538e+01
5.500913120567376069e+01
5.492368421052631788e+01
5.499651349901662911e+01
5.508600793364587389e+01
5.514489683124539710e+01
5.497661313045928466e+01
5.504464912280701583e+01
5.495888928957807451e+01
5.431466666666666754e+01
5.462498938969527273e+01
5.511153635866593703e+01
5.456887755102040671e+01
5.476944444444444571e+01
5.520277361319340059e+01
5.485183160196828567e+01
5.445174433409727754e+01
5.516497789240973049e+01
5.495691928960787465e+01
5.504908333333333559e+01
5.508550000000000324e+01
5.494839240043843631e+01
5.496026024265869836e+01
5.446189164370982638e+01
5.469829222011384928e+01
5.487313829787233743e+01
5.481729465979940130e+01
5.523245853836340302e+01
5.537561509021323047e+01
5.461889862327910095e+01
5.461154784494443248e+01
5.479090991235203489e+01
5.524021097800822133e+01
5.524140350877193129e+01
5.469314177283816747e+01
5.469219298245614169e+01
5.463504111321947931e+01
5.522295726801358740e+01
5.484114936297099518e+01
5.463758333333333184e+01
5.506374038977293139e+01
5.495562238017131307e+01
5.487080778939776593e+01
5.517065602836879634e+01
5.490935466854229219e+01
5.477285249186075333e+01
5.501584377302874174e+01
5.448813131313131208e+01
5.504156148575550134e+01
5.503245127838369655e+01
5.486518073294932663e+01
5.514086925092617975e+01
5.534946808510638050e+01
5.525651540003644868e+01
5.457474747474747545e+01
5.508571428571428896e+01
5.527836879432624073e+01
5.517293906810035509e+01
5.507328092527333752e+01
5.509695491099665787e+01
5.525523049645389762e+01
5.495868794326241158e+01
5.514769503546099116e+01
5.529014033169309528e+01
5.534691088026244188e+01
5.550765445598688075e+01
5.522863131036996265e+01
5.532194277382905057e+01
5.490060266530854705e+01
5.504641117544343132e+01
5.506093220338983230e+01
5.477533670033670177e+01
5.508786428882122976e+01
5.476066666666666549e+01
5.482057377049180502e+01
5.479388930628599752e+01
5.556981941712855644e+01
5.514879147137211390e+01
5.501312056737588563e+01
5.437884297520660937e+01
5.469345726262073981e+01
5.453927304964538791e+01
5.444348061805366967e+01
5.492301436703714046e+01
5.499707709170624526e+01
5.467224999999999824e+01
5.490542733501622763e+01
5.470771278808553006e+01
5.498846015146051514e+01
5.479581967213114524e+01
5.479458333333333542e+01
5.510470202296336595e+01
5.491406810035842057e+01
5.497964912280701810e+01
5.467896039603960645e+01
5.498725941989699351e+01
5.490017921146953483e+01
5.446721311475409522e+01
5.479999999999999716e+01
5.506250000000000000e+01
5.495536279027739823e+01
5.537544049878015784e+01
5.522192102647510836e+01
5.510375939849623705e+01
5.489727272727272833e+01
5.451422764227642404e+01
5.486654016445287851e+01
5.465906508683655574e+01
5.495191599115696590e+01
5.402078158635535488e+01
5.464199873497786086e+01
5.474149122807017420e+01
5.451775548929249027e+01
5.479148936170212636e+01
5.482686170212765830e+01
5.451233396584440527e+01
5.421578512396694549e+01
5.476526315789473642e+01
5.483597594313832957e+01
5.449888085399449267e+01
5.492133023422135096e+01
5.548614339352762670e+01
5.503532786885246253e+01
5.524352056612118389e+01
5.495245614035087556e+01
5.472179510101913280e+01
5.479125692830323402e+01
5.528446272125871275e+01
5.500616842481673530e+01
5.502125000000000199e+01
5.534516359735383162e+01
5.509879606653800010e+01
5.522752394988945923e+01
5.500707885304659328e+01
5.511389236545682024e+01
5.501006944444444713e+01
5.518272841051314259e+01
5.504849290780141757e+01
5.508192982456140641e+01
5.503143484874091484e+01
5.527427141069193794e+01
5.521866618988021003e+01
5.518716191849981811e+01
5.526126938333934646e+01
5.503431899641577019e+01
5.536808510638297776e+01
5.485041666666666771e+01
5.527207011836993189e+01
5.468279432985315225e+01
5.541917412126140619e+01
5.473066115702479095e+01
5.511657801418439817e+01
5.540664893617021391e+01
5.532650709219858243e+01
5.528011253736592323e+01
5.514708333333333456e+01
5.538977293044877825e+01
5.500527511767570132e+01
5.487223276407337380e+01
5.503767730496453936e+01
5.532782048989808743e+01
5.511819329246303312e+01
5.527175811046778620e+01
5.523656689505950368e+01
5.513382127044366143e+01
5.504680581910183435e+01
5.532084748793134565e+01
5.525718085106382915e+01
5.486298390604610375e+01
5.519140350877192702e+01
5.501471631205673418e+01
5.511053795136329825e+01
5.468191666666666606e+01
5.470180327868852288e+01
5.525201238390092584e+01
5.483772401433692067e+01
5.439808333333333223e+01
5.477048884069756696e+01
5.447590213566811457e+01
5.460726217689467177e+01
5.511236559139784674e+01
5.502794807068157468e+01
5.513571880365049083e+01
5.479768595041322499e+01
5.547275684467335566e+01
5.522016806722689353e+01
5.543005319148936394e+01
5.540984626321869655e+01
5.527195340501791776e+01
5.521746453900708929e+01
5.508841797588600997e+01
5.545486581729466025e+01
5.582508960573476742e+01
5.565474910394264896e+01
5.539238351254480364e+01
5.510280797101449224e+01
5.533031475294531276e+01
5.507078853046594702e+01
5.532411674347158481e+01
5.510115248226950513e+01
5.508777173913043157e+01
5.530089455136893406e+01
5.496507597973873516e+01
5.527629134150873114e+01
5.529739913610881530e+01
5.509388271437607187e+01
5.493020613536763364e+01
5.506776904310110865e+01
5.470035842293906825e+01
5.510824975151351168e+01
5.512137780207763882e+01
5.518507121505187030e+01
5.491897163120567171e+01
5.527096370463078756e+01
5.516829403095062645e+01
5.475284552845528196e+01
5.546808510638297918e+01
5.487978723404255277e+01
5.522632978723404307e+01
5.517939727857083199e+01
5.503723451524037813e+01
5.495841670291431313e+01
5.493532608695652186e+01
5.465427030507928663e+01
5.490349402919062527e+01
5.455096774193548725e+01
5.498372966207760015e+01
5.478704918032786964e+01
5.483639344262294912e+01
5.492421311763671810e+01
5.474673803947808892e+01
5.485005795661533057e+01
5.476795081967213008e+01
5.472365853658536849e+01
5.489364420312998760e+01
5.484988821462791719e+01
5.494881826892366661e+01
5.520127410468319340e+01
5.513970458941445685e+01
5.492549910728777718e+01
5.483828382838283488e+01
5.530212149612336958e+01
5.493940594059405669e+01
5.567298245614035324e+01
5.529991869918698910e+01
5.527666913032766871e+01
5.522386466288905638e+01
5.518203551912568372e+01
5.521568140420599491e+01
5.513954889807162374e+01
5.497437446074201972e+01
5.543051747014595065e+01
5.534727996461742805e+01
5.508154121863799446e+01
5.521175438596490892e+01
5.515861788617885964e+01
5.524445411048282040e+01
5.501072695035460924e+01
5.521932624113475185e+01
5.524104609929077725e+01
5.488560400755523006e+01
5.477720292354438669e+01
5.477465714051079715e+01
5.441316389703486323e+01
5.478343399482312037e+01
5.495762411347517684e+01
5.478983382209188591e+01
5.452346014492753312e+01
5.443877551020408134e+01
5.475921985815602966e+01
5.468210101010100743e+01
5.465609170887763213e+01
5.466927254772876665e+01
5.456171971162299883e+01
5.459344174886697232e+01
5.437561094819159280e+01
5.449853372434017729e+01
5.447702834799608951e+01
5.449226464779459889e+01
5.422735418703160803e+01
5.424825490679149453e+01
5.430674747474747477e+01
5.424835418038183121e+01
5.438293754187449025e+01
5.663071236559139976e+01
5.597677968825325223e+01
5.643387433713643020e+01
5.623429099462365599e+01
5.495843935538592007e+01
5.469490586932447229e+01
5.552196293754289513e+01
5.539817654372151168e+01
5.565983737244897611e+01
5.537781894329896915e+01
5.556568877551020336e+01
5.531070578905630697e+01
5.547816801139060061e+01
5.543348210790071562e+01
5.550027837429411903e+01
5.535314078282828376e+01
5.546946022727272663e+01
5.523992187500000028e+01
5.544828126223475095e+01
5.554374337221633340e+01
5.538388888888889028e+01
5.520129414516254940e+01
5.499055118110236151e+01
5.537357954545454675e+01
5.528946465339738836e+01
5.517612403100775254e+01
5.540516707920792072e+01
5.521973705307038927e+01
5.516761805915931660e+01
5.508952380952381134e+01
5.500795524084273325e+01
5.505008000000000123e+01
5.498023809523809291e+01
5.530718749999999773e+01
5.526864170792079278e+01
5.529157246433305062e+01
5.509137561274509665e+01
5.545271692523583340e+01
5.502360000000000184e+01
5.539315257352941302e+01
5.529984251968503628e+01
5.545555555555555571e+01
5.569897637795275358e+01
5.506551181102361880e+01
5.552219987623762165e+01
5.490384000000000242e+01
5.489249239884618703e+01
5.538738598269275570e+01
5.507015748031496116e+01
5.483500000000000085e+01
5.496976562500000085e+01
5.525415139939190823e+01
5.517954315116551101e+01
5.483319185059422551e+01
5.484238095238094957e+01
5.471226562500000057e+01
5.502656249999999716e+01
5.508605010295126903e+01
5.472029702970296938e+01
5.465514868893815503e+01
5.455190476190476545e+01
5.482249504950495123e+01
5.505064000000000135e+01
5.513203960396039349e+01
5.481187878787878986e+01
5.492016839479223478e+01
5.485904732205504075e+01
5.475015873015873069e+01
5.491468131188118917e+01
5.478860028860028564e+01
5.462430810010135218e+01
5.459748276414943291e+01
