4.810276269562439921e+01
4.718835899983440640e+01
4.780944881889763565e+01
4.822809917355371567e+01
4.801177671885636755e+01
4.800425843369485790e+01
4.778555712714128845e+01
4.775427506820147983e+01
4.728325339458218224e+01
4.750142954390742034e+01
4.735200746965453078e+01
4.735775928494375364e+01
4.767462887989204035e+01
4.759676535087719174e+01
4.755655236576289013e+01
4.719135414044802701e+01
4.764361665637648002e+01
4.713933747412008302e+01
4.756861413043478137e+01
4.758949565217391608e+01
4.694074647402820943e+01
4.665106853352984473e+01
4.786187148126577284e+01
4.835677343253788507e+01
5.048508230452674894e+01
5.297159090909090651e+01
5.079462796129462987e+01
5.154629629629629761e+01
5.101574675324675212e+01
5.121859131859131509e+01
5.127324185248713206e+01
5.129693643512450763e+01
5.076996885784024727e+01
5.096151885830784778e+01
5.106616097766540463e+01
5.172955974842767546e+01
5.083639299677035694e+01
4.954584574644157868e+01
4.819929554390563453e+01
4.754970664928291768e+01
4.822376140808344047e+01
4.825484126984127187e+01
4.896992659246981106e+01
4.963373786407767341e+01
4.976290322580645409e+01
5.019535423925668027e+01
4.971970427515268653e+01
4.950168970814132052e+01
4.891919671094244393e+01
4.906623076923077065e+01
4.922738772928526174e+01
4.898031309297912372e+01
4.925015812776723578e+01
4.902176636392107412e+01
4.916963106796116278e+01
4.876809144329067180e+01
4.881091450046977798e+01
4.856009615384615330e+01
4.883533980582524237e+01
4.821671410499683930e+01
4.864605825242718140e+01
4.846500156592546205e+01
4.844981208894456870e+01
4.814968914395026189e+01
4.855172688206270948e+01
4.831627275630788887e+01
4.834757266049185631e+01
4.811567046173308171e+01
4.808230550284630311e+01
4.802629443272196141e+01
4.846805512057625975e+01
4.858594620404265640e+01
4.878737593052109389e+01
4.896078431372549034e+01
4.884632552207875023e+01
4.882148449733792717e+01
4.881421487603305565e+01
4.909360769101029121e+01
4.931447124304267504e+01
4.818223983808399424e+01
4.929120967741935289e+01
4.880083371931449676e+01
4.830053667262969697e+01
4.803524195397905316e+01
4.821213476446034463e+01
4.795383147386964140e+01
4.792512820512820326e+01
4.816007950462503118e+01
4.913833009708737620e+01
5.023913725490196214e+01
4.989068114058558479e+01
4.941816374894885655e+01
4.902862079326923350e+01
4.801848539057841236e+01
4.811926058437686038e+01
4.801520618556700981e+01
4.831683848797251102e+01
4.801209849194854229e+01
4.757638888888888573e+01
4.768135738831615100e+01
4.721161600496277799e+01
4.773161365723349547e+01
4.779116161616161662e+01
4.760569727891156333e+01
4.771134683381549024e+01
4.760866910866911184e+01
4.775181708055723817e+01
4.760989583333333286e+01
4.761103405763599739e+01
4.744092307692307742e+01
4.725021022857579567e+01
4.763351425731977429e+01
4.748851903220835169e+01
4.753262129491637467e+01
4.781369230769230683e+01
4.760667771726260611e+01
4.773465393047290917e+01
4.763938461538461411e+01
4.732038461538461860e+01
4.729553398058252611e+01
4.755902126328955859e+01
4.777461538461538737e+01
4.781882119104044193e+01
4.773358305939913038e+01
4.766935483870967971e+01
4.793036600496277799e+01
4.775305355465079771e+01
4.796516818109357416e+01
4.815780086848635477e+01
4.809971229557843486e+01
4.811213114754098541e+01
4.779966848212171726e+01
4.820634305210918313e+01
4.790028648734681127e+01
4.797380263580841842e+01
4.819093701996927592e+01
4.815811104218362004e+01
4.822475409836065552e+01
4.837713282034125228e+01
4.799565756823821516e+01
4.768855534709193478e+01
4.795719602977667506e+01
4.790244284372064243e+01
4.748425290078143490e+01
4.739180300219260999e+01
4.721403479424557048e+01
4.780235219827926585e+01
4.788104822795800430e+01
4.758064516129032029e+01
4.767284429280397262e+01
4.732101471969934181e+01
4.751985803616697979e+01
4.755489778198752759e+01
4.776272791854132294e+01
4.754989638131675633e+01
4.731623864704040017e+01
4.725767303476354186e+01
4.734693232131562013e+01
4.693391330891331137e+01
4.682626984126984127e+01
4.673374542124542330e+01
4.677310794044664988e+01
4.642205383218880854e+01
4.625929434051622025e+01
4.625045427013930777e+01
4.625003852673755489e+01
4.611460754514571647e+01
4.619453846153846399e+01
4.563139788555126586e+01
4.587306166606563096e+01
4.594013703570140450e+01
4.585490830636461368e+01
4.579301075268817556e+01
4.583668753726892930e+01
4.608559027777777573e+01
4.593166666666666487e+01
4.615975140056022497e+01
4.595080532212885061e+01
4.594365325077399120e+01
4.582708258204110763e+01
4.593330949401037344e+01
4.579800000000000182e+01
4.636214911496513480e+01
4.661883648039140837e+01
4.625089605734766707e+01
4.598301255986265801e+01
4.627184466019417641e+01
4.594081553398058304e+01
4.635555732992654043e+01
4.626243137254901683e+01
4.617227722772277332e+01
4.626778937381403978e+01
4.623078747628083818e+01
4.665331617201695735e+01
4.656443858560793814e+01
4.654248366013072058e+01
4.659294340516220956e+01
4.640487002818665729e+01
4.640907653383933962e+01
4.655401941747572891e+01
4.653875665518321370e+01
4.648636893203883602e+01
4.646497469955724569e+01
4.657359849671155416e+01
4.677472570842213173e+01
4.658455764931331800e+01
4.655866280938604973e+01
4.681310679611650727e+01
4.690658983931179904e+01
4.686141559661760425e+01
4.680408228865316289e+01
4.698371437519573846e+01
4.647652892561983151e+01
4.705884615384615444e+01
4.688015533980582461e+01
4.695090003214400554e+01
4.704235828374569195e+01
4.681193588546529583e+01
4.670392307692307554e+01
4.664106898494727460e+01
4.709816997518610293e+01
4.682690030783803081e+01
4.679801089273028936e+01
4.679061055316435613e+01
4.689793985318493696e+01
4.678459231194253931e+01
4.673999526403031268e+01
4.667803299392217298e+01
4.649832615973218708e+01
4.705273561037318331e+01
4.671279144043436560e+01
4.680972549019607953e+01
4.686446886446886140e+01
4.670476645942930105e+01
4.649673991789423155e+01
4.647233404372878596e+01
4.630336362187151167e+01
4.641218722866840096e+01
4.621985227615314784e+01
4.674752293577981987e+01
4.768904672897195951e+01
4.770708320445406514e+01
4.761061743526888534e+01
4.801555078903017915e+01
4.899582431178472319e+01
5.004642990654205903e+01
5.004101765316718797e+01
4.974209523809523859e+01
4.937237735849056719e+01
4.913953134510042275e+01
4.938153846153846160e+01
4.888453846153846172e+01
4.885018610421835916e+01
4.871357098186366130e+01
4.766997518610421736e+01
4.713623551518947608e+01
4.710146153846153538e+01
4.704601518026565543e+01
4.700403225806451957e+01
4.705129037493913557e+01
4.690299091763232298e+01
4.680004743833016789e+01
4.674826083632749629e+01
4.661087995068577783e+01
4.644765970904490615e+01
4.646703036053131086e+01
4.695654556843093985e+01
4.667178202317569458e+01
4.691678224687933607e+01
4.688249345045461780e+01
4.693801965230536410e+01
4.661889172788246327e+01
4.666763261692022979e+01
4.671021359223301062e+01
4.676652051362355422e+01
4.681398058252427319e+01
4.680465079862198507e+01
4.690220795490134975e+01
4.658321568627450660e+01
4.674936748893105687e+01
4.663730693069307165e+01
4.649707196794575736e+01
4.659780578898225656e+01
4.672556691152986019e+01
4.656379750878313928e+01
4.693927893738140256e+01
4.702256458138811013e+01
4.681890769722133427e+01
4.684469817949536719e+01
4.648650980392157095e+01
4.662735547748323484e+01
4.664094932844933084e+01
4.668744127779518038e+01
4.663354700854701207e+01
4.708010521281683225e+01
4.664326375711574713e+01
4.679564290788538727e+01
4.687611650485436599e+01
4.693524667931689009e+01
4.688877669902912970e+01
4.650618540557469771e+01
4.653618683245655774e+01
4.640545538603790732e+01
4.625657688694018077e+01
4.667987033523086637e+01
4.660689437065148866e+01
4.686657101865136354e+01
4.673083054359955213e+01
4.645301960784313877e+01
4.637658127767235783e+01
4.663271162123385949e+01
4.650798545224541414e+01
4.646940227703984760e+01
4.661226691323778937e+01
4.636870588235294122e+01
4.668119030704870198e+01
4.684038461538461462e+01
4.659503478810879074e+01
4.666674637334608633e+01
4.646278317152103909e+01
4.670067334794863712e+01
4.684900353584056631e+01
4.706498590667084159e+01
4.708491461100569353e+01
4.688466443487964597e+01
4.673383850343358148e+01
4.698679633143579792e+01
4.675649942043384755e+01
4.713390290641967084e+01
4.697722960151802596e+01
4.687031723258409244e+01
4.713223338115734151e+01
4.696015455204057076e+01
4.693196053867836071e+01
4.701249797110858708e+01
4.641656020440753849e+01
4.658463749600766590e+01
4.692216050873380340e+01
4.671456170007244424e+01
4.698794314915362236e+01
4.677758995411736009e+01
4.671542638134781100e+01
4.687804878048780211e+01
4.678925553961421713e+01
4.677818588310444170e+01
4.667136936075242915e+01
4.688179949399114577e+01
4.669161485732504246e+01
4.690820683111954281e+01
4.685639009702241253e+01
4.678510436432637221e+01
4.669035451932290215e+01
4.690322580645161565e+01
4.704103415559772117e+01
4.680384120861459252e+01
4.692945958871353440e+01
4.702419354838709609e+01
4.701657898931930646e+01
4.682981658821619675e+01
4.679451296647691549e+01
4.688466443487964597e+01
4.689869281045751848e+01
4.668129032258064370e+01
4.667085705249841965e+01
4.717038266919671230e+01
4.672999999999999687e+01
4.707427955000770226e+01
4.722692491630798628e+01
4.724660025300443067e+01
4.718086439085499251e+01
4.708444022770398618e+01
4.700371600253004090e+01
4.707141718476007952e+01
4.694781783681214193e+01
4.682213592233009791e+01
4.678399999999999892e+01
4.706523474928138029e+01
4.705405825242718265e+01
4.701824172291867399e+01
4.670556451612903004e+01
4.673848000000000269e+01
4.673073170731707648e+01
4.694412561772676895e+01
4.695902439024390418e+01
4.700048000000000314e+01
4.715390807373420046e+01
4.705629348513598842e+01
4.676564516129032256e+01
4.695508910891089016e+01
4.671138211382113781e+01
4.684760082894946720e+01
4.666016260162601981e+01
4.702798387096774491e+01
4.717008774048136388e+01
4.688447058823529545e+01
4.684491803278688593e+01
4.686559139784946382e+01
4.716714490674318228e+01
4.713834951456311018e+01
4.722595186347903251e+01
4.725152684024429561e+01
4.759843774908337366e+01
4.715826783787948528e+01
4.708194477984383752e+01
4.713679059120688208e+01
4.673136321896652134e+01
4.672663607824197385e+01
4.746182050055794832e+01
4.714555277168806668e+01
4.728463334138292140e+01
4.750462851163165112e+01
4.730701118892377366e+01
4.728051865907653450e+01
4.733188524590163837e+01
4.710233870967741865e+01
4.695153305653145992e+01
4.684342063238582199e+01
4.660689108910891321e+01
4.694905780900671033e+01
4.708848186622926590e+01
4.687333213126577647e+01
4.692066354129102024e+01
4.713102282333051818e+01
4.662136015325670257e+01
4.748877669902912402e+01
4.708885436893204002e+01
4.713745126519378914e+01
4.743728468524898290e+01
4.752748334342822289e+01
4.743607271634615330e+01
4.769094488188976300e+01
4.949765111180708033e+01
4.945849146110057148e+01
4.948095467695274863e+01
4.910127081853342901e+01
4.888437499999999858e+01
4.839316504854368617e+01
4.797421602787456152e+01
4.779792057535959771e+01
4.786140147115757060e+01
4.759186882300090105e+01
4.808639999999999759e+01
4.847836893203883335e+01
4.792908737864078006e+01
