4.410025726982146921e+01
4.393084055327557280e+01
4.392324093816630892e+01
4.368476022359517685e+01
4.402272727272727337e+01
4.413694430250383505e+01
4.425762936753648802e+01
4.406017945544554237e+01
4.419692835425274779e+01
4.423264471859259572e+01
4.401402544823597651e+01
4.411606686619461470e+01
4.403097147950089152e+01
4.410814337247678196e+01
4.402736098852603419e+01
4.407200647249190695e+01
4.385500848896434434e+01
4.365500289184499394e+01
4.361274509803921262e+01
4.375044563279857357e+01
4.391932345457266962e+01
4.368551129922152398e+01
4.405948413273438291e+01
4.406699918112111902e+01
4.412742718446602197e+01
4.422617763394462287e+01
4.405896261267918135e+01
4.387151702786377427e+01
4.358970897089709240e+01
4.373706293706293735e+01
4.377182679508261032e+01
4.372007200720072007e+01
4.350094475096364732e+01
4.365403100775193934e+01
4.354057905790578786e+01
4.345589147286821685e+01
4.351253846153846183e+01
4.350069767441860336e+01
4.367509520182787242e+01
4.364521180800250733e+01
4.326607692307692332e+01
4.348217054263565728e+01
4.335079476939942111e+01
4.341813483673949037e+01
4.337961538461538424e+01
4.326615384615384841e+01
4.342201066260471976e+01
4.339634424980959437e+01
4.368644325971058606e+01
4.359708260902426247e+01
4.383538659209432353e+01
4.379945858940590853e+01
4.372299901745899575e+01
4.343753846153845899e+01
4.344728682170542555e+01
4.370693069306931022e+01
4.362277983523543412e+01
4.385675797036371648e+01
4.365255813953488229e+01
4.364227949512508786e+01
4.341524152415241389e+01
4.333271317829457558e+01
4.329870525514090218e+01
4.324511450381679367e+01
4.334653465346534773e+01
4.332604722010662357e+01
4.340909090909090651e+01
4.325864432597106202e+01
4.308634992458522106e+01
4.317768469154607658e+01
4.280441736481340342e+01
4.282049731690726446e+01
4.283273437500000114e+01
4.295376999238385451e+01
4.324287890327494210e+01
4.285457920792079278e+01
4.283810334158415856e+01
4.290880259900990268e+01
4.320125000000000171e+01
4.293093749999999886e+01
4.297304687500000142e+01
4.279335937500000142e+01
4.289946153846153720e+01
4.279576923076923123e+01
4.291914728682170477e+01
4.263620155038759663e+01
4.292443818025213176e+01
4.302730769230769425e+01
4.310423076923076735e+01
4.304162790697674268e+01
4.282859603789836456e+01
4.322804972804972579e+01
4.276121212121211812e+01
4.277407692307692599e+01
4.269946564885496088e+01
4.291977099236640925e+01
4.303802614795918657e+01
4.292553441390650448e+01
4.302124183006535674e+01
4.294693084693084728e+01
4.288530979082160144e+01
4.339666666666666828e+01
4.335615384615384471e+01
4.348807692307692463e+01
4.344313314100882906e+01
4.330837216776474463e+01
4.314109375000000313e+01
4.323263565891473093e+01
4.303614173228346118e+01
4.292005324563464086e+01
4.302640264026402406e+01
4.304755725190839399e+01
4.305860465116278846e+01
4.329679944738659714e+01
4.350160519927961644e+01
4.327165354330708880e+01
4.319564879564879334e+01
4.323847328244274735e+01
4.344412878787878896e+01
4.328014429349912007e+01
4.345472868217053986e+01
4.347924558080808310e+01
4.344086534637715857e+01
4.312484374999999659e+01
4.337645687645687786e+01
4.308865194211728777e+01
4.304135846655531594e+01
4.316193181818182012e+01
4.325376999238385167e+01
4.299328125000000256e+01
4.294460227272727337e+01
4.298288433494511906e+01
4.305575131156526680e+01
4.313884234577303545e+01
4.284992125984251743e+01
4.284127715097091027e+01
4.317692307692307452e+01
4.316076923076923322e+01
4.312042297979797922e+01
4.303039373704812220e+01
4.330739120423670130e+01
4.325697924123120686e+01
4.301242187500000114e+01
4.317728465759962120e+01
4.279718202589489806e+01
4.315853846153846263e+01
4.306023622047244004e+01
4.292993145468393124e+01
4.330104191521514423e+01
4.331974825389515615e+01
4.316208236208235860e+01
4.309367108585858830e+01
4.308074295801673514e+01
4.287412694757848186e+01
4.295582635186595866e+01
4.318767441860465084e+01
4.277535433070865878e+01
4.253776923076922856e+01
4.318604651162790731e+01
4.283973594209814451e+01
4.327914728682170420e+01
4.309248062015503677e+01
4.319487297566966078e+01
4.331171085858586167e+01
4.320108527131782949e+01
4.323587204874333878e+01
4.289741161616161946e+01
4.309279069767441683e+01
4.293297791317593237e+01
4.299314546839299567e+01
4.288538461538461632e+01
4.309863945578231181e+01
4.314753846153845984e+01
4.348351734398246293e+01
4.301985012755102389e+01
4.314398200224972157e+01
4.326230812057583819e+01
4.311599999999999966e+01
4.311081492764660794e+01
4.327398490837226319e+01
4.270807311500380621e+01
4.338542635658915003e+01
4.347592259225922362e+01
4.331109374999999773e+01
4.280704406318494648e+01
4.303155586876517447e+01
4.324921874999999716e+01
4.358139534883721211e+01
4.335098626141684264e+01
4.360861538461538345e+01
4.335367257655997975e+01
4.336320312499999829e+01
4.349023437500000000e+01
4.346839299314547134e+01
4.375654309617008408e+01
4.332343234323432313e+01
4.346264229597562689e+01
4.348359374999999716e+01
4.336648895658796476e+01
4.329512566641279392e+01
4.354953488372093062e+01
4.319591261451726893e+01
4.319596899224806208e+01
4.334216434665469109e+01
4.327055031084503867e+01
4.351922634123877742e+01
4.341890624999999915e+01
4.315607285919431746e+01
4.326961240310077272e+01
4.334361808273850869e+01
4.316532350909509574e+01
