5.466351515151514917e+01
5.480826654093981176e+01
5.498400000000000176e+01
5.497188118811881452e+01
5.507011191573403863e+01
5.489362373737373701e+01
5.490219656886323207e+01
5.527399984092897256e+01
5.493797203920938443e+01
5.489196039603960742e+01
5.526373975980275333e+01
5.516359374999999687e+01
5.497058585858585644e+01
5.484228580338348991e+01
5.503825396825396865e+01
5.488663999999999987e+01
5.522823999999999955e+01
5.497610294117647101e+01
5.471304077186429993e+01
5.534650505050505132e+01
5.498671999999999827e+01
5.493023809523809575e+01
5.480080000000000240e+01
5.508800000000000097e+01
5.514929133858267818e+01
5.525759280089988579e+01
5.507807999999999993e+01
5.461655773420478965e+01
5.520000000000000284e+01
5.520551999999999992e+01
5.525007999999999697e+01
5.500863999999999976e+01
5.503337373737373639e+01
5.486380291572464074e+01
5.497653543307086466e+01
5.508015999999999934e+01
5.488665346534653366e+01
5.485631999999999664e+01
5.504441237774570794e+01
5.496560846560846869e+01
5.515071999999999974e+01
5.533762552640103394e+01
5.533698412698412739e+01
5.503358986692320087e+01
5.498167999999999722e+01
5.524848484848484986e+01
5.532960317460317157e+01
5.515722222222222371e+01
5.526708661417323043e+01
5.522807999999999851e+01
5.535703124999999858e+01
5.542550869260154656e+01
5.523855928899976675e+01
5.533741326888594614e+01
5.539660606060606085e+01
5.535241935483870890e+01
5.539135999999999882e+01
5.499724264705882604e+01
5.499071782178217660e+01
5.508993939393939598e+01
5.521559055118110138e+01
5.526429687499999943e+01
5.528675645342312350e+01
5.483166666666666345e+01
5.501853465346534477e+01
5.508408000000000015e+01
5.502015999999999707e+01
5.499725806451613153e+01
5.501709677419354705e+01
5.518952210181647899e+01
5.533679687499999744e+01
5.515359999999999729e+01
5.501216000000000150e+01
5.503547474747474411e+01
5.503629921259842206e+01
5.507841584158416026e+01
5.503825742574257163e+01
5.486812499999999915e+01
5.497427301785296549e+01
5.508054376866257940e+01
5.515511811023622357e+01
5.476104838709677125e+01
5.499811023622046946e+01
5.486825295432769423e+01
5.468976897689768890e+01
5.505394059405940510e+01
5.541812193627450966e+01
5.500584704139705394e+01
5.482924482924482845e+01
5.511755041075429773e+01
5.555550409140033707e+01
5.498414062500000199e+01
5.541306678921568363e+01
5.533141850490196134e+01
5.537615966321041583e+01
5.516925064599482909e+01
5.525091019417475735e+01
5.501839185286517875e+01
5.492173228346456426e+01
5.482725806451612982e+01
5.464606696890161430e+01
5.502728901922450433e+01
5.492811023622046918e+01
5.481330645161290249e+01
5.463046647230320474e+01
5.485503030303030414e+01
5.508565142228508904e+01
5.467196850393700913e+01
5.461706122448979528e+01
5.496542027663778640e+01
5.507216893564356752e+01
5.498138869005011031e+01
5.539775473610352918e+01
5.527259661450015926e+01
5.492918811881187935e+01
5.527866141732283722e+01
5.527559055118110365e+01
5.550420634920634910e+01
5.521830086234430013e+01
5.514499323948142973e+01
5.538550997956938460e+01
5.479352000000000089e+01
5.474721043532924369e+01
5.483224058047031946e+01
5.504365079365079083e+01
5.511102965135223286e+01
5.514998452970296938e+01
5.495693855099795400e+01
5.556259842519685321e+01
5.505178771845438490e+01
5.489113355780022374e+01
5.510165656565656889e+01
5.486642156862745168e+01
5.459533734753743772e+01
5.490328712871286854e+01
5.514027722772276974e+01
5.479142857142856826e+01
5.502569696969696622e+01
5.513664646464646779e+01
5.479847999999999786e+01
5.482901147257582863e+01
5.452123107307438943e+01
5.500391512019419338e+01
5.519055999999999784e+01
5.481080666206155172e+01
5.500623684415685943e+01
5.541869306930693284e+01
5.503725252525252642e+01
5.519714851485148444e+01
5.470429562641303534e+01
5.483667326732673075e+01
5.502764356435643833e+01
5.479559442824749027e+01
5.493388888888888744e+01
5.515176361386138382e+01
5.468255053959568102e+01
5.493200000000000216e+01
5.466069464089265750e+01
5.489096774193548356e+01
5.480303030303030454e+01
5.459475806451612812e+01
5.478739778739778643e+01
5.490639999999999787e+01
5.521365656565656366e+01
5.506052525252525243e+01
5.497014110859905145e+01
5.496661224489795927e+01
5.499696582561482217e+01
5.471120889300602386e+01
5.511417570328461579e+01
5.498966038336116924e+01
5.485877227722772176e+01
5.489005602240896309e+01
5.524323884001303497e+01
5.497027858762552910e+01
5.480026067122841482e+01
5.458040562120728367e+01
5.497748323219418864e+01
5.465346774193548640e+01
5.467709351580319321e+01
5.467304000000000030e+01
5.464190099009901047e+01
5.489999999999999858e+01
5.500975806451612726e+01
5.479738613861385943e+01
5.468534170490219992e+01
5.501018246985989180e+01
5.486047244094488207e+01
5.498846183830981715e+01
5.506172149473011501e+01
5.488771653543307139e+01
5.471735767326732969e+01
5.513041707396546087e+01
5.481288693385467781e+01
5.468999999999999773e+01
5.507134920634920405e+01
5.515852069077875797e+01
5.512324861518409591e+01
5.492138211382113866e+01
5.502714285714285580e+01
5.525130335614206700e+01
5.525586653153504102e+01
5.557172271791352358e+01
5.494084848484848749e+01
5.523164035689773499e+01
5.495770297029702789e+01
5.500239540083040879e+01
5.485663688320051534e+01
5.485877227722772176e+01
5.472206811527200188e+01
5.482785052698818618e+01
5.494550495049504946e+01
5.487081936540110405e+01
5.479344763744666835e+01
5.515689149560117244e+01
5.503481315873522561e+01
5.478960317460317242e+01
5.493146658415841443e+01
5.510828720667342395e+01
5.507410026716957674e+01
5.496228346456693004e+01
5.495804687500000085e+01
5.502846534653465227e+01
5.539240000000000208e+01
5.560419245049504866e+01
5.598615999999999815e+01
5.524144382942230891e+01
5.543501987994074653e+01
5.578478778110369518e+01
5.567903640757776884e+01
5.545723863724955294e+01
5.555040149684259632e+01
5.528385436968893885e+01
5.553897532610403687e+01
5.552597402597402265e+01
5.533887685643564680e+01
5.544794400699912273e+01
5.532255569306930454e+01
5.561301528485410017e+01
5.578166822284469362e+01
5.544447829398324501e+01
5.551755905511811306e+01
5.555812499999999687e+01
5.544719471947194478e+01
5.555720240852246405e+01
5.560565891472868572e+01
5.587960937500000114e+01
5.534496000000000038e+01
5.518056534335604368e+01
5.562101210121011974e+01
5.588109440865346045e+01
5.589582677165354596e+01
5.565795275590551228e+01
5.564161298019566004e+01
5.539062992125984408e+01
5.551160037878787534e+01
5.567569105691056564e+01
5.584356589147287053e+01
5.563554687500000284e+01
5.533112424145640063e+01
5.566120000000000090e+01
5.582578972182932375e+01
5.601257812499999744e+01
5.573220472440944917e+01
5.523520698526545658e+01
5.553251968503936808e+01
5.530236220472441033e+01
5.538182539682539840e+01
5.532420054636027373e+01
5.530552000000000135e+01
5.528411095077761672e+01
5.536065306122448959e+01
5.536836620169953704e+01
5.528865894719553609e+01
5.533938144329896858e+01
5.525204040404040740e+01
5.526473469387754989e+01
5.497893172480112156e+01
5.485741935483871146e+01
5.487975087831363652e+01
5.522889795918367639e+01
5.518906122448979801e+01
5.531896825396825079e+01
5.506089894703755760e+01
5.502544000000000324e+01
5.483585858585858830e+01
5.476362204724409111e+01
5.503181745139000469e+01
5.513979255068363727e+01
5.501639603960396130e+01
5.511873015873015902e+01
5.527070564199276959e+01
5.522079365079365232e+01
5.508959999999999724e+01
5.513563492063492077e+01
5.535111111111110915e+01
5.509914832074561986e+01
5.504720792079207570e+01
5.504440944881889664e+01
5.510175714660372392e+01
5.519733333333333292e+01
5.500735999999999848e+01
5.522486772486772821e+01
5.478040000000000020e+01
5.516996699669967086e+01
5.497465346534653463e+01
5.520927012056043992e+01
5.506994733377221962e+01
5.544888489747043536e+01
5.533584386135406419e+01
5.527267573696145320e+01
5.573950891024061605e+01
5.531387403446227324e+01
5.548118099698896089e+01
5.534712983493471228e+01
5.544717668488160456e+01
5.560134128166914991e+01
5.565867768595041554e+01
5.538221311475410147e+01
5.515151761077746784e+01
5.551012044161927150e+01
5.509645480677099982e+01
5.516115270063591680e+01
5.528680672945343133e+01
5.536282480471863465e+01
5.531056000000000239e+01
5.524504000000000303e+01
5.510367866054897945e+01
5.553866666666666418e+01
5.539308943089430670e+01
5.534167215273205898e+01
5.509879032258064768e+01
5.517322251481237316e+01
5.527189247850404996e+01
5.508935237786073458e+01
5.558065040650406274e+01
5.493280726924916024e+01
5.520826038516631940e+01
5.503392000000000195e+01
5.495238095238094900e+01
5.481164356435643725e+01
5.507138294474609097e+01
5.538904761904761642e+01
5.483464000000000027e+01
5.489021164021163912e+01
5.485936000000000234e+01
5.495879032258064711e+01
5.504001275306870866e+01
5.500999999999999801e+01
5.511258948023653659e+01
5.498552666845349535e+01
5.507968700095815962e+01
5.546141703036493453e+01
5.528044077134985912e+01
5.552435897435897516e+01
5.495504631108271809e+01
5.531513940604849466e+01
5.489101052962438843e+01
5.497282002231786890e+01
5.496534450192987009e+01
5.492317073170731589e+01
5.502194059405940862e+01
5.542815935136820826e+01
5.512960306073649264e+01
5.516588709677419189e+01
5.514992125984252169e+01
5.494243053337591931e+01
5.516736000000000217e+01
5.594388888888888545e+01
5.579152177512833077e+01
5.521523535752784539e+01
5.500953314326443433e+01
5.518181818181817988e+01
5.525111996017919580e+01
5.525042260323593268e+01
5.499758512436609692e+01
5.497328000000000259e+01
5.547062673866797411e+01
5.556979241231209699e+01
5.530367999999999995e+01
5.546652003910068629e+01
5.533108910891088783e+01
5.541792000000000229e+01
5.535092134101793704e+01
5.543626743626743547e+01
5.512562376237623596e+01
5.555021056041464078e+01
5.516216000000000008e+01
5.523862626262626208e+01
5.525701612903225879e+01
5.514511999999999858e+01
5.511143434343434677e+01
5.515678652413346583e+01
5.536634920634920576e+01
5.533617226418126478e+01
5.504339393939393688e+01
5.470213799805636512e+01
5.482803960396039855e+01
5.465736732403399145e+01
5.493136085262069201e+01
5.487180110139293987e+01
5.533290989159891637e+01
5.554314931825739876e+01
5.548137009189640878e+01
5.567246314584227918e+01
5.553229974160206694e+01
5.562632956962853825e+01
5.535365657216495094e+01
5.518270420792079278e+01
5.461458333333333570e+01
5.470128676470588402e+01
5.465191831683168289e+01
5.476502689639042387e+01
5.464039294554455495e+01
5.479193509902171400e+01
5.450986050986050913e+01
5.505459355459355208e+01
5.546012317767209510e+01
5.594452590420332427e+01
5.599043367346938993e+01
5.599368686868687206e+01
5.581963312610330519e+01
5.581985294117647101e+01
5.616413662239089177e+01
5.605666203489269606e+01
5.572670285146395486e+01
5.592525490196078408e+01
5.589972277227722941e+01
5.534825721153845990e+01
5.552267573696145320e+01
5.543270931603773732e+01
5.555995500562429612e+01
5.493070818070818007e+01
5.535958005249344183e+01
5.534030746156730629e+01
5.550959939531367837e+01
5.551226096737907767e+01
5.557751331036642739e+01
5.545281553398058350e+01
5.572290903540903884e+01
5.545916831683168624e+01
5.560768627450980262e+01
5.542054901960784008e+01
5.527994801620670984e+01
5.565654901960784429e+01
5.563095238095237960e+01
5.583784841841528390e+01
5.572512621359223317e+01
5.571914008321775214e+01
5.549434229137199281e+01
5.522120069149772092e+01
5.540113131313131589e+01
5.556460606060606011e+01
5.571554031448645361e+01
5.556967741935483929e+01
5.565933528836754363e+01
5.565898617511520996e+01
5.542359183673469403e+01
5.545836076366030198e+01
5.555125303830357808e+01
5.525621292287959108e+01
5.496164948453608190e+01
5.518375576036866192e+01
5.470723058294412766e+01
5.511679999999999779e+01
5.519443548387096854e+01
5.517015330565314457e+01
5.569674796747967349e+01
5.563095807428662454e+01
5.562472053656978943e+01
5.533527626956244205e+01
5.541725806451612613e+01
5.552911226081958063e+01
5.555666666666666487e+01
5.558431433694550350e+01
5.561245809620331926e+01
5.546871999999999758e+01
5.540122215346534773e+01
5.528563411896745095e+01
5.553708661417322645e+01
5.560985858585858921e+01
5.541939075797343861e+01
5.569080000000000297e+01
5.574596774193548043e+01
5.543023622047243748e+01
5.565118269530034212e+01
5.615001980198019993e+01
5.594016260162601384e+01
5.573070878516423221e+01
5.573348837209302076e+01
5.564748031496063163e+01
5.569515873015873098e+01
5.576394588843289313e+01
5.597984000000000293e+01
5.584936350777935132e+01
5.559267716535433124e+01
5.554325396825397121e+01
5.565500000000000114e+01
5.552530253025302187e+01
5.562222222222222001e+01
5.566793650793650983e+01
5.571821384803921262e+01
5.559865907850627309e+01
5.549191270860077196e+01
5.560793650793650755e+01
5.568846963436501341e+01
5.516789215686274161e+01
5.498073528283060796e+01
5.492814516129032398e+01
5.539818897637795203e+01
5.515405005067435695e+01
5.558619047619047393e+01
5.552428571428571757e+01
5.533961967625334211e+01
5.541161616161615910e+01
5.507078723745390647e+01
5.518597262952101801e+01
5.535786138613861596e+01
5.477544863861385949e+01
5.495864000000000260e+01
5.497655999999999921e+01
5.508650793650793531e+01
5.511399711399711521e+01
5.540847999999999729e+01
5.501055555555555543e+01
5.514626984126984155e+01
5.538792000000000115e+01
5.494726562500000000e+01
5.499829826732673155e+01
5.513718820861677727e+01
5.525015969338869581e+01
5.497920634920635052e+01
5.497472440944881811e+01
5.512984000000000151e+01
5.499936000000000291e+01
5.501787718454384901e+01
5.498592000000000013e+01
5.525840000000000174e+01
5.535991919191918953e+01
5.544253968253968168e+01
5.505928000000000111e+01
5.507150793650793474e+01
5.540285714285714391e+01
5.557999999999999829e+01
5.532483168316831978e+01
5.536341463414634489e+01
5.529103174603174864e+01
5.512357142857143089e+01
5.529739960500329232e+01
5.538650793650793958e+01
5.529928571428571615e+01
5.547119191919191650e+01
5.515079933190169470e+01
5.534257735352205287e+01
5.558111999999999853e+01
5.523335719398711774e+01
5.507007812500000199e+01
5.506834645669291461e+01
5.511991935483870719e+01
5.533301587301587432e+01
5.535495999999999839e+01
5.543010752688172005e+01
5.552585937500000313e+01
5.541889763779527556e+01
5.548603174603174892e+01
5.550746031746031406e+01
5.574772277227722839e+01
5.549983966650633249e+01
5.536500000000000199e+01
5.547730430754979380e+01
5.562479207920792135e+01
5.541819896275341506e+01
5.549620977722772608e+01
5.540824142156862564e+01
5.564424000000000348e+01
5.553093750000000028e+01
5.580760000000000076e+01
5.595111111111111057e+01
5.569850505050504808e+01
5.562951999999999941e+01
5.604072181411689257e+01
5.558738613555658503e+01
5.576431999999999789e+01
5.571699411359988119e+01
5.569687162891046484e+01
5.594511347846225391e+01
5.582244866450517407e+01
5.564488017429194144e+01
5.564250505050505069e+01
5.535383999999999816e+01
5.534952380952380935e+01
5.542787878787878952e+01
5.493697941222693970e+01
5.509237536656891621e+01
5.506027031274555839e+01
5.545812968393613573e+01
5.538351020408163095e+01
5.527574128380580021e+01
5.551975999999999800e+01
5.534394153701084207e+01
5.563799999999999812e+01
5.549087301587301368e+01
5.514103174603174295e+01
5.511689475399153082e+01
5.566704000000000008e+01
5.504322834645669360e+01
5.524674160964483605e+01
5.546814923427826471e+01
5.540365079365079026e+01
5.547862626262626407e+01
5.511054545454545206e+01
5.552647999999999939e+01
5.521968253968253748e+01
5.539703486477679917e+01
5.515488188976377870e+01
5.535439999999999827e+01
5.561656244989578113e+01
5.510928571428571132e+01
5.511182539682539527e+01
5.514097123998114114e+01
5.494796039603960480e+01
5.526233725734778091e+01
5.519344000000000250e+01
5.517697045295080471e+01
5.504086614173228043e+01
5.552334918531223451e+01
5.524095238095237903e+01
