4.767826672653794162e+01
4.756526806526806439e+01
4.833238636363636687e+01
4.846982248520710357e+01
4.766214034057545490e+01
4.735314685314685335e+01
4.809189665296535310e+01
4.779479258605471870e+01
4.779471635982637423e+01
4.764698398443346861e+01
4.765106951871657515e+01
4.778787878787878896e+01
4.774883999401287582e+01
4.783220929370784802e+01
4.793930186022382145e+01
4.789577817005001492e+01
4.790037707390648336e+01
4.764791115033833790e+01
4.750764930862018076e+01
4.752294792586054939e+01
4.738687782805429549e+01
4.741674093879976226e+01
4.734803921568627771e+01
4.761898762321203549e+01
4.756891732862606403e+01
4.745595662507427193e+01
4.763830921553693543e+01
4.769191432594679014e+01
4.787533097969991047e+01
4.739393177436929250e+01
4.740362254025044564e+01
4.710722556739231237e+01
4.689153519417475735e+01
4.735010435301133214e+01
4.694393491124260009e+01
4.736336268533153060e+01
4.739743589743589780e+01
4.742575449687664957e+01
4.699525122549019329e+01
4.712806372549019329e+01
4.725849731663684850e+01
4.709105029585798974e+01
4.709230769230769198e+01
4.713538461538461632e+01
4.719975537038452984e+01
4.800446910155648084e+01
4.832971271153089532e+01
4.818196811434854254e+01
4.857132926546690044e+01
5.190125300804912456e+01
5.259765563123713150e+01
5.151948561122873116e+01
5.485542452830188864e+01
5.518683735176313832e+01
5.856353914890500079e+01
5.847478005865102801e+01
5.824546878496308011e+01
5.539487870619946364e+01
5.714853372434017587e+01
5.049983873568779558e+01
4.858677685950413405e+01
4.713642021409011562e+01
4.750202966432474483e+01
4.756019417475727806e+01
4.754480689913760472e+01
4.751725997842502380e+01
4.757457156090782746e+01
4.752519914215686470e+01
4.767705275833521483e+01
4.773934911242603363e+01
4.766838103756708733e+01
4.738357843137254832e+01
4.755598958333333570e+01
4.745576835385316627e+01
4.738068095455236062e+01
4.736164122137404320e+01
4.770329508679023434e+01
4.803577296489918069e+01
4.807843137254901933e+01
4.829237382346401830e+01
4.912261904761904674e+01
4.911501120238984441e+01
4.886031311749506045e+01
4.938122171945701666e+01
4.857390648567119484e+01
4.839910380881254781e+01
4.905025474756831727e+01
4.797189349112426271e+01
4.783009708737863974e+01
4.737764239577216330e+01
4.728985181859003006e+01
4.699525679982212978e+01
4.689563106796116188e+01
4.703446226975638922e+01
4.715760546642899698e+01
4.714861853832442051e+01
4.686255839022637559e+01
4.711572392319667557e+01
4.707835008080949990e+01
4.727827635327635392e+01
4.740923951670220049e+01
4.738895877009084501e+01
4.726769754575116878e+01
4.735329811536264799e+01
4.753097957770854975e+01
4.753215810494422300e+01
4.743946474086661169e+01
4.761569812381420519e+01
4.770458877995642410e+01
4.781790123456789843e+01
4.770185185185184906e+01
4.780101781170483122e+01
4.796010601199609624e+01
4.800697799248523978e+01
4.735193810096154010e+01
4.738355654761905100e+01
4.784991511035653389e+01
4.747317487266553826e+01
4.709122023809523938e+01
4.734748250169338490e+01
4.750908319185059270e+01
4.765427092320966551e+01
4.776194995685936107e+01
4.757618636755824326e+01
4.753226085452343597e+01
4.679059575100282586e+01
4.730319148936170137e+01
4.722363281250000000e+01
4.760254621555633037e+01
4.780223229856993328e+01
4.780855798031664250e+01
4.735875515560555016e+01
4.768733783082511479e+01
4.743927922471229408e+01
4.739622641509433976e+01
4.762010159651669028e+01
4.730168728908886067e+01
4.756917303879920667e+01
4.749616323683292762e+01
4.721213942307691980e+01
4.706174879807691980e+01
4.702594675665541502e+01
4.717331821617536036e+01
4.748645383951682675e+01
4.747980863936963658e+01
4.740396893874029161e+01
4.684319460067491292e+01
4.691043083900226662e+01
4.738498149127445913e+01
4.666396700412448695e+01
4.721355543803984034e+01
4.696350476190476542e+01
4.734000000000000341e+01
4.691016122984626691e+01
4.690078740157480297e+01
4.722849523809523475e+01
4.708353955755530507e+01
4.754261363636363313e+01
4.715840000000000032e+01
4.782741483690250561e+01
4.754314063848144656e+01
4.752171259155912253e+01
4.765522001725625501e+01
4.720731428571428268e+01
4.772346850733390511e+01
4.779221223791185480e+01
4.805170250896057382e+01
4.768950502088331689e+01
4.787945473984319023e+01
4.743925798101811608e+01
4.780715097473555630e+01
4.767083692838654230e+01
4.765592309867118814e+01
4.793408110440034164e+01
4.732983377077865583e+01
4.752886292291594117e+01
4.776386466689919530e+01
4.761113064884825263e+01
4.763714539007091986e+01
4.777538060026098066e+01
4.754875886524822448e+01
4.776897163120567313e+01
4.765202761000863063e+01
4.749982269503546206e+01
4.798777914541937406e+01
4.795277777777777573e+01
4.782078692058929192e+01
4.752463891248937955e+01
4.785826001955034315e+01
4.757460232826801416e+01
4.763225806451612954e+01
4.747846180676665284e+01
4.761998604813393854e+01
4.757956743449973658e+01
4.775458895171814078e+01
4.759569892473118102e+01
4.754976261649375857e+01
4.819737998944962243e+01
4.772214006089604510e+01
4.789134485094850646e+01
4.774608756813785959e+01
4.812862669245647851e+01
4.805750326228795188e+01
4.825646210655882129e+01
4.791204871683340372e+01
4.785826502732240328e+01
4.805975177304964774e+01
4.811255703904005543e+01
4.796535406455974027e+01
4.786699340882204012e+01
4.789439853076216735e+01
4.784187158469945444e+01
4.787899305555555429e+01
4.803925619834710403e+01
4.795780701754385689e+01
4.764362264150943105e+01
4.745492662473794354e+01
4.823479773814702298e+01
4.807481688175793266e+01
4.823028673835125346e+01
4.813454830833624243e+01
4.801322751322751259e+01
4.771332483715661255e+01
4.810777816532961282e+01
4.807114624505928901e+01
4.807287954383463813e+01
4.790891124685590796e+01
4.810438375853395598e+01
4.836840698503207392e+01
4.815810276679842161e+01
4.781013898788310712e+01
4.811898466419883391e+01
4.819053180021559513e+01
4.776290766906602414e+01
4.744105859590933960e+01
4.790056268682960905e+01
4.781359069275515594e+01
4.793329264039065407e+01
4.761818181818181728e+01
4.780146678170837049e+01
4.763207057602490835e+01
4.809206212251941537e+01
4.761656600517687821e+01
4.785145025752236592e+01
4.790662915421135892e+01
4.773512352309344919e+01
4.798195735374521576e+01
4.791927083333333570e+01
