5.376945929887106246e+01
5.372889819587629034e+01
5.462199999999999989e+01
5.465572620254151559e+01
5.432223742210062056e+01
5.452720778233774013e+01
5.451933787128712794e+01
5.466484758712091718e+01
5.460201138224058326e+01
5.426631433823529704e+01
5.431617647058823195e+01
5.490304950495049496e+01
5.444522849462365599e+01
5.414660282717738227e+01
5.409012304622547163e+01
5.427070983432132323e+01
5.416188755926845744e+01
5.385803612783696082e+01
5.342938112745098067e+01
5.302150782793737704e+01
5.340344585639666519e+01
5.310740291262136026e+01
5.306690750357492448e+01
5.296206636500754428e+01
5.309879336349924728e+01
5.292927557879013989e+01
5.284705882352940876e+01
5.260873786407766772e+01
5.258762729898160870e+01
5.209459252450980671e+01
5.203285845588235503e+01
5.235567715458276439e+01
5.253465572275421636e+01
5.162752757352941302e+01
5.170575056011949044e+01
5.236910642119443082e+01
5.237058823529411455e+01
5.239081404032860689e+01
5.242322775263951939e+01
5.178212669683257730e+01
5.173393665158371135e+01
5.184233995918675930e+01
5.167578065498857853e+01
5.199270857318290240e+01
5.168858333333333377e+01
5.199953488372093346e+01
5.202325581395349019e+01
5.200123762376237835e+01
5.193650075414781497e+01
5.214437025097858935e+01
5.189074803149606652e+01
5.229847677075400014e+01
5.167168088609489729e+01
5.156361538461538174e+01
5.170990099009900831e+01
5.181945736434108341e+01
5.183741830065359579e+01
5.183080808080808310e+01
5.172970297029702635e+01
5.184953488372092778e+01
5.146964463888249242e+01
5.156704374057315476e+01
5.174310077519379547e+01
5.151022745868106512e+01
5.143341666666666612e+01
5.162428129146395150e+01
5.131956592160673836e+01
5.204924242424242209e+01
5.175878787878787790e+01
5.194593984962406097e+01
5.154957995799579606e+01
5.172127016129032029e+01
5.162155577956989561e+01
5.166532258064516014e+01
5.143750000000000000e+01
5.222744360902255778e+01
5.240759398496240351e+01
5.235681818181818414e+01
5.196332767402376618e+01
5.176993684210525970e+01
5.126450526315789347e+01
5.172682512733446458e+01
5.155376344086021589e+01
5.189993454426443975e+01
5.207211824123589139e+01
5.200908319185059270e+01
5.194895572263992989e+01
5.194966996699670148e+01
5.206677894736841949e+01
5.164075789473684353e+01
5.218601860186018371e+01
5.200202520252025096e+01
5.215986245244366160e+01
5.173244824482448223e+01
5.187181218121812520e+01
5.182222883942529279e+01
5.196489648964896446e+01
5.149419665669027069e+01
5.103207331042382577e+01
5.122915821089374333e+01
5.120554992030140795e+01
5.141251309684179205e+01
