4.577718495934959009e+01
4.530578761195152993e+01
4.538166360294117396e+01
4.530997242647058698e+01
4.605137558899528472e+01
4.622196638268478353e+01
4.653689922480619856e+01
4.818815987933634659e+01
4.883555070883315352e+01
4.955145631067961176e+01
4.726949558449334177e+01
4.759810981098110005e+01
4.727544000714732420e+01
4.653348484848484645e+01
4.615648854961832370e+01
4.611247816510974218e+01
4.726686078539388092e+01
4.725598484848485015e+01
4.798551157580283899e+01
4.963022533022532912e+01
5.019842519685039406e+01
4.788728682170542328e+01
4.685183596431022579e+01
4.753370049829530330e+01
4.810102362204724358e+01
4.729634424980959295e+01
4.790867326732673348e+01
4.761314851485148836e+01
4.686452061139416259e+01
4.744681490384615330e+01
4.705948121645796078e+01
4.729897836538461320e+01
4.713515406162464672e+01
4.704706394084384868e+01
4.731175438596491034e+01
4.712408367602360215e+01
4.693906249999999858e+01
4.705310209190059112e+01
4.724288617886178798e+01
4.693614035087719571e+01
4.683452274754683486e+01
4.654201101928374840e+01
4.677668772863319191e+01
4.788611764705882479e+01
4.753239460229654156e+01
4.716724738675958406e+01
4.760361538461538800e+01
4.784866688610928520e+01
4.741009221311475130e+01
4.749164944903581187e+01
4.746237947658401879e+01
4.758500658327847077e+01
4.784685733288992537e+01
4.752273104363696632e+01
4.728372815533980855e+01
4.705514563106795833e+01
4.760479266826923350e+01
4.792171366928648268e+01
4.749770408163265500e+01
4.716912328533696552e+01
4.668147382920110289e+01
4.732894128525196464e+01
4.689854046881910676e+01
4.703287138752746444e+01
4.705466597796143446e+01
4.722617557661362753e+01
4.724995530126944487e+01
4.748946407831424921e+01
4.768419243986254230e+01
4.778726227333038423e+01
4.771371527777777999e+01
4.797606749311295005e+01
4.784352056612118531e+01
4.790842013888888573e+01
4.796597222222222001e+01
4.771943870523416109e+01
4.771374257425742371e+01
4.758392267798208053e+01
4.765898039215686310e+01
4.756902970297029754e+01
4.732155281467425567e+01
4.740426381347812423e+01
4.744459405940594365e+01
4.735631372549019602e+01
4.714761227071473826e+01
4.712365591397849585e+01
4.739301960784313650e+01
4.727696078431372229e+01
4.737863302459278003e+01
4.715234749281379578e+01
4.699146110056926062e+01
4.720049504950495134e+01
4.749483984404862014e+01
4.735058823529411853e+01
4.753426056891403562e+01
4.748047524752475113e+01
4.726101884381986906e+01
4.770941176470588374e+01
4.780501960784313553e+01
4.769176470588235617e+01
4.771747295673076650e+01
