5.021964912280702009e+01
5.020552631578947711e+01
5.014551027767760871e+01
5.034333333333333371e+01
5.044964912280701697e+01
5.006175438596491034e+01
5.035642767745395787e+01
5.015285272003538353e+01
5.048117997198879436e+01
5.037602830605926840e+01
5.031727430555555713e+01
5.028782445355191300e+01
5.035160519125683010e+01
5.061526555881394529e+01
5.036023753763800670e+01
5.043049514887922413e+01
5.027102325977677566e+01
5.053256223283882065e+01
5.025506872852233897e+01
5.046647354519894435e+01
5.051613993577826278e+01
5.042477579414969568e+01
5.054987755102040836e+01
5.029210069444444287e+01
5.057353685275763411e+01
5.033057292546898509e+01
5.067375341530054556e+01
5.051579861111110858e+01
5.037181649519311577e+01
5.043477890431967126e+01
5.053209219858155876e+01
5.041124311294765903e+01
5.035988753514526906e+01
5.034422931858184569e+01
5.061388766032728626e+01
5.047977430555555856e+01
5.045602435841670541e+01
5.031791132344313411e+01
5.049702455787444677e+01
5.039876626668920068e+01
5.021106557377049029e+01
5.020201502732240328e+01
5.023550785871218238e+01
5.009047865013774015e+01
5.039010416666666714e+01
5.042124387358458648e+01
5.035296085647373587e+01
5.039176982268317317e+01
5.018100388710494997e+01
5.012185229001183018e+01
5.024756944444444429e+01
5.017743055555555287e+01
5.016815954030759173e+01
5.028184767759562845e+01
5.048795128316659486e+01
5.041794740437158140e+01
5.024574652777777573e+01
5.027341597796143446e+01
5.016744730679156561e+01
5.041186824239376563e+01
5.026863275308433288e+01
5.051938314731192037e+01
5.037989294078287372e+01
5.000927835051546566e+01
5.005051546391752737e+01
5.050399659863945345e+01
5.028195876288659605e+01
5.020772569444444144e+01
5.030303030303030454e+01
5.035513549682168133e+01
5.030368727929703709e+01
5.026589644122111622e+01
5.024642276422764553e+01
5.072967547674807776e+01
5.191374113475177410e+01
5.331596491228069823e+01
5.372740315638450426e+01
5.513988522238163625e+01
5.564546289339677543e+01
5.520223076923076633e+01
5.481167434715821685e+01
5.439481904761904474e+01
5.435522642679900684e+01
5.447419607843136902e+01
5.432077983088004913e+01
5.464392551892552063e+01
5.483587900569032314e+01
5.484970873786407708e+01
5.479380196523053570e+01
5.480906460945033842e+01
5.503777472527472270e+01
5.508469945355191300e+01
5.465709056183352033e+01
5.478762886597937865e+01
5.459929686160178619e+01
5.426542738307443869e+01
5.455813402794222355e+01
5.453832188807324854e+01
5.457923169267706953e+01
5.459771266382836785e+01
5.467312925170067928e+01
5.415340726454516584e+01
5.406780069004252454e+01
5.396399871423979278e+01
5.432599844061336114e+01
5.441359795950900491e+01
5.428717002326887808e+01
5.444987389659520716e+01
5.459069688481453397e+01
5.447432306255835499e+01
5.435834333733493651e+01
5.447616189332875791e+01
5.403673094582185144e+01
5.422311781855599122e+01
5.416447901474639792e+01
5.437278911564625616e+01
5.398995499839279688e+01
5.425117444409646339e+01
5.416299629015707495e+01
5.393947496353913351e+01
5.403905363798411798e+01
5.409884945713822901e+01
5.415459406903256934e+01
5.391362826122184515e+01
