4.896947631656369282e+01
4.911180960933992168e+01
4.917716535433071101e+01
4.862678755712811096e+01
4.909708737864077932e+01
4.902390648567119058e+01
4.881476530005942038e+01
4.901816396661757835e+01
4.959003945507332389e+01
4.907159833630421986e+01
4.905303092783505292e+01
4.924839678545336596e+01
4.918601190476190510e+01
4.937044210526315879e+01
4.934066666666666379e+01
4.979902447089946804e+01
4.915509361639392694e+01
4.959540006478781748e+01
4.911986417657045934e+01
4.931175000000000352e+01
4.970141666666666680e+01
4.953224206349206327e+01
4.969599999999999795e+01
4.970358333333333434e+01
4.945113302196851635e+01
4.927318548387096797e+01
4.915357551955489868e+01
4.903502469690165810e+01
4.959799757281553667e+01
5.075990853658536395e+01
5.105023076923077241e+01
5.064813915857605053e+01
5.011226795803067091e+01
5.118415519877675735e+01
5.211489040060468625e+01
5.238593903638151517e+01
5.184062082777035840e+01
5.153173241852486797e+01
5.150412457912457853e+01
5.161571792693288074e+01
5.278778778778778502e+01
5.220789337026138099e+01
5.240107322139518686e+01
5.174855589534488587e+01
5.185178837555886844e+01
5.161042277499290520e+01
5.040055495882563719e+01
4.970587299060958486e+01
4.985842714196373038e+01
5.021069527090510576e+01
5.021544715447154772e+01
5.063207843137254827e+01
5.117521154803385031e+01
5.079382736701237633e+01
5.062336153973784292e+01
5.058202364915431559e+01
5.019223153084539035e+01
5.038845360824742414e+01
5.015358333333333007e+01
4.996383570610374392e+01
4.933980802660418874e+01
4.949044379656624670e+01
4.957904114026563036e+01
4.963812259088503964e+01
4.965282018319138757e+01
4.978610838183055165e+01
5.011356441269583684e+01
5.023134994723597657e+01
5.038024934383201980e+01
4.974227193711737272e+01
5.019031255113729628e+01
5.009176587301587347e+01
4.983191578947368328e+01
5.002700049091802015e+01
4.994152577319587749e+01
5.007699230895106979e+01
4.975087585681644953e+01
4.979712701612903203e+01
5.009292328042327824e+01
4.997062673866797411e+01
4.997068212365591222e+01
4.998371788577973973e+01
4.999247259041073477e+01
5.022060252672497427e+01
5.008495200665104363e+01
4.991629855293221851e+01
4.986118538324420513e+01
5.002315496645393722e+01
5.010358370152184904e+01
5.013690476190475920e+01
4.991663923633969802e+01
4.977299967606089837e+01
5.025033068783069012e+01
5.014784946236559193e+01
5.001947308132875492e+01
4.989455782312925436e+01
4.997219422043010439e+01
5.010366051182377589e+01
5.009408333333333019e+01
5.030641666666666367e+01
4.996678121420389118e+01
