6.020265348595213339e+01
6.036236933797909643e+01
5.845126519379252272e+01
5.773495206663523760e+01
5.665039999999999765e+01
5.727384751773049487e+01
5.758422939068100277e+01
5.760343999999999909e+01
5.774433804529563474e+01
5.685735923022095761e+01
5.800779902512186226e+01
5.679639060126864791e+01
5.725164758931668274e+01
5.716120337995337763e+01
5.688227634803921262e+01
5.580534351145038130e+01
5.528959344660194120e+01
5.515734206989247213e+01
5.526251680107527164e+01
5.498188093183779301e+01
5.494374460742019295e+01
5.498006902502157089e+01
5.528001711596063217e+01
5.436461704422869445e+01
5.432119815668202989e+01
5.483262090352862117e+01
5.493955769870302674e+01
5.474703590785907892e+01
5.418285714285714505e+01
5.421671940540142742e+01
5.503704637096774377e+01
5.473331639566395523e+01
5.504964717741935232e+01
5.414989517819706322e+01
5.504191868279569633e+01
5.434476626016260070e+01
5.379346879535558656e+01
5.448882113821138518e+01
5.392234432234432262e+01
5.397034023668638980e+01
5.370654442456768152e+01
5.404661885245901942e+01
5.383565088757396211e+01
5.374963017751479555e+01
5.388816568047337086e+01
5.386468864468864126e+01
5.373360716952949900e+01
5.357744484197972668e+01
5.353535502958580139e+01
5.359807692307692406e+01
5.362940379403794111e+01
5.354084675014907901e+01
5.356921373200442815e+01
5.382000000000000028e+01
5.349095607235142324e+01
5.402107988165680297e+01
5.378785569105691167e+01
5.330292247122955729e+01
5.341771871539313565e+01
5.341800595238095184e+01
5.333108721986674539e+01
5.336258328285887131e+01
5.396267043565014632e+01
5.317883101150817993e+01
5.301817080557238171e+01
5.287400000000000233e+01
5.354645497311827995e+01
5.297705935796486898e+01
5.309885960856834686e+01
5.301179387019230660e+01
5.298647014361299767e+01
5.308787202380952408e+01
5.302400060569351581e+01
5.271761148904005978e+01
5.285485347985348170e+01
5.301194328864232119e+01
5.352663934426229275e+01
5.379913535084801879e+01
5.330663667041619647e+01
5.314316535675759212e+01
5.316400580551523802e+01
5.301882613510520770e+01
5.310520487264673051e+01
5.303698781838316734e+01
5.306024363233665753e+01
5.295386904761905100e+01
5.346622983870967971e+01
5.348655913978494425e+01
5.279502442002441853e+01
5.292262620192308020e+01
5.299882989615328199e+01
5.284300595238094900e+01
5.296376488095238244e+01
5.276131413805832437e+01
5.288002953119232075e+01
5.293358676207513724e+01
5.285729283839520320e+01
5.263828990715783362e+01
5.248957584471602900e+01
5.213846153846154152e+01
5.189551337359792882e+01
5.222752639517345585e+01
