6.579657142857142560e+01
6.704054054054054745e+01
6.653371428571428225e+01
6.487032967032966724e+01
6.440989010989011376e+01
6.572619047619048160e+01
6.479010989010988908e+01
6.623294117647058954e+01
6.437485970819304271e+01
6.376223776223775985e+01
6.517023809523809064e+01
6.424973544973545359e+01
6.375661375661375985e+01
6.486971428571428078e+01
6.342312008978675664e+01
6.325113122171945435e+01
6.310300925925925952e+01
6.396078431372549034e+01
6.354079254079253758e+01
6.363834422657951961e+01
6.338271604938271508e+01
6.369023569023568854e+01
6.367361111111111427e+01
6.432974910394264612e+01
6.417957351290684187e+01
6.455902777777777146e+01
6.476655443322110273e+01
6.414814814814815236e+01
6.503703703703703809e+01
6.376273148148148096e+01
6.571995192307691980e+01
6.503156565656566102e+01
6.527777777777777146e+01
6.484032634032634235e+01
6.537598204264871526e+01
6.529020979020978643e+01
6.455667789001122969e+01
6.501809954751131215e+01
6.467939814814815236e+01
6.495138888888888573e+01
6.576318742985409926e+01
6.517708333333332860e+01
6.579953379953380477e+01
6.468531468531467965e+01
6.443899782135076748e+01
6.495138888888888573e+01
6.460454002389485595e+01
6.489627039627039551e+01
6.506129807692308020e+01
6.523918269230769340e+01
6.498601398601398671e+01
6.506621773288439670e+01
6.509027777777777146e+01
6.422939068100357929e+01
6.461226851851851904e+01
6.350462962962962621e+01
6.384399551066217526e+01
6.421588089330025184e+01
6.434149184149184464e+01
6.442592592592592382e+01
6.476702508960573823e+01
6.576157407407407618e+01
6.544556677890011542e+01
6.488585607940446209e+01
6.434528076463560353e+01
6.433653846153846700e+01
6.514236111111111427e+01
6.484722222222222854e+01
6.498437500000000000e+01
6.566105769230769340e+01
6.590384615384616041e+01
6.550961538461538680e+01
6.580092592592592382e+01
6.555439814814815236e+01
6.513581730769230660e+01
6.542788461538461320e+01
6.525120192307691980e+01
6.494831730769230660e+01
6.511805555555555713e+01
6.488694638694639139e+01
6.457091346153846700e+01
6.575151515151515014e+01
6.511188811188810632e+01
6.568363636363636715e+01
6.568242424242424704e+01
6.433894500561167717e+01
6.582666666666666799e+01
6.530542986425339791e+01
6.487330316742081493e+01
6.385520361990950278e+01
6.412587412587411961e+01
6.400565610859727883e+01
6.520701357466063541e+01
6.440610859728506910e+01
6.469063180827886583e+01
6.428393665158371562e+01
6.386538461538461320e+01
6.401282051282051100e+01
6.457459207459207562e+01
6.503280542986425417e+01
6.440675990675990192e+01
6.471945701357465452e+01
