4.987522500409098569e+01
4.986432989690721485e+01
4.998616666666666930e+01
4.981696939944362867e+01
4.983528421052631785e+01
4.976033266129032029e+01
4.979983333333333206e+01
4.975658648339060619e+01
4.956502546689304012e+01
4.964719864176570496e+01
4.970504009163803261e+01
4.948139880952381020e+01
4.964015709376533891e+01
4.975805923744068338e+01
4.978121420389461349e+01
4.978837567984414392e+01
4.948060873834069895e+01
4.963932631578947507e+01
4.943488964346349945e+01
4.929009589947089864e+01
4.923206018518518334e+01
4.967125000000000057e+01
4.944033333333333502e+01
4.955028817274129693e+01
4.937094907407407618e+01
4.933895502645502518e+01
4.978954574742267880e+01
4.973796574397272252e+01
4.972538355385989206e+01
4.981671626984127244e+01
4.972301509186351609e+01
5.000900829081632537e+01
5.013320242186221520e+01
4.941971134020618450e+01
4.940200000000000102e+01
4.973983134920634797e+01
4.966080729166666430e+01
4.983941666666666492e+01
5.004034391534391801e+01
5.000080984774862003e+01
4.960631613756613945e+01
4.982591666666666441e+01
4.984664351851851904e+01
4.997106481481481666e+01
4.991509589947089864e+01
4.986706349206349387e+01
5.000429894179894319e+01
5.017352843915343641e+01
5.019659391534391801e+01
5.012125675012273263e+01
4.990203373015872756e+01
5.019556484010927022e+01
5.000409356725145926e+01
4.988558333333333650e+01
4.991159996752983119e+01
4.997921780396006852e+01
5.001135515955242283e+01
4.991376206840124041e+01
5.000384294068504687e+01
4.998663015463917247e+01
4.981045539410666123e+01
4.991237113402061709e+01
4.989227843915343641e+01
5.001760000000000161e+01
5.001174999999999926e+01
5.011433531746031633e+01
4.990591666666666981e+01
5.011722105263157800e+01
5.015926106770833570e+01
5.021358333333333235e+01
5.019941666666666436e+01
5.018974999999999653e+01
5.033980174731182444e+01
5.008896826041074490e+01
5.000205052493438274e+01
5.009237762805422278e+01
4.996555118110236293e+01
4.986566666666666947e+01
4.989987368421052594e+01
4.995900834560628567e+01
4.996916010498687655e+01
4.993191666666666606e+01
4.980894510582010781e+01
4.976362105263157787e+01
4.994766865079365203e+01
5.031367607526881613e+01
5.008114919354838435e+01
5.003047538200339517e+01
4.998315789473684134e+01
5.022877758913412549e+01
5.003364748677248741e+01
5.002274586810669632e+01
4.997698252688172005e+01
4.993118438320210117e+01
5.004662298387096797e+01
5.016666666666666430e+01
5.008812830687830342e+01
5.016749473684210869e+01
4.995221731304205548e+01
5.007056842105263428e+01
5.006641604010025048e+01
