5.480512336947980856e+01
5.557651162790697441e+01
5.519335083114610541e+01
5.513898989898989811e+01
5.516067379332685761e+01
5.552722222222222115e+01
5.529982363315696858e+01
5.551120000000000232e+01
5.518889684244015115e+01
5.543704739960500660e+01
5.522230158730158678e+01
5.553098989898990112e+01
5.570462691430433466e+01
5.540722182454465639e+01
5.522724999999999795e+01
5.533616780045351646e+01
5.635406543569808946e+01
5.675125410828576378e+01
5.828404074702886106e+01
5.823142619605471992e+01
5.827272727272727337e+01
5.841821313914336855e+01
5.784844961240310113e+01
5.696792668957617423e+01
5.662444771723122017e+01
5.649787268859433453e+01
5.689333333333333087e+01
5.672861426767676818e+01
5.670730380730380915e+01
5.666423864030523561e+01
5.554374193548387240e+01
5.563505848989719738e+01
5.566382795698924468e+01
5.555624050746001785e+01
5.537330434782608535e+01
5.542826086956521436e+01
5.538540659340659289e+01
5.530322580645161423e+01
5.519630769230769118e+01
5.533572281959379069e+01
5.587449908925318454e+01
4.950601131541725408e+01
4.934488795518207382e+01
4.845763305322128645e+01
4.830465349849347234e+01
4.872145965852025284e+01
4.826572008113590329e+01
4.964008321775312282e+01
4.845631067961164717e+01
4.849748911951790831e+01
4.941351540616246751e+01
4.906102635228848641e+01
4.857963875205254567e+01
4.858910256410256068e+01
4.868238557558945701e+01
4.887843406593406570e+01
5.238305322128851316e+01
5.303640776699029402e+01
5.258767361111111427e+01
5.188369340041432309e+01
5.156777057016046228e+01
5.050101419878296127e+01
5.067617554858934170e+01
5.066316526610643933e+01
5.052011095700416377e+01
5.011320191158900883e+01
5.069979716024340632e+01
5.026581854703716346e+01
4.968250327653997545e+01
5.080778422669853001e+01
5.112905428473882097e+01
5.004916985951468433e+01
4.987037037037037379e+01
5.016851008458035466e+01
4.997819314641744626e+01
5.013030303030303259e+01
4.983864671437866178e+01
5.027873563218390984e+01
5.046432783018867951e+01
4.999403409090908923e+01
5.066100628930817606e+01
5.116214622641509635e+01
5.012196679438059022e+01
4.967859327217125553e+01
5.001464174454828537e+01
4.987277660536629753e+01
5.045986238532110235e+01
5.107511095937179846e+01
5.066599053414469012e+01
5.072135922330097202e+01
5.057626056999686881e+01
5.031511350059736998e+01
5.089738863287250581e+01
5.104702102803738484e+01
5.154749999999999943e+01
5.112620689655172157e+01
5.052611812905428224e+01
5.096969696969696884e+01
5.130517241379310178e+01
5.148275862068965836e+01
5.061133730034450195e+01
5.076237623762376217e+01
5.114635603345281112e+01
5.077837514934289231e+01
5.052628054904586463e+01
5.048372615039281897e+01
5.027465596330274877e+01
5.035809411068363772e+01
5.172329773030707400e+01
5.287898503578399811e+01
5.329876543209876871e+01
5.296565113500597022e+01
5.250015073861923298e+01
5.187897227856660010e+01
5.219100743745774196e+01
5.121003134796238498e+01
5.266482758620689708e+01
5.092124183006536242e+01
5.154631507775523858e+01
5.132620689655172441e+01
5.072293577981651680e+01
5.088283828382838436e+01
5.021688311688311757e+01
5.116482758620689708e+01
5.049639580602883626e+01
5.084704677364288017e+01
4.961243386243386055e+01
5.049363507779349192e+01
5.047685185185185475e+01
5.058103975535168217e+01
5.028416347381864426e+01
5.052182539682539897e+01
5.110431400282885761e+01
5.164117446227381691e+01
5.025656437836127566e+01
5.107610062893081704e+01
5.153177822853279366e+01
5.154935767410412240e+01
5.074823196605375131e+01
5.039892439101549826e+01
5.119448373408769726e+01
5.078439153439153131e+01
5.067496807151979255e+01
5.158952352767090588e+01
5.059045393858477979e+01
5.034709480122324265e+01
5.130155510480054204e+01
5.024283154121863504e+01
5.026219908913467549e+01
5.044534050179211704e+01
5.029537037037037095e+01
5.148193146417445831e+01
5.153755733944954187e+01
5.146535244922341690e+01
5.068973607038122964e+01
5.232050902633915257e+01
5.097155425219941094e+01
5.148267622461170845e+01
5.076520509193776576e+01
5.141631652661064322e+01
5.246145685997171171e+01
5.132482798165137439e+01
5.151419878296145782e+01
5.148178571428571360e+01
5.185742705570292088e+01
5.223056118999323871e+01
5.191480730223123885e+01
5.255341446923596749e+01
5.272222222222222143e+01
5.267538940809969006e+01
5.254320987654320874e+01
5.273009766203018955e+01
5.230940594059406124e+01
5.149646393210749551e+01
5.066430020283975466e+01
5.218750000000000000e+01
5.084132171387073384e+01
5.084052287581699403e+01
5.133892857142857480e+01
5.048140635564570999e+01
5.104271844660193835e+01
5.143837487196995539e+01
5.157177531206657761e+01
5.102481481481481751e+01
5.160141987829614862e+01
5.098231966053748465e+01
5.196278317152103909e+01
5.160615280594996790e+01
5.160576923076923350e+01
5.181620354871107992e+01
5.146032808838299388e+01
5.083946251768033875e+01
5.119904404233526662e+01
5.174981844589687796e+01
5.204192021636240639e+01
5.157850686307331500e+01
5.125025606008876622e+01
5.171008403361344818e+01
5.212464285714285950e+01
5.192124183006536242e+01
5.191987829614604522e+01
5.242015400066956943e+01
5.238198861734181122e+01
5.175928571428571701e+01
5.202941176470588402e+01
5.142079207920792072e+01
5.126213592233009564e+01
5.185091277890466444e+01
5.082213578500707030e+01
5.108753501400560282e+01
5.125571428571428356e+01
5.104335950836463098e+01
5.254670237696685575e+01
5.135643564356435320e+01
5.217647058823529704e+01
5.128735632183907711e+01
5.217680865449628413e+01
5.164251040221913769e+01
5.244759972954699379e+01
5.171793103448275986e+01
5.240306712962962621e+01
5.156109809173083391e+01
5.179796918767507208e+01
5.169005681818181586e+01
5.151422832273183872e+01
5.142272727272727195e+01
5.204741379310344485e+01
5.142528735632183867e+01
5.008692722371967676e+01
5.167307692307691980e+01
5.169455782312925152e+01
5.141886269070734983e+01
5.112164073550211896e+01
5.031582633053221087e+01
5.168169761273209417e+01
5.163235294117647101e+01
5.118680950786742301e+01
5.198509015256588128e+01
5.236234396671289915e+01
5.225566343042071082e+01
5.243914807302230940e+01
5.210980917308336302e+01
5.222679738562091245e+01
4.942058404558404305e+01
5.158079783637592897e+01
5.191037037037037294e+01
5.233859890109889790e+01
5.171918767507002457e+01
5.153291316526610899e+01
5.215602594742232867e+01
5.094983498349834861e+01
5.205223625810857158e+01
5.189621694007364994e+01
5.098309668695064545e+01
5.228397565922920620e+01
5.228931034482758378e+01
5.188438133874239355e+01
5.143246110325318199e+01
5.156896551724138078e+01
5.164512889186475064e+01
5.115784313725490051e+01
5.186004056795131589e+01
5.401089324618736498e+01
5.293238674780256758e+01
5.150738916256157296e+01
5.168277310924369772e+01
4.984472934472934469e+01
5.175551724137930876e+01
5.045509171410499505e+01
5.087491749174917288e+01
5.103564356435643390e+01
5.195513893538667816e+01
5.133048822123591748e+01
5.073340548340548395e+01
5.065306915306915414e+01
5.097478991596638309e+01
5.074009324009323763e+01
5.096862068965517523e+01
5.077074074074074161e+01
5.311528059499661936e+01
5.527711598746081734e+01
5.373848484848485185e+01
5.308585858585858830e+01
5.121644580360176491e+01
5.006333333333333258e+01
4.875719999999999743e+01
5.185119999999999862e+01
5.599390708301599062e+01
5.535294117647058698e+01
5.978758169934640421e+01
6.433692916217188440e+01
6.739667128987517231e+01
6.733514887436456320e+01
6.855377261864117600e+01
6.812282828282828007e+01
6.839754689754690276e+01
6.865373737373737129e+01
6.869240000000000634e+01
6.899124649859943759e+01
6.919642857142856940e+01
6.916137931034482733e+01
6.963298053943324817e+01
6.916758342500916967e+01
6.960461760461760150e+01
6.903620689655171816e+01
6.888391942642540755e+01
6.867941276886308799e+01
6.820553221288515999e+01
6.856692335900257262e+01
6.873892857142857338e+01
6.932475247524752149e+01
6.913960396039604461e+01
6.941896551724137510e+01
6.889241379310344371e+01
6.923172413793103885e+01
6.921791681478848091e+01
6.882070707070707272e+01
6.898379310344827786e+01
6.902275862068965750e+01
6.898975759644929440e+01
6.895576454197143335e+01
6.919275862068965921e+01
6.945280390107976132e+01
6.942424242424242209e+01
6.894931034482758037e+01
6.876275862068965239e+01
6.899556162512803326e+01
6.913172413793103033e+01
6.895598845598846083e+01
6.897931034482758150e+01
6.916326530612245449e+01
6.862171389552747769e+01
6.837607142857142151e+01
6.820389075944630974e+01
6.771938775510204778e+01
6.768761690983913581e+01
6.795083646295664437e+01
6.760028860028860720e+01
6.621500000000000341e+01
6.617655172413793707e+01
6.455952380952381020e+01
6.385000000000000142e+01
6.394609460946094259e+01
6.161704384724186667e+01
6.344694868238557461e+01
6.145319001386962299e+01
6.120080174927113603e+01
6.035148874364560356e+01
5.940785714285713937e+01
6.034605312383089881e+01
6.219774669774669462e+01
6.221004243281470991e+01
6.026093514328808709e+01
6.250707213578500898e+01
6.294372294372294618e+01
6.212926652142338213e+01
6.192318197336975061e+01
6.252142857142857224e+01
6.284547383309759283e+01
6.081785714285714306e+01
6.142726580350342402e+01
6.165141612200435617e+01
6.045776098901098550e+01
5.991929945054945250e+01
5.998794777368597408e+01
6.030264479410779899e+01
5.985939069300301441e+01
6.004711505633321877e+01
6.015137931034482932e+01
5.986103253182461259e+01
6.022249999999999659e+01
6.009528946422150142e+01
5.980551626591230274e+01
6.008862068965517267e+01
5.944731258840170085e+01
5.985294117647058698e+01
5.971642857142857252e+01
5.984847434119279086e+01
5.976025459688825947e+01
5.918945868945868938e+01
5.956857142857143117e+01
5.932142857142856940e+01
5.970344827586206549e+01
5.970206896551724185e+01
5.921782178217821979e+01
5.931866519985332076e+01
5.963178571428571217e+01
5.970857142857143174e+01
5.969703703703703468e+01
5.955785714285714505e+01
5.955592592592592638e+01
5.906464285714285722e+01
5.878323903818953511e+01
5.912310344827586306e+01
5.926464285714286007e+01
5.906828269033800183e+01
5.925659229208925183e+01
5.941142663962136794e+01
5.968103448275861922e+01
5.955035848412427413e+01
5.915166666666666373e+01
5.928758169934640421e+01
5.927349560513860638e+01
5.930021216407354956e+01
5.950296064089167203e+01
5.957107496463932250e+01
5.967840117345068052e+01
5.947966594045025346e+01
5.942114568599716762e+01
5.944408133623819879e+01
5.911974789915966255e+01
5.939321789321789424e+01
5.997166268350972729e+01
5.930894590846047265e+01
5.939845938375350443e+01
5.943387553041018379e+01
5.958239038189532977e+01
5.932773109243697718e+01
5.922567429156708840e+01
5.992330714552937110e+01
5.992689655172414120e+01
5.968977591036414765e+01
5.941566666666666663e+01
5.972077922077922096e+01
5.969592476489027888e+01
5.941630591630591596e+01
5.958725182863113901e+01
5.955287114845938135e+01
5.940056022408963798e+01
5.961092775944261035e+01
6.015381895332390627e+01
5.971134805788270938e+01
5.963480392156862564e+01
5.992927864214993150e+01
5.962119545287862366e+01
5.996896551724137936e+01
5.925000000000000000e+01
5.910892857142857082e+01
5.890796857463524105e+01
5.894837340876944864e+01
5.952821428571428442e+01
5.929189585625228887e+01
5.921758620689654862e+01
5.973487348734873592e+01
5.925353606789250449e+01
5.957072135785006850e+01
5.924194677871148684e+01
5.940931372549019329e+01
5.935259103641456591e+01
5.960805735745988443e+01
5.908599167822468701e+01
5.950884016973125767e+01
5.954667609618104507e+01
5.962765205091938014e+01
5.924482758620689538e+01
5.945615275813295852e+01
5.967715700141442881e+01
5.969071428571428584e+01
5.939144271570014411e+01
5.912384615384615216e+01
5.870830159939070825e+01
5.846068965517241622e+01
5.830965517241379104e+01
5.891015768243490669e+01
5.869285714285714306e+01
5.902514577259475459e+01
5.935137931034482506e+01
5.953236064347175471e+01
5.914971139971139991e+01
5.922147399925177780e+01
5.871356421356421151e+01
5.871958981612446848e+01
5.890429042904290213e+01
5.863289760348583712e+01
5.897615384615384926e+01
5.903889674681754229e+01
5.868866886688668671e+01
5.893333333333333002e+01
5.854189140596907492e+01
5.890282361569490632e+01
5.895343137254901933e+01
5.888053740014524351e+01
5.937851851851851848e+01
5.886456063907044012e+01
5.880933062880324513e+01
5.814763977234683523e+01
5.948765432098765160e+01
5.899464285714285694e+01
5.913189533239037843e+01
5.972925925925925839e+01
6.004152637485970700e+01
5.902413793103448114e+01
5.899303263659699326e+01
5.889144271570014411e+01
5.994687616909838823e+01
5.954259259259259096e+01
5.930174291938998010e+01
5.964000000000000057e+01
5.923381967826412620e+01
5.849229691876750792e+01
5.872727272727272663e+01
5.899724137931034562e+01
5.870137931034482648e+01
5.897307692307692406e+01
5.902535714285714619e+01
5.908557284299858736e+01
5.943031226199543227e+01
5.920178571428571246e+01
5.888222222222222513e+01
5.947799422799423041e+01
5.905374823196605405e+01
5.954420084865629548e+01
5.975514089870525680e+01
5.990814814814815037e+01
5.977305737109658423e+01
5.929193899782134736e+01
5.966006600660065828e+01
5.917821782178217660e+01
5.947214285714285609e+01
6.031340441736481495e+01
5.926475980931426335e+01
5.897759103641456591e+01
5.941717171717171908e+01
5.878395061728394921e+01
5.899439775910364148e+01
5.804886731391585641e+01
5.891884360849878277e+01
5.879066478076379099e+01
5.886976389946686794e+01
5.851282051282051100e+01
5.827526395173453722e+01
5.841539578794481002e+01
5.831146304675716152e+01
5.854112718964204021e+01
5.883188090050835228e+01
5.870585858585858574e+01
5.838423831070890202e+01
5.810369532428355654e+01
5.834962962962963218e+01
5.852475247524752433e+01
5.816138763197587025e+01
5.903642857142857281e+01
5.879977997799780098e+01
5.904977375565611197e+01
5.863314840499306513e+01
5.905037037037037351e+01
5.879066478076379099e+01
5.916159830268740905e+01
5.912016718913270807e+01
5.910142857142857054e+01
5.867079207920792072e+01
5.826797385620915293e+01
5.852581329561527923e+01
5.918518518518518334e+01
5.886206896551723844e+01
5.864603960396039639e+01
5.864834414475930657e+01
5.886688668866887042e+01
5.892464285714285666e+01
5.804779788323659773e+01
5.892285714285713993e+01
5.812381989832969964e+01
5.904071428571428726e+01
5.818907563025209839e+01
5.824194677871148684e+01
5.881384615384615699e+01
5.883666666666666600e+01
5.936962962962962820e+01
5.902344877344877005e+01
5.899046571323798815e+01
5.890099009900990268e+01
5.881471004243281442e+01
5.900000000000000000e+01
5.929172413793103402e+01
5.894400819392284063e+01
5.875659229208925183e+01
5.890601757944557448e+01
5.882920792079207928e+01
5.872163865546218631e+01
5.888632196552988773e+01
5.858833333333333115e+01
5.894081336238198787e+01
5.877499999999999858e+01
5.942998585572843240e+01
5.911232502560601176e+01
5.873550212164073514e+01
5.884561789512284236e+01
5.882071428571428839e+01
5.899518518518518562e+01
5.931444178900648723e+01
5.951330532212885061e+01
5.897983131646498123e+01
5.889438943894389666e+01
5.922803195352214800e+01
5.945000000000000284e+01
5.919789397240377582e+01
5.905714285714285694e+01
5.940813362381990004e+01
5.959193776520509545e+01
5.932999999999999829e+01
5.957647907647907459e+01
5.879484386347131419e+01
5.907954933424377231e+01
5.955535714285714022e+01
5.942737835875090724e+01
5.919618628529519810e+01
5.933168316831682887e+01
5.927370370370370267e+01
5.950481481481481438e+01
5.934703703703704036e+01
5.947259259259259068e+01
5.913580246913580396e+01
5.928642857142857281e+01
5.928818953323904140e+01
5.906620689655172640e+01
5.962417276210379669e+01
5.942000000000000171e+01
5.975533108866441978e+01
5.918214285714285694e+01
5.906206896551724128e+01
5.900107142857142861e+01
5.858274398868458377e+01
5.905390539053905741e+01
5.896592592592592297e+01
5.923481481481481836e+01
5.834209627859337388e+01
5.849142857142857110e+01
5.883275862068965267e+01
5.895541623127829922e+01
5.881827586206896541e+01
5.876530986431976800e+01
5.898292932741549777e+01
5.918037037037036896e+01
5.862333333333333485e+01
5.883185185185185162e+01
5.840184363263912815e+01
5.884121745507884071e+01
5.945238095238094900e+01
5.903587600139324110e+01
5.879561527581329727e+01
5.923821428571428527e+01
5.873075583420411050e+01
5.897655122655122995e+01
5.867379310344827559e+01
5.846743697478991919e+01
5.859343434343434609e+01
5.844432773109243584e+01
5.856752712308267661e+01
5.929759129759129621e+01
6.008679386457163929e+01
6.113667582417582480e+01
5.894590846047156418e+01
5.939042995839112393e+01
6.011204481792717047e+01
6.009162895927601511e+01
5.944523809523809632e+01
5.908235294117647385e+01
