7.045702127659574820e+00
6.771394230769231193e+00
1.389981225465096415e+01
1.787902278599953121e+01
1.880707368421052550e+01
2.285375656167979130e+01
2.582230700543875201e+01
2.657812500000000000e+01
3.134360902255638948e+01
3.369347368421052380e+01
3.658471177944861807e+01
3.896043138148401397e+01
4.160041771094402918e+01
4.410740425531914610e+01
4.125431102673627493e+01
4.348283870967741649e+01
4.443846153846153868e+01
4.606322769681548124e+01
4.731161695447409699e+01
4.758383838383838338e+01
4.801955133198317327e+01
4.923157446808510684e+01
4.990001640419947648e+01
5.173611444098138179e+01
5.249931914893617346e+01
5.388847552910053196e+01
5.486601142473118387e+01
5.496765614275909684e+01
5.581207692307692270e+01
5.586028221142724703e+01
5.640368716931217108e+01
5.655502352150537604e+01
5.650975529100529116e+01
5.631534351145037931e+01
5.666225000000000023e+01
5.700625000000000142e+01
5.688277894736842200e+01
5.699172932330827024e+01
5.633281250000000284e+01
5.651218583396801165e+01
5.628728103579588549e+01
5.702184615384615540e+01
5.706382978723404165e+01
5.666610814927646800e+01
5.668271134805788591e+01
5.686941194119411591e+01
5.674234577303884208e+01
5.690782101465960352e+01
5.701603618421052744e+01
5.644164201183431828e+01
5.662767722473604692e+01
5.685772913816689567e+01
5.674504950495049371e+01
5.661683836063144071e+01
5.672549019607843235e+01
5.665475113122172246e+01
5.700982482863670953e+01
5.688149512625680870e+01
5.658618371919342849e+01
5.656428571428571672e+01
5.644064031862745168e+01
5.675081360946745690e+01
5.633647365196078738e+01
5.664552696078431637e+01
5.660092719258246063e+01
5.691019214703425178e+01
5.654984615384615410e+01
5.712817433081674778e+01
5.675600000000000023e+01
5.672594158640670514e+01
5.680434108527131798e+01
5.666671875000000114e+01
5.654318354912414435e+01
5.646323076923076911e+01
5.666730769230769482e+01
5.683597181931205711e+01
5.667393286365520311e+01
5.670382786310126733e+01
5.648788019144665640e+01
5.686440422322775134e+01
5.675137856629105926e+01
5.680612403100775509e+01
5.663164062500000284e+01
5.652883720930232414e+01
5.682962436868687206e+01
5.664015503875968705e+01
5.668570112825236151e+01
5.673512043512043590e+01
5.656062500000000171e+01
5.674937500000000057e+01
5.651276299504950629e+01
5.674971084894748685e+01
5.660852713178294238e+01
5.693093749999999886e+01
5.650000000000000000e+01
5.704947916666666430e+01
5.689124999999999943e+01
5.657798933739528024e+01
5.638039062499999687e+01
5.636546153846153828e+01
5.646743020758768949e+01
5.615617340686274161e+01
5.679207920792079278e+01
5.665531250000000085e+01
5.683929133858267591e+01
5.659970606435643248e+01
5.722416460396039639e+01
5.682359375000000057e+01
5.662674418604650839e+01
5.669484839108910990e+01
5.661186046511627978e+01
5.664709494205234819e+01
5.668502475247525041e+01
5.667492187500000256e+01
5.693442113442113595e+01
5.675899621212121104e+01
5.670234374999999716e+01
5.668741159830268828e+01
5.678108677009433336e+01
5.684343750000000028e+01
5.673619002525252597e+01
5.691950061274509665e+01
5.673726562499999915e+01
5.662453589108910990e+01
5.708662851196670118e+01
5.686315384615384261e+01
5.655859553123575267e+01
5.684896584896584670e+01
5.701968435657301626e+01
5.687926136363636687e+01
5.691762066831682887e+01
5.704505997474747403e+01
5.705769080845092134e+01
5.708575780654988563e+01
5.713339473482231767e+01
5.696983651853557262e+01
5.691744213791457696e+01
5.684434389140271549e+01
5.653937547600914115e+01
5.664656250000000171e+01
5.683436948345997308e+01
5.677381226494742350e+01
5.710970212765957399e+01
5.670311999999999841e+01
5.642857142857143060e+01
5.683268085106382728e+01
5.670365591397849414e+01
5.655070312499999829e+01
5.659749999999999659e+01
5.684369241078907464e+01
5.706365820178449155e+01
5.618702736415373522e+01
5.666966023050441237e+01
5.654453124999999858e+01
5.673532196969696884e+01
5.677181102362204967e+01
5.695937984496124074e+01
5.704607614607614607e+01
5.716239918565499778e+01
5.713111918353226315e+01
5.666133858267716761e+01
5.667226955253664755e+01
5.685866261398176391e+01
5.655607843137254775e+01
5.715940560621411493e+01
5.680420600199554571e+01
5.673484126984126874e+01
5.640118882198548533e+01
5.665903465346534773e+01
