7.098546790162886566e+01
7.075931445603576719e+01
7.119267716535432555e+01
7.120000000000000284e+01
7.133567052416610466e+01
7.124552531771907127e+01
7.190161873330190190e+01
7.138791669439083876e+01
7.135249611565222949e+01
7.170891763104152972e+01
7.184679427326486234e+01
7.206734473724765166e+01
7.208360323886640231e+01
7.225301535087719174e+01
7.213377192982456165e+01
7.207689403473445111e+01
7.303526102764628547e+01
7.288743961352656697e+01
7.331447010869565872e+01
7.397544347826087119e+01
7.323030615755074280e+01
7.202557111274870749e+01
7.226043486701611585e+01
7.250657835042191834e+01
7.554552469135802539e+01
7.676162587412586902e+01
7.643835502168835205e+01
7.699049049049048676e+01
7.684805194805194617e+01
7.699860769860769949e+01
7.735960548885077515e+01
7.729554390563565391e+01
7.728844373369244636e+01
7.759072375127421139e+01
7.705941845764854747e+01
7.709569947305796234e+01
7.715289818120007226e+01
7.589101290963257895e+01
7.497690039318479194e+01
7.413282268578878131e+01
7.496153846153846700e+01
7.496634920634920718e+01
7.583305706843476912e+01
7.697313915857604627e+01
7.682634408602150700e+01
7.731978319783198117e+01
7.660904853744776233e+01
7.634208909370200047e+01
7.565338393421885144e+01
7.590461538461538282e+01
7.564595192915875543e+01
7.581554395951928882e+01
7.581910183428209393e+01
7.554963983714375786e+01
7.574601941747572198e+01
7.537937696208645377e+01
7.553296273097400615e+01
7.538903535980148263e+01
7.562803883495145385e+01
7.497936432637571613e+01
7.510151456310678952e+01
7.521789852803006227e+01
7.500086125900406842e+01
7.458967001434720601e+01
7.533081330574566437e+01
7.473610667518364892e+01
7.474840306611305607e+01
7.499525616698292652e+01
7.489887729285263163e+01
7.480352215549423534e+01
7.493642342624491448e+01
7.513170459971351534e+01
7.567067307692308020e+01
7.591377370620379850e+01
7.592029332058027080e+01
7.616810209834011403e+01
7.624272727272727934e+01
7.643059537864732533e+01
7.605759824590992935e+01
7.572482712093101043e+01
7.620604838709677153e+01
7.597205496371776690e+01
7.631186642814549259e+01
7.662823943123613901e+01
7.680597793679189067e+01
7.651438637698178979e+01
7.690029304029303603e+01
7.705695283235226611e+01
7.663052427184466353e+01
7.586290196078431336e+01
7.583915602782661836e+01
7.549224065438421860e+01
7.542457932692308020e+01
7.499642218246869163e+01
7.500819916517590968e+01
7.534046391752576710e+01
7.524029209621993175e+01
7.503416545965748696e+01
7.467274305555555713e+01
7.494020618556700697e+01
7.478132754342431099e+01
7.518716086484681682e+01
7.548409090909090935e+01
7.518409863945578309e+01
7.531525233044037293e+01
7.495421245421245260e+01
7.497675651120532336e+01
7.458229166666666288e+01
7.419271074125443022e+01
7.403653846153845564e+01
7.372433300206405704e+01
7.404273373595290764e+01
7.426699029126213247e+01
7.394096704752442406e+01
7.404300000000000637e+01
7.391585760517799031e+01
7.449506733479486797e+01
7.444930769230769840e+01
7.448538461538461775e+01
7.455347572815533397e+01
7.478455284552845228e+01
7.504992307692307918e+01
7.489113982111459222e+01
7.495130341716993883e+01
7.487531017369727238e+01
7.505668424317617848e+01
7.488756655183213695e+01
7.497967479674797175e+01
7.536515198511166602e+01
7.503884009691095969e+01
7.523237704918032875e+01
7.522038045623175151e+01
7.540904156327543717e+01
7.558984561515200085e+01
7.554034072645451658e+01
7.567657450076805503e+01
7.597254962779156529e+01
7.560393442622951454e+01
7.474757443961190972e+01
7.452683002481388996e+01
7.394168230143840503e+01
7.391175558312654914e+01
7.376041340432195170e+01
7.360746704554424014e+01
7.367777028166638331e+01
7.348527935764469987e+01
7.346641408161654851e+01
7.355292446128345318e+01
7.306709990604447569e+01
7.330172146401984890e+01
7.291833698715940670e+01
7.272291701875950309e+01
7.313836924777014303e+01
7.278159286447233001e+01
7.266284074605451337e+01
7.218595364860632912e+01
7.223668963357344808e+01
7.268437697659709329e+01
7.220283882783883200e+01
7.196198412698412028e+01
7.175541819291819934e+01
7.168641439205954669e+01
7.145488988870471303e+01
7.181142947351803230e+01
7.150310417928528750e+01
7.135120973955925194e+01
7.107464688002860953e+01
7.107192307692307054e+01
7.125348212787380930e+01
7.114551027767760161e+01
7.113838802740714584e+01
7.083795654184004320e+01
7.112571157495256102e+01
7.104405187835421032e+01
7.122317708333333997e+01
7.114596491228070363e+01
7.091106442577030577e+01
7.100043767507003167e+01
7.128854489164086772e+01
7.123241976199062719e+01
7.118192383336312901e+01
7.094700000000000273e+01
7.135455033077060705e+01
7.138697347297606655e+01
7.162255307416597816e+01
7.133812234571247757e+01
7.147580582524271620e+01
7.144132038834951004e+01
7.195544554455445052e+01
7.173945098039216361e+01
7.164704950495050184e+01
7.184701138519923802e+01
7.187705566097406518e+01
7.204921259842519987e+01
7.228900434243176676e+01
7.235525267017375484e+01
7.247414949877654067e+01
7.241316943313498200e+01
7.267781467425679409e+01
7.247704854368932104e+01
7.247032571249609134e+01
7.262128155339806312e+01
7.254933586337760687e+01
7.302466332602567434e+01
7.289699265924697613e+01
7.283335994889812071e+01
7.301679524268723753e+01
7.318258690886314355e+01
7.309681869826326306e+01
7.278092702787347434e+01
7.275658952105432320e+01
7.293587535233322683e+01
7.267793388429751644e+01
7.277476923076923754e+01
7.279409708737864548e+01
7.301366120218578715e+01
7.280543376135295830e+01
7.262962962962963331e+01
7.283276923076923026e+01
7.246454157610882874e+01
7.270533498759304791e+01
7.232133554345251980e+01
7.264409187781198796e+01
7.286720867208671848e+01
7.230183913489619840e+01
7.225945220617255416e+01
7.275665009077275158e+01
7.261891230562791577e+01
7.252454965726127512e+01
7.257408285895003530e+01
7.244825934206323836e+01
7.234674509803922149e+01
7.242116910866910473e+01
7.250565917423880080e+01
7.242477662400386862e+01
7.264456547478096127e+01
7.230471863542165067e+01
7.212431920435709287e+01
7.222007838408200087e+01
7.273328440366972814e+01
7.411992523364486374e+01
7.459016393442622928e+01
7.442125019151218623e+01
7.472314999233951482e+01
7.592893597278069251e+01
7.725465420560747987e+01
7.755533303664144285e+01
7.687260952380952972e+01
7.659147169811321021e+01
7.662971698113207708e+01
7.613899999999999579e+01
7.580207692307692469e+01
7.566741625310173447e+01
7.563875859912445776e+01
7.440625000000000000e+01
7.351534606952708373e+01
7.328084615384615574e+01
7.323031309297913083e+01
7.304728020240354169e+01
7.287420873234864871e+01
7.274749451926088284e+01
7.289990512333966421e+01
7.260240042810183070e+01
7.250215749730313064e+01
7.227031941808981230e+01
7.228115117014547764e+01
7.256984027560288553e+01
7.272439711869715495e+01
7.236623516720604243e+01
7.241631992602866319e+01
7.265396825396825875e+01
7.258160332162248096e+01
7.265249939628108677e+01
7.251036893203882983e+01
7.273935170685875562e+01
7.271666019417476434e+01
7.271210460382086183e+01
7.272243971186971123e+01
7.230384313725490131e+01
7.256277672359266262e+01
7.219984158415842046e+01
7.223270149483741420e+01
7.233465608465608909e+01
7.225495049504949918e+01
7.222285212392206688e+01
7.226976597090448706e+01
7.244514472455648502e+01
7.223051740657936648e+01
7.213358351964228632e+01
7.191137254901960318e+01
7.206643244969657758e+01
7.217536630036630640e+01
7.222948637644847736e+01
7.187957875457875900e+01
7.233939104096923245e+01
7.203716002530043738e+01
7.233467519141210289e+01
7.223968932038835078e+01
7.234535104364326230e+01
7.206547572815533442e+01
7.185906670842467747e+01
7.196532759445241823e+01
7.220180305131761145e+01
7.208518634512996925e+01
7.207060404807084808e+01
7.206404174573054888e+01
7.235549179021201383e+01
7.241463414634147000e+01
7.217278431372548653e+01
7.221924414927261182e+01
7.245265423242467762e+01
7.223719165085388738e+01
7.227261227071473115e+01
7.195846817691477781e+01
7.222690196078431768e+01
7.236538006156760616e+01
7.246200000000000330e+01
7.258270082226438547e+01
7.267288378766140511e+01
7.265143263083116665e+01
7.272150015659254052e+01
7.297701703632272086e+01
7.287699655496398066e+01
7.287618595825426837e+01
7.303897656623624357e+01
7.283329386691924867e+01
7.310800126502213914e+01
7.291563172710714014e+01
7.322508783136377986e+01
7.306356736242884153e+01
7.316092778574844147e+01
7.315423242467718978e+01
7.315616195765917951e+01
7.283534293767615964e+01
7.320532381106963271e+01
7.289867454487384180e+01
7.294897796231235532e+01
7.325066409079931873e+01
7.298414231667068464e+01
7.290753752794634579e+01
7.291386943572406665e+01
7.285012775471095381e+01
7.307461965708766627e+01
7.296333492746691718e+01
7.254878633024593171e+01
7.283867368085445548e+01
7.288053447185325240e+01
7.329937828790052379e+01
7.280747944339026390e+01
7.262094345935095419e+01
7.275245098039215463e+01
7.272524752475247567e+01
7.279160012775470534e+01
7.280226122707146885e+01
7.294125683060109111e+01
7.315104415750039379e+01
7.280210309930423307e+01
7.316547106647537646e+01
7.281821132932965668e+01
7.301525932953826725e+01
7.301107922843934261e+01
7.305475848876136524e+01
7.285500000000000398e+01
7.287065148640101597e+01
7.330827008222644281e+01
7.274357723577236357e+01
7.303074433656958320e+01
7.307245337159254461e+01
7.299857685009487795e+01
7.307720012527403242e+01
7.319845034788109217e+01
7.287919038583174824e+01
7.315032679738561683e+01
7.306649272612270352e+01
7.301926213592233239e+01
7.305910679611650949e+01
7.313909294155222085e+01
7.299642718446601464e+01
7.340806814529089763e+01
7.264290322580644954e+01
7.257232000000000482e+01
7.292585365853658175e+01
7.291933684042723485e+01
7.291796747967480030e+01
7.261024000000000456e+01
7.316429203895999933e+01
7.313179949399113866e+01
7.286556451612902663e+01
7.276594059405940129e+01
7.298178861788618121e+01
7.301673840267814342e+01
7.309593495934959151e+01
7.299056451612902663e+01
7.305135635514770343e+01
7.310494117647058943e+01
7.316983606557377584e+01
7.336740986717268243e+01
7.333397098676869064e+01
7.297893830253680392e+01
7.334315382757787916e+01
7.363540662166505513e+01
7.327769807109835654e+01
7.331129603945137774e+01
7.336987845125976548e+01
7.367732259846870591e+01
7.335512146255948096e+01
7.339273927392738983e+01
7.393440140283755113e+01
7.326025681177576132e+01
7.352121065765112462e+01
7.355067214038477630e+01
7.340046687595588537e+01
7.302941176470588402e+01
7.302139344262295140e+01
7.296596774193548640e+01
7.292901628872564856e+01
7.282601405301819852e+01
7.271952475247525172e+01
7.296335036729479384e+01
7.302597047566976585e+01
7.289857554994590316e+01
7.315452578434907593e+01
7.323311731004038450e+01
7.295929118773946698e+01
7.353452427184465989e+01
7.317351456310679225e+01
7.340103967586576061e+01
7.371053867835891538e+01
7.326817080557238171e+01
7.322167968750000000e+01
7.393435796486977551e+01
7.585006263701848184e+01
7.557250158127767747e+01
7.547219543555127075e+01
7.522693188096928907e+01
7.519861111111110574e+01
7.460776699029126746e+01
7.459140534262485289e+01
7.416862101313320466e+01
7.431637630662021365e+01
7.398405211141060533e+01
7.450712380952380443e+01
7.486322330097087274e+01
7.459673786407766727e+01
