7.739148841354723629e+01
7.832466172680412342e+01
7.919966666666667265e+01
7.936618071255944074e+01
7.915260677914577059e+01
7.936312509499923351e+01
7.946766707920792783e+01
7.964216106650034988e+01
7.969135417478756267e+01
7.939008884803921262e+01
7.914613970588234793e+01
7.993908910891089192e+01
8.002007728494623962e+01
7.938600091199270992e+01
7.965663451945459883e+01
7.915002279981760580e+01
7.890238579062241797e+01
7.856754670372086480e+01
7.828745404411765207e+01
7.793053655570754756e+01
7.846651594293287246e+01
7.817415048543689693e+01
7.792850154286144004e+01
7.768589743589743080e+01
7.784381598793363821e+01
7.794667662434652300e+01
7.740648567119154677e+01
7.734734876773711676e+01
7.757523939808481828e+01
7.723161764705882604e+01
7.723039215686274872e+01
7.718483052135583478e+01
7.745364037087703935e+01
7.685071997549019329e+01
7.664973861090365403e+01
7.686790899565933444e+01
7.679683257918551931e+01
7.679215832710978873e+01
7.665113122171945292e+01
7.636055806938159662e+01
7.631945701357466305e+01
7.608245786410702749e+01
7.616420411271896285e+01
7.651623301865070914e+01
7.661741666666667072e+01
7.657542635658914776e+01
7.661455215288970066e+01
7.653759282178218371e+01
7.597051282051282328e+01
7.642382377772661073e+01
7.652714895013123453e+01
7.642833206397563117e+01
7.581829067504864383e+01
7.595746153846154414e+01
7.610555978674790367e+01
7.619751937984496237e+01
7.599584076054664195e+01
7.605585264408793478e+01
7.605354150799695390e+01
7.635635658914728197e+01
7.610346150894159223e+01
7.618288084464555254e+01
7.619093023255814501e+01
7.668352151857305898e+01
7.671758333333333724e+01
7.628092289547397797e+01
7.645756397797214277e+01
7.657583333333333542e+01
7.633825757575758075e+01
7.658360902255638791e+01
7.621797179717971460e+01
7.703595430107526454e+01
7.696723790322580783e+01
7.694808467741935942e+01
7.665314180107526454e+01
7.632383458646616248e+01
7.638187969924811682e+01
7.642000000000000171e+01
7.690517826825127656e+01
7.694694736842104987e+01
7.644690526315790180e+01
7.694015280135823787e+01
7.689432123655913642e+01
7.689927998690885147e+01
7.624524658348187245e+01
7.665959252971137516e+01
7.655104427736006301e+01
7.602002700270027447e+01
7.659157894736841854e+01
7.609667368421052913e+01
7.602482748274827884e+01
7.605820582058206014e+01
7.609913666959320722e+01
7.568106810681068453e+01
7.604852985298529688e+01
7.586592719422317543e+01
7.593361836183618152e+01
7.547937805679246992e+01
7.580346915398462215e+01
7.568999107070379750e+01
7.517562672076510921e+01
7.536379284538243439e+01
