7.350750075007501039e+01
7.401529431216931698e+01
7.358945105820106392e+01
7.400755800770916437e+01
7.419858156028368512e+01
7.418801622953195363e+01
7.470448179271708966e+01
7.451039363113666525e+01
7.457040284181090328e+01
7.445283719548424983e+01
7.459621826844337988e+01
7.476227272727273032e+01
7.375954974582425905e+01
7.437586258625862001e+01
7.430539584254754004e+01
7.446034203154945885e+01
7.437258989056800829e+01
7.414561155363657008e+01
7.430648229441030139e+01
7.418350331273728671e+01
7.413773366178814683e+01
7.403204565408252336e+01
7.427168746286393741e+01
7.410128261831047780e+01
7.435677428866283378e+01
7.463954545454545553e+01
7.407133450395083685e+01
7.421870853604599461e+01
7.412443609022555790e+01
7.420007575757576035e+01
7.450227052780465442e+01
7.447303921568627061e+01
7.437579242223205256e+01
7.419251098042134629e+01
7.372345679012344988e+01
7.406825682568256752e+01
7.420919838523644785e+01
7.435249554367202052e+01
7.434947663275836760e+01
7.462295444493587127e+01
7.442712906057946043e+01
7.415496049165935233e+01
7.508480992268040666e+01
7.511276830808080263e+01
7.412139561707036250e+01
7.432950022114108890e+01
7.492896262886597469e+01
7.411334417023792298e+01
7.429323308270676307e+01
7.385872617112457306e+01
7.412655400878433909e+01
7.402426859227276168e+01
7.399498746867168109e+01
7.385659935616037330e+01
7.422305764411026985e+01
7.399370793093356724e+01
7.427092478782557805e+01
7.411947194719472520e+01
7.531943558673469852e+01
7.530521957951133061e+01
7.461116025357510750e+01
7.443576236464734563e+01
7.396245954692557234e+01
7.405154267589388439e+01
7.459914626288659178e+01
7.442104872251931624e+01
7.396412490922294580e+01
7.417497464135632868e+01
7.466298098186642562e+01
7.440790255496138172e+01
7.430384729649435371e+01
7.444449358690845031e+01
7.430252100840336027e+01
7.381217896225712138e+01
7.407365736573657955e+01
7.466036204237356344e+01
7.489529639175258069e+01
7.423138729175880712e+01
7.434674063800277111e+01
7.496803252551021046e+01
7.471182725870606589e+01
7.494407013556295283e+01
7.468351149983803339e+01
7.491914928159752662e+01
7.399572460563172172e+01
7.413538853885388846e+01
7.394707064691431242e+01
7.426492702344096131e+01
7.496350842742594978e+01
7.406915804362391498e+01
7.411138139466312680e+01
7.467968750000000000e+01
7.402808491817779668e+01
7.432559339525283804e+01
7.390772727272727138e+01
7.514146620847651548e+01
7.464566929133857798e+01
7.419119411941194642e+01
7.462325245058653422e+01
7.373443609022555734e+01
7.384902851187374040e+01
7.474892442568389583e+01
