8.473354455445544886e+01
8.533285714285713652e+01
8.537134920634920832e+01
8.531511811023622727e+01
8.518349544542226681e+01
8.556112000000000251e+01
8.515873015873016527e+01
8.562591050988554287e+01
8.470039759881500174e+01
8.547906112799729783e+01
8.555020811654526369e+01
8.561064862989941560e+01
8.537226163561237513e+01
8.568354542241074512e+01
8.569051335414498283e+01
8.505921259842519078e+01
8.568721817551161735e+01
8.514275590551180528e+01
8.513097372729399126e+01
8.568537459568143788e+01
8.506035643564356974e+01
8.546427332639611052e+01
8.531602412798321211e+01
8.535963202619474544e+01
8.563813735691987006e+01
8.506881313131313505e+01
8.495557598039215463e+01
8.492779527559055452e+01
8.536230267673300887e+01
8.487282216593752082e+01
8.512937499999999602e+01
8.517930074257425588e+01
8.574123612203864297e+01
8.539195312500000057e+01
8.528307476416932786e+01
8.528221659375239483e+01
8.516784906837141023e+01
8.516732283464567388e+01
8.520264662125127586e+01
8.536669015738783628e+01
8.523859375000000682e+01
8.510582750582750577e+01
8.517425196850393831e+01
8.542079525412859198e+01
8.509303977272726627e+01
8.531070866141732267e+01
8.549738095238095070e+01
8.542398437500000341e+01
8.515380952380952806e+01
8.544436586515794829e+01
8.543569553805774319e+01
8.562257495590829137e+01
8.553812316715541897e+01
8.540165354330709135e+01
8.579853219696970257e+01
8.558068877753916581e+01
8.568728602552131690e+01
8.577609375000000114e+01
8.619094693028095833e+01
8.562875968992247522e+01
8.541440944881890118e+01
8.537493284212142441e+01
8.533809194872975468e+01
8.535751016962161941e+01
8.564335937500000284e+01
8.557416686550544682e+01
8.573809523809524080e+01
8.601740157480314508e+01
8.581095238095238642e+01
8.581619047619047080e+01
8.555380952380951953e+01
8.646044234635894554e+01
8.583998717332050887e+01
8.620932487220166252e+01
8.587367776903575134e+01
8.544958415841584554e+01
8.605611523506539129e+01
8.578563492063491935e+01
8.620230589083048756e+01
8.606579591836734267e+01
8.552039370078739466e+01
8.570125000000000171e+01
8.548914340252922273e+01
8.568119047619047990e+01
8.545212038303694158e+01
8.555404941660947316e+01
8.531902384020618513e+01
8.579935851746257924e+01
8.525687499999999375e+01
8.575801044671396767e+01
8.585147392290249968e+01
8.541280112263194724e+01
8.525441919191919737e+01
8.558277114686040932e+01
8.540974697077690792e+01
8.553402262283492519e+01
8.516772711205372559e+01
8.524656659214308263e+01
8.529126984126983757e+01
8.537690476190476829e+01
8.593915552058746243e+01
8.576534705266828951e+01
8.597735816067837789e+01
8.583747576238322097e+01
8.515359999999999729e+01
8.531029040404040131e+01
8.530462101328242852e+01
8.530109090909090241e+01
8.553929306794783827e+01
8.555395222061888205e+01
8.515697295536004674e+01
8.575922451532207447e+01
8.542342857142857326e+01
8.562337878284003523e+01
8.555422680412371506e+01
8.543363265306122400e+01
8.540538775510204061e+01
8.548832985196621337e+01
8.527769679300291727e+01
8.557606030333303693e+01
8.520966958211856479e+01
8.543832020997375309e+01
8.547157434402332399e+01
8.551682839409039616e+01
8.572790845518117919e+01
8.545972915181752683e+01
8.567740885416667140e+01
8.506080000000000041e+01
8.540452525252524651e+01
8.492582677165354710e+01
8.533536982730531406e+01
8.550400916380297645e+01
8.568453608247422437e+01
8.561745454545454947e+01
8.539913385826771730e+01
8.595427596119296254e+01
8.556797364615137269e+01
8.550167999999999324e+01
8.560725806451613096e+01
8.584244897959183618e+01
8.545706349206349728e+01
8.562678189593727041e+01
8.545235772357723647e+01
8.596115466856736020e+01
8.581861224489796314e+01
8.557661159701976317e+01
8.606711470347833881e+01
8.546468253968254203e+01
8.557110790444123438e+01
8.551928571428571502e+01
8.588301853171775235e+01
8.555977824200546422e+01
8.570416994492525475e+01
8.586413544547816912e+01
8.601178451178451212e+01
8.616267513848158899e+01
8.586621315192743964e+01
8.600429219306769824e+01
8.589903452790051119e+01
8.584442824748947487e+01
8.565555555555555145e+01
8.554233870967742348e+01
8.598521026372060305e+01
8.596530612244897895e+01
8.596007450599287836e+01
8.577427500814597749e+01
8.607038488952245814e+01
8.545338709677419331e+01
8.614048430806889201e+01
8.598942215228603914e+01
8.569436298468556856e+01
8.596137373737373366e+01
8.589614483876779616e+01
8.559345454545454857e+01
8.605913978494623962e+01
8.612326530612244824e+01
8.580692591997429020e+01
8.621608163265305791e+01
8.625053456878117686e+01
8.573932877158684107e+01
8.563634920634920888e+01
8.627717391304348382e+01
8.562214141414141011e+01
8.626028516937607549e+01
8.567909613541999647e+01
8.613265306122448806e+01
8.634669428931724156e+01
8.628980110798292458e+01
8.588715093672675494e+01
8.591644718917446255e+01
8.579639448568399018e+01
8.577174578197394794e+01
8.535143999999999664e+01
8.541684562157003313e+01
8.554088504088504408e+01
8.584158986175114592e+01
8.567941507311586236e+01
8.597692444761226227e+01
8.557378932484976986e+01
8.612955107811947641e+01
8.595117605131859762e+01
8.627783669141038558e+01
8.640802287143750959e+01
8.568805231530576805e+01
8.588130612244897577e+01
8.604976643909449763e+01
8.613016528925619752e+01
8.613015672851737747e+01
8.617816609619887913e+01
8.546387096774193992e+01
8.578256170059448493e+01
8.574276422764228300e+01
8.614031620553359403e+01
8.574242694226657591e+01
8.584060940841054332e+01
8.583187560738581112e+01
8.597199999999999420e+01
8.564446047779381388e+01
8.578539034661483242e+01
8.610800000000000409e+01
8.641394968667695764e+01
8.617673235855053804e+01
8.580406517445688053e+01
8.610573122529643797e+01
8.610833632770390977e+01
8.571095298144479102e+01
8.638442622950819327e+01
8.562853342201529472e+01
8.615174456879526588e+01
8.589260606060605596e+01
8.533722448979591491e+01
8.562832000000000221e+01
8.595695213877031904e+01
8.554737609329446002e+01
8.584579591836734380e+01
8.605094905094905755e+01
8.570397523623330471e+01
8.605293389890420030e+01
8.612024339297066433e+01
8.562506122448979795e+01
8.570571428571427930e+01
8.578803015166651846e+01
8.541801587301587517e+01
8.533818094166799995e+01
8.536110121168923115e+01
8.554023999999999717e+01
8.530817972350230605e+01
8.587182489641506322e+01
8.614165782962177786e+01
8.547505668934240930e+01
8.572975380628442110e+01
8.544179894179893608e+01
8.557256235827664170e+01
8.544812654648285388e+01
8.558837113402061902e+01
8.595395513577331315e+01
8.582614432989690556e+01
8.541795589203422878e+01
8.568235681369321810e+01
8.607902930402930508e+01
8.573066161948649722e+01
8.576859776168531369e+01
8.558607636603028368e+01
8.590065306122448874e+01
8.554484858459512964e+01
8.553902439024389537e+01
8.567008797653959107e+01
8.608588738417675756e+01
8.600189690721649072e+01
8.600342857142857156e+01
8.625647080192534588e+01
8.590484675694939654e+01
8.628036291771469735e+01
8.594413756236636459e+01
8.598022095509622886e+01
8.591518175338559615e+01
8.567302950767518155e+01
8.615035051546391287e+01
8.568406985032073919e+01
8.600000000000000000e+01
8.640516481579410879e+01
8.656778013432308683e+01
8.580150631681243567e+01
8.599541688700863062e+01
8.623667241849059906e+01
8.617173735355554243e+01
8.616870834083948694e+01
8.618002155946820153e+01
8.620697484333848593e+01
8.624421033511941914e+01
8.624559827524254274e+01
8.631604123711339582e+01
8.612897959183673890e+01
8.628595156919311648e+01
8.567768059604794928e+01
8.566504697116941713e+01
8.614616472251678658e+01
8.637181099532878648e+01
8.625159066808059549e+01
8.635411426518146527e+01
8.615520313613684777e+01
8.636537776193870286e+01
8.641785714285714448e+01
8.615315395580897473e+01
8.566504697116941713e+01
8.623975409836064898e+01
8.620767055496641262e+01
8.594046117816610320e+01
8.591366714183891418e+01
8.586649713922440696e+01
8.602178250748254129e+01
8.622950819672131217e+01
8.571388079041140884e+01
8.617034925160371017e+01
8.580032989690721479e+01
8.579538144329896454e+01
8.559558030901904147e+01
8.585923022095509793e+01
8.568989547038327714e+01
8.598886315039202088e+01
8.600249465431218709e+01
8.599126870990734517e+01
8.611115114393803083e+01
8.595934959349592930e+01
8.576497695852535230e+01
8.585094440484675715e+01
8.554375510204081934e+01
8.605028278543655063e+01
8.540538132573057339e+01
8.589607635206786540e+01
8.593388429752066315e+01
8.608264462809917461e+01
8.601835824809860753e+01
8.600087420229040447e+01
8.566803278688524870e+01
8.588007840342123700e+01
8.537947935079543527e+01
8.578537063435494758e+01
8.583224058047032656e+01
8.564824742268041291e+01
8.581947722703033321e+01
8.586081654294804366e+01
8.570659466535755655e+01
8.568568214687449824e+01
8.605857155345746889e+01
8.609210294376872241e+01
8.607692307692308020e+01
8.572681863590953810e+01
8.579634300126103597e+01
8.586388670338315876e+01
8.584274768353527918e+01
8.583810533757511507e+01
8.599723806129722448e+01
8.547305484693877986e+01
8.599425592082008052e+01
8.624358517462580664e+01
8.630777366472766232e+01
8.609363363908818201e+01
8.623365062577119033e+01
8.590663917525773741e+01
8.555884239217571974e+01
8.572194384792810240e+01
8.593014967925873293e+01
8.592028463339939037e+01
8.563136750763297300e+01
8.612421017625540287e+01
8.572017673048600273e+01
8.581150570464406258e+01
8.566812371134020054e+01
8.593522808267996993e+01
8.592729864575909460e+01
8.596115466856736020e+01
8.579753806284418260e+01
8.577077551020407498e+01
8.593748995661256629e+01
8.605359394703657472e+01
8.599912579770959553e+01
8.625290672261562008e+01
8.580192560895325471e+01
8.575076329744496206e+01
8.568455728748192257e+01
8.573776524939316346e+01
8.594770135424090540e+01
8.571248979591837269e+01
8.570878507653061718e+01
8.543564197332476340e+01
8.614085887384176488e+01
8.634690639873082318e+01
8.555500637755102389e+01
8.546010492522120217e+01
8.548859071187530390e+01
8.591490754377352346e+01
8.539633948817622411e+01
8.532071109693877986e+01
8.557511811023621817e+01
8.569026193154427062e+01
8.563844467895121682e+01
8.573918337527396716e+01
8.583666666666667311e+01
8.599099571640877571e+01
8.547361288265305745e+01
8.570049829530553609e+01
8.543776346138551503e+01
8.587955107811947641e+01
8.603724162508909501e+01
8.588681279195112950e+01
8.615256478053939304e+01
8.619743406985031697e+01
8.571757575757575864e+01
8.589174620007069905e+01
8.575032393909944517e+01
8.557110718303069063e+01
8.527614729976934882e+01
8.596614397719173439e+01
8.580165735903440805e+01
8.544752209595959869e+01
8.608174266525273310e+01
8.599959090165275200e+01
8.561750315656566102e+01
8.596261160714286120e+01
8.569371811224489477e+01
8.611202185792349439e+01
8.570537738905085234e+01
8.599580382900603581e+01
8.600481632653061581e+01
8.612230090042835684e+01
8.574973617988473507e+01
8.623771650759985619e+01
8.608411386593205350e+01
8.602827854365500571e+01
8.565380366161616621e+01
8.558820160366552443e+01
8.573332797686003914e+01
8.618253128855984357e+01
8.656645513837476358e+01
8.588173195876288446e+01
8.580411377149285101e+01
8.639923378474696847e+01
8.611045655375552599e+01
8.614071294559099101e+01
8.631285334220153516e+01
8.598432323232323427e+01
8.583994708994708844e+01
8.580003284881333059e+01
8.612865979381443537e+01
8.600433874337136331e+01
8.643671778600388222e+01
8.604585567010309433e+01
8.650898995240613942e+01
8.656150013113034447e+01
8.594258179462261182e+01
8.621898989898990351e+01
8.629608333333332837e+01
8.660058802565930591e+01
8.644052419354838435e+01
8.650294012829650114e+01
8.647986457590876341e+01
8.638753745813502860e+01
8.681535342852106396e+01
8.670068746694870754e+01
8.625420875420874722e+01
8.652838004583112763e+01
8.601162886597937529e+01
8.657491627005111923e+01
8.607436570428696143e+01
8.614181345888465557e+01
8.558908325234855852e+01
8.661841286767972292e+01
8.643902439024390105e+01
8.620028267376122244e+01
8.598762886597937438e+01
8.622278911564626469e+01
8.688880969351389183e+01
8.582703321878580027e+01
8.651826443335708916e+01
8.638709677419355160e+01
8.619800681877786985e+01
8.605389898989899677e+01
8.571324936224489477e+01
8.609669582118561948e+01
8.602577777777777612e+01
8.569656886323552669e+01
8.587771298995788527e+01
8.613044897959183288e+01
8.597570456754129964e+01
8.585281385281385269e+01
8.611598801339678744e+01
8.577714285714286291e+01
8.655416963649322781e+01
8.564039682539682019e+01
8.556184189847556354e+01
8.568943089430894133e+01
8.584319999999999595e+01
8.622729259550659719e+01
8.620589292130793524e+01
8.620393799002138735e+01
8.601023999999999603e+01
8.580743434343433762e+01
8.566401555319900751e+01
8.606670735960935303e+01
8.607247136987498948e+01
8.569388888888889255e+01
8.588834408602150461e+01
8.615814516129032086e+01
8.581180198019802674e+01
8.626634937422880967e+01
8.619730745694553775e+01
8.616251221896382617e+01
8.602262626262626100e+01
8.639353171774767759e+01
8.628052375997225454e+01
8.623839496459480358e+01
8.601914503015997582e+01
8.586249558147756034e+01
8.559651634454783675e+01
8.603091589451176446e+01
8.591093877551020341e+01
8.595111111111111768e+01
8.623479640401903623e+01
8.591103030303030152e+01
8.602692543054462249e+01
8.600909170382026048e+01
8.558766909469302675e+01
8.576177188698989085e+01
8.590750939767461603e+01
8.627904537109887428e+01
8.606443521882027881e+01
8.569845544554455330e+01
8.581176000000000670e+01
8.583171363783608854e+01
8.614478463933575370e+01
8.601595560180368238e+01
8.598209194583036208e+01
8.550011881188119389e+01
8.591218637992831475e+01
8.543351691581432306e+01
8.587882719252723973e+01
8.586632453567936807e+01
8.577052189876737032e+01
8.569625946969696884e+01
8.560232161701436837e+01
8.625828581610834078e+01
8.642497348886531938e+01
8.618594282717020860e+01
8.594127184291119192e+01
8.540758178423573099e+01
8.575087999999999511e+01
8.625462718138551566e+01
8.615036279395052077e+01
8.619413756236636459e+01
8.606995443580809990e+01
8.608472915181752683e+01
8.591943629846855401e+01
8.590247755237778904e+01
8.609217828650710658e+01
8.625498930862437419e+01
8.585067712045616872e+01
8.559762984172432709e+01
8.615079989509573011e+01
8.633012935680919497e+01
8.598641793487153961e+01
8.609185673556663687e+01
8.611749304532810356e+01
8.595065903572667310e+01
8.574141561386458932e+01
8.602099526489770653e+01
8.563353687931865466e+01
8.637004982953055787e+01
8.592691668852172882e+01
8.606932904493879732e+01
8.583821593153390950e+01
8.561417322834645915e+01
8.569080412371134514e+01
8.574202258222877049e+01
8.545862124377309499e+01
8.574101081216997500e+01
8.573441335297005139e+01
8.537917071590540274e+01
8.542816650469711703e+01
8.555250164581961769e+01
8.555293732613320401e+01
8.554573719522173292e+01
8.564817542137129180e+01
8.588114754098360493e+01
8.514127511469703791e+01
8.532850597283587035e+01
8.564023891343478567e+01
8.542429229756419318e+01
8.578465979381442708e+01
8.567599410898380086e+01
8.527364234109911934e+01
8.544023323615159882e+01
8.540043290043290369e+01
8.515628865979381601e+01
8.513742998620017488e+01
8.530045351473923176e+01
8.514067700300348918e+01
8.506185567010309967e+01
8.532171494027164727e+01
8.524425355921418657e+01
8.571845174973488213e+01
8.512911778884782166e+01
8.510939289805268970e+01
8.569278350515463671e+01
8.554606447389951995e+01
8.544525429219307000e+01
8.542036033163265074e+01
8.555066043814433385e+01
8.555004859086491820e+01
8.547911352040816269e+01
8.516565688775510523e+01
8.515481505102040671e+01
8.501886945254291561e+01
8.511962035673376192e+01
8.570412480169223102e+01
8.544933366859442003e+01
8.550883652430044890e+01
8.542292587137947635e+01
8.587489956612566289e+01
8.593993018913873527e+01
8.524328273398815270e+01
8.558435607920144150e+01
8.549655004464648300e+01
8.562182948780886704e+01
8.542120765832106599e+01
8.608073187651751823e+01
8.631593014967926081e+01
8.639059158945117645e+01
8.591868622448978954e+01
8.592913385826771844e+01
8.564064801178203368e+01
8.568864000000000658e+01
8.611300813008129751e+01
8.530550090501299110e+01
8.519581014223871307e+01
8.521196699822654352e+01
8.566059922680412342e+01
8.386620065789473699e+01
8.345825195312500000e+01
8.435915153462960347e+01
8.439692540322580783e+01
8.484669273378951004e+01
8.412273528940195888e+01
8.467305050505051156e+01
8.519833253166586928e+01
8.463027096360430335e+01
8.479701779701780140e+01
8.458021349009901257e+01
8.468125701459034360e+01
8.471226092896175430e+01
8.448476894933587289e+01
8.482636734693878111e+01
8.480840816326531240e+01
8.469446464646465245e+01
8.482561616161616769e+01
8.446521668295861218e+01
8.414702581369247980e+01
8.376889795918367554e+01
8.416642228739003428e+01
8.382596544715447351e+01
8.372357723577235333e+01
8.376058976865428463e+01
8.371339323919555397e+01
8.369328202661536409e+01
8.412135999999999569e+01
8.341542857142857770e+01
8.342592592592592382e+01
8.333174262308121172e+01
8.336168132942326281e+01
8.331240981240981114e+01
8.303134353175923366e+01
8.320589203423304525e+01
8.296641170601928650e+01
8.323535054063481198e+01
8.357441513190642013e+01
8.293931313131312777e+01
8.293273469387754915e+01
8.284489795918366895e+01
8.316589861751151602e+01
8.272393287715868837e+01
8.297009780343113050e+01
8.285893877551021092e+01
8.323039923039922883e+01
8.331096681096681777e+01
8.351216326530612832e+01
8.306792484203525362e+01
8.288067213247828136e+01
8.269295415959253148e+01
8.283660606060605858e+01
8.307127272727272782e+01
8.279905862216516255e+01
8.305802310654685527e+01
8.354887999999999693e+01
8.305258938592271534e+01
8.333694083694084043e+01
8.340845556514236137e+01
8.306125773867709938e+01
8.347596491228070192e+01
8.270951283739302085e+01
8.331460573476702791e+01
8.289746543778801424e+01
8.301055869637512785e+01
8.355337373737373241e+01
8.312936481543066236e+01
8.342916307161345912e+01
8.320655737704917954e+01
8.284946236559139265e+01
8.289291380222104522e+01
8.280375510204081024e+01
8.325783972125435639e+01
8.353832752613240586e+01
8.344939127343819507e+01
8.323028673835125346e+01
8.380259562841530396e+01
8.365237273511648652e+01
8.355178477228767520e+01
8.343776474421635214e+01
8.353649817093449315e+01
8.369682926829268865e+01
8.344090714591357028e+01
8.377703999999999951e+01
8.366696840026332893e+01
8.398744000000000653e+01
8.370143006627137083e+01
8.388654012079378219e+01
8.383132010353753572e+01
8.378464450296247890e+01
8.398181003584230098e+01
8.378826574633303892e+01
8.382030141843971194e+01
8.401232653061224198e+01
8.367299396031060610e+01
8.397502040816326030e+01
8.409918367346938339e+01
8.421567346938775245e+01
8.381468413978494425e+01
8.426820356676816459e+01
8.396452328159645617e+01
