6.940300123762376927e+01
6.935062116449633152e+01
6.920480916030534502e+01
6.989070391414141170e+01
6.925173453996983142e+01
6.864242187499999659e+01
6.627772874374815615e+01
6.676902887139107179e+01
6.650986261416839795e+01
6.641726315789473745e+01
6.563671875000000000e+01
6.632963709677419217e+01
6.633531409168081439e+01
6.630440735986307743e+01
6.606628697990824151e+01
6.611246315471241530e+01
6.623545792079207217e+01
6.618941355674029126e+01
6.669165596919127381e+01
6.634937447233095043e+01
6.634875968992247408e+01
6.665879065040650175e+01
6.615224676313785324e+01
6.622518619851041421e+01
6.612444782939832066e+01
6.591935605774317253e+01
6.634012066365006888e+01
6.623989441930618227e+01
6.605590251332824892e+01
6.645127688172043179e+01
6.581577747378021570e+01
6.671364997860504786e+01
6.668920060841642794e+01
6.673153615746683442e+01
6.559686598581117778e+01
6.591077519379844318e+01
6.585363051470588402e+01
6.586084511323909396e+01
6.567342083045514300e+01
6.551307240099009732e+01
6.591383044554454784e+01
6.590293911280892303e+01
6.596805383663365774e+01
6.660966666666666924e+01
6.678556876061119851e+01
6.606487202118269408e+01
6.606733546131630419e+01
6.581729746162031347e+01
6.595130808567405722e+01
6.661609723560364671e+01
6.710487916096671768e+01
6.683897459513393358e+01
6.761022882513661614e+01
6.676598357510169990e+01
6.678554886521537526e+01
6.636857982673267031e+01
6.623452970297029196e+01
6.614866727941176805e+01
6.647942450495050082e+01
6.690437405731523768e+01
6.598986695544554948e+01
6.619939070830159267e+01
6.627490717821781629e+01
6.599370634737891805e+01
6.596147896039603609e+01
6.591685666514668185e+01
6.588809742647059409e+01
6.606369377095190032e+01
6.502056949881034598e+01
6.474729269801980536e+01
6.494554227941176805e+01
6.558139534883720501e+01
6.527249999999999375e+01
6.524421875000000171e+01
6.533828124999999432e+01
6.534630259900990268e+01
6.526310538030547548e+01
6.537247360482655267e+01
6.521828589108910990e+01
6.558057598039215463e+01
6.568735525706345868e+01
6.571751025991791550e+01
6.546983292079207217e+01
6.580164062500000455e+01
6.576123205187586507e+01
6.569894419306183408e+01
6.528206127699384353e+01
6.595852187028657454e+01
6.578207617625093917e+01
6.559251237623762165e+01
6.536871594136157171e+01
6.586726998491704421e+01
6.571139705882353610e+01
6.579968750000000455e+01
6.581065315833909324e+01
6.564836014851485402e+01
6.575807813339473284e+01
6.616108597285068527e+01
6.673239923888600345e+01
6.598571211430308381e+01
6.603132659313725128e+01
6.595052790346908012e+01
6.543989789603961071e+01
6.545853960396038929e+01
6.536378403465346310e+01
6.566423468612251213e+01
6.535135746606334806e+01
6.526576987384100903e+01
6.521333539603961071e+01
6.527838799504949918e+01
6.548476175742574412e+01
6.517761057911536682e+01
6.497203222374220388e+01
6.497864417084663557e+01
6.518782945736434442e+01
6.507880844645551122e+01
6.556275704493526746e+01
6.578907581709034957e+01
6.558544494720965190e+01
6.582015748031496116e+01
6.645009513924927091e+01
6.574021325209443489e+01
6.537685643564356042e+01
6.590507675938592058e+01
6.576799490972719298e+01
6.569600301659124852e+01
6.593979161695696689e+01
6.622387941919191690e+01
6.638250309405940186e+01
6.633950477910740062e+01
6.606615488823662474e+01
6.631764705882352473e+01
6.711932861264097028e+01
6.536768447837150120e+01
6.630390492359931898e+01
6.646842105263158373e+01
6.637221052631578289e+01
6.500529218843172430e+01
6.477876309150676093e+01
6.470978220745662668e+01
6.482795857988165267e+01
6.490761834319526713e+01
6.527228933521085708e+01
6.652286585365853000e+01
6.508305521844660291e+01
6.501487379807691980e+01
6.505468750000000000e+01
6.499926035502959110e+01
6.468588498879761062e+01
6.588008421052632002e+01
6.487867647058823195e+01
6.445896946564884900e+01
6.441868564506360428e+01
6.452381656804733723e+01
6.425714285714285268e+01
6.550768588137009374e+01
6.459820761762509278e+01
6.583679500168861409e+01
6.439863476218438620e+01
6.449334319526627723e+01
6.431045382704898827e+01
6.461893491124260436e+01
