6.981978319783198117e+01
6.896966960186648521e+01
6.922189031862744457e+01
6.977918198529411598e+01
7.069486244110046869e+01
7.060695371862767900e+01
6.953930232558138869e+01
7.055527903469079831e+01
7.159614685568884340e+01
7.130687079910380533e+01
7.062715162400837698e+01
7.074062406240624057e+01
7.203877423389619139e+01
7.076515151515151558e+01
7.027572519083969382e+01
6.995898838004100639e+01
7.139922877154324965e+01
7.145583333333333087e+01
7.167191934279313159e+01
7.328057498057498265e+01
7.286165354330708510e+01
7.022379844961240281e+01
7.047185998627315939e+01
7.105105341375994499e+01
7.054566929133858366e+01
7.133792840822543724e+01
7.175889108910891423e+01
7.184847524752474612e+01
7.214474293654470216e+01
7.144381009615383959e+01
7.198091830649970291e+01
7.243231670673077360e+01
7.262309368191721148e+01
7.300965637233579741e+01
7.341780701754386484e+01
7.298739495798319865e+01
7.292447916666667140e+01
7.320552476309673295e+01
7.306343157181571257e+01
7.287289473684209895e+01
7.286101694915254257e+01
7.246763085399449267e+01
7.294213501829065649e+01
7.385388235294117010e+01
7.318816528371469587e+01
7.316152314584370231e+01
7.352215384615384153e+01
7.372983870967742348e+01
7.374504781420765198e+01
7.394025482093664436e+01
7.392957988980715811e+01
7.391104344963791561e+01
7.426005986032591011e+01
7.386734693877551194e+01
7.320761165048543262e+01
7.281840776699029050e+01
7.357587139423077360e+01
7.362605948528278077e+01
7.354804421768707812e+01
7.321632444406577633e+01
7.296263774104683364e+01
7.323385729696408930e+01
7.301795665634675458e+01
7.295073516984957962e+01
7.298295454545454675e+01
7.307509386733416079e+01
7.314491328446271723e+01
7.338758918201426695e+01
7.372156357388315939e+01
7.402989827509951226e+01
7.400894097222222001e+01
7.409994834710744271e+01
7.418602388323751029e+01
7.414348958333333428e+01
7.421293402777777715e+01
7.385227272727273373e+01
7.374083168316832371e+01
7.339981140971239881e+01
7.362486274509804218e+01
7.374083168316832371e+01
7.360436432637571613e+01
7.367566272756307910e+01
7.377655445544554880e+01
7.374454901960784525e+01
7.367773561037317620e+01
7.367868437697659090e+01
7.384588235294117453e+01
7.376043643263757588e+01
7.378321622484828879e+01
7.375383264132864269e+01
7.373798228969006630e+01
7.360404024273394441e+01
7.376653161073312504e+01
7.370164705882352507e+01
7.390193305044790861e+01
7.377805940594059564e+01
7.354655062280421873e+01
7.406392156862744969e+01
7.404572549019607663e+01
7.409607843137254690e+01
7.378500600961538680e+01
