7.275011225864390951e+01
7.235912004662004904e+01
7.204319638694639139e+01
7.183823964497041459e+01
7.202033176746917320e+01
7.214561480186479514e+01
7.212272460364063420e+01
7.263121506325390442e+01
7.302866337374643990e+01
7.291715312079030298e+01
7.303988413547237712e+01
7.318270944741533413e+01
7.335256698099087203e+01
7.337315645149337229e+01
7.334158452530941474e+01
7.334267431597528741e+01
7.352865761689291446e+01
7.309311562224183945e+01
7.314187996469550512e+01
7.325772285966461084e+01
7.335882352941176521e+01
7.295268865121806812e+01
7.295729352346999974e+01
7.328436967316386585e+01
7.307994998528978670e+01
7.305444147355912321e+01
7.335552170601675925e+01
7.326925072259690808e+01
7.343431891732862482e+01
7.358327047187997039e+01
7.359809183064996319e+01
7.348919252740466845e+01
7.324036711165048530e+01
7.344417113893858584e+01
7.335584319526627439e+01
7.373402573944457572e+01
7.348635957066188951e+01
7.360374802438474262e+01
7.325873161764705799e+01
7.318887867647059409e+01
7.334414132379248485e+01
7.311789940828401768e+01
7.320147928994083486e+01
7.326622710622710599e+01
7.310159773717604992e+01
7.370072430266604613e+01
7.410066902794174837e+01
7.413468938977460709e+01
7.422545763497335258e+01
7.657588581860426302e+01
7.721265642325360545e+01
7.731474947071276915e+01
7.913152515723270142e+01
7.947624283358203456e+01
8.073800629898191517e+01
8.084310850439882756e+01
8.075020511673007206e+01
7.962938005390834917e+01
7.976026392961877320e+01
7.678358329301725860e+01
7.510140495867769062e+01
7.430694548170276903e+01
7.415956284153006095e+01
7.427200647249190979e+01
7.436707911511061297e+01
7.443804900601017493e+01
7.430338119499768368e+01
7.409191176470588402e+01
7.467110709716264694e+01
7.437625739644970224e+01
7.448457066189624243e+01
7.411986825980392268e+01
7.388710171568627061e+01
7.384146526827785806e+01
7.374806201550387641e+01
7.366067234292425780e+01
7.363275963518681522e+01
7.388543689320388808e+01
7.415070679434565193e+01
7.414614985548061554e+01
7.528880952380951896e+01
7.486579536967886384e+01
7.447492020063839391e+01
7.430271493212669043e+01
7.428921568627451677e+01
7.441194921583270627e+01
7.413648293963254332e+01
7.408173076923077360e+01
7.366736370425691405e+01
7.380402231356430320e+01
7.391079179763508478e+01
7.382257466834654736e+01
7.384488084730803337e+01
7.375564468211527469e+01
7.342825311942958422e+01
7.328446226975638922e+01
7.356045634207688977e+01
7.395018162947586404e+01
7.396472489635303305e+01
7.428411680911681003e+01
7.446346837242359129e+01
7.447889587700908010e+01
7.447169811320755173e+01
7.482274414620216874e+01
7.488238144686742714e+01
7.470926869577192520e+01
7.496757292551684770e+01
7.480556531515705387e+01
7.511131535947711768e+01
7.516458668813741895e+01
7.517331961591220590e+01
7.502529989094874452e+01
7.521711535779049029e+01
7.504508856682770102e+01
7.443847656250000000e+01
7.438430059523810201e+01
7.462232597623089703e+01
7.489422750424448338e+01
7.434345238095238528e+01
7.460201700910664613e+01
7.482911714770797573e+01
7.480336496980154948e+01
7.470336496980155516e+01
7.464288179465056317e+01
7.460240442829960728e+01
7.422537512999554110e+01
7.476347517730496861e+01
7.421153846153846700e+01
7.445980118590861707e+01
7.435367980467387383e+01
7.419332477535301962e+01
7.384379452568428803e+01
7.441134751773049061e+01
7.394881889763779270e+01
7.407480837264151319e+01
7.385166908563134314e+01
7.377690288713910149e+01
7.386321155480034406e+01
7.413943146145797414e+01
7.392503004807691980e+01
7.384382512019230660e+01
7.372380952380952124e+01
7.384391534391534151e+01
7.413701466781708405e+01
7.384824820599409634e+01
7.442571182053494283e+01
7.338320209973753094e+01
7.344331065759637056e+01
7.398598625066102841e+01
7.337577802774653435e+01
7.429120394852812126e+01
7.358773333333333255e+01
7.417815789473684163e+01
7.348563929508812009e+01
7.359940007499062631e+01
7.340350476190475604e+01
7.331773528308961829e+01
7.389824380165289597e+01
7.349927619047619487e+01
7.407725670913526983e+01
7.404521138912855349e+01
7.404325078479246258e+01
7.399050905953407664e+01
7.356502857142857010e+01
7.401173425366695824e+01
7.438271287976037627e+01
7.426890681003584405e+01
7.413525282146983386e+01
7.407769066286529380e+01
7.425513373597929956e+01
7.429058484133229001e+01
7.407558239861950256e+01
7.344098105739327309e+01
7.377696289905090055e+01
7.307728200641587080e+01
7.341445762120683582e+01
7.335542378793164175e+01
7.322507473184455762e+01
7.314148936170212778e+01
7.308481948673336603e+01
7.303492907801418710e+01
7.311241134751773529e+01
7.317333908541846199e+01
7.310186170212766399e+01
7.281659926147354156e+01
7.296057347670250692e+01
7.322538627380524190e+01
7.289733786462758758e+01
7.331396072158536015e+01
7.316182351372967219e+01
7.323333333333333428e+01
7.306470177886292561e+01
7.318930938262992925e+01
7.320555653244241512e+01
7.305228360156590384e+01
7.347992831541218095e+01
7.332169861086688911e+01
7.384939335326183141e+01
7.365854719443235865e+01
7.345105013550136164e+01
7.359055741164058873e+01
7.356418146650254641e+01
7.373292735972161438e+01
7.399287849481272872e+01
7.389891257068290997e+01
7.349487704918033160e+01
7.341019503546098690e+01
7.353971607233395957e+01
7.362421835389555724e+01
7.362083826263308595e+01
7.349135987978962703e+01
7.344569672131147797e+01
7.343602430555554861e+01
7.353383264462810587e+01
7.375026315789473585e+01
7.305826415094340121e+01
7.304731955675352140e+01
7.362522836015658356e+01
7.379734914544820867e+01
7.391120071684588311e+01
7.390024415765608978e+01
7.340886939571150549e+01
7.336158312092891265e+01
7.388158353679804691e+01
7.402964426877470316e+01
7.396480755523877804e+01
7.386812791951132340e+01
7.385662953647143070e+01
7.382377049180327333e+01
7.385393460294646673e+01
7.394137562366357486e+01
7.396077912920853237e+01
7.399254401724756747e+01
7.378165822447347466e+01
7.333395522388059362e+01
7.367232284156848721e+01
7.367539220870791894e+01
7.387207882804325720e+01
7.358642888212266087e+01
7.350552200172562323e+01
7.361286974571873998e+01
7.357566867989646653e+01
7.319447799827437962e+01
7.310617150085840876e+01
7.305758748021804649e+01
7.300000000000000000e+01
7.357381082558775631e+01
7.316897321428571388e+01
