8.402081165452653977e+01
8.420879120879121160e+01
8.112262059475575882e+01
7.993202891717743341e+01
8.026336000000000581e+01
8.041152482269502855e+01
8.075961225154773615e+01
8.110688000000000386e+01
8.177564979480163743e+01
8.160352815395580706e+01
8.169388826396701120e+01
8.210542303225230398e+01
8.172311827956988850e+01
8.179305069930069294e+01
8.175873161764705799e+01
8.133543746330005320e+01
8.121518507281552957e+01
8.196765793010752077e+01
8.199554771505376038e+01
8.199145815358066613e+01
8.204391716997412232e+01
8.211009490940466549e+01
8.217526743688489432e+01
8.149021420866081655e+01
8.125184331797234449e+01
8.227642276422764667e+01
8.233704689058862414e+01
8.247044376693766310e+01
8.134613333333332719e+01
8.122672750018396925e+01
8.216120631720430367e+01
8.194164972899729094e+01
8.195001680107526454e+01
8.077508235998801922e+01
8.162844422043011150e+01
8.125008468834688813e+01
8.033664731494920375e+01
8.095765582655826620e+01
8.007633699633699109e+01
8.011960059171597948e+01
7.977377757901014377e+01
8.031651297814207169e+01
7.971789940828402621e+01
7.990170118343195327e+01
7.975118343195266846e+01
7.949230769230769056e+01
7.961321882001493577e+01
7.962611806797853831e+01
7.959304733727810799e+01
7.967329881656804957e+01
8.014786585365853000e+01
7.971675611210494594e+01
7.957194536729420520e+01
7.950813186813186917e+01
7.955843484680694644e+01
7.972196745562129649e+01
8.017530487804877737e+01
7.941066020593579822e+01
7.949952011812476371e+01
7.941569940476190936e+01
7.943609933373713261e+01
7.945979709267110991e+01
8.029988360492184540e+01
7.938234403391884086e+01
7.936137189582071017e+01
7.936769230769230887e+01
8.027545362903225623e+01
7.933721986674743221e+01
7.953598397287717603e+01
7.928432992788461320e+01
7.923968253968253350e+01
7.928072916666666003e+01
7.926552089642640908e+01
7.874913076341647411e+01
7.910813492063492447e+01
7.915025427646786227e+01
7.978048155737704406e+01
7.958372131692716778e+01
7.884191976002999525e+01
7.887132069656341571e+01
7.866901306240929159e+01
7.864584717607974085e+01
7.862008121077889200e+01
7.858848283499446552e+01
7.855348837209302815e+01
7.865171130952380452e+01
7.934030577956988850e+01
7.932199260752688019e+01
7.857577838827839400e+01
7.856385216346153300e+01
7.848325288869386895e+01
7.845610119047618980e+01
7.838348214285714732e+01
7.842207456626061912e+01
7.827117017349576145e+01
7.833542039355992870e+01
7.820187476565429563e+01
7.790730757711889964e+01
7.798490294751977103e+01
7.796818521284541248e+01
7.747713546160483133e+01
7.644457013574660209e+01
