8.347644444444443934e+01
8.345340248310544951e+01
8.360533333333333417e+01
8.367762376237624267e+01
8.399037195523371224e+01
8.353993055555555713e+01
8.361391694725027435e+01
8.370007158196133901e+01
8.331745139000481970e+01
8.338051485148514530e+01
8.391815795752803808e+01
8.371585937499999375e+01
8.386020202020202419e+01
8.378116473064629588e+01
8.398309523809523114e+01
8.356568000000000040e+01
8.372296000000000049e+01
8.360998774509803866e+01
8.338569872393401283e+01
8.369317171717172243e+01
8.384416000000000224e+01
8.379142857142856826e+01
8.385384000000000526e+01
8.414607999999999777e+01
8.402755905511810397e+01
8.403085328619636130e+01
8.406575999999999738e+01
8.351423902894491391e+01
8.420431999999999562e+01
8.428816000000000486e+01
8.422935999999999979e+01
8.396855999999999653e+01
8.407385858585858784e+01
8.397286972791766857e+01
8.397866141732284007e+01
8.414151999999999987e+01
8.405948514851485243e+01
8.401376000000000488e+01
8.409411576078242945e+01
8.415375982042648673e+01
8.424743999999999744e+01
8.423283122772919285e+01
8.435317460317460814e+01
8.400104216770883170e+01
8.415336000000000638e+01
8.400250505050505012e+01
8.414230158730158848e+01
8.431460317460317810e+01
8.433480314960630153e+01
8.422288000000000352e+01
8.405382812499999545e+01
8.432642083105947961e+01
8.407881811803227379e+01
8.402923520698526261e+01
8.425220202020202009e+01
8.434854838709676983e+01
8.429352000000000089e+01
8.385929840686274872e+01
8.406041150990098743e+01
8.415030303030303571e+01
8.432543307086613993e+01
8.392648437500000114e+01
8.397715247715247244e+01
8.379619047619047478e+01
8.391223762376237971e+01
8.391263999999999612e+01
8.392239999999999611e+01
8.400419354838709296e+01
8.405814516129032654e+01
8.394355656038044344e+01
8.367859375000000455e+01
8.402791999999999462e+01
8.418384000000000356e+01
8.398246464646464915e+01
8.387102362204724670e+01
8.390946534653465960e+01
8.386970297029702692e+01
8.322890624999999432e+01
8.371957589459732674e+01
8.421420713499921362e+01
8.330622047244094119e+01
8.320185483870967857e+01
8.363259842519684639e+01
8.365705844778025835e+01
8.337010843941537530e+01
8.378708910891089090e+01
8.440670955882353610e+01
8.347976923676620231e+01
8.360068943402276886e+01
8.381852128454070794e+01
8.439130770418402960e+01
8.324617187500000171e+01
8.445465686274509665e+01
8.431969975490196134e+01
8.439424651126529398e+01
8.414576683386532352e+01
8.413152305825242649e+01
8.402789177686578626e+01
8.338425196850393206e+01
8.356806451612902720e+01
8.335258092738408209e+01
8.356378299120234487e+01
8.345724409448818903e+01
8.356250000000000000e+01
8.333649173955296874e+01
8.369018181818181290e+01
8.461535439258211966e+01
8.361307086614172590e+01
8.326685714285714823e+01
8.391328469372244570e+01
8.397973391089108475e+01
8.358347252048039877e+01
8.463576830123957961e+01
8.413390290641967795e+01
8.382764356435643549e+01
8.379244094488188921e+01
8.369036591014358351e+01
8.389492063492063778e+01
8.383703289683806759e+01
8.373252207110475354e+01
8.420344177274870390e+01
8.408432000000000528e+01
8.381769605531981426e+01
8.371859428271702086e+01
8.405539682539682644e+01
8.401775822743564959e+01
8.357116336633663423e+01
8.408517994656608607e+01
8.450755905511810795e+01
8.380848164181497850e+01
8.399679333012666405e+01
8.425672727272727514e+01
8.380453431372548323e+01
8.361618033039987097e+01
8.395611881188118275e+01
8.419263366336633680e+01
8.409261904761905271e+01
8.411676767676767952e+01
8.415822222222222138e+01
8.363656000000000290e+01
8.376017601760176490e+01
8.337878538512178750e+01
8.338767520162869573e+01
8.369840000000000657e+01
8.324384066313608344e+01
8.328299680361736534e+01
8.375865346534654066e+01
8.377729292929292626e+01
8.384736633663366945e+01
8.334988695719965790e+01
8.347049504950494736e+01
8.363287128712870810e+01
8.368837058632976778e+01
8.345801587301586721e+01
8.351392326732673155e+01
8.327716978264173520e+01
8.360128000000000270e+01
8.313020587773063141e+01
8.343129032258065081e+01
8.326278659611992339e+01
8.321540322580645466e+01
8.314470097803430804e+01
8.328184000000000253e+01
8.368985858585858750e+01
8.341123232323232628e+01
8.326787245653699188e+01
8.353436734693877952e+01
8.369754072181412141e+01
8.359827080438473956e+01
8.374249567813924955e+01
8.362157003101884811e+01
8.348760396039604359e+01
8.325178960473077439e+01
8.387275985663082167e+01
8.382474894719793213e+01
8.394851743238839958e+01
8.359254231874800212e+01
8.390849568827850646e+01
8.335580645161290647e+01
8.360907461713912880e+01
8.333823999999999899e+01
8.328300990099009482e+01
8.363516129032258561e+01
8.387766129032257822e+01
8.381552475247524114e+01
8.340425018111567113e+01
8.382266210492016967e+01
8.329732283464566933e+01
8.332634287050751709e+01
8.362871287128713504e+01
8.355921259842519078e+01
8.298182240099009732e+01
8.402158683610296919e+01
8.358137829912023165e+01
8.330677419354839230e+01
8.369904761904761870e+01
8.363000977517106094e+01
8.353942652329749308e+01
8.344878048780488200e+01
8.332611111111111768e+01
8.359416748126425034e+01
8.340079519763000349e+01
8.331382978723404165e+01
8.306157575757575273e+01
8.340245367192862602e+01
8.353473267326732810e+01
8.361881188118812247e+01
8.338992191902117668e+01
8.357188118811880884e+01
8.337663738634611832e+01
8.335491855637177139e+01
8.352657425742573594e+01
8.366765416699149682e+01
8.357353296305240065e+01
8.385003258390355541e+01
8.388741616097092901e+01
8.366222222222222626e+01
8.379076423267326845e+01
8.405418258361268613e+01
8.407221436429357198e+01
8.390314960629920904e+01
8.374906249999999375e+01
8.391978650990098743e+01
8.448744000000000653e+01
8.435976175742574412e+01
8.512215999999999383e+01
8.417603492632727580e+01
8.461729165042488887e+01
8.529549466574565031e+01
8.519100335230373844e+01
8.496140952677944824e+01
8.502401185000390171e+01
8.474163873080220810e+01
8.500290743360049817e+01
8.502549302549302013e+01
8.454416769801980536e+01
8.496802672393224043e+01
8.487237004950495134e+01
8.543662189285163322e+01
8.535403050108932632e+01
8.484181264280273638e+01
8.525748031496063106e+01
8.511898437499999659e+01
8.522269369794122440e+01
8.519939786938397219e+01
8.504488372093022974e+01
8.543773437500000512e+01
8.514448000000000150e+01
8.475248610132331351e+01
8.539572528681439678e+01
8.510896365227074511e+01
8.513787401574802516e+01
8.489937007874016217e+01
8.503817704605106087e+01
8.488913385826771218e+01
8.492053345959595845e+01
8.492764227642275898e+01
8.483155038759690569e+01
8.494726562500000000e+01
8.491232832960714916e+01
8.512575999999999965e+01
8.481730315888731297e+01
8.479101562500000000e+01
8.474606299212598515e+01
8.435183597099867825e+01
8.477937007874015762e+01
8.463102362204723761e+01
8.483246031746031690e+01
8.452072955166318025e+01
8.466639999999999588e+01
8.420675004008337794e+01
8.430995918367347031e+01
8.422278338945005771e+01
8.425843803892584560e+01
8.415637113402061686e+01
8.410747474747475394e+01
8.389902040816326689e+01
8.368336393041349197e+01
8.388919354838709808e+01
8.381164164803577421e+01
8.405436734693877554e+01
8.412530612244897554e+01
8.408563492063491651e+01
8.424799622819425338e+01
8.449944000000000699e+01
8.410817855979146884e+01
8.395748031496063390e+01
8.431496062992125928e+01
8.400172874430300851e+01
8.414716831683168152e+01
8.420571428571427930e+01
8.424697469746975287e+01
8.420619047619047137e+01
8.423175999999999419e+01
8.438365079365078714e+01
8.457753968253967969e+01
8.435368793186566450e+01
8.426011881188118480e+01
8.443188976377952315e+01
8.424232887490165922e+01
8.423547474747475405e+01
8.424487999999999488e+01
8.465720699054031684e+01
8.394647999999999399e+01
8.432272512965582223e+01
8.414328712871287053e+01
8.440558813945911254e+01
8.400683015141540011e+01
8.401309684179014425e+01
8.435309361839973974e+01
8.398582766439909619e+01
8.446012975281267643e+01
8.343077837195484392e+01
8.425401472064235975e+01
8.419380799868605436e+01
8.458436827289285986e+01
8.449627421758569312e+01
8.466123966942149082e+01
8.432663934426228991e+01
8.408399610452848094e+01
8.427751756440281383e+01
8.398203449377196250e+01
8.402913949931578941e+01
8.391894067455525885e+01
8.427395185716562764e+01
8.408880000000000621e+01
8.389328000000000429e+01
8.386975770747805825e+01
8.412670707070707010e+01
8.434105691056910814e+01
8.404912771560236706e+01
8.392604838709677040e+01
8.390915075707702897e+01
8.445546372819100611e+01
8.413804577179028854e+01
8.463731707317073472e+01
8.403698389925075674e+01
8.403278688524589768e+01
8.385168000000000177e+01
8.383563492063491651e+01
8.390217821782178476e+01
8.438110827211752962e+01
8.433079365079365175e+01
8.395319999999999538e+01
8.420782757547463859e+01
8.412416000000000338e+01
8.422225806451612584e+01
8.423720707795312990e+01
8.403271999999999764e+01
8.453478057889822139e+01
8.394487626194943175e+01
8.443500479080165633e+01
8.477518803974371053e+01
8.443700642791552013e+01
8.482188644688645240e+01
8.447939955285850999e+01
8.477222777222776529e+01
8.422292943580072233e+01
8.425721345448748423e+01
8.401740987106840919e+01
8.389195121951219392e+01
8.394091089108910353e+01
8.434372807359476099e+01
8.408090227961103835e+01
8.412056451612903629e+01
8.438551181102361909e+01
8.396638454167997168e+01
8.420007999999999981e+01
8.457349206349206838e+01
8.430418943533697984e+01
8.342831476823572245e+01
8.365181753385601837e+01
8.387197370530704177e+01
8.427393396382943536e+01
8.422305401271835024e+01
8.401706512114625980e+01
8.412152000000000385e+01
8.439297987236130894e+01
8.433476497256025084e+01
8.409872000000000014e+01
8.423778103616812984e+01
8.385710891089108543e+01
8.395480000000000587e+01
8.393327380469193599e+01
8.411872695206028538e+01
8.382708910891089715e+01
8.412552640103660906e+01
8.368095999999999890e+01
8.393963636363636738e+01
8.442838709677418763e+01
8.425423999999999580e+01
8.436169696969696474e+01
8.442792355037252605e+01
8.420753968253968935e+01
8.403663827735819325e+01
8.411458585858585479e+01
8.379956268221575044e+01
8.411239603960396494e+01
8.388720538720538400e+01
8.411803070070786248e+01
8.421218011013930038e+01
8.449983062330623795e+01
8.487670435650149159e+01
8.478212197159565733e+01
8.436439101187920642e+01
8.456128875968991565e+01
8.433856979217803485e+01
8.430122422680412342e+01
8.418927908415841443e+01
8.326945465686274872e+01
8.349471507352940591e+01
8.303937190594059814e+01
8.348436890933187726e+01
8.328828898514851176e+01
8.391616956971287777e+01
8.369624819624819168e+01
8.423464806798139648e+01
8.482154829656194295e+01
8.537756598240468975e+01
8.524832589285713880e+01
8.508254419191919737e+01
8.482769207153273783e+01
8.484780943627451677e+01
8.483997469955724569e+01
8.485487108229118292e+01
8.462885100527482507e+01
8.495254901960784366e+01
8.466162376237623732e+01
8.341023137019230660e+01
8.405442176870748483e+01
8.383579009433962881e+01
8.380284964379453072e+01
8.306082112332111933e+01
8.328578927634045215e+01
8.320929883764529222e+01
8.326523053665910368e+01
8.352185976752906527e+01
8.389085499530222023e+01
8.350027184466019037e+01
8.354960317460317754e+01
8.353283168316831109e+01
8.362290196078431848e+01
8.355027450980392700e+01
8.315572203959942499e+01
8.375545098039215475e+01
8.366791160908807967e+01
8.418869401816473896e+01
8.394034951456310978e+01
8.405987055016181841e+01
8.366540939808265875e+01
8.367075278956467344e+01
8.369761616161616757e+01
8.370044444444444309e+01
8.408389093342255194e+01
8.387685483870967573e+01
8.412438905180840720e+01
8.413627386438446365e+01
8.374359183673469431e+01
8.415075707702435182e+01
8.446240885089262918e+01
8.374739458072791365e+01
8.367925773195875649e+01
8.437746872942724963e+01
8.361243729458571750e+01
8.394616000000000611e+01
8.416185483870967232e+01
8.392111146598530524e+01
8.459447154471544650e+01
8.463183484776024557e+01
8.440498243372724119e+01
8.447764292558288446e+01
8.473346774193548470e+01
8.486835838055350223e+01
8.489547619047618809e+01
8.456412255398768707e+01
8.466180712559444999e+01
8.449479999999999791e+01
8.450912747524752433e+01
8.442985409652075646e+01
8.498283464566928558e+01
8.481389898989898768e+01
8.455985047323629544e+01
8.481040000000000134e+01
8.499911290322580726e+01
8.455267716535432498e+01
8.487784002489884472e+01
8.514906930693069853e+01
8.516203252032519799e+01
8.464804337576615012e+01
8.422844961240309658e+01
8.433803149606299598e+01
8.431698412698412426e+01
8.386054111567106872e+01
8.426351999999999975e+01
8.427549897846927252e+01
8.409488188976378353e+01
8.418150793650794128e+01
8.414984126984127499e+01
8.382775420399183020e+01
8.403738095238095696e+01
8.397126984126984439e+01
8.376439950980392268e+01
8.412676385748811470e+01
8.378048780487804947e+01
8.388936507936507780e+01
8.417455367584003056e+01
8.397066482843136725e+01
8.346895387213139372e+01
8.366588709677419899e+01
8.389204724409448488e+01
8.331542839323302019e+01
8.398666666666666458e+01
8.359801587301586778e+01
8.343525066792393829e+01
8.382306940371456960e+01
8.374699374699375198e+01
8.383439231019876559e+01
8.399952475247525285e+01
8.304927289603961071e+01
8.349128000000000327e+01
8.342632000000000403e+01
8.377063492063491879e+01
8.345614878948212834e+01
8.385056000000000154e+01
8.324761904761905384e+01
8.343047619047618468e+01
8.388183999999999685e+01
8.333351562500000398e+01
8.348940284653465937e+01
8.360949141561386000e+01
8.411210475886298354e+01
8.355079365079365061e+01
8.355543307086614391e+01
8.383183999999999969e+01
8.360927999999999827e+01
8.390628507295174643e+01
8.399392000000000280e+01
8.416552000000000078e+01
8.394141414141414259e+01
8.406499999999999773e+01
8.366472000000000264e+01
8.371452380952381134e+01
8.394880952380952976e+01
8.408783999999999992e+01
8.388198019801980365e+01
8.418837398373983660e+01
8.386785714285714732e+01
8.358579365079364720e+01
8.404904542462146821e+01
8.385293650793650500e+01
8.386412698412698319e+01
8.392840404040404678e+01
8.348970015111747500e+01
8.387870309414088865e+01
8.395608000000000004e+01
8.368090352342321125e+01
8.379039062500000057e+01
8.379992125984252027e+01
8.403112903225806463e+01
8.388507936507936336e+01
8.420095999999999492e+01
8.371024763766699550e+01
8.386132812500000000e+01
8.360165354330707999e+01
8.397992063492063153e+01
8.392976190476190368e+01
8.412118811881188662e+01
8.420907487574153549e+01
8.391603174603174864e+01
8.413416705264782536e+01
8.428601980198020271e+01
8.398027659908848364e+01
8.397756806930692619e+01
8.406732536764705799e+01
8.450751999999999953e+01
8.424828125000000512e+01
8.473511999999999489e+01
8.494925252525251835e+01
8.476202020202019582e+01
8.450839999999999463e+01
8.507058447780261190e+01
8.497599197159178175e+01
8.526471999999999696e+01
8.453161073312438134e+01
8.496108799506858134e+01
8.499274355411455417e+01
8.466496834954453732e+01
8.479279489573606554e+01
8.474408080808080967e+01
8.433231999999999573e+01
8.400420634920635621e+01
8.432492929292929773e+01
8.387026559798836445e+01
8.407339524275008102e+01
8.408360836083608092e+01
8.426213750407298164e+01
8.398008163265306791e+01
8.377419354838710319e+01
8.412919999999999732e+01
8.414922206506365399e+01
8.454128000000000043e+01
8.419166666666666288e+01
8.386960317460317071e+01
8.375602802215705367e+01
8.403664000000000556e+01
8.326267716535433294e+01
8.393540241120886947e+01
8.397026718800911738e+01
8.369920634920634939e+01
8.402529292929293092e+01
8.334949494949495374e+01
8.401247999999999649e+01
8.335460317460317015e+01
8.394338546757902009e+01
8.332007874015748428e+01
8.392704000000000519e+01
8.403992303992303903e+01
8.397460317460317469e+01
8.401333333333333542e+01
8.378555712714128845e+01
8.389077227722772534e+01
8.391899898651281831e+01
8.392368000000000450e+01
8.391868714430498244e+01
8.361031496062992119e+01
8.429687378186638114e+01
8.401444444444445026e+01
