8.935259103641456591e+01
8.930672419992808386e+01
9.039413556740289835e+01
8.940994916485112753e+01
8.922222222222222854e+01
8.831428571428571672e+01
8.875381414701803351e+01
8.845149911816578481e+01
8.915068990559186091e+01
8.864458859679071168e+01
8.879788323659951743e+01
8.952178649237472996e+01
8.911229395604395620e+01
8.949083063646170899e+01
8.947860481841064484e+01
8.933549083063645924e+01
8.895334757834757511e+01
8.899891067538126777e+01
8.879487179487179560e+01
8.932290542970154945e+01
8.831353021978021900e+01
8.898751733703190325e+01
8.852731092436974336e+01
8.912780112044818281e+01
8.919902912621358837e+01
