7.680701754385964364e+01
7.674947368421052829e+01
7.683131987017669928e+01
7.691956140350876581e+01
7.687956140350877376e+01
7.664201754385965160e+01
7.701662792776684796e+01
7.703157894736841627e+01
7.715686274509803866e+01
7.706687306501548562e+01
7.708585069444444571e+01
7.682556352459016580e+01
7.692802254098360493e+01
7.719941348973607376e+01
7.730093676814988157e+01
7.723461023753763754e+01
7.714867512993099297e+01
7.738135948369793482e+01
7.750704467353952509e+01
7.717500213001618192e+01
7.717711678215312077e+01
7.723434749811416111e+01
7.676146938775509909e+01
7.706987847222222854e+01
7.727888345420812755e+01
7.707174243704579908e+01
7.745833333333332860e+01
7.744592013888889426e+01
7.722406813965255878e+01
7.718454460253897764e+01
7.703102836879432402e+01
7.679838154269972961e+01
7.695910368918804068e+01
7.685390998239878968e+01
7.689827509951348361e+01
7.679973958333333428e+01
7.648890822096564079e+01
7.664252786857765898e+01
7.666096722822898357e+01
7.680378570221395762e+01
7.643510928961748618e+01
7.640735997267759672e+01
7.668548250802771804e+01
7.647727272727273373e+01
7.682881944444444855e+01
7.667601825249282399e+01
7.695031783205085674e+01
7.683079625292739934e+01
7.679068784857190622e+01
7.687088051377386932e+01
7.672847222222222285e+01
7.689782986111110574e+01
7.656861585262802805e+01
7.641965505464480657e+01
7.674736842105262724e+01
7.670918715846994473e+01
7.667560763888889142e+01
7.667828856749311228e+01
7.646620943459350883e+01
7.651487721062777325e+01
7.673162075376035318e+01
7.675155491181733680e+01
7.661032117765138594e+01
7.670206185567010948e+01
7.659957044673539883e+01
7.676564625850339496e+01
7.668926116838487417e+01
7.675130208333332860e+01
7.670781680440771311e+01
7.686525593844095283e+01
7.654274451835426873e+01
7.664268848035081305e+01
7.682308943089431352e+01
7.739737370357978818e+01
7.900035460992907588e+01
7.897499999999999432e+01
7.885668739040330877e+01
7.953387533875338988e+01
8.067676767676768179e+01
8.068869230769230683e+01
8.050176651305683606e+01
8.063481904761904673e+01
8.051124379652605967e+01
8.061199999999999477e+01
8.033409019730660816e+01
8.073649267399267160e+01
8.156199460916441524e+01
8.203036893203884006e+01
8.202554799697657018e+01
8.207473481195756904e+01
8.226282051282051100e+01
8.236727935088590868e+01
8.100334235237943403e+01
8.095094501718213564e+01
8.095978391356543113e+01
8.147669977081741877e+01
8.119101744415502253e+01
8.121919646380929692e+01
8.156997084548105192e+01
8.158001502629602442e+01
8.178596938775510239e+01
8.118964963034393634e+01
8.124785364679451050e+01
8.122163291546127084e+01
8.170761500476479000e+01
8.129061055316435613e+01
8.116809756880365967e+01
8.108937578814628466e+01
8.138842203548085763e+01
8.143001443001442397e+01
8.123529411764705799e+01
8.096844452066541464e+01
8.077719342182152218e+01
8.098936717544160047e+01
8.070264138713336877e+01
8.092899659863945772e+01
8.056027000964320450e+01
8.085280300657689168e+01
8.083431999368536935e+01
8.083203694701020936e+01
8.077410468319558845e+01
8.085375141792253828e+01
8.095187165775401184e+01
8.103791929995138332e+01
