1.069325714285714355e+02
1.067037422037422090e+02
1.071657142857142873e+02
1.072417582417582480e+02
1.072043956043956001e+02
1.077309523809523739e+02
1.072934065934065870e+02
1.082305882352941211e+02
1.073860830527497257e+02
1.072878787878787818e+02
1.074023809523809518e+02
1.061576719576719512e+02
1.060550264550264501e+02
1.057348571428571375e+02
1.053086419753086460e+02
1.052217194570135774e+02
1.050393518518518476e+02
1.051307189542483655e+02
1.054428904428904445e+02
1.053877995642701535e+02
1.060359147025813655e+02
1.061683501683501731e+02
1.066516203703703667e+02
1.070143369175627299e+02
1.069214365881032478e+02
1.069212962962962905e+02
1.071054994388327657e+02
1.073206018518518476e+02
1.072395833333333286e+02
1.074247685185185190e+02
1.075444711538461604e+02
1.077714646464646506e+02
1.077765151515151558e+02
1.075279720279720266e+02
1.075802469135802539e+02
1.080664335664335596e+02
1.079494949494949481e+02
1.079864253393665194e+02
1.076168981481481524e+02
1.077187500000000000e+02
1.077362514029180716e+02
1.074965277777777715e+02
1.076002331002330976e+02
1.077086247086247113e+02
1.074629629629629619e+02
1.078692129629629619e+02
1.077502986857825533e+02
1.076631701631701645e+02
1.075612980769230802e+02
1.078882211538461604e+02
1.076328671328671334e+02
1.072525252525252455e+02
1.078506944444444429e+02
1.078936678614097957e+02
1.070902777777777715e+02
1.082002314814814810e+02
1.081313131313131350e+02
1.082741935483871032e+02
1.082820512820512846e+02
1.082604166666666714e+02
1.082126642771804086e+02
1.079571759259259238e+02
1.082222222222222285e+02
1.086997518610421878e+02
1.084169653524492247e+02
1.084218750000000000e+02
1.079120370370370381e+02
1.078009259259259238e+02
1.078641826923076934e+02
1.078810096153846132e+02
1.078822115384615330e+02
1.077776442307692264e+02
1.075891203703703667e+02
1.076712962962962905e+02
1.081682692307692264e+02
1.077908653846153868e+02
1.081598557692307736e+02
1.080865384615384670e+02
1.075949074074074048e+02
1.078216783216783199e+02
1.084266826923076934e+02
1.084339393939393972e+02
1.079300699300699335e+02
1.082618181818181853e+02
1.081515151515151558e+02
1.074882154882154879e+02
1.078424242424242436e+02
1.075000000000000000e+02
1.072579185520362017e+02
1.073472850678733010e+02
1.078298368298368359e+02
1.075927601809954695e+02
1.076323529411764639e+02
1.078540723981900413e+02
1.073006535947712479e+02
1.076900452488687847e+02
1.076809954751131215e+02
1.072354312354312356e+02
1.074638694638694574e+02
1.073857466063348483e+02
1.074265734265734267e+02
1.075622171945701382e+02
