7.336266126612660798e+01
7.366709760827407649e+01
7.326300437530383647e+01
7.252498946481247799e+01
7.669741992171898914e+01
8.112582837723024909e+01
8.773375850340136139e+01
8.684940029985007470e+01
8.636916835699797446e+01
8.568161893629456927e+01
8.552944184687316920e+01
8.440358374568900501e+01
8.293016581632653583e+01
7.513725490196078738e+01
7.462507666695873354e+01
7.492575671045116792e+01
7.495907251789604686e+01
7.456932382133994963e+01
7.463889758847479072e+01
7.391586132842461154e+01
7.423941115702479010e+01
7.386850877192982523e+01
7.377833840800347787e+01
7.374440426997244913e+01
7.311736740454612971e+01
7.292906026933549413e+01
7.364212454212454873e+01
7.330268817204300547e+01
7.253574504737295570e+01
7.255383290267010921e+01
7.255668044077134482e+01
7.280902702311091446e+01
7.246748492678725029e+01
7.253551401869158610e+01
7.244592716152348544e+01
7.246010564359188777e+01
7.255115373922713218e+01
7.317462580185316767e+01
7.299917582417582196e+01
7.300672268907563023e+01
7.236832194169339516e+01
7.252493400870372398e+01
7.231911250624241916e+01
7.212249747947572587e+01
7.280540293040293420e+01
7.282880434782609314e+01
7.250137011326269487e+01
7.257903225806451530e+01
7.244932134673013024e+01
7.128717077315208428e+01
7.195875198307773246e+01
7.263901918976546312e+01
7.440328037658134974e+01
7.355725026852846327e+01
7.265019100335230462e+01
7.215926311097905455e+01
7.246894744952997769e+01
7.234169230769231262e+01
7.232772723797874903e+01
7.261523319200485105e+01
7.274320818070818007e+01
7.261899038461538680e+01
7.239553571428571388e+01
7.320482559664306166e+01
7.321153684210526080e+01
7.310563579722457916e+01
7.333646274984857882e+01
7.355317324185249106e+01
7.478665158371040889e+01
7.553421926910299078e+01
7.572034023668639691e+01
7.507222548443922960e+01
7.422857142857142776e+01
7.425018003744779094e+01
7.409559884559884324e+01
7.449321789321788856e+01
7.457921447484554278e+01
7.444141406655302262e+01
7.432857142857142208e+01
