1.159771428571428515e+02
1.170748440748440800e+02
1.162651428571428625e+02
1.157109890109890102e+02
1.159153846153846104e+02
1.166869047619047564e+02
1.163351648351648322e+02
1.167764705882352985e+02
1.159012345679012412e+02
1.157843822843822892e+02
1.160285714285714249e+02
1.157492063492063465e+02
1.155470899470899440e+02
1.153371428571428510e+02
1.146531986531986576e+02
1.143495475113122239e+02
1.139837962962962905e+02
1.138605664488017482e+02
1.136340326340326357e+02
1.136263616557734224e+02
1.135824915824915848e+02
1.140987654320987588e+02
1.140104166666666714e+02
1.141660692951015506e+02
1.139764309764309758e+02
1.143831018518518476e+02
1.142794612794612732e+02
1.140960648148148096e+02
1.145567129629629619e+02
1.144120370370370381e+02
1.149663461538461604e+02
1.149191919191919169e+02
1.146654040404040416e+02
1.142808857808857823e+02
1.149618406285072894e+02
1.144230769230769198e+02
1.146442199775533055e+02
1.149061085972850691e+02
1.145451388888888857e+02
1.147048611111111143e+02
1.150089786756453378e+02
1.149687500000000000e+02
1.152622377622377599e+02
1.150501165501165559e+02
1.148790849673202672e+02
1.150567129629629619e+02
1.149892473118279526e+02
1.152867132867132938e+02
1.153762019230769198e+02
1.153401442307692264e+02
1.151037296037296045e+02
1.151560044893378176e+02
1.148368055555555571e+02
1.144755077658303435e+02
1.151701388888888857e+02
1.145324074074074048e+02
1.142312008978675664e+02
1.139602977667493775e+02
1.140897435897435912e+02
1.142928240740740762e+02
1.147204301075268802e+02
1.151863425925925952e+02
1.152570145903479215e+02
1.149330024813895790e+02
1.148960573476702507e+02
1.146754807692307736e+02
1.149085648148148096e+02
1.149641203703703667e+02
1.151862980769230802e+02
1.151478365384615330e+02
1.151262019230769198e+02
1.152283653846153868e+02
1.155358796296296333e+02
1.155578703703703667e+02
1.146526442307692264e+02
1.147163461538461604e+02
1.142223557692307736e+02
1.144122596153846132e+02
1.150983796296296333e+02
1.148356643356643332e+02
1.148822115384615330e+02
1.154327272727272771e+02
1.151573426573426531e+02
1.153793939393939354e+02
1.154315151515151570e+02
1.147800224466891166e+02
1.153830303030303099e+02
1.151900452488687847e+02
1.153404977375565608e+02
1.151380090497737569e+02
1.153006993006993071e+02
1.154592760180995441e+02
1.154626696832579142e+02
1.150723981900452486e+02
1.157124183006535958e+02
1.150520361990950278e+02
1.152296380090497792e+02
1.153123543123543158e+02
1.153298368298368359e+02
1.158314479638009118e+02
1.154650349650349597e+02
1.153733031674208149e+02
