4.793072340425531763e+01
4.593613782051281902e+01
6.127888718211298880e+01
7.113969148852869750e+01
7.778661052631578343e+01
8.473113517060367883e+01
9.002784316908839912e+01
9.162037037037036669e+01
9.651236424394319613e+01
9.969347368421053091e+01
1.034100250626566435e+02
1.080415432520695731e+02
1.107890559732664997e+02
1.128057872340425547e+02
1.113808732795443746e+02
1.132443870967741901e+02
1.133016317016317061e+02
1.135125298789420896e+02
1.145905808477237002e+02
1.146676767676767668e+02
1.148989718024614461e+02
1.166757446808510679e+02
1.172395013123359604e+02
1.181986733796851325e+02
1.191142978723404298e+02
1.205766369047618980e+02
1.219370799731182728e+02
1.218967055593685700e+02
1.219523846153846165e+02
1.216655871694039632e+02
1.233635085978835946e+02
1.235798051075268802e+02
1.234526289682539613e+02
1.226341221374045745e+02
1.238172500000000014e+02
1.242551666666666677e+02
1.240789894736842172e+02
1.242974101921470407e+02
1.229750781249999960e+02
1.229349581111957406e+02
1.223861386138613909e+02
1.237025384615384667e+02
1.241144883485308981e+02
1.232057121096725041e+02
1.231545316070068594e+02
1.233064806480648059e+02
1.230291698400609306e+02
1.234519149589377491e+02
1.241517269736842053e+02
1.230263313609467417e+02
1.232598039215686327e+02
1.235899832801337652e+02
1.234634900990099027e+02
1.230895279033572933e+02
1.236242835595776768e+02
1.234043740573152377e+02
1.240841584158415856e+02
1.241591833601964794e+02
1.235715459297983614e+02
1.233180059523809575e+02
1.235629595588235361e+02
1.236823224852070950e+02
1.235000765931372513e+02
1.241743259803921546e+02
1.236818665450676349e+02
1.250617376775271481e+02
1.238612307692307724e+02
1.251261153054221040e+02
1.240173846153846142e+02
1.242056221125988600e+02
1.243881395348837202e+02
1.242021874999999937e+02
1.238040365575019024e+02
1.238271538461538483e+02
1.243074615384615385e+02
1.244924160795689971e+02
1.245555739743058439e+02
1.248960785842363777e+02
1.243728578045391373e+02
1.245343891402715002e+02
1.244424998002077842e+02
1.246835658914728668e+02
1.246125781249999989e+02
1.238871317829457297e+02
1.251077178030302974e+02
1.246567441860465095e+02
1.246249136541561171e+02
1.247144522144522085e+02
1.247017187499999977e+02
1.248613281250000000e+02
1.241816986386138666e+02
1.245197779319916691e+02
1.243779844961240286e+02
1.252381249999999966e+02
1.243996874999999989e+02
1.254725378787878753e+02
1.251715624999999932e+02
1.239738766184310776e+02
1.243103124999999949e+02
1.241556923076923056e+02
1.248508709138630337e+02
1.237666207107843093e+02
1.250246751237623783e+02
1.243292187499999955e+02
1.247144094488188983e+02
1.240637376237623783e+02
1.250163211633663423e+02
1.243702343749999955e+02
1.239538759689922500e+02
1.241281714108910847e+02
1.240001550387596865e+02
1.240798986875431780e+02
1.241820080445544505e+02
1.242846875000000040e+02
1.245642579642579619e+02
1.244461016414141454e+02
1.241907031249999989e+02
1.240633349049190599e+02
1.239140874717392933e+02
1.244003906250000000e+02
1.245074968434343390e+02
1.242248774509803866e+02
1.242138281250000063e+02
1.241802289603960361e+02
1.252543357613596982e+02
1.244516153846153799e+02
1.238825809393524793e+02
1.249135802469135825e+02
1.251761186264308066e+02
1.241262626262626299e+02
1.239879331683168289e+02
1.242552872474747545e+02
1.240454510017930971e+02
1.242303122619954365e+02
1.241123647248445820e+02
1.240214137692839103e+02
1.242190408017179664e+02
1.236964555052790331e+02
1.240327494287890318e+02
1.239117968749999932e+02
1.242517461048430363e+02
1.241486683552076187e+02
1.250120000000000005e+02
1.242108800000000031e+02
1.237965582272512961e+02
1.248523404255319207e+02
1.247070967741935448e+02
1.237546875000000028e+02
1.239883593750000017e+02
1.246955101357011273e+02
1.252901509951956029e+02
1.233625165666172876e+02
1.238578805568028685e+02
1.235717187500000023e+02
1.239113005050505052e+02
1.238633070866141708e+02
1.238297674418604686e+02
1.242780885780885711e+02
1.239744734163338791e+02
1.247524649714582239e+02
1.238055905511810977e+02
1.237275308926241451e+02
1.248248058088483674e+02
1.237771764705882305e+02
1.247796352583586668e+02
1.237840970143525965e+02
1.239806349206349267e+02
1.233460707117492632e+02
1.237533261138613909e+02
