1.220572121212121175e+02
1.218997328304259042e+02
1.221746262626262620e+02
1.220331881188118786e+02
1.225440256747860417e+02
1.221478061868686922e+02
1.221063011063011032e+02
1.222055197645748876e+02
1.220665273983609183e+02
1.219312475247524787e+02
1.224395927781754523e+02
1.221287499999999966e+02
1.219464242424242428e+02
1.218059561861697944e+02
1.220430952380952334e+02
1.219449599999999947e+02
1.220132799999999946e+02
1.217011335784313673e+02
1.217659508247743503e+02
1.220138989898989905e+02
1.220951199999999943e+02
1.219119841269841231e+02
1.220401600000000002e+02
1.223923199999999980e+02
1.220132283464566996e+02
1.221401253414751693e+02
1.219676800000000014e+02
1.213703703703703667e+02
1.221839999999999975e+02
1.221786400000000015e+02
1.222192000000000007e+02
1.222137599999999935e+02
1.223573333333333295e+02
1.222289701411086043e+02
1.222833070866141725e+02
1.221703200000000038e+02
1.220872079207920819e+02
1.222224800000000045e+02
1.221685105018438406e+02
1.222437069103735752e+02
1.221885599999999954e+02
1.221982507288629733e+02
1.225853968253968276e+02
1.220128266794933438e+02
1.221855999999999938e+02
1.218871919191919204e+02
1.220497619047619082e+02
1.220103174603174665e+02
1.221895275590551222e+02
1.220084800000000058e+02
1.217651562500000040e+02
1.222780073282918778e+02
1.223441178763545594e+02
1.219798082170421765e+02
1.224689292929292890e+02
1.225891935483871009e+02
1.224403999999999968e+02
1.217899050245098067e+02
1.218654084158415856e+02
1.222891313131313069e+02
1.221741732283464614e+02
1.217007031250000040e+02
1.221531184864518167e+02
1.220473809523809479e+02
1.220778613861386077e+02
1.221225599999999929e+02
1.221572000000000031e+02
1.221433064516129008e+02
1.221784677419354779e+02
1.218083729632805756e+02
1.213968749999999943e+02
1.223610400000000027e+02
1.223024800000000027e+02
1.222955959595959570e+02
1.219004724409448812e+02
1.222312079207920732e+02
1.221489900990099073e+02
1.209671093750000068e+02
1.217914555235051068e+02
1.237273298758447311e+02
1.214574015748031428e+02
1.216632258064516066e+02
1.221886614173228338e+02
1.220546949856275916e+02
1.214423228037089473e+02
1.221333861386138580e+02
1.237239583333333286e+02
1.218613081780619041e+02
1.223065576398909684e+02
1.229949215832710934e+02
1.240303381194997741e+02
1.217182031250000023e+02
1.241377910539215748e+02
1.238916207107843093e+02
1.240414750136430939e+02
1.234592643258853997e+02
1.234400788834951470e+02
1.229203526371789081e+02
1.216709448818897670e+02
1.221568548387096769e+02
1.218554044380816066e+02
1.224556858911697645e+02
1.222314173228346448e+02
1.222849193548387063e+02
1.218571428571428612e+02
1.223568484848484843e+02
1.243295615275813333e+02
1.220008661417322884e+02
1.218236734693877565e+02
1.232815777473780230e+02
1.235146967821782198e+02
1.219852063946552079e+02
1.241920168394792228e+02
1.224088949217502460e+02
1.219809108910891098e+02
1.219395275590551222e+02
1.218646750038598157e+02
1.222340476190476153e+02
1.220537368252954309e+02
1.220131233595800495e+02
1.224189847556184247e+02
1.223463200000000057e+02
1.217031274556026972e+02
1.216051228254218017e+02
1.221317460317460331e+02
1.222493483219289629e+02
1.212831064356435604e+02
1.219943422913719928e+02
1.226976377952755968e+02
1.219572711239377867e+02
1.219577521244187892e+02
1.223590303030303090e+02
1.216012561274509807e+02
1.215109618650609917e+02
1.221019405940593998e+02
1.222088712871287157e+02
1.222357142857142804e+02
1.222252929292929338e+02
1.224652929292929286e+02
1.221008800000000036e+02
1.221561370422756596e+02
1.219559743252139583e+02
1.218414376321353103e+02
1.221599999999999966e+02
1.215325044132320187e+02
1.212847119357604981e+02
1.220627326732673197e+02
1.222185050505050441e+02
1.220590891089108965e+02
1.212359086302330979e+02
1.216803168316831716e+02
1.219714059405940532e+02
1.224934402332361572e+02
1.219546825396825369e+02
1.218779393564356468e+02
1.212574099407204784e+02
1.221339200000000034e+02
1.212354235423542406e+02
1.216581451612903209e+02
1.217829886163219442e+02
1.216736290322580629e+02
1.215021645021645043e+02
1.219256000000000029e+02
1.223987878787878856e+02
1.220629494949494926e+02
1.214738442348171787e+02
1.220879183673469441e+02
1.220871925902267634e+02
1.218116411919098283e+02
1.219530095866729482e+02
1.223816113894853999e+02
1.219472475247524699e+02
1.214283380018674166e+02
1.225205278592375322e+02
1.225238905085843868e+02
1.224160964483545087e+02
1.219280581283934879e+02
1.221959437879271775e+02
1.212698387096774155e+02
1.218734929944607330e+02
1.212828800000000058e+02
1.212209108910891047e+02
1.216043548387096820e+02
1.222258870967741871e+02
1.218542574257425741e+02
1.214424052161313625e+02
1.221097262952101659e+02
1.213754330708661371e+02
1.213168316831683171e+02
1.219699776429255849e+02
1.217508661417322884e+02
1.206064356435643532e+02
1.224206581948517396e+02
1.217973281199087694e+02
1.212197580645161281e+02
1.219616666666666731e+02
1.221538774845226527e+02
1.220141739980449671e+02
1.220577235772357767e+02
1.219297619047619037e+02
1.221980286738351253e+02
1.218240430342246867e+02
1.217838881262868966e+02
1.211869898989898928e+02
1.217475978037062418e+02
1.217838415841584094e+02
1.219770041520281012e+02
1.219014730741366890e+02
1.218079207920792015e+02
1.215654954538449743e+02
1.217267646119450717e+02
1.219069306930693131e+02
1.218770562095579635e+02
1.219324639781051332e+02
1.219831378299120246e+02
1.218941232832960679e+02
1.213883333333333354e+02
1.215153929455445478e+02
1.218292663912060476e+02
1.217595473833097657e+02
1.212948031496062953e+02
1.210704687500000034e+02
1.211882735148514882e+02
1.218979199999999992e+02
1.212840346534653406e+02
1.224142400000000066e+02
1.209554845248304389e+02
1.215889919700631481e+02
1.223641875815488476e+02
1.222408981055585855e+02
1.219031729944647964e+02
1.218701177204334556e+02
1.212914165432291327e+02
1.216164545025931147e+02
1.217021003687670344e+02
1.208118038366336577e+02
1.212998488825260495e+02
1.212401763613861334e+02
1.218849776130924880e+02
1.219879396202925648e+02
1.210393754760091412e+02
1.219555118110236265e+02
1.218121874999999932e+02
1.221063963539211130e+02
1.218128763316350103e+02
1.215274418604651174e+02
1.219103125000000034e+02
1.215950399999999973e+02
1.212984104612011578e+02
1.219366650950809401e+02
1.215739282589676264e+02
1.216149606299212564e+02
1.216413385826771645e+02
1.218330549590392167e+02
1.217861417322834683e+02
1.218079229797979792e+02
1.220531707317073113e+02
1.218076744186046483e+02
1.216685937499999994e+02
1.218363941232832985e+02
1.219863200000000063e+02
1.218484205563413525e+02
1.217646093750000063e+02
1.217244094488189035e+02
1.212331800109144808e+02
1.221028346456692901e+02
1.218790551181102302e+02
1.222167460317460268e+02
1.223838984412662683e+02
1.221269599999999969e+02
1.220497033830367144e+02
1.222945306122448983e+02
1.219799583132916467e+02
1.222016095918534972e+02
1.224108041237113440e+02
1.224360404040403978e+02
1.221820408163265341e+02
1.219498207885304595e+02
1.222767741935483912e+02
1.221449217502395470e+02
1.224753469387755160e+02
1.224792653061224428e+02
1.221977777777777732e+02
1.221244695898161297e+02
1.226800000000000068e+02
1.222610785272075589e+02
1.217112598425196808e+02
1.226598907279447275e+02
1.221294986641521234e+02
1.221632475247524781e+02
1.223411111111111040e+02
1.222263869244067251e+02
1.223092857142857213e+02
1.222987200000000030e+02
1.224139682539682497e+02
1.226847619047618991e+02
1.225008838180941666e+02
1.222220990099009867e+02
1.222721259842519714e+02
1.224924381501879509e+02
1.221907070707070773e+02
1.220613599999999934e+02
1.226175244508577862e+02
1.216213599999999957e+02
1.220450259311645453e+02
1.220083960396039657e+02
1.221169762137504051e+02
1.222518926925609009e+02
1.214777727885047085e+02
1.224501133786848044e+02
1.218913184321347529e+02
1.223330048451999659e+02
1.207736185383244276e+02
1.222676480428236800e+02
1.216522953108319030e+02
1.222747143566815708e+02
1.224328531213777183e+02
1.229135537190082630e+02
1.224186065573770463e+02
1.221471352053238064e+02
1.224053195048511213e+02
1.219801980198019749e+02
1.221485148514851460e+02
1.222402801255735341e+02
1.225483819544077733e+02
1.222622400000000056e+02
1.219877599999999944e+02
1.220111084279159570e+02
1.221688080808080770e+02
1.221485365853658607e+02
1.219844470046082989e+02
1.218754032258064512e+02
1.218544272547728724e+02
1.228875532181317283e+02
1.223526213277065438e+02
1.226828455284552888e+02
1.218682448589191836e+02
1.219086423682954035e+02
1.214774400000000014e+02
1.215081746031746093e+02
1.216966336633663417e+02
1.224352443308847000e+02
1.222692063492063426e+02
1.218726400000000041e+02
1.221343759726112665e+02
1.220518399999999986e+02
1.221202419354838753e+02
1.221739199744938560e+02
1.217715199999999953e+02
1.230234204793028283e+02
1.220243902439024453e+02
1.228899712551900336e+02
1.233800724301235050e+02
1.228823691460055159e+02
1.233951465201465254e+02
1.228098850207601345e+02
1.232777222777222761e+02
1.223066163759233120e+02
1.226401243424198952e+02
1.217809805370780936e+02
1.214399999999999977e+02
1.220790495049504898e+02
1.227624541981757176e+02
1.223896859556830918e+02
1.223984677419354909e+02
1.225881102362204729e+02
1.220254710954966413e+02
1.223171200000000027e+02
1.233343650793650852e+02
1.220244245736049038e+02
1.210091627739849116e+02
1.213984319315751890e+02
1.214450056116722720e+02
1.219319727891156475e+02
1.216153103115189538e+02
1.216132979151573750e+02
1.219529600000000045e+02
1.225028636884306934e+02
1.221325856995148342e+02
1.219312800000000010e+02
1.221768491365265561e+02
1.217822574257425714e+02
1.218654400000000066e+02
1.222889033200746809e+02
1.222477954144620753e+02
1.219283960396039674e+02
1.223979591836734642e+02
1.217692799999999949e+02
1.221077171717171694e+02
1.225997580645161236e+02
1.222080799999999954e+02
1.226033131313131292e+02
1.226690962099125386e+02
1.220817460317460359e+02
1.222175799453639655e+02
1.222488080808080753e+02
1.218618399740848730e+02
1.220804752475247454e+02
1.216733205066538375e+02
1.222491052254831772e+02
1.226919339164237073e+02
1.231743733062330648e+02
1.237555703358829362e+02
1.236424394319131181e+02
1.227277086016888461e+02
1.226174903100775140e+02
1.220104729176894125e+02
1.218271585051546424e+02
1.214040841584158414e+02
1.203273590686274446e+02
1.204515931372549034e+02
1.203298267326732685e+02
1.206562719264052390e+02
1.202254022277227676e+02
1.208356000954426150e+02
1.205582812249478906e+02
1.212991021324354648e+02
1.217453808372963238e+02
1.227332192896708989e+02
1.224654815051020478e+02
1.224130366161616195e+02
1.218620001535037289e+02
1.217522212009803866e+02
1.218093769765970933e+02
1.216121661262930331e+02
1.213030349361669664e+02
1.218135686274509766e+02
1.214225742574257367e+02
1.199846003605769198e+02
1.208151171579742993e+02
1.204618956367924483e+02
1.206832395950506225e+02
1.198651556776556788e+02
1.202558680164979421e+02
1.202684664416947840e+02
1.205619803476946288e+02
1.209853018372703417e+02
1.214326652051362316e+02
1.210234563106796060e+02
1.211192765567765548e+02
1.213214257425742630e+02
1.213552941176470625e+02
1.213838431372548996e+02
1.210734653313966760e+02
1.215989019607843176e+02
1.213916122004357305e+02
1.221502505480739131e+02
1.215028349514563075e+02
1.220462320850670324e+02
1.219397296872544416e+02
1.218422127927078407e+02
1.219911919191919196e+02
1.221020606060606042e+02
1.226092338574774203e+02
1.219578225806451570e+02
1.224841153470185731e+02
1.223075213956550300e+02
1.215753469387755104e+02
1.221976629361421942e+02
1.226227474645880449e+02
1.217054673721340379e+02
1.215905154639175265e+02
1.222383969716918983e+02
1.216288704376405434e+02
1.215699199999999962e+02
1.220033870967741905e+02
1.214393963589907344e+02
1.224014634146341507e+02
1.222180774748923966e+02
1.219647077610986940e+02
1.220697061641647991e+02
1.222230645161290283e+02
1.225850373655251673e+02
1.225822222222222280e+02
1.218324627738364399e+02
1.219412177438216247e+02
1.217048800000000028e+02
1.217176670792079278e+02
1.212081930415263713e+02
1.220420472440944906e+02
1.220864646464646484e+02
1.218868209655611281e+02
1.220465599999999995e+02
1.222296774193548430e+02
1.217368503937007915e+02
1.217400404606286912e+02
1.221966732673267302e+02
1.224717073170731680e+02
1.218348263397768392e+02
1.214493798449612427e+02
1.214742519685039355e+02
1.215919841269841299e+02
1.210306277549779566e+02
1.214958400000000012e+02
1.215175231808895120e+02
1.213019685039370046e+02
1.213252380952380918e+02
1.213812698412698410e+02
1.212136570799937090e+02
1.214265079365079316e+02
1.214139682539682497e+02
1.211721813725490193e+02
1.218854759491697166e+02
1.217416345742404786e+02
1.211618253968253924e+02
1.217046854291728408e+02
1.216964613970588260e+02
1.211581088341392274e+02
1.215882258064516179e+02
1.219172440944881828e+02
1.209348249785608544e+02
1.219490476190476187e+02
1.211625396825396876e+02
1.208953323903818955e+02
1.215659009449332046e+02
1.217409010742344009e+02
1.218852231997393289e+02
1.220028514851485113e+02
1.207819461633663423e+02
1.215313600000000065e+02
1.212612799999999993e+02
1.218330952380952397e+02
1.214845278178611494e+02
1.218656799999999976e+02
1.210915873015872961e+02
1.211065873015872967e+02
1.218537599999999941e+02
1.212331250000000011e+02
1.211218285891089153e+02
1.215350664075153873e+02
1.218945225167678075e+02
1.211357142857142861e+02
1.210931496062992068e+02
1.213055200000000013e+02
1.209894400000000019e+02
1.215150713484046747e+02
1.216052799999999934e+02
1.221340000000000003e+02
1.217377777777777794e+02
1.219031746031746053e+02
1.211602400000000017e+02
1.209526984126984104e+02
1.213742857142857190e+02
1.216875200000000063e+02
1.212133069306930651e+02
1.217146341463414672e+02
1.213248412698412722e+02
1.211537301587301556e+02
1.218496543778801851e+02
1.213526984126984161e+02
1.213213492063492112e+02
1.215162020202020159e+02
1.207524059492563424e+02
1.215556287030941434e+02
1.217060800000000000e+02
1.212463214825419584e+02
1.213032031249999960e+02
1.211193700787401610e+02
1.215367741935483821e+02
1.211879365079365130e+02
1.216101599999999934e+02
1.211332681655262320e+02
1.214169531250000063e+02
1.209345669291338652e+02
1.214534920634920638e+02
1.213846031746031713e+02
1.214233663366336629e+02
1.218561006894340295e+02
1.213835714285714289e+02
1.214888837424733623e+02
1.217356831683168252e+02
1.211967625333961962e+02
1.210200340346534631e+02
1.210053615196078454e+02
1.214145599999999945e+02
1.212210937499999943e+02
1.217853599999999972e+02
1.222789494949495008e+02
1.221640404040404064e+02
1.215687999999999960e+02
1.224036250399233410e+02
1.220493283927744272e+02
1.223212800000000016e+02
1.211045027138598016e+02
1.220949298813376487e+02
1.221843446039833196e+02
1.216060676238999605e+02
1.218039215686274446e+02
1.219789898989898944e+02
1.215752800000000065e+02
1.210625396825396791e+02
1.217920808080808115e+02
1.209798051233694736e+02
1.215211795373085693e+02
1.213972182932578932e+02
1.218933691756272424e+02
1.214417142857142835e+02
1.211293580971000381e+02
1.215356000000000023e+02
1.217734559170202715e+02
1.219525600000000054e+02
1.217460317460317469e+02
1.215388888888888914e+02
1.214898175301401153e+02
1.216388000000000034e+02
1.206204724409448801e+02
1.216026392961876894e+02
1.217365591397849443e+02
1.213115079365079367e+02
1.218605252525252496e+02
1.207364848484848494e+02
1.218285599999999960e+02
1.208833333333333400e+02
1.217773704789833857e+02
1.208382677165354266e+02
1.215807999999999964e+02
1.217142857142857082e+02
1.214319841269841334e+02
1.214233333333333320e+02
1.208933679082193891e+02
1.213387722772277186e+02
1.211846105870429540e+02
1.213755199999999945e+02
1.210386684337725143e+02
1.207052755905511816e+02
1.218210025726982195e+02
1.213807142857142907e+02
