1.000870328968380676e+02
9.985419771485345564e+01
1.005374015748031553e+02
9.982382920110192970e+01
9.971320626276379073e+01
9.902415330361301926e+01
1.007926292629262974e+02
9.923581076585269045e+01
9.896054853745862090e+01
9.937712729748128027e+01
9.999509803921569073e+01
1.003441208198489818e+02
9.957253711201079227e+01
9.994394188596491801e+01
9.940018607123870709e+01
9.935596526554240882e+01
1.004310214721822092e+02
1.001612836438923466e+02
1.005871603260869591e+02
1.015945739130434760e+02
1.012870657034743687e+02
1.022400884303610837e+02
1.042379149679673844e+02
1.034736412303783624e+02
1.076403463648833991e+02
1.072949300699300750e+02
1.090230230230230291e+02
1.096469803136469778e+02
1.098017857142857139e+02
1.095633087633087683e+02
1.102698113207547124e+02
1.097333715596330279e+02
1.097460651460314836e+02
1.095265035677879695e+02
1.082048883270122275e+02
1.081077681455039965e+02
1.089904810470848275e+02
1.084470374048328409e+02
1.075201507208387994e+02
1.067110495436766655e+02
1.073728813559322077e+02
1.068507142857142895e+02
1.065089588759965267e+02
1.075058252427184442e+02
1.067914746543778790e+02
1.073827332559039860e+02
1.065961909353905526e+02
1.062467741935483900e+02
1.056207305502846339e+02
1.060440769230769291e+02
1.055886306135357415e+02
1.057209044908285875e+02
1.058345983554712149e+02
1.055503445036016217e+02
1.061044660194174725e+02
1.057842711100378352e+02
1.054877857813968092e+02
1.056129032258064484e+02
1.057708737864077619e+02
1.050381878557874700e+02
1.052821747572815525e+02
1.054741622298778623e+02
1.051706075790792312e+02
1.049610234337637564e+02
1.053626452331688625e+02
1.047821782178217802e+02
1.048195464707761033e+02
1.053511227071473684e+02
1.050658602150537604e+02
1.050626521668560258e+02
1.051065612276855603e+02
1.050928696482572064e+02
1.055300093052109247e+02
1.057443747990999725e+02
1.054120038259206069e+02
1.052625274036955858e+02
1.053726446280991667e+02
1.056590487434643251e+02
1.060554056333277089e+02
1.062293810086017913e+02
1.062225806451612868e+02
1.059813185116566245e+02
1.062604353011329721e+02
1.068325051601559466e+02
1.069407423971377398e+02
1.063764679976512042e+02
1.069008791208791251e+02
1.069040593226817464e+02
1.069186019417475677e+02
1.052905882352941234e+02
1.055063068572739127e+02
1.054569222536503332e+02
1.051154597355769198e+02
1.048727638640429376e+02
1.042060226595110350e+02
1.047317010309278373e+02
1.041330756013745713e+02
1.037902360057936448e+02
1.039894965277777743e+02
1.044377147766323048e+02
1.035558312655086866e+02
1.045368561649553385e+02
1.048483164983164926e+02
1.045103741496598673e+02
1.044278367084538672e+02
1.040594474969474987e+02
1.039099788007268330e+02
1.035650297619047677e+02
1.034283402681460871e+02
1.032876923076923106e+02
1.032112988303646546e+02
1.037322834645669332e+02
1.038596856218215407e+02
1.038920351051498585e+02
1.036093076923076950e+02
1.035952324571789376e+02
1.043519417475728090e+02
1.038687692307692316e+02
1.043085384615384612e+02
1.039553398058252469e+02
1.045232958098811764e+02
1.048752307692307681e+02
1.046747955049308132e+02
1.045073006650867740e+02
1.043839174937965311e+02
1.046559398263027276e+02
1.045303006576886986e+02
1.048495137892555391e+02
1.049082661290322562e+02
1.044909145972138163e+02
1.050348360655737707e+02
1.047325755781829599e+02
1.052239454094292768e+02
1.052537800413815035e+02
1.053596110575377622e+02
1.050403225806451672e+02
1.054888337468982655e+02
1.051610655737704860e+02
1.042115255938441010e+02
1.036376395781637711e+02
1.031601782363977549e+02
1.030099255583126592e+02
1.028657218916379605e+02
1.027092903938748094e+02
1.030563332771125005e+02
1.035306122448979522e+02
1.024856736916883762e+02
1.027699897387323347e+02
1.021204979642969022e+02
1.024085763027295286e+02
1.020266990291262204e+02
1.018273618387696473e+02
1.021165837871971007e+02
1.018521588128502628e+02
1.017977044476327109e+02
1.014877074851237069e+02
1.017655809583463764e+02
1.025708412397217018e+02
1.018316544566544621e+02
1.024945238095238125e+02
1.015559371184371145e+02
1.018348325062034689e+02
1.014950666982397962e+02
1.017245244297103142e+02
1.012300878255602612e+02
1.014176298351055578e+02
1.015694618272841012e+02
1.013246153846153845e+02
1.013796777982882986e+02
1.014929679047962452e+02
1.016959069599711540e+02
1.007420249653259390e+02
1.010733712839974743e+02
1.010385360763267784e+02
1.016451388888888943e+02
1.014817543859649192e+02
1.012766981792717047e+02
1.012407212885154024e+02
1.017079168509509088e+02
1.016901370357014116e+02
1.016123726086179175e+02
1.007301666666666620e+02
1.016352583586626110e+02
1.012222307163060862e+02
1.018874184358055288e+02
1.016050420168067205e+02
1.012546019417475662e+02
1.011530097087378692e+02
1.019825135739380357e+02
1.016213333333333395e+02
1.013180990099009904e+02
1.013563409234661634e+02
1.012454933586337802e+02
1.016182616596002362e+02
1.021152295285359770e+02
1.020528455284552791e+02
1.020312573999526364e+02
1.018458346382712136e+02
1.019388836179633131e+02
1.018755728155339852e+02
1.016616818039461378e+02
1.018547572815534039e+02
1.017699240986717228e+02
1.020408706545568407e+02
1.019922645828400078e+02
1.020385659533695275e+02
1.023994696239151381e+02
1.022823363607892304e+02
1.023402856679110471e+02
1.017759943626683423e+02
1.014861780777884945e+02
1.018515502662073260e+02
1.020452892561983447e+02
1.017805384615384554e+02
1.018430291262135938e+02
1.022606075216972101e+02
1.022103820858127108e+02
1.016185029567382543e+02
1.019872307692307629e+02
1.017995653223859023e+02
1.020907258064516157e+02
1.015704475491356789e+02
1.018391348962033334e+02
1.020887135341941701e+02
1.015371378956508011e+02
1.014718604467598055e+02
1.020884047675428263e+02
1.018444233956902707e+02
1.018124501833253674e+02
1.017856578115116974e+02
1.017884861066751796e+02
1.017453333333333347e+02
1.015827991452991483e+02
1.018449705085286183e+02
1.018230701118892370e+02
1.021129528771015913e+02
1.016869121632392847e+02
1.015887599652695599e+02
1.013411968646367143e+02
1.015917798165137640e+02
1.028687850467289735e+02
1.032306681101144505e+02
1.029389459169603214e+02
1.032650528573617237e+02
1.044116145994432401e+02
1.056656448598130851e+02
1.066238688621866260e+02
1.058947809523809553e+02
1.057024150943396279e+02
1.060147595861229490e+02
1.055372307692307743e+02
1.051459230769230828e+02
1.051702078163771716e+02
1.049606003752345202e+02
1.034475806451612954e+02
1.027467898528030048e+02
1.025746923076923025e+02
1.023566571790006350e+02
1.022911922833649641e+02
1.022651355299464342e+02
1.021641089884121527e+02
1.022945920303605334e+02
1.017681369925846582e+02
1.020023116042533502e+02
1.017936432637571187e+02
1.017779886148007620e+02
1.020981052301910381e+02
1.021214375195740729e+02
1.016220527045769728e+02
1.016067961165048530e+02
1.020194255479969740e+02
1.017193388693708016e+02
1.018959188601786963e+02
1.017199223300970914e+02
1.020736767929846565e+02
1.018880000000000052e+02
1.019403382398997877e+02
1.017803006576886986e+02
1.012548235294117660e+02
1.016622390891840553e+02
1.014392871287128770e+02
1.013475882262290071e+02
1.013900560224089702e+02
1.014576812519961635e+02
1.013415043117214935e+02
1.011311669829221955e+02
1.015718954248365975e+02
1.012944746087512016e+02
1.012033695305014334e+02
1.007462745098039250e+02
1.012396997764292621e+02
1.011777319902319903e+02
1.013773097400563756e+02
1.010607448107448079e+02
1.017081141399649340e+02
1.012751423149905179e+02
1.016594837793038124e+02
1.014873786407766971e+02
1.015947185325743192e+02
1.012480776699029121e+02
1.011655966176009969e+02
1.012255699027578544e+02
1.013608414239482158e+02
1.013197619793297832e+02
1.012875553447185268e+02
1.012573529411764639e+02
1.018740634465168142e+02
1.017963494340825719e+02
1.011425882352941130e+02
1.012662080961416819e+02
1.017211063287103485e+02
1.013629822896900663e+02
1.013901012017710315e+02
1.011291416242872572e+02
1.012111372549019563e+02
1.015724998026679344e+02
1.017178461538461534e+02
1.016405755850727388e+02
1.017655826558265630e+02
1.015565553713789626e+02
1.015162073285311664e+02
1.020233847637415607e+02
1.016731913560914506e+02
1.017231182795698885e+02
1.019471544715447209e+02
1.016028889415107699e+02
1.018716002530044307e+02
1.016808246398410347e+02
1.019986426061960998e+02
1.018197343453510371e+02
1.020451139805515766e+02
1.016821297624740907e+02
1.019310150527247885e+02
1.012835891011587819e+02
1.017610777471189749e+02
1.014928137975087878e+02
1.015124560843181030e+02
1.019302100941801541e+02
1.016676326169202298e+02
1.013954806770999681e+02
1.015437494969009151e+02
1.015222772277227676e+02
1.019337519117765396e+02
1.017714809501036228e+02
1.013816671989779650e+02
1.016765502949147191e+02
1.015242726122707211e+02
1.019683564482703702e+02
1.014680581910183435e+02
1.016213616594178717e+02
1.013298545224541414e+02
1.015671510699457087e+02
1.015778505269881862e+02
1.014884566729917736e+02
1.014095146255223341e+02
1.017020564323290301e+02
1.014337444655281502e+02
1.018278335724533719e+02
1.014904236325271825e+02
1.017101518026565401e+02
1.017303523035230342e+02
1.017209469153515045e+02
1.017266129032258135e+02
1.015545540796963877e+02
1.020332858950031607e+02
1.011978861788617934e+02
1.015985513946678935e+02
1.017957914873266390e+02
1.016767868437697615e+02
1.016736611337300360e+02
1.019155597722960209e+02
1.015800917141049950e+02
1.019817471704128735e+02
1.018269291587602794e+02
1.017137864077669889e+02
1.017093592233009645e+02
1.017394602363462184e+02
1.014782912621359259e+02
1.021247187399550000e+02
1.012597580645161344e+02
1.011978399999999993e+02
1.018827642276422694e+02
1.017018970189701861e+02
1.018712195121951254e+02
1.012417599999999993e+02
1.018709651452950169e+02
1.018164927261227035e+02
1.013713709677419388e+02
1.013828910891089095e+02
1.016017886178861858e+02
1.015508528614697923e+02
1.014554471544715426e+02
1.015133064516129053e+02
1.019147548901231630e+02
1.017050980392156845e+02
1.017892622950819685e+02
1.014714579380139128e+02
1.017038896859556871e+02
1.011879893517068609e+02
1.016850197214843377e+02
1.020168756027000967e+02
1.017043679260322051e+02
1.014770380644167034e+02
1.020204459470337213e+02
1.020985081695477135e+02
1.019384756657483990e+02
1.019494486033969309e+02
1.025407301131834856e+02
1.016540870654556841e+02
1.021026322144409590e+02
1.020887064316187747e+02
1.019914674394268701e+02
1.015277514231499083e+02
1.016480327868852527e+02
1.016208064516129070e+02
1.014112903225806406e+02
1.013874161609709290e+02
1.012529108910891154e+02
1.014919354838709609e+02
1.021923637689083222e+02
1.020005409304002910e+02
1.023646772448611557e+02
1.029157509157509196e+02
1.027704022988505699e+02
1.024959999999999951e+02
1.020496310679611582e+02
1.024257319776775432e+02
1.027125743814594472e+02
1.021989703210175691e+02
1.021020883413461604e+02
1.027973955178679546e+02
1.046489195114312594e+02
1.057439911448450403e+02
1.058028768884603039e+02
1.054637303654589999e+02
1.059609375000000000e+02
1.042248543689320428e+02
1.041797909407665514e+02
1.040178236397748606e+02
1.044378629500580757e+02
1.036182240191674140e+02
1.041452190476190509e+02
1.046253980582524292e+02
1.045085048543689368e+02
