1.003035451603412724e+02
1.007198024247867068e+02
1.017299868766404245e+02
1.000853604599734581e+02
1.007711827007943555e+02
1.007463800904977376e+02
1.002282382650029717e+02
1.027718049419080302e+02
1.012544480011910935e+02
1.011330213903743385e+02
1.031962886597938081e+02
1.031987174283626985e+02
1.029270833333333286e+02
1.033423157894736875e+02
1.032672500000000042e+02
1.030080191798941769e+02
1.009551820728291318e+02
1.035112568837058689e+02
1.029341256366723201e+02
1.033587500000000006e+02
1.032887499999999932e+02
1.029974371693121640e+02
1.032399166666666730e+02
1.033970000000000056e+02
1.034366026638989808e+02
1.037954469086021447e+02
1.031251022745868084e+02
1.016496781918874461e+02
1.019868021844660149e+02
1.038903285907859129e+02
1.033818461538461548e+02
1.044381067961165002e+02
1.050853914447134798e+02
1.061468845565749177e+02
1.070684996220710445e+02
1.068058013765978416e+02
1.067656875834445884e+02
1.069295883361921113e+02
1.072150673400673355e+02
1.074423109600679709e+02
1.073501001001001072e+02
1.075331486930932954e+02
1.075215509780162648e+02
1.075713557594291530e+02
1.084236214605067090e+02
1.086622529083514621e+02
1.074776226279985707e+02
1.056968804711125216e+02
1.044091619762351399e+02
1.044778421547134286e+02
1.037851107922843994e+02
1.047052549019607852e+02
1.057132072341131561e+02
1.057006523921043879e+02
1.052741828438692551e+02
1.032819937135159449e+02
1.027508758568164495e+02
1.047189278350515451e+02
1.039366666666666674e+02
1.040900016363933958e+02
1.020202554606605645e+02
1.038535795270489217e+02
1.039340783932620695e+02
1.019956919356057767e+02
1.035556001928330403e+02
1.019072632454085152e+02
1.035553210487864249e+02
1.035530481370241063e+02
1.037689468503937036e+02
1.020561559972791201e+02
1.038522336769759420e+02
1.033425925925925952e+02
1.036735999999999933e+02
1.039245622647684542e+02
1.041515051546391817e+02
1.038565701194567197e+02
1.022090632140137103e+02
1.038650873655913927e+02
1.041550925925925952e+02
1.039480445099001855e+02
1.039550571236559193e+02
1.039518900343642542e+02
1.040119456717394826e+02
1.038567379332685476e+02
1.019886629884362463e+02
1.023449352627570477e+02
1.024807635175282172e+02
1.040419734904270967e+02
1.040169366715758485e+02
1.041034226190476204e+02
1.044537524687294336e+02
1.039638807904114088e+02
1.042900132275132279e+02
1.041484375000000000e+02
1.040991654393716317e+02
1.039277615808228035e+02
1.041513776881720474e+02
1.040563654033041843e+02
1.037317500000000052e+02
1.044668333333333266e+02
1.040540828015054871e+02
