1.041307540884312601e+02
1.042431832107843093e+02
1.047924937965260597e+02
1.044851190476190510e+02
1.042369084932344663e+02
1.045139578163771716e+02
1.046067612942612897e+02
1.045599816849816790e+02
1.045470688585607917e+02
1.050623846153846159e+02
1.053033980582524265e+02
1.046110340576360045e+02
1.049899512560929935e+02
1.048243076923076984e+02
1.047038064416705225e+02
1.048907961165048590e+02
1.048057475728155339e+02
1.050613333333333372e+02
1.050294162826420887e+02
1.046924414210128447e+02
1.049092307692307742e+02
1.049648962148962141e+02
1.053365384615384670e+02
1.047631538461538412e+02
1.053472439711869697e+02
1.050844190476190505e+02
1.050895146520146568e+02
1.052292626728110605e+02
1.054532815533980568e+02
1.090171475010158417e+02
1.112233796296296333e+02
0.000000000000000000e+00
0.000000000000000000e+00
0.000000000000000000e+00
0.000000000000000000e+00
1.143914958647968376e+02
1.118324786324786260e+02
1.101626016260162544e+02
1.093972677595628369e+02
1.091587109070432291e+02
1.090237847222222172e+02
1.084938229530544476e+02
1.087001180637544309e+02
1.083083126550868514e+02
1.078003779289493593e+02
1.078860887096774235e+02
1.077428461538461590e+02
1.079140552995391715e+02
1.076308755760368712e+02
1.077348819202477728e+02
1.074730148883374738e+02
1.081794612794612789e+02
1.078265151515151530e+02
1.076266666666666652e+02
1.076008196721311521e+02
1.079130568356374766e+02
1.077871735791090657e+02
1.079199180327868817e+02
1.079619666048237434e+02
1.083494047619047649e+02
1.082582644628099189e+02
1.079122983870967687e+02
1.083844227397946440e+02
1.075664938106390167e+02
1.079626923076923077e+02
1.074740998838559847e+02
1.074276346604215462e+02
1.078549748417464684e+02
1.083441558441558499e+02
1.085123737373737356e+02
1.079372234744135568e+02
1.078165573770491790e+02
1.078434343434343390e+02
1.080662826613239815e+02
1.078580955334987550e+02
1.077459016393442681e+02
1.082092238470191177e+02
1.094234442145471888e+02
1.091294765840220435e+02
1.089850277710697952e+02
1.083350651364764303e+02
1.103587700233437943e+02
1.092872085595656273e+02
1.090971649484536101e+02
1.091405988624958212e+02
1.092555272108843525e+02
1.095997996493864264e+02
1.094540307588304842e+02
1.090671238095238067e+02
1.094302880789431782e+02
1.090878065511919033e+02
1.092588581824482361e+02
1.081941580756013792e+02
1.078658941807957774e+02
1.083105458847388860e+02
1.080916838842975238e+02
1.078449383133344668e+02
1.081053819444444457e+02
1.074667862021857871e+02
1.079986338797814227e+02
1.074639511542321912e+02
1.082098191651174517e+02
1.081454561205925700e+02
1.080939862542955296e+02
1.081500252993759545e+02
1.077405840384934521e+02
1.079870006887052369e+02
1.081626813326956835e+02
1.076878443526170770e+02
1.070207875612641573e+02
1.076692051820728295e+02
1.082888596491228128e+02
1.082524546660769573e+02
1.080793402777777743e+02
1.087163398692810432e+02
1.081243973829201082e+02
1.078237719298245594e+02
1.076555893866898685e+02
1.081647058823529477e+02
1.077951348960636864e+02
1.073758538251366161e+02
1.083429352068696261e+02
1.075927835051546424e+02
1.080840336134453850e+02
1.082877692060430661e+02
1.076459061088864217e+02
1.081284602423172601e+02
1.079675385532930108e+02
1.081489071038251382e+02
1.078533163265306172e+02
1.081164252745503802e+02
1.079754098360655803e+02
1.074859844934821496e+02
1.074092630853994450e+02
1.072668484280480499e+02
1.082570007221375334e+02
1.074971823770491852e+02
1.071129186602870789e+02
1.071766666666666623e+02
1.076627390710382457e+02
1.076670081967213122e+02
1.071016701101928419e+02
1.075210828132906045e+02
1.077475034435261705e+02
1.075884808724546247e+02
1.066105902777777743e+02
1.076829000939555243e+02
1.071748074229691809e+02
1.071182584987645896e+02
1.071328278094913458e+02
1.075603116246498558e+02
1.071057035519125691e+02
1.074907885674931123e+02
1.075747852860152278e+02
1.075873794765840188e+02
1.076125868055555515e+02
1.076501096306291174e+02
1.074583333333333286e+02
1.078010625737898494e+02
1.079314600840336169e+02
1.077506357279084597e+02
1.080300546448087431e+02
1.076916746079875224e+02
1.081437702265372138e+02
1.075825138566064680e+02
1.084415849673202672e+02
1.075696778711484569e+02
1.078033333333333275e+02
1.079121645480226022e+02
1.078116023429350889e+02
1.073630464480874309e+02
1.078489473684210509e+02
1.081089625290860994e+02
1.077394012944983785e+02
1.078654640813731760e+02
1.077880584192439812e+02
1.076451127819548930e+02
1.075075402573059620e+02
1.075051652892561975e+02
1.075951161202185773e+02
1.078165601073486499e+02
1.082351333976213397e+02
1.072177728550737044e+02
1.077929667734862562e+02
1.073812714776632333e+02
1.073743923611111057e+02
1.073817708333333343e+02
1.068875351452671083e+02
1.076517962556923607e+02
1.073485709366391205e+02
1.077903394046377343e+02
1.073800347222222200e+02
1.079578753109203291e+02
1.069900137741046819e+02
1.069780475206611641e+02
1.075909597326118075e+02
1.077170711974110020e+02
1.075575333757151952e+02
1.072573292735972217e+02
1.078068770226537225e+02
1.078956639566395665e+02
1.080755486660683715e+02
1.072352430555555571e+02
1.077014705882352956e+02
1.072927023440955310e+02
1.082191176470588232e+02
1.076932339946287840e+02
1.074643229166666600e+02
1.072072141873278213e+02
1.073510221835580722e+02
1.080377275910364148e+02
1.076941940137035658e+02
1.080284364261168406e+02
1.080709745762711833e+02
1.071917575540854699e+02
1.079271436730031866e+02
1.071599133434967541e+02
1.077675756620428729e+02
1.072677685950413178e+02
1.070009548611111114e+02
1.080176792028286741e+02
1.072958424877471657e+02
1.077918740311658610e+02
1.079609450337512015e+02
1.080503857280617126e+02
1.071682624113475129e+02
1.074651610644257715e+02
1.073835937500000028e+02
1.076154385964912308e+02
1.073966993755575317e+02
1.080364834458373480e+02
1.079032465445194475e+02
1.078106570512820497e+02
1.077778927264045876e+02
1.073072006472491893e+02
1.079406242477734139e+02
1.084142925354130256e+02
1.070628415300546408e+02
1.083257772530499778e+02
1.069621200063663906e+02
1.075874181071907856e+02
1.069825601374570425e+02
1.069597079037800711e+02
1.078982588461847030e+02
1.074100378787878753e+02
1.072550770308123305e+02
1.072466145833333400e+02
1.077646234964574035e+02
1.074523578026251869e+02
1.073487262503195012e+02
1.073877410468319624e+02
1.082483818770226520e+02
1.079348030018761762e+02
1.080227418836387017e+02
1.070764462809917319e+02
1.078577908642368328e+02
1.070874293170943901e+02
1.075933823529411768e+02
1.075881067961165058e+02
1.077751588983050794e+02
1.073481513701609344e+02
1.071514867512993163e+02
1.070946969696969688e+02
1.079358586662422397e+02
1.079810096153846217e+02
1.072902031680440729e+02
1.076463592233009763e+02
1.079648364200049002e+02
1.070613477431659248e+02
1.075302636757182171e+02
1.080017507560082777e+02
1.076621527777777771e+02
1.075522886204704349e+02
1.080776382708200885e+02
1.076005244755244803e+02
1.077632015155103034e+02
1.077026102180487044e+02
1.077068770226537282e+02
1.078971828744230521e+02
1.079975891996142678e+02
1.073915835727564598e+02
1.079570268979786789e+02
1.079750809061488610e+02
1.080775326797385674e+02
1.072610405864473506e+02
1.073197368421052573e+02
1.072761403508771991e+02
1.073822916666666600e+02
1.077845469255663460e+02
1.073140113188132432e+02
1.081217286501377401e+02
1.070915706488781041e+02
1.075933333333333337e+02
1.068764455782312979e+02
1.070933195592286467e+02
1.080390522875816970e+02
1.069749483471074427e+02
1.073217787114845976e+02
1.073005154639175203e+02
1.082642220974083216e+02
1.073299194677871213e+02
1.074821970025123505e+02
1.073457565162110683e+02
1.070898984593837469e+02
1.077062324929972021e+02
1.071502874834144166e+02
1.076403721682847845e+02
1.072929677134011541e+02
1.077881218603143765e+02
1.069403508771929836e+02
1.071714643304130163e+02
1.070787591632397664e+02
1.075759803921568647e+02
1.077782235416833885e+02
1.079418278103185429e+02
1.073262394388649739e+02
1.072979505560150670e+02
1.075797434763379101e+02
1.070112847222222285e+02
1.078737864077669855e+02
1.074649859943977646e+02
1.076534488795518172e+02
1.078053221288515431e+02
1.080691018342820939e+02
1.075256913470116018e+02
1.073073129251700664e+02
1.075990269792127378e+02
1.075107668067226854e+02
1.076246059268600277e+02
1.078561732385261820e+02
1.075072807017543823e+02
1.076415789473684157e+02
1.079948784722222257e+02
1.081878385462170229e+02
1.079928094949319899e+02
1.081941580756013792e+02
1.091571314102564116e+02
1.081425512934879549e+02
1.081678240740740762e+02
1.083451030927835035e+02
1.074851562500000028e+02
1.082380701754385939e+02
1.079165728146928842e+02
1.078190595387090980e+02
1.077101514605120798e+02
1.076524859943977646e+02
1.076936753648827931e+02
1.075409663865546150e+02
1.079959733893557399e+02
1.074373249299719930e+02
1.075452614379084935e+02
1.074831597222222257e+02
1.073735597331716178e+02
1.070769432773109173e+02
1.076724439775910298e+02
1.072293417366946784e+02
1.074171821305841945e+02
1.077305457818509069e+02
1.073614339352762386e+02
1.077908415841584144e+02
1.067195017182130528e+02
1.076649051373126582e+02
1.075735243055555515e+02
1.081207894736842121e+02
1.081536662168241065e+02
1.080144676427271975e+02
1.078093216668110585e+02
1.073475945017182198e+02
1.073649364406779654e+02
1.078105987055016186e+02
1.073330062444246238e+02
1.081909009812667222e+02
1.080926906779661039e+02
1.084813550420168013e+02
1.073095238095238102e+02
1.076846565566458480e+02
1.074645390070921991e+02
1.075540378006872828e+02
1.071968986964300967e+02
1.073436624649859965e+02
1.075471052631578885e+02
1.071790091036414623e+02
1.072936799719887944e+02
1.073334457750042219e+02
1.077586908447589593e+02
1.074637375611401637e+02
1.074672964462438216e+02
1.082855652732087037e+02
1.075567543859649078e+02
1.076523662096417553e+02
1.075247100802854590e+02
1.079073581560283657e+02
