9.735817991318664610e+01
9.736800699300698625e+01
9.813949592074591521e+01
9.915399408284024219e+01
1.004289489136817366e+02
9.991746794871794179e+01
1.008483558426306530e+02
1.009876434245366283e+02
1.017293069899715618e+02
1.016441400987876023e+02
1.016726827094474146e+02
1.017537878787878753e+02
1.020714713366262600e+02
1.019871044245164171e+02
1.019573111983991680e+02
1.018056045895851724e+02
1.023456259426847623e+02
1.021173139158576078e+02
1.020050014710208899e+02
1.020177258017063906e+02
1.024649321266968371e+02
1.017635175282234172e+02
1.017489601901366569e+02
1.022220410583265391e+02
1.018464254192409584e+02
1.018992127153891829e+02
1.025015993907083072e+02
1.022522789594604546e+02
1.025572962636069434e+02
1.030082977118430989e+02
1.028785032796660772e+02
1.027631619576964681e+02
1.023066595873786468e+02
1.026903697078115698e+02
1.022926775147928993e+02
1.028009332430194860e+02
1.026344663088849103e+02
1.027061789719274429e+02
1.023550857843137294e+02
1.022405024509803866e+02
1.026076326774001188e+02
1.021592455621301809e+02
1.023474112426035560e+02
1.023927472527472560e+02
1.016335907040746065e+02
1.022429496070272705e+02
1.028814639905549058e+02
1.031913139087410656e+02
1.034960994825055991e+02
1.042436312339224997e+02
1.049860605100586071e+02
1.062362581353407052e+02
1.054829402515723302e+02
1.061459985863504301e+02
1.046550941185087567e+02
1.049067448680351902e+02
1.048371000223763758e+02
1.067738227366418329e+02
1.047178152492668630e+02
1.074991130462828579e+02
1.057814876033057914e+02
1.059428263214670949e+02
1.049964871194379441e+02
1.041373786407767028e+02
1.036829396325459385e+02
1.029461396208969006e+02
1.026593330245484026e+02
1.023504136029411740e+02
1.031494694061864976e+02
1.028220414201183388e+02
1.029145050685748402e+02
1.024545036764705941e+02
1.023156403186274446e+02
1.020921112631098993e+02
1.019787961696306411e+02
1.019195537287140354e+02
1.017864813180347170e+02
1.015978342046303169e+02
1.015042559659522681e+02
1.014591269547172629e+02
1.033187301587301619e+02
1.030640776699029146e+02
1.032456300349597171e+02
1.037528657616892929e+02
1.037078431372548977e+02
1.029556385362210591e+02
1.037640111162575209e+02
1.027552514792899387e+02
1.032244212098581073e+02
1.027477980035232008e+02
1.026866487052836447e+02
1.025877121470392126e+02
1.028358340688437806e+02
1.034303327391562703e+02
1.033998811645870433e+02
1.033827243018419466e+02
1.049284944304707210e+02
1.048456149455111586e+02
1.043164921649919137e+02
1.048608974358974422e+02
1.050876332622601268e+02
1.048084556254367641e+02
1.049672293942403201e+02
1.057174471730439791e+02
1.051429560401522991e+02
1.051838589725933133e+02
1.051401869158878526e+02
1.048078841964724859e+02
1.053565495642701535e+02
1.055786366076221157e+02
1.054467764060356672e+02
1.050018902217375540e+02
1.053437020504951818e+02
1.052633521202361777e+02
1.039845252403846132e+02
1.038875000000000028e+02
1.053970288624787770e+02
1.053992359932088334e+02
1.040398065476190510e+02
1.043878979453601232e+02
1.058491511035653616e+02
1.055584124245038851e+02
1.054562553925798056e+02
1.055285591026747198e+02
1.055190278498529608e+02
1.041499777150497721e+02
1.057998226950354592e+02
1.041844951923076934e+02
1.057722357865364557e+02
1.054420125566794582e+02
1.051145057766367188e+02
1.037847019122609709e+02
1.058141325030271531e+02
1.043498637189582041e+02
1.043867187500000000e+02
1.040595791001451431e+02
1.037037870266216686e+02
1.040528887000849636e+02
1.052541855598186231e+02
1.041103515625000000e+02
1.038936298076923066e+02
1.036247469066366733e+02
1.038889644746787582e+02
1.051149266609145769e+02
1.045911073589418834e+02
1.051963761863675586e+02
1.028335958005249324e+02
1.032350718065003718e+02
1.052703155297021027e+02
1.034779902512185998e+02
1.054409483518420529e+02
1.033308952380952377e+02
1.050898245614035034e+02
1.034382452193475785e+02
1.033997750281214820e+02
1.033142857142857167e+02
1.029794525684289397e+02
1.047763429752066173e+02
1.033645714285714234e+02
1.045479353031535226e+02
1.047573770491803344e+02
1.048883850715033077e+02
1.045867126833477130e+02
1.033408000000000015e+02
1.045918895599654945e+02
1.047984595635430054e+02
1.050300179211469498e+02
1.046442726384075428e+02
1.043357091945830319e+02
1.043767903364969811e+02
1.044706705131567475e+02
1.044136324417601429e+02
1.027196776929601327e+02
1.040702329594477931e+02
1.024107611548556491e+02
1.039701778862922907e+02
1.037649110568538475e+02
1.036171091964128692e+02
1.034718085106382972e+02
1.034765550239234386e+02
1.034484042553191472e+02
1.035508865248227011e+02
1.035067299396031046e+02
1.036029255319148916e+02
1.030444874274661515e+02
1.031506272401433648e+02
1.040220984549047785e+02
1.029026479750778833e+02
1.041697325157735747e+02
1.038245801119701355e+02
1.041152329749103984e+02
1.037077956051621896e+02
1.037757237530519774e+02
1.036550905574116399e+02
1.031272727272727252e+02
1.041579749103942589e+02
1.034374010902057393e+02
1.042289432037981385e+02
1.039313614615050056e+02
1.035565718157181578e+02
1.037637594513803379e+02
1.037444170916124477e+02
1.036573292735972132e+02
1.039177949709864635e+02
1.040308829926054841e+02
1.034386953551912569e+02
1.031088652482269481e+02
1.030352374514111915e+02
1.028541490620246748e+02
1.032414230184215000e+02
1.029378078303698203e+02
1.031945867486338813e+02
1.028066840277777771e+02
1.033159435261707983e+02
1.036441228070175384e+02
1.018864150943396254e+02
1.019043875411800002e+02
1.031618964767290123e+02
1.035851935821416134e+02
1.034602150537634344e+02
1.038227241018486211e+02
1.025407964355332808e+02
1.023565562163692988e+02
1.041110917335193591e+02
1.042664390945023314e+02
1.040031183178902410e+02
1.042888968738771069e+02
1.038895975565935998e+02
1.040743941553813272e+02
1.037930291052820735e+02
1.038913934426229559e+02
1.037717257183148263e+02
1.038831297161336664e+02
1.040875322136319170e+02
1.026130458817026039e+02
1.038753296993142214e+02
1.036216287678476959e+02
1.037558423439134998e+02
1.036204436711613681e+02
1.034220017256255346e+02
1.039545926310326962e+02
1.033445211389128531e+02
1.031243313201035363e+02
1.028824432999006007e+02
1.029274661508704014e+02
1.030375939849623990e+02
1.034339347548751533e+02
1.021075148809523796e+02
