1.014625712571257168e+02
1.031775793650793673e+02
1.022613260582010639e+02
1.016019953140352214e+02
1.026221631205673788e+02
1.014534125489059591e+02
1.023713696004717661e+02
1.021197110423116641e+02
1.027242838787695547e+02
1.027559417706476523e+02
1.026601652646467642e+02
1.031000757575757518e+02
1.019059549745824285e+02
1.027125712571257168e+02
1.024245908889871686e+02
1.028149786230281535e+02
1.023300081887888098e+02
1.021367527730216693e+02
1.026226953467954388e+02
1.023073773542767810e+02
1.023932763367627814e+02
1.022893620134620960e+02
1.025597147950089152e+02
1.024815715759988137e+02
1.028421052631578902e+02
1.029034848484848510e+02
1.022425373134328339e+02
1.024874686716791956e+02
1.022281203007518826e+02
1.024306060606060669e+02
1.028692027097446555e+02
1.028082293523469986e+02
1.027454666076957039e+02
1.022746221990620086e+02
1.016953522149600531e+02
1.024642214221422165e+02
1.023775951557093435e+02
1.027303178847296437e+02
1.026350434910806371e+02
1.027949284977148778e+02
1.026414252268071436e+02
1.024472490488732745e+02
1.043164465206185554e+02
1.044910037878787818e+02
1.022377450980392126e+02
1.029012236473536746e+02
1.040900451030927769e+02
1.023098862125018513e+02
1.028463909774436047e+02
1.020902172306782916e+02
1.025569120821856615e+02
1.024791185885505911e+02
1.025476190476190510e+02
1.023442347088088979e+02
1.026424885743771256e+02
1.021924202516827620e+02
1.024565408252853445e+02
1.022922625595892896e+02
1.047965561224489761e+02
1.045251237925156289e+02
1.030013268465280873e+02
1.026947614866842287e+02
1.021045667026249504e+02
1.021954296424452195e+02
1.038075064432989620e+02
1.029524658348187813e+02
1.021834422657952075e+02
1.022896681640341967e+02
1.030819696299572428e+02
1.029229797979797922e+02
1.027442810457516345e+02
1.026676986584107283e+02
1.025730502727406730e+02
1.022043475024194095e+02
1.027259225922592236e+02
1.040462699894471967e+02
1.041520618556700981e+02
1.027451717529116877e+02
1.027350171545368340e+02
1.045047034438775455e+02
1.042457991720107202e+02
1.045957464079876615e+02
1.041466634272756693e+02
1.045235002841139647e+02
1.026475748194014415e+02
1.030513801380137977e+02
1.026877838159755782e+02
1.028795518207282953e+02
1.044477172312223843e+02
1.026120747413087173e+02
1.025998083443903823e+02
1.039777706185567041e+02
1.025594869526758117e+02
1.027430340557275485e+02
1.022399999999999949e+02
1.046551300932744226e+02
1.039637145872229951e+02
1.025501050105010563e+02
1.040299694681021947e+02
1.021209022556390948e+02
1.021166530186853265e+02
1.041794788538030616e+02
