9.717538956639566550e+01
9.536336268533152349e+01
9.533264399509803866e+01
9.570863970588234793e+01
9.642400060799513994e+01
9.653580474326501815e+01
9.595829457364341408e+01
9.903099547511311584e+01
9.962522719011268180e+01
9.996213592233009138e+01
9.893982936686124674e+01
9.902100210021002624e+01
1.019377289377289344e+02
9.887734848484848271e+01
9.828152671755725578e+01
9.793119161540214179e+01
1.001455103486267433e+02
9.974469696969697452e+01
9.902710978342045678e+01
1.005758352758352743e+02
9.930377952755905824e+01
9.578728682170542186e+01
9.710149279341112560e+01
9.788495497858204430e+01
9.696086614173228213e+01
9.728918507235339064e+01
9.856110891089109316e+01
9.807025742574256810e+01
9.853466110853790383e+01
9.769260817307691980e+01
9.835114788312462508e+01
9.877914663461538680e+01
9.893121693121693738e+01
9.948621139625925025e+01
9.962596491228070761e+01
9.919765778651886023e+01
9.904887152777777715e+01
9.931816556409798125e+01
9.904327574525744637e+01
9.904877192982456791e+01
9.894469223907225341e+01
9.857248622589531806e+01
9.912628865979381487e+01
9.973498039215685651e+01
9.953557958259995075e+01
9.939148830263812329e+01
9.921446153846153493e+01
1.000793285055957824e+02
1.000862363387978178e+02
1.004261363636363598e+02
1.003477961432506902e+02
1.000412277814351540e+02
1.006698536747588975e+02
1.001173884187821415e+02
9.918850485436892939e+01
9.882733980582524680e+01
9.948204627403846700e+01
9.935968562182154074e+01
9.963180272108843383e+01
9.935349748658089197e+01
9.906740702479338267e+01
9.911211280628756981e+01
9.912958867757629378e+01
9.913478113909076228e+01
9.926523760330579194e+01
9.929912390488109963e+01
9.913606293581261752e+01
9.947262319561971822e+01
9.977774914089347646e+01
9.989915966386554658e+01
9.988810763888888289e+01
9.993663911845729331e+01
9.984617425917736000e+01
9.986935763888888573e+01
9.992204861111110858e+01
9.954622933884297709e+01
9.910035643564356178e+01
9.890484048404840678e+01
9.900227450980392518e+01
9.916055445544554914e+01
9.898671726755218003e+01
9.911849249441073084e+01
9.909798019801979763e+01
9.895678431372549255e+01
9.891476913345984201e+01
9.896023086654015799e+01
9.897741176470587732e+01
9.893437697659709329e+01
9.909517725966145463e+01
9.911426061961034861e+01
9.902577482605946102e+01
9.910819227083999294e+01
9.909288280712483754e+01
9.908023529411764230e+01
9.913704227565614246e+01
9.906978217821782096e+01
9.891121047588629267e+01
9.951294117647059068e+01
9.962800000000000011e+01
9.964494117647058147e+01
9.916849459134616041e+01
