1.051997218131238725e+02
1.056023917525773186e+02
1.053516666666666737e+02
1.048029782359679274e+02
1.047464421052631565e+02
1.052247143817204318e+02
1.054394166666666734e+02
1.056406480117820337e+02
1.052694397283531345e+02
1.052702886247877814e+02
1.061669939453444584e+02
1.060071924603174551e+02
1.061434298805432803e+02
1.061739486172475893e+02
1.061769759450171762e+02
1.059650133939443180e+02
1.058448699067255774e+02
1.071803789473684247e+02
1.073105263157894740e+02
1.066444279100529116e+02
1.063345734126984183e+02
1.064129166666666606e+02
1.062190833333333302e+02
1.064984170793083820e+02
1.061127645502645436e+02
1.063484623015873041e+02
1.062464561855670127e+02
1.065543469437454291e+02
1.064702492085396557e+02
1.062855489417989361e+02
1.061330380577427803e+02
1.059502551020408134e+02
1.061525936835215163e+02
1.060053608247422687e+02
1.061700000000000017e+02
1.062243716931216966e+02
1.059094238281250000e+02
1.063474999999999966e+02
1.061040013227513157e+02
1.063387593132491133e+02
1.057727347883597844e+02
1.061561666666666639e+02
1.059788359788359742e+02
1.059618055555555571e+02
1.059956183862433932e+02
1.059199735449735442e+02
1.058322585978835946e+02
1.060813492063492021e+02
1.063492890211640258e+02
1.061488299787268801e+02
1.061095403439153415e+02
1.065667684396593273e+02
1.064113617376775238e+02
1.064981666666666626e+02
1.062722623589577040e+02
1.066557846506300109e+02
1.061714877745544925e+02
1.062893961708394670e+02
1.061520467836257353e+02
1.058961823453608275e+02
1.060741131585355959e+02
1.060050728195058127e+02
1.059510582010582027e+02
1.064357052631578995e+02
1.063429166666666674e+02
1.062323082010582027e+02
1.062219166666666723e+02
1.062744421052631623e+02
1.060887858072916714e+02
1.065525833333333310e+02
1.063285833333333272e+02
1.062480833333333266e+02
1.067288306451612954e+02
1.062962902833022127e+02
1.062982283464566962e+02
1.062669047812322418e+02
1.062161253280839901e+02
1.062140833333333347e+02
1.062960842105263168e+02
1.064105711012927458e+02
1.063537565616797878e+02
1.064308333333333394e+02
1.059059193121693170e+02
1.063395368421052609e+02
1.062143683862433932e+02
1.070288978494623677e+02
1.066214717741935516e+02
1.068784380305602753e+02
1.064425263157894790e+02
1.068962648556876047e+02
1.059959490740740762e+02
1.065487645229913340e+02
1.067343750000000000e+02
1.063416994750656102e+02
1.067935987903225765e+02
1.065099001800032710e+02
1.065992890211640258e+02
1.065989894736842132e+02
1.064891179839633395e+02
1.065379368421052675e+02
1.066739348370927303e+02
