1.076572807017543880e+02
1.076365789473684202e+02
1.076534439235485081e+02
1.077228070175438575e+02
1.078868421052631561e+02
1.074619298245614090e+02
1.080512247452172403e+02
1.078876603272888133e+02
1.078014705882352899e+02
1.076167182662538693e+02
1.077112847222222172e+02
1.074892418032786878e+02
1.073270150273224033e+02
1.077682469859889238e+02
1.077699899631983982e+02
1.077057544329207133e+02
1.077177302547499380e+02
1.082744111977202266e+02
1.082165807560137409e+02
1.076342336201755074e+02
1.075440256886935941e+02
1.076126058167798192e+02
1.067008163265306138e+02
1.074629340277777771e+02
1.075944510035419057e+02
1.073854994084840229e+02
1.077857752732240471e+02
1.077775173611111086e+02
1.076560971496036387e+02
1.076514441509755500e+02
1.075237588652482259e+02
1.072957128099173616e+02
1.071427110846042439e+02
1.071492749979046124e+02
1.073311808934099929e+02
1.074933159722222200e+02
1.072905611135276160e+02
1.072812002346827569e+02
1.072415556114324033e+02
1.074898597262126145e+02
1.071263661202185773e+02
1.072353142076502763e+02
1.076488085178299769e+02
1.072637741046831934e+02
1.077556423611111143e+02
1.077254520872063495e+02
1.080142188022750105e+02
1.077032452325192367e+02
1.079088220381950265e+02
1.079443974987324708e+02
1.077606770833333343e+02
1.082702256944444485e+02
1.076284434679736393e+02
1.075175034153005527e+02
1.078747281426707332e+02
1.078946379781420717e+02
1.078429687499999972e+02
1.077790117079889853e+02
1.074698059551689511e+02
1.074814349174419590e+02
1.078193341220212886e+02
1.076653318565221156e+02
1.072142020742723361e+02
1.074493127147766387e+02
1.074506013745704536e+02
1.076626700680272108e+02
1.073911512027491426e+02
1.075159722222222172e+02
1.072982093663911911e+02
1.075015891602542695e+02
1.073094358216309416e+02
1.073816832518131150e+02
1.074350406504065063e+02
1.074944797591167571e+02
1.084984042553191443e+02
1.090165789473684157e+02
1.080455922206280945e+02
1.070121951219512226e+02
1.079452374989565016e+02
1.080619230769230796e+02
1.072390168970814130e+02
1.073846857142857090e+02
1.072147952853597985e+02
1.075001568627451007e+02
1.069289069840275630e+02
1.072997557997558005e+02
1.078438155136268364e+02
1.087304077669902966e+02
1.089117157974300767e+02
1.089029251044680109e+02
1.088228021978022042e+02
1.091958105646630202e+02
1.075548304949864757e+02
1.078155498281786890e+02
1.078208712056251102e+02
1.080720651897122480e+02
1.075702896834793592e+02
1.075806298839687400e+02
1.083886983364774466e+02
1.084732448451456719e+02
1.087640306122448948e+02
1.077523304403728730e+02
1.078638369573938860e+02
1.077100610736097650e+02
1.087647925149441193e+02
1.078318986131037747e+02
1.078686512075744162e+02
1.080539092055485497e+02
1.083647398353280664e+02
1.083781512605041968e+02
1.083556851311953295e+02
1.083676899331160968e+02
1.082114533767426394e+02
1.083680329274566958e+02
1.080349214065791585e+02
1.083538265306122383e+02
1.076285760205721687e+02
1.077740369558408986e+02
1.078296629568237393e+02
1.080021066277750776e+02
1.078684978123480818e+02
1.080809431210500691e+02
1.080307081510290033e+02
1.080341111651272143e+02
