1.022223707664884103e+02
1.041294297680412342e+02
1.049447499999999991e+02
1.042192250721135167e+02
1.041797385620915009e+02
1.041762425900592746e+02
1.037950959158415856e+02
1.041039214157636223e+02
1.042544632415997512e+02
1.042236519607843093e+02
1.037741268382352899e+02
1.047030495049504992e+02
1.054405241935483843e+02
1.043670010639914949e+02
1.052631360159627576e+02
1.042892536859705075e+02
1.039274478813878204e+02
1.036730739539910502e+02
1.036367187500000000e+02
1.032750417996656012e+02
1.039217276058314496e+02
1.033225879854368969e+02
1.030437269511552643e+02
1.027794871794871767e+02
1.029591251885369587e+02
1.031012696041822210e+02
1.026099547511312267e+02
1.022847647498132915e+02
1.026377108983128181e+02
1.023629748774509807e+02
1.022678462009803866e+02
1.025459796321629398e+02
1.026722906216750317e+02
1.024643841911764639e+02
1.018396564600448073e+02
1.020233497979344435e+02
1.022133484162895911e+02
1.020107542942494376e+02
1.021160633484162901e+02
1.019447963800904944e+02
1.019960030165912457e+02
1.019053737434812206e+02
1.019662604722010713e+02
1.020743725535344169e+02
1.031069999999999993e+02
1.022936434108527095e+02
1.020936372707038089e+02
1.022059096534653406e+02
1.014923076923076906e+02
1.018746642106071079e+02
1.026401738845144394e+02
1.018239146991622306e+02
1.011601556653195644e+02
1.014184615384615427e+02
1.015454683929931434e+02
1.018172868217054230e+02
1.014665032679738630e+02
1.014818775995246654e+02
1.014961157654227009e+02
1.017386046511627882e+02
1.016214598204006450e+02
1.017531674208144779e+02
1.017359689922480612e+02
1.033537064310260121e+02
1.032404999999999973e+02
1.019731682146542795e+02
1.031796242306446345e+02
1.018222727272727326e+02
1.015084090909090975e+02
1.016706766917293265e+02
1.014124662466246605e+02
1.034015456989247355e+02
1.034076780913978553e+02
1.034266633064516157e+02
1.030894657258064484e+02
1.017039849624060111e+02
1.017515789473684151e+02
1.019605303030302963e+02
1.036204584040746965e+02
1.034481684210526282e+02
1.031768421052631624e+02
1.036219015280135807e+02
1.035081485215053760e+02
1.033949435444280738e+02
1.016751336898395692e+02
1.034407470288624751e+02
1.031189640768588163e+02
1.017070207020702099e+02
1.032809263157894719e+02
1.028405052631578940e+02
1.016349384938493898e+02
1.016076357635763543e+02
1.017123207491952002e+02
1.013643864386438622e+02
1.016117611761176107e+02
1.012604779274919906e+02
1.015396039603960361e+02
1.011843930213884164e+02
1.027572410407461945e+02
1.025662797304976124e+02
1.009597884364584814e+02
1.013191139051040324e+02
