1.211599874273141637e+02
1.222713953488372027e+02
1.216816988785492697e+02
1.218033939393939420e+02
1.217673307418205439e+02
1.221626984126984183e+02
1.216530383197049900e+02
1.222275199999999984e+02
1.216381134176409802e+02
1.220225477287689273e+02
1.213943650793650733e+02
1.222101818181818231e+02
1.224075431736722095e+02
1.209804342638988288e+02
1.208907499999999970e+02
1.199885001619695544e+02
1.201132977000323905e+02
1.197554921293893813e+02
1.199207979626485638e+02
1.188993273373138777e+02
1.188375946969697026e+02
1.184509435439668010e+02
1.183072093023255746e+02
1.185739649811814758e+02
1.179462444771723142e+02
1.176094747177221365e+02
1.175866666666666731e+02
1.171238952020202078e+02
1.170407925407925376e+02
1.187240721470690232e+02
1.172791397849462385e+02
1.179859092520382831e+02
1.174732043010752705e+02
1.178396319128026448e+02
1.172986086956521774e+02
1.172415652173912974e+02
1.175925274725274789e+02
1.174966881720430081e+02
1.169065494505494485e+02
1.173321385902031011e+02
1.187255919854280535e+02
9.201379066478075686e+01
9.148774509803921262e+01
8.906757703081233046e+01
8.820756611985270013e+01
8.919685302979577557e+01
8.868458417849898012e+01
9.182662968099860734e+01
8.824142394822005997e+01
8.883729494476062882e+01
9.150770308123249208e+01
9.167857142857143060e+01
8.911165845648604034e+01
8.923269230769230376e+01
8.982385575589458426e+01
9.041861263736264220e+01
9.941246498599440429e+01
9.985644937586684478e+01
9.850289351851851904e+01
9.692601361349511535e+01
9.678456811198361720e+01
9.481372549019607732e+01
9.431692789968651880e+01
9.496183473389355356e+01
9.417683772538141795e+01
9.297849462365591933e+01
9.493137254901961342e+01
9.443120187479075867e+01
9.316972477064220470e+01
9.525230454079890308e+01
9.622738135882553934e+01
9.342337164750958323e+01
9.382855436081241862e+01
9.428074170461938763e+01
9.336884735202492891e+01
9.406030303030303230e+01
9.292355237475601371e+01
9.400734355044700408e+01
9.461114386792452535e+01
9.251505681818181870e+01
9.380251572327044585e+01
9.518720518867924341e+01
9.321966794380587373e+01
9.266605504587155906e+01
9.333582554517134611e+01
9.396412420862225190e+01
9.500974770642201861e+01
9.659030385797200324e+01
9.532116294793779332e+01
9.556504854368931490e+01
9.477481991857187893e+01
9.390382317801672230e+01
9.509615975422427425e+01
9.523218457943924875e+01
9.601999999999999602e+01
9.560551724137931728e+01
9.522601570501878143e+01
9.632915360501567648e+01
9.700000000000000000e+01
9.644110617958347120e+01
9.388474788600062482e+01
9.437917125045838418e+01
9.442084826762246053e+01
9.438888888888888573e+01
9.400803481754267921e+01
9.398597081930415698e+01
9.302866972477063712e+01
9.350044391831903567e+01
9.646428571428570820e+01
9.909043591411841589e+01
9.915895061728394921e+01
9.853225806451612812e+01
9.767259571902322079e+01
9.700338066260987091e+01
9.700777552400271020e+01
9.495830721003135011e+01
9.802103448275862263e+01
9.451535947712417851e+01
9.617680865449628413e+01
9.598655172413792513e+01
9.438532110091743732e+01
9.471089108910891241e+01
9.328311688311688954e+01
9.458448275862069465e+01
9.361402359108781468e+01
9.443564356435643958e+01
9.295866402116402583e+01
9.391619519094766133e+01
9.307870370370370949e+01
9.341896024464831783e+01
9.262388250319284566e+01
9.359292328042327824e+01
9.487305516265912786e+01
9.590337999317172546e+01
9.315058525782980325e+01
9.464622641509433265e+01
9.558215010141988444e+01
9.549256254225828400e+01
9.454985855728429556e+01
9.331951913951280630e+01
9.527050919377651894e+01
9.400000000000000000e+01
9.348435504469986768e+01
9.551760875998816402e+01
9.480440587449933787e+01
9.352507645259939295e+01
9.710141987829614152e+01
9.394414575866188954e+01
9.350325309043591915e+01
9.384169653524492105e+01
9.312407407407407334e+01
9.567476635514019279e+01
9.668119266055046523e+01
9.611589008363202424e+01
9.379266862170088359e+01
9.768185853802900454e+01
9.484956011730204750e+01
9.592622461170847714e+01
9.552050919377651894e+01
9.644572829131652725e+01
9.749717114568599641e+01
9.598881880733945593e+01
9.606490872210953569e+01
9.622035714285713937e+01
9.626226790450928661e+01
9.744016227180527778e+01
9.739148073022312246e+01
9.836409736308316099e+01
9.818199233716475760e+01
9.821433021806853958e+01
9.797685185185184764e+01
9.821041728321988273e+01
9.803076379066477841e+01
9.680304101838754605e+01
9.573833671399594891e+01
9.830535714285714732e+01
9.556027596223674436e+01
9.541568627450980955e+01
9.605964285714286177e+01
9.486477349560513517e+01
9.543883495145631457e+01
9.539160122908842254e+01
9.601768377253813469e+01
9.558740740740741160e+01
9.638573360378634902e+01
9.483486562942007936e+01
9.753171521035598346e+01
9.712981744421907138e+01
9.662964190981432466e+01
9.707900903916973334e+01
9.627552728490124423e+01
9.502934936350777662e+01
9.605052919085011354e+01
9.732062454611474323e+01
9.753279242731575494e+01
9.708771342484098454e+01
9.691498805052918897e+01
9.693137254901961342e+01
9.653107142857142264e+01
9.612026143790849630e+01
9.623461798512508381e+01
9.704720455306328120e+01
9.716103113491797671e+01
9.622714285714285154e+01
9.641736694677871355e+01
9.578359264497878200e+01
9.584292649098473760e+01
9.729783637592967693e+01
9.457355021216407920e+01
9.530357142857143060e+01
9.519178571428571445e+01
9.553567770570160178e+01
9.801473049882825705e+01
9.635370433595083739e+01
9.745706558485463233e+01
9.597092630155511017e+01
9.767376605814739321e+01
9.656206657420248973e+01
9.754699121027721276e+01
9.620172413793103772e+01
9.858015046296296191e+01
9.602276531637093626e+01
9.714075630252101234e+01
9.669772727272727764e+01
9.664412453967190686e+01
9.679318181818182154e+01
9.745822281167109224e+01
9.708181203515889024e+01
9.326987870619946364e+01
9.739655172413793593e+01
9.695170068027211130e+01
9.643654646324549162e+01
9.626166902404526127e+01
9.385084033613445342e+01
9.706465517241379359e+01
9.681687675070027410e+01
9.563173752929360205e+01
9.642995839112343504e+01
9.746532593619971863e+01
9.721553398058252071e+01
9.789993238674780685e+01
9.758051556745898836e+01
9.775751633986928368e+01
9.261217948717948900e+01
9.665990534144692958e+01
9.695370370370370949e+01
9.743303571428570820e+01
9.586204481792717047e+01
9.586904761904762040e+01
9.750017070672583941e+01
9.462178217821782766e+01
9.717924206213724858e+01
9.640006695681285009e+01
9.543204868154158760e+01
9.799256254225828400e+01
9.760827586206896456e+01
9.671602434077078669e+01
9.641018387553040725e+01
9.680696416497633550e+01
9.651489789086039650e+01
9.548627450980391984e+01
9.684888438133874899e+01
1.012098765432098730e+02
9.908857336037863206e+01
9.653300492610837580e+01
9.744642857142856940e+01
9.367307692307691980e+01
9.802827586206896626e+01
9.514484503478810495e+01
9.472541254125412991e+01
9.470792079207920722e+01
9.628858386340810682e+01
9.552577671560258921e+01
9.379329004329004249e+01
9.261072261072260403e+01
9.354306722689075571e+01
9.443978243978243370e+01
9.443482758620689310e+01
9.389666666666666117e+01
1.001818796484110834e+02
1.041567398119122316e+02
1.064066666666666663e+02
9.969259259259258954e+01
9.759021406727828207e+01
9.575777777777777544e+01
9.999559999999999604e+01
1.065240000000000009e+02
1.127699923838537757e+02
1.128700980392156907e+02
1.177726942628903402e+02
1.224875943905070130e+02
1.259095006934812773e+02
1.258997821350762507e+02
1.273222942983953629e+02
1.260355555555555611e+02
1.260645743145743154e+02
1.270084848484848550e+02
1.263919999999999959e+02
1.266036414565826362e+02
1.274124999999999943e+02
1.274786206896551732e+02
1.280058040286787389e+02
1.272123212321232160e+02
1.282687590187590274e+02
1.271986206896551721e+02
1.271150563332195276e+02
1.269941959713212754e+02
1.265427170868347275e+02
1.267770443711037700e+02
1.272496428571428595e+02
1.282168316831683228e+02
1.284531353135313623e+02
1.291968965517241372e+02
1.276165517241379348e+02
1.282637931034482790e+02
1.285343050124422462e+02
1.277698412698412653e+02
1.275296551724137970e+02
1.277231034482758645e+02
1.276561966541481752e+02
1.278979449669104866e+02
1.280310344827586277e+02
1.280383141762452226e+02
1.286443747823058175e+02
1.281013793103448393e+02
1.274927586206896564e+02
1.281922157733014558e+02
1.282906896551724003e+02
1.285367965367965439e+02
1.282899999999999920e+02
1.287002111189303264e+02
1.275257767156025892e+02
1.270592857142857213e+02
1.266947250280583575e+02
1.261836734693877560e+02
1.251062476618032235e+02
1.249699556162512835e+02
1.244606782106782106e+02
1.233010714285714329e+02
1.215186206896551795e+02
1.188476890756302566e+02
1.187574074074074133e+02
1.170069673634030067e+02
1.164685289957567136e+02
1.147406380027739203e+02
1.144289181692094246e+02
1.161887755102040813e+02
1.151949891067538090e+02
1.140585714285714261e+02
1.141152263374485614e+02
1.157249417249417291e+02
1.159328147100424360e+02
1.153423831070889918e+02
1.158603253182461117e+02
1.164635642135642115e+02
1.148721859114016013e+02
1.155585524069648358e+02
1.162960714285714232e+02
1.157393917963224936e+02
1.167296428571428635e+02
1.156161462300076153e+02
1.161782861292665245e+02
1.140882554945054892e+02
1.138801510989010950e+02
1.143404753933712783e+02
1.138342818881821188e+02
1.124164713759625016e+02
1.137422328439740511e+02
1.140313793103448319e+02
1.135396039603960361e+02
1.140857142857142890e+02
1.133754045307443334e+02
1.126969589816124540e+02
1.133734482758620743e+02
1.123051626591230558e+02
1.120777310924369772e+02
1.127921428571428635e+02
1.130565187239944578e+02
1.135997171145686053e+02
1.126805555555555571e+02
1.133292857142857173e+02
1.127563649222065010e+02
1.136734482758620715e+02
1.136548275862068920e+02
1.128695190947666163e+02
1.126685001833516679e+02
1.130750000000000028e+02
1.132042857142857173e+02
1.135822222222222280e+02
1.132639285714285649e+02
1.136899999999999977e+02
1.127710714285714317e+02
1.122782885431400217e+02
1.134072413793103493e+02
1.130614285714285785e+02
1.129194264254011557e+02
1.124624746450304258e+02
1.122204192021636260e+02
1.130586206896551715e+02
1.126452714236940977e+02
1.121640000000000015e+02
1.123098039215686299e+02
1.130067613252197418e+02
1.133189533239038127e+02
1.136276558690351806e+02
1.130434936350777946e+02
1.137803447011367837e+02
1.129437182280319547e+02
1.132245403111739677e+02
1.129883805374001469e+02
1.128690476190476204e+02
1.132395382395382342e+02
1.143181973369750750e+02
1.124493758668515966e+02
1.129688375350140035e+02
1.135742574257425730e+02
1.130940594059405981e+02
1.125651260504201616e+02
1.127770570160464274e+02
1.138585858585858546e+02
1.131024137931034517e+02
1.126148459383753533e+02
1.123670000000000044e+02
1.131349206349206327e+02
1.133598049460118489e+02
1.129801587301587347e+02
1.121024033437826546e+02
1.122468487394958032e+02
1.123035714285714306e+02
1.126743674367436796e+02
1.133631541725601153e+02
1.129775323686214819e+02
1.127258403361344534e+02
1.133882602545968865e+02
1.132112211221122067e+02
1.133568965517241338e+02
1.123797736916548757e+02
1.126560714285714226e+02
1.128959970071081216e+02
1.121647807637906595e+02
1.129074999999999989e+02
1.129856985698569787e+02
1.130613793103448330e+02
1.131969196919691996e+02
1.125473833097595531e+02
1.124660537482319711e+02
1.124586834733893568e+02
1.125651260504201616e+02
1.125108543417366889e+02
1.126275179242062165e+02
1.117787794729542270e+02
1.128500707213578522e+02
1.128504243281470991e+02
1.128769448373408721e+02
1.127355172413793127e+02
1.129430693069306955e+02
1.130565770862800576e+02
1.137164285714285654e+02
1.129080622347949117e+02
1.128142307692307753e+02
1.122901751713632876e+02
1.119089655172413842e+02
1.123417241379310383e+02
1.126226622662266266e+02
1.113171428571428550e+02
1.127919096209912482e+02
1.129303448275862110e+02
1.128271604938271651e+02
1.123062770562770538e+02
1.127268986157875048e+02
1.122182539682539613e+02
1.127065063649222054e+02
1.131129446277961108e+02
1.127984749455337692e+02
1.131173076923076906e+02
1.125618811881188179e+02
1.129677301063439643e+02
1.135651851851851859e+02
1.128065444084861610e+02
1.127917125045837849e+02
1.126806722689075571e+02
1.122443718228031884e+02
1.127603703703703673e+02
1.121652142338416809e+02
1.121088573360378575e+02
1.104810847003682568e+02
1.130541031227305666e+02
1.119557142857142793e+02
1.118935643564356468e+02
1.124381481481481444e+02
1.132805836139169458e+02
1.122196551724137947e+02
1.117568756875687512e+02
1.117574257425742559e+02
1.134717545828656995e+02
1.122937037037036987e+02
1.125700798838053771e+02
1.131225000000000023e+02
1.127377478488589588e+02
1.115966386554621863e+02
1.131981351981352049e+02
1.128537931034482824e+02
1.121641379310344888e+02
1.126073076923076854e+02
1.126014285714285705e+02
1.123769448373408721e+02
1.123404417364813384e+02
1.125296428571428606e+02
1.119188888888888869e+02
1.129343434343434325e+02
1.116707920792079278e+02
1.118065770862800576e+02
1.125529322162985579e+02
1.128307407407407368e+02
1.128140885984023214e+02
1.121318082788670978e+02
1.133285661899523262e+02
1.123458012467913392e+02
1.122878571428571490e+02
1.135586443259710592e+02
1.122321232123212269e+02
1.114170168067226854e+02
1.122723905723905773e+02
1.111328976034858442e+02
1.118137254901960773e+02
1.099734627831715272e+02
1.118512713340299598e+02
1.113154172560113153e+02
1.121275704493526320e+02
1.111821266968325830e+02
1.110237556561085910e+02
1.118620188816267245e+02
1.111843891402714917e+02
1.118320639756283299e+02
1.120715323166303534e+02
1.119854545454545445e+02
1.115309200603318232e+02
1.114064856711915468e+02
1.113118518518518556e+02
1.118445177851118473e+02
1.111990950226244337e+02
1.123707142857142856e+02
1.118536853685368584e+02
1.124705882352941160e+02
1.114268377253814180e+02
1.124762962962962973e+02
1.122722772277227676e+02
1.124080622347949117e+02
1.127377220480668711e+02
1.128882142857142838e+02
1.127284299858557262e+02
1.118045751633986953e+02
1.117641442715700180e+02
1.128688888888888897e+02
1.125257767156025892e+02
1.120855728429985874e+02
1.128265619665414761e+02
1.125214521452145249e+02
1.130667857142857144e+02
1.114513485831341768e+02
1.128132142857142810e+02
1.118384168482207741e+02
1.132696428571428555e+02
1.114684873949579895e+02
1.116953781512604991e+02
1.132642307692307639e+02
1.125862962962962968e+02
1.126662962962962951e+02
1.128928571428571388e+02
1.123325999266593271e+02
1.121386138613861334e+02
1.119770155586987244e+02
1.127811111111111160e+02
1.124472413793103414e+02
1.119498122226015653e+02
1.119398242055442836e+02
1.117292089249492903e+02
1.119929278642149910e+02
1.115752801120448225e+02
1.121554822148881527e+02
1.120683333333333280e+02
1.114411764705882320e+02
1.120933333333333337e+02
1.125314710042432864e+02
1.118023216114714984e+02
1.117004950495049513e+02
1.121496149614961553e+02
1.122535714285714334e+02
1.121400000000000006e+02
1.127975418231478386e+02
1.126925770308123305e+02
1.123927392739273898e+02
1.122555922258892593e+02
1.121644880174291927e+02
1.128896296296296242e+02
1.125816993464052302e+02
1.123464285714285751e+02
1.127636165577342098e+02
1.128178925035360720e+02
1.128746428571428595e+02
1.129581529581529651e+02
1.112933914306463379e+02
1.114431546602936152e+02
1.126396428571428601e+02
1.126608569353667377e+02
1.119387605427209422e+02
1.122008486562941982e+02
1.126911111111111126e+02
1.127377777777777794e+02
1.124762962962962973e+02
1.127181481481481455e+02
1.116107480029048702e+02
1.116610714285714323e+02
1.124381188118811821e+02
1.117306896551724122e+02
1.128310693138279390e+02
1.124007142857142867e+02
1.131649831649831697e+02
1.116624999999999943e+02
1.120220689655172350e+02
1.120507142857142924e+02
1.114218528995756685e+02
1.124213421342134183e+02
1.118444444444444485e+02
1.124918518518518482e+02
1.115636736087401886e+02
1.116378571428571433e+02
1.120496551724137930e+02
1.116482061999303426e+02
1.121786206896551761e+02
1.120051338467180102e+02
1.115114373506316099e+02
1.122570370370370370e+02
1.114307407407407453e+02
1.123511111111111092e+02
1.115360191191532948e+02
1.120960762742940915e+02
1.126103896103896034e+02
1.119164054336468155e+02
1.110113154172560144e+02
1.121975000000000051e+02
1.117279693486590020e+02
1.121302308802308829e+02
1.115520689655172362e+02
1.112654061624649842e+02
1.120854978354978329e+02
1.106729691876750650e+02
1.115013093901982728e+02
1.122027972027971998e+02
1.127732884399551097e+02
1.112870879120879124e+02
1.117083911234396680e+02
1.114105409153952877e+02
1.118834033613445342e+02
1.110923831070889918e+02
1.097639455782312865e+02
1.099539215686274503e+02
